  0.000000    1.04999489739913   -4.02092407796946    0.00000000000000    0.00000000000000    0.00000000000000  
  0.010000    1.04997958713956   -4.02015023165078   -0.01302965202477    0.00816439867860   -0.00010178299910  
  0.020000    1.04993363909073   -4.01782921950970   -0.02605635163772    0.01632326302928   -0.00040696499123  
  0.030000    1.04985700147813   -4.01396262235788   -0.03907713698195    0.02447108698974   -0.00091504577566  
  0.040000    1.04974958813027   -4.00855307609610   -0.05208902740011    0.03260242077290   -0.00162519439415  
  0.050000    1.04961127865735   -4.00160427350791   -0.06508901425766    0.04071189836686   -0.00253625317294  
  0.060000    1.04944191870075   -3.99312096671428   -0.07807405203226    0.04879426427617   -0.00364674333685  
  0.070000    1.04924132025256   -3.98310897023347   -0.09104104975452    0.05684439926278   -0.00495487215122  
  0.080000    1.04900926204435   -3.97157516457510   -0.10398686288245    0.06485734485379   -0.00645854153554  
  0.090000    1.04874549000411   -3.95852750028333   -0.11690828568829    0.07282832639505   -0.00815535808114  
  0.100000    1.04844971778004   -3.94397500232989   -0.12980204423222    0.08075277444286   -0.01004264439443  
  0.110000    1.04812162732979   -3.92792777474555   -0.14266478999259    0.08862634430154   -0.01211745167697  
  0.120000    1.04776086957372   -3.91039700536656   -0.15549309421663    0.09644493353180   -0.01437657344453  
  0.130000    1.04736706511010   -3.89139497056195   -0.16828344305003    0.10420469727378   -0.01681656027850  
  0.140000    1.04693980499071   -3.87093503979867   -0.18103223349692    0.11190206124875   -0.01943373549557  
  0.150000    1.04647865155451   -3.84903167989322   -0.19373577025517    0.11953373232499   -0.02222421161527  
  0.160000    1.04598313931740   -3.82570045879172   -0.20639026346462    0.12709670655628   -0.02518390749908  
  0.170000    1.04545277591566   -3.80095804871572   -0.21899182739824    0.13458827462437   -0.02830856603089  
  0.180000    1.04488704310067   -3.77482222850686   -0.23153648011855    0.14200602464127   -0.03159377220501  
  0.190000    1.04428539778248   -3.74731188500197   -0.24402014411375    0.14934784229162   -0.03503497148632  
  0.200000    1.04364727311955   -3.71844701326932   -0.25643864791963    0.15661190831989   -0.03862748830574  
  0.210000    1.04297207965201   -3.68824871553816   -0.26878772872578    0.16379669339206   -0.04236654455522  
  0.220000    1.04225920647573   -3.65673919865630   -0.28106303595604    0.17090095038549   -0.04624727794735  
  0.230000    1.04150802245433   -3.62394176991480   -0.29326013580560    0.17792370418483   -0.05026476010796  
  0.240000    1.04071787746647   -3.58988083108486   -0.30537451670920    0.18486423908478   -0.05441401427346  
  0.250000    1.03988810368531   -3.55458187051920   -0.31740159570721    0.19172208392267   -0.05869003246994  
  0.260000    1.03901801688745   -3.51807145317917   -0.32933672566961    0.19849699508515   -0.06308779205691  
  0.270000    1.03810691778848   -3.48037720845926   -0.34117520333032    0.20518893755259   -0.06760227152551  
  0.280000    1.03715409340205   -3.44152781569174   -0.35291227807849    0.21179806416346   -0.07222846544914  
  0.290000    1.03615881841985   -3.40155298722767   -0.36454316144707    0.21832469329715   -0.07696139849290  
  0.300000    1.03512035660949   -3.36048344900366   -0.37606303723336    0.22476928518845   -0.08179613839816  
  0.310000    1.03403796222755   -3.31835091851924   -0.38746707218174    0.23113241709976   -0.08672780786834  
  0.320000    1.03291088144502   -3.27518808016535   -0.39875042715402    0.23741475758757   -0.09175159529315  
  0.330000    1.03173835378242   -3.23102855786073   -0.40990826870950    0.24361704010831   -0.09686276425964  
  0.340000    1.03051961355192   -3.18590688497070   -0.42093578101358    0.24974003621466   -0.10205666180984  
  0.350000    1.02925389130403   -3.13985847150011   -0.43182817799159    0.25578452859756   -0.10732872541719  
  0.360000    1.02794041527608   -3.09291956857046   -0.44258071564279    0.26175128423039   -0.11267448866530  
  0.370000    1.02657841284036   -3.04512723020930   -0.45318870442862    0.26764102787108   -0.11808958562534  
  0.380000    1.02516711194935   -2.99651927249848   -0.46364752164907    0.27345441617464   -0.12356975393988  
  0.390000    1.02370574257589   -2.94713423014588   -0.47395262372150    0.27919201266301   -0.12911083663309  
  0.400000    1.02219353814614   -2.89701131056319   -0.48409955827762    0.28485426379150   -0.13470878267863  
  0.410000    1.02062973696317   -2.84619034555006   -0.49408397599607    0.29044147634076   -0.14035964636781  
  0.420000    1.01901358361929   -2.79471174070165   -0.50390164209080    0.29595379635137   -0.14605958553116  
  0.430000    1.01734433039514   -2.74261642267324   -0.51354844737846    0.30139118980391   -0.15180485867656  
  0.440000    1.01562123864388   -2.68994578445115   -0.52302041885229    0.30675342523135   -0.15759182111663  
  0.450000    1.01384358015866   -2.63674162879344   -0.53231372969375    0.31204005843298   -0.16341692016653  
  0.460000    1.01201063852184   -2.58304611001808   -0.54142470865892    0.31725041943987   -0.16927668950115  
  0.470000    1.01012171043443   -2.52890167432806   -0.55034984878143    0.32238360186108   -0.17516774276743  
  0.480000    1.00817610702430   -2.47435099887465   -0.55908581533992    0.32743845471832   -0.18108676655366  
  0.490000    1.00617315513191   -2.41943692976938   -0.56762945304440    0.33241357685376   -0.18703051282219  
  0.500000    1.00411219857218   -2.36420241926416   -0.57597779240227    0.33730731397223   -0.19299579091601  
  0.510000    1.00199259937139   -2.30869046232543   -0.58412805523159    0.34211775835505   -0.19897945925233  
  0.520000    0.99981373897805   -2.25294403283408   -0.59207765929666    0.34684275125818   -0.20497841681771  
  0.530000    0.99757501944663   -2.19700601964627   -0.59982422204779    0.35147988798297   -0.21098959458027  
  0.540000    0.99527586459309   -2.14091916275278   -0.60736556345454    0.35602652558340   -0.21700994693327  
  0.550000    0.99291572112159   -2.08472598977487   -0.61469970792929    0.36047979314951   -0.22303644328316  
  0.560000    0.99049405972112   -2.02846875303375   -0.62182488534500    0.36483660458358   -0.22906605989212  
  0.570000    0.98801037613161   -1.97218936742794   -0.62873953115818    0.36909367376248   -0.23509577208143  
  0.580000    0.98546419217838   -1.91592934934864   -0.63544228565543    0.37324753195825   -0.24112254689699  
  0.590000    0.98285505677453   -1.85972975685735   -0.64193199234817    0.37729454736840   -0.24714333633272  
  0.600000    0.98018254689032   -1.80363113134276   -0.64820769554715    0.38123094658804   -0.25315507120073  
  0.610000    0.97744626848893   -1.74767344086505   -0.65426863715401    0.38505283783877   -0.25915465572973  
  0.620000    0.97464585742800   -1.69189602538579   -0.66011425271333    0.38875623575288   -0.26513896296485  
  0.630000    0.97178098032620   -1.63633754407001   -0.66574416677351    0.39233708749784   -0.27110483103317  
  0.640000    0.96885133539424   -1.58103592483478   -0.67115818760991    0.39579130001367   -0.27704906032968  
  0.650000    0.96585665322976   -1.52602831630457   -0.67635630136776    0.39911476812583   -0.28296841166852  
  0.660000    0.96279669757534   -1.47135104231939   -0.68133866568627    0.40230340328874   -0.28885960543392  
  0.670000    0.95967126603918   -1.41703955912596   -0.68610560286827    0.40535316270895   -0.29471932175471  
  0.680000    0.95648019077771   -1.36312841536629   -0.69065759266258    0.40826007859425   -0.30054420171524  
  0.690000    0.95322333913958   -1.30965121496081   -0.69499526472769    0.41102028727347   -0.30633084960497  
  0.700000    0.94990061427044   -1.25664058296637   -0.69911939084727    0.41363005793359   -0.31207583619788  
  0.710000    0.94651195567775   -1.20412813447168   -0.70303087696799    0.41608582072380   -0.31777570304220  
  0.720000    0.94305733975529   -1.15214444657482   -0.70673075513063    0.41838419398260   -0.32342696773046  
  0.730000    0.93953678026639   -1.10071903347013   -0.71022017536441    0.42052201035164   -0.32902613010980  
  0.740000    0.93595032878560   -1.04988032465353   -0.71350039761352    0.42249634155049   -0.33456967938257  
  0.750000    0.93229807509792   -0.99965564623833   -0.71657278376271    0.42430452159856   -0.34005410203825  
  0.760000    0.92858014755521   -0.95007120535607   -0.71943878982636    0.42594416828445   -0.34547589054887  
  0.770000    0.92479671338899   -0.90115207760079   -0.72209995836251    0.42741320269925   -0.35083155275261  
  0.780000    0.92094797897913   -0.85292219745860   -0.72455791116979    0.42870986666716   -0.35611762184265  
  0.790000    0.91703419007786   -0.80540435164966   -0.72681434232087    0.42983273792643   -0.36133066687237  
  0.800000    0.91305563198855   -0.75862017529496   -0.72887101158197    0.43078074293327   -0.36646730368242  
  0.810000    0.90901262969862   -0.71259015080693   -0.73072973826275    0.43155316718308   -0.37152420615072  
  0.820000    0.90490554796631   -0.66733360939057   -0.73239239553581    0.43214966296528   -0.37649811766284  
  0.830000    0.90073479136052   -0.62286873503029   -0.73386090525943    0.43257025449098   -0.38138586269785  
  0.840000    0.89650080425360   -0.57921257082784   -0.73513723333143    0.43281534035613   -0.38618435842306  
  0.850000    0.89220407076655   -0.53638102754769   -0.73622338559598    0.43288569332620   -0.39089062619063  
  0.860000    0.88784511466623   -0.49438889421869   -0.73712140431908    0.43278245745237   -0.39550180282960  
  0.870000    0.88342449921453   -0.45324985063480   -0.73783336524236    0.43250714255218   -0.40001515162852  
  0.880000    0.87894282696904   -0.41297648159286   -0.73836137521835    0.43206161611119   -0.40442807290629  
  0.890000    0.87440073953526   -0.37358029270180   -0.73870757042453    0.43144809268427   -0.40873811407244  
  0.900000    0.86979891727013   -0.33507172759608   -0.73887411514709    0.43066912089679   -0.41294297908267  
  0.910000    0.86513807893705   -0.29746018638507   -0.73886320111965    0.42972756816695   -0.41704053720058  
  0.920000    0.86041898131229   -0.26075404517119   -0.73867704739620    0.42862660328939   -0.42102883098293  
  0.930000    0.85564241874322   -0.22496067647168   -0.73831790073230    0.42736967703895   -0.42490608341275  
  0.940000    0.85080922265828   -0.19008647038204   -0.73778803644330    0.42596050096933   -0.42867070411208  
  0.950000    0.84592026102949   -0.15613685632404   -0.73708975970349    0.42440302459690   -0.43232129457460  
  0.960000    0.84097643778761   -0.12311632522700   -0.73622540724581    0.42270141117261   -0.43585665236722  
  0.970000    0.83597869219068   -0.09102845199760   -0.73519734941765    0.42086001225625   -0.43927577425894  
  0.980000    0.83092799814668   -0.05987591814204   -0.73400799254482    0.41888334131655   -0.44257785824491  
  0.990000    0.82582536349096   -0.02966053441238   -0.73265978155277    0.41677604658759   -0.44576230444368  
  1.000000    0.82067182921946   -0.00038326335938   -0.73115520279161    0.41454288341713   -0.44882871485565  
  1.010000    0.81546846867861    0.02795575831604   -0.72949678700959    0.41218868634495   -0.45177689198080  
  1.020000    0.81021638671322    0.05535719770927   -0.72768711241827    0.40971834115027   -0.45460683630419  
  1.030000    0.80491671877332    0.08182250404163   -0.72572880779180    0.40713675710546   -0.45731874266760  
  1.040000    0.79957062998155    0.10735388744625   -0.72362455554254    0.40444883966959   -0.45991299555554  
  1.050000    0.79417931416239    0.13195429827129   -0.72137709471544    0.40165946384964   -0.46239016333335  
  1.060000    0.78874399283481    0.15562740694933   -0.71898922384472    0.39877344844910   -0.46475099148448  
  1.070000    0.78326591416998    0.17837758446915   -0.71646380361752    0.39579553141394   -0.46699639490241  
  1.080000    0.77774635191580    0.20020988347402   -0.71380375929150    0.39273034647424   -0.46912744930094  
  1.090000    0.77218660429011    0.22113001999861   -0.71101208281559    0.38958240126632   -0.47114538181422  
  1.100000    0.76658799284438    0.24114435584462   -0.70809183460628    0.38635605710493   -0.47305156086422  
  1.110000    0.76095186129999    0.26025988158419   -0.70504614493506    0.38305551055888   -0.47484748537995  
  1.120000    0.75527957435919    0.27848420016903   -0.70187821488679    0.37968477696536   -0.47653477345749  
  1.130000    0.74957251649268    0.29582551111325   -0.69859131685266    0.37624767599943   -0.47811515055459  
  1.140000    0.74383209070630    0.31229259520832   -0.69518879452632    0.37274781939516   -0.47959043731676  
  1.150000    0.73805971728880    0.32789479971967   -0.69167406237646    0.36918860089431   -0.48096253713459  
  1.160000    0.73225683254316    0.34264202400697   -0.68805060457427    0.36557318847719   -0.48223342353364  
  1.170000    0.72642488750366    0.35654470550292   -0.68432197335978    0.36190451890893   -0.48340512749857  
  1.180000    0.72056534664119    0.36961380597960   -0.68049178683607    0.35818529461233   -0.48447972483341  
  1.190000    0.71467968655896    0.38186079802639   -0.67656372618669    0.35441798285732   -0.48545932365825  
  1.200000    0.70876939468125    0.39329765165986   -0.67254153231647    0.35060481723508   -0.48634605214062  
  1.210000    0.70283596793727    0.40393682098307   -0.66842900192211    0.34674780136442   -0.48714204655686  
  1.220000    0.69688091144280    0.41379123081014   -0.66422998300438    0.34284871475748   -0.48784943977471  
  1.230000    0.69090573718166    0.42287426317145   -0.65994836983896    0.33890912075218   -0.48847035024384  
  1.240000    0.68491196268960    0.43119974361530   -0.65558809742871    0.33493037640086   -0.48900687157530  
  1.250000    0.67890110974264    0.43878192722364   -0.65115313546490    0.33091364418670   -0.48946106278491  
  1.260000    0.67287470305234    0.44563548426200   -0.64664748182994    0.32685990542411   -0.48983493926861  
  1.270000    0.66683426896994    0.45177548538757   -0.64207515567870    0.32276997518433   -0.49013046457036  
  1.280000    0.66078133420168    0.45721738634401   -0.63744019013958    0.31864451857490   -0.49034954299539  
  1.290000    0.65471742453734    0.46197701207721   -0.63274662468057    0.31448406819054   -0.49049401311304  
  1.300000    0.64864406359381    0.46607054021259   -0.62799849718867    0.31028904254331   -0.49056564218498  
  1.310000    0.64256277157584    0.46951448384174   -0.62319983581434    0.30605976527286   -0.49056612154538  
  1.320000    0.63647506405565    0.47232567357425   -0.61835465063473    0.30179648493183   -0.49049706295074  
  1.330000    0.63038245077308    0.47452123881896   -0.61346692519201    0.29749939513793   -0.49035999590772  
  1.340000    0.62428643445810    0.47611858826784   -0.60854060796410    0.29316865488280   -0.49015636597819  
  1.350000    0.61818850967700    0.47713538956562   -0.60357960382654    0.28880440878829   -0.48988753405167  
  1.360000    0.61209016170387    0.47758954815740   -0.59858776556446    0.28440680710305   -0.48955477656629  
  1.370000    0.60599286541855    0.47749918531729   -0.59356888549358    0.27997602523700   -0.48915928665103  
  1.380000    0.59989808423246    0.47688261537064   -0.58852668724882    0.27551228263744   -0.48870217615325  
  1.390000    0.59380726904319    0.47575832213307   -0.58346481779773    0.27101586081888   -0.48818447850832  
  1.400000    0.58772185721909    0.47414493459940   -0.57838683973453    0.26648712036831   -0.48760715240002  
  1.410000    0.58164327161453    0.47206120192564   -0.57329622390851    0.26192651675959   -0.48697108615436  
  1.420000    0.57557291961692    0.46952596775670   -0.56819634243780    0.25733461482325   -0.48627710280259  
  1.430000    0.56951219222580    0.46655814396212   -0.56309046215686    0.25271210173281   -0.48552596574419  
  1.440000    0.56346246316498    0.46317668385049   -0.55798173854222    0.24805979838422   -0.48471838493568  
  1.450000    0.55742508802785    0.45940055494188   -0.55287321015775    0.24337866906187   -0.48385502352690  
  1.460000    0.55140140345655    0.45524871138508   -0.54776779365608    0.23866982930217   -0.48293650486365  
  1.470000    0.54539272635507    0.45074006611347   -0.54266827936880    0.23393455188440   -0.48196341977270  
  1.480000    0.53940035313662    0.44589346283929   -0.53757732751319    0.22917427089715   -0.48093633404404  
  1.490000    0.53342555900524    0.44072764799185   -0.53249746503828    0.22439058384830   -0.47985579602439  
  1.500000    0.52746959727191    0.43526124270897   -0.52743108312810    0.21958525180596   -0.47872234423609  
  1.510000    0.52153369870485    0.42951271499532   -0.52238043537476    0.21476019757711   -0.47753651493658  
  1.520000    0.51561907091407    0.42350035216289   -0.51734763662846    0.20991750195052   -0.47629884953553  
  1.530000    0.50972689776999    0.41724223367122   -0.51233466252668    0.20505939804887   -0.47500990178919  
  1.540000    0.50385833885573    0.41075620448503   -0.50734334969889    0.20018826385396   -0.47367024469499  
  1.550000    0.49801452895303    0.40405984906648   -0.50237539663852    0.19530661298629   -0.47228047701344  
  1.560000    0.49219657756118    0.39717046611800   -0.49743236522822    0.19041708383711   -0.47084122934931  
  1.570000    0.48640556844883    0.39010504418883   -0.49251568289977    0.18552242716694   -0.46935316972931  
  1.580000    0.48064255923811    0.38288023825519   -0.48762664540515    0.18062549229889   -0.46781700861962  
  1.590000    0.47490858102059    0.37551234737932   -0.48276642017072    0.17572921204866   -0.46623350333287  
  1.600000    0.46920463800475    0.36801729354746   -0.47793605020208    0.17083658654437   -0.46460346178146  
  1.610000    0.46353170719433    0.36041060178053   -0.47313645850338    0.16595066610022   -0.46292774554097  
  1.620000    0.45789073809708    0.35270738160432   -0.46836845297107    0.16107453331598   -0.46120727219515  
  1.630000    0.45228265246344    0.34492230995802   -0.46363273171899    0.15621128458156   -0.45944301694199  
  1.640000    0.44670834405459    0.33706961561185   -0.45892988878867    0.15136401117086   -0.45763601344777  
  1.650000    0.44116867843930    0.32916306515507   -0.45426042019641    0.14653578011235   -0.45578735394440  
  1.660000    0.43566449281915    0.32121595060644   -0.44962473026672    0.14172961502521   -0.45389818857305  
  1.670000    0.43019659588146    0.31324107868884   -0.44502313820005    0.13694847710979   -0.45196972398508  
  1.680000    0.42476576767965    0.30525076179975   -0.44045588482179    0.13219524647843   -0.45000322121858  
  1.690000    0.41937275954019    0.29725681069841   -0.43592313945894    0.12747270400907   -0.44799999287676  
  1.700000    0.41401829399600    0.28927052891977   -0.43142500689044    0.12278351389807   -0.44596139964087  
  1.710000    0.40870306474559    0.28130270891451   -0.42696153431794    0.11813020708141   -0.44388884615763  
  1.720000    0.40342773663753    0.27336362990363   -0.42253271830409    0.11351516568417   -0.44178377634666  
  1.730000    0.39819294567990    0.26546305742514   -0.41813851162705    0.10894060864786   -0.43964766817985  
  1.740000    0.39299929907417    0.25761024454030   -0.41377883000135    0.10440857867296   -0.43748202798907  
  1.750000    0.38784737527312    0.24981393465620   -0.40945355861740    0.09992093060121   -0.43528838436346  
  1.760000    0.38273772406248    0.24208236591205   -0.40516255845434    0.09547932134733   -0.43306828170141  
  1.770000    0.37767086666579    0.23442327706683   -0.40090567232385    0.09108520147490   -0.43082327348532  
  1.780000    0.37264729587217    0.22684391481754   -0.39668273060565    0.08673980849474   -0.42855491534979  
  1.790000    0.36766747618668    0.21935104246878   -0.39249355663873    0.08244416194734   -0.42626475801555  
  1.800000    0.36273184400271    0.21195094986712   -0.38833797173630    0.07819906031336   -0.42395434016250  
  1.810000    0.35784080779637    0.20464946450681   -0.38421579979630    0.07400507977872   -0.42162518131525  
  1.820000    0.35299474834221    0.19745196370763   -0.38012687148328    0.06986257486263   -0.41927877481421  
  1.830000    0.34819401895013    0.19036338776044   -0.37607102796207    0.06577168089930   -0.41691658094386  
  1.840000    0.34343894572301    0.18338825393180   -0.37204812416775    0.06173231834596   -0.41454002028801  
  1.850000    0.33872982783480    0.17653067121585   -0.36805803160102    0.05774419887293   -0.41215046737890  
  1.860000    0.33406693782861    0.16979435571913   -0.36410064064255    0.05380683317416   -0.40974924470404  
  1.870000    0.32945052193443    0.16318264656269   -0.36017586238439    0.04991954042073   -0.40733761713034  
  1.880000    0.32488080040620    0.15669852218547   -0.35628362998079    0.04608145926434   -0.40491678680072  
  1.890000    0.32035796787760    0.15034461693314   -0.35242389952524    0.04229156028349   -0.40248788855352  
  1.900000    0.31588219373632    0.14412323781835   -0.34859665046470    0.03854865975162   -0.40005198590890  
  1.910000    0.31145362251626    0.13803638134045   -0.34480188556582    0.03485143459459   -0.39761006766126  
  1.920000    0.30707237430714    0.13208575025598   -0.34103963045208    0.03119843839402   -0.39516304510966  
  1.930000    0.30273854518108    0.12627277019538   -0.33730993273396    0.02758811828364   -0.39271174995210  
  1.940000    0.29845220763551    0.12059860602605   -0.33361286075787    0.02401883257839   -0.39025693286259  
  1.950000    0.29421341105194    0.11506417786773   -0.32994850200226    0.02048886896928   -0.38779926276281  
  1.960000    0.29002218216979    0.10967017667221   -0.32631696115236    0.01699646311287   -0.38533932679339  
  1.970000    0.28587852557482    0.10441707928639   -0.32271835788696    0.01353981744116   -0.38287763098266  
  1.980000    0.28178242420135    0.09930516292527   -0.31915282441285    0.01011712001659   -0.38041460160365  
  1.990000    0.27773383984751    0.09433451898922   -0.31562050278413    0.00672656325710   -0.37795058720355  
  2.000000    0.27373271370291    0.08950506616825   -0.31212154204466    0.00336636235880   -0.37548586128282  
  2.010000    0.26977896688766    0.08481656278487   -0.30865609523299    0.00003477324708   -0.37302062559526  
  2.020000    0.26587250100219    0.08026861833576   -0.30522431628936   -0.00326989010704   -0.37055501403373  
  2.030000    0.26201319868680    0.07586070420171   -0.30182635690443   -0.00654923916195   -0.36808909706114  
  2.040000    0.25820092418998    0.07159216350427   -0.29846236334930   -0.00980479521989   -0.36562288664057  
  2.050000    0.25443552394485    0.06746222009691   -0.29513247332531   -0.01303797491893   -0.36315634161416  
  2.060000    0.25071682715233    0.06346998668728   -0.29183681287132   -0.01625007692979   -0.36068937347588  
  2.070000    0.24704464637043    0.05961447209601   -0.28857549336469   -0.01944226997217   -0.35822185247979  
  2.080000    0.24341877810833    0.05589458766627   -0.28534860865034   -0.02261558225225   -0.35575361402245  
  2.090000    0.23983900342445    0.05230915284625   -0.28215623233038   -0.02577089240883   -0.35328446523576  
  2.100000    0.23630508852729    0.04885689997486   -0.27899841524422   -0.02890892204028   -0.35081419172462  
  2.110000    0.23281678537799    0.04553647830808   -0.27587518316682   -0.03203022986937   -0.34834256438312  
  2.120000    0.22937383229361    0.04234645733023   -0.27278653474953   -0.03513520758663   -0.34586934622218  
  2.130000    0.22597595455003    0.03928532940076   -0.26973243972527   -0.03822407739680   -0.34339429914210  
  2.140000    0.22262286498329    0.03635151179264   -0.26671283739641   -0.04129689127629   -0.34091719058443  
  2.150000    0.21931426458841    0.03354334818329   -0.26372763542049   -0.04435353193323   -0.33843779999906  
  2.160000    0.21604984311462    0.03085910966313   -0.26077670890544   -0.04739371544545   -0.33595592506478  
  2.170000    0.21282927965590    0.02829699533034   -0.25785989982256   -0.05041699553554   -0.33347138760431  
  2.180000    0.20965224323582    0.02585513254272   -0.25497701674191   -0.05342276942705   -0.33098403913831  
  2.190000    0.20651839338573    0.02353157689978   -0.25212783489130   -0.05641028521079   -0.32849376602671  
  2.200000    0.20342738071534    0.02132431202864   -0.24931209653670   -0.05937865063631   -0.32600049415027  
  2.210000    0.20037884747463    0.01923124924808   -0.24652951167827   -0.06232684323043   -0.32350419308996  
  2.220000    0.19737242810638    0.01725022718395   -0.24377975905322   -0.06525372163263   -0.32100487976728  
  2.230000    0.19440774978842    0.01537901140807   -0.24106248743331   -0.06815803802617   -0.31850262151400  
  2.240000    0.19148443296465    0.01361529417064   -0.23837731720196   -0.07103845153402   -0.31599753854571  
  2.250000    0.18860209186438    0.01195669429292   -0.23572384219326   -0.07389354244040   -0.31348980581996  
  2.260000    0.18576033500901    0.01040075728390   -0.23310163177223   -0.07672182709171   -0.31097965426549  
  2.270000    0.18295876570566    0.00894495574002   -0.23051023313387   -0.07952177332499   -0.30846737137588  
  2.280000    0.18019698252698    0.00758669008242   -0.22794917379611   -0.08229181626839   -0.30595330116705  
  2.290000    0.17747457977680    0.00632328968077   -0.22541796426006   -0.08503037435515   -0.30343784350441  
  2.300000    0.17479114794109    0.00515201440697   -0.22291610080976   -0.08773586539220   -0.30092145281170  
  2.310000    0.17214627412392    0.00407005665559   -0.22044306842196   -0.09040672252482   -0.29840463617968  
  2.320000    0.16953954246801    0.00307454386139   -0.21799834375605   -0.09304140994103   -0.29588795089851  
  2.330000    0.16697053455981    0.00216254153755   -0.21558139819350   -0.09563843816315   -0.29337200144338  
  2.340000    0.16443882981876    0.00133105685076   -0.21319170089602   -0.09819637877909   -0.29085743594811  
  2.350000    0.16194400587079    0.00057704274234   -0.21082872185160   -0.10071387847256   -0.28834494220626  
  2.360000    0.15948563890589   -0.00010259740270   -0.20849193487828   -0.10318967221911   -0.28583524324371  
  2.370000    0.15706330401993   -0.00071100454425   -0.20618082055595   -0.10562259552429   -0.28332909251069  
  2.380000    0.15467657554068   -0.00125135824599   -0.20389486905765   -0.10801159559041   -0.28082726874452  
  2.390000    0.15232502733829   -0.00172687042425   -0.20163358285304   -0.11035574130966   -0.27833057055745  
  2.400000    0.15000823312047   -0.00214077861340   -0.19939647925835   -0.11265423199387   -0.27583981080598  
  2.410000    0.14772576671254   -0.00249633878075   -0.19718309280895   -0.11490640476391   -0.27335581080021  
  2.420000    0.14547720232272   -0.00279681773023   -0.19499297743250   -0.11711174053587   -0.27087939441260  
  2.430000    0.14326211479312   -0.00304548513960   -0.19282570840324   -0.11926986855513   -0.26841138214618  
  2.440000    0.14108007983673   -0.00324560528139   -0.19068088406004   -0.12138056944430   -0.26595258522226  
  2.450000    0.13893067426093   -0.00340042848245   -0.18855812727365   -0.12344377674579   -0.26350379974696  
  2.460000    0.13681347617797   -0.00351318238091   -0.18645708665114   -0.12545957695494   -0.26106580101467  
  2.470000    0.13472806520307   -0.00358706304316   -0.18437743746836   -0.12742820805437   -0.25863933800472  
  2.480000    0.13267402264048   -0.00362522600615   -0.18231888232418   -0.12935005657521   -0.25622512812524  
  2.490000    0.13065093165830   -0.00363077731241   -0.18028115151294   -0.13122565322506   -0.25382385225514  
  2.500000    0.12865837745246   -0.00360676460697   -0.17826400311475   -0.13305566713666   -0.25143615013210  
  2.510000    0.12669594740058   -0.00355616836569   -0.17626722280589   -0.13484089880440   -0.24906261613013  
  2.520000    0.12476323120625   -0.00348189332516   -0.17429062339456   -0.13658227178840   -0.24670379546662  
  2.530000    0.12285982103436   -0.00338676018298   -0.17233404408985   -0.13828082327772   -0.24436018087360  
  2.540000    0.12098531163808   -0.00327349763650   -0.17039734951456   -0.13993769361482   -0.24203220976356  
  2.550000    0.11913930047807   -0.00314473482564   -0.16848042847497   -0.14155411489301   -0.23972026191454  
  2.560000    0.11732138783449   -0.00300299424281   -0.16658319250291   -0.14313139874745   -0.23742465769413  
  2.570000    0.11553117691240   -0.00285068516965   -0.16470557418786   -0.14467092346699   -0.23514565683634  
  2.580000    0.11376827394105   -0.00269009769621   -0.16284752531854   -0.14617412056055   -0.23288345777965  
  2.590000    0.11203228826757   -0.00252339737370   -0.16100901485548   -0.14764246091599   -0.23063819756890  
  2.600000    0.11032283244567   -0.00235262054696   -0.15919002675733   -0.14907744069283   -0.22840995231801  
  2.610000    0.10863952231952   -0.00217967040700   -0.15739055768503   -0.15048056709176   -0.22619873822494  
  2.620000    0.10698197710355   -0.00200631379844   -0.15561061460923   -0.15185334414441   -0.22400451312485  
  2.630000    0.10534981945833   -0.00183417880986   -0.15385021234648   -0.15319725866554   -0.22182717856203  
  2.640000    0.10374267556296   -0.00166475316890   -0.15210937105104   -0.15451376650750   -0.21966658235638  
  2.650000    0.10216017518423   -0.00149938345676   -0.15038811368859   -0.15580427925293   -0.21752252163520  
  2.660000    0.10060195174290   -0.00133927515010   -0.14868646351847   -0.15707015147625   -0.21539474629671  
  2.670000    0.09906764237717   -0.00118549349092   -0.14700444161082   -0.15831266869842   -0.21328296286791  
  2.680000    0.09755688800364   -0.00103896517799   -0.14534206442393   -0.15953303615134   -0.21118683871527  
  2.690000    0.09606933337587   -0.00090048086645   -0.14369934146685   -0.16073236845987   -0.20910600656401  
  2.700000    0.09460462714058   -0.00077069845504   -0.14207627307073   -0.16191168033944   -0.20704006927881  
  2.710000    0.09316242189164   -0.00065014713362   -0.14047284829123   -0.16307187839641   -0.20498860485643  
  2.720000    0.09174237422179   -0.00053923215737   -0.13888904296289   -0.16421375410713   -0.20295117157945  
  2.730000    0.09034414477207   -0.00043824030733   -0.13732481792430   -0.16533797803903   -0.20092731327850  
  2.740000    0.08896739827897   -0.00034734599158   -0.13578011743128   -0.16644509536469   -0.19891656465045  
  2.750000    0.08761180361921   -0.00026661793548   -0.13425486777302   -0.16753552270607   -0.19691845657934  
  2.760000    0.08627703385195   -0.00019602640461   -0.13274897610405   -0.16860954633326   -0.19493252140754  
  2.770000    0.08496276625840   -0.00013545089959   -0.13126232950227   -0.16966732172767   -0.19295829810562  
  2.780000    0.08366868237864   -0.00008468825791   -0.12979479426133   -0.17070887450642   -0.19099533729067  
  2.790000    0.08239446804543   -0.00004346109476   -0.12834621542268   -0.17173410269075   -0.18904320604507  
  2.800000    0.08113981341487   -0.00001142651193   -0.12691641655034   -0.17274278028803   -0.18710149248987  
  2.810000    0.07990441299371    0.00001181499780   -0.12550519974900   -0.17373456214383   -0.18516981007004  
  2.820000    0.07868796566309    0.00002671052524   -0.12411234592323   -0.17470899000813   -0.18324780151200  
  2.830000    0.07749017469843    0.00003374567301   -0.12273761527333   -0.17566549974777   -0.18133514241755  
  2.840000    0.07631074778543    0.00003343551229   -0.12138074802098   -0.17660342962607   -0.17943154446244  
  2.850000    0.07514939703180    0.00002631564231   -0.12004146535531   -0.17752202956037   -0.17753675817177  
  2.860000    0.07400583897459    0.00001293342547   -0.11871947058807   -0.17842047125876   -0.17565057524937  
  2.870000    0.07287979458302   -0.00000616053139   -0.11741445050416   -0.17929785912888   -0.17377283044271  
  2.880000    0.07177098925645   -0.00003042058120   -0.11612607689232   -0.18015324184473   -0.17190340292990  
  2.890000    0.07067915281757   -0.00005931386162   -0.11485400823855   -0.18098562445100   -0.17004221722024  
  2.900000    0.06960401950046   -0.00009232767982   -0.11359789156373   -0.18179398087995   -0.16818924356487  
  2.910000    0.06854532793362   -0.00012897640053   -0.11235736438507   -0.18257726675205   -0.16634449787905  
  2.920000    0.06750282111774   -0.00016880778560   -0.11113205678041   -0.18333443232967   -0.16450804118231  
  2.930000    0.06647624639822   -0.00021140873890   -0.10992159353303   -0.18406443549170   -0.16267997856807  
  2.940000    0.06546535543249   -0.00025641041603   -0.10872559633428   -0.18476625459805   -0.16086045771838  
  2.950000    0.06446990415202   -0.00030349266432   -0.10754368602059   -0.18543890111399   -0.15904966698434  
  2.960000    0.06348965271918   -0.00035238776517   -0.10637548482165   -0.18608143186776   -0.15724783305684  
  2.970000    0.06252436547901   -0.00040288345725   -0.10522061859611   -0.18669296081897   -0.15545521825616  
  2.980000    0.06157381090598   -0.00045482522601   -0.10407871903185   -0.18727267022079   -0.15367211747255  
  2.990000    0.06063776154595   -0.00050811785157   -0.10294942578809   -0.18781982106540   -0.15189885479344  
  3.000000    0.05971599395348   -0.00056272621426   -0.10183238855767   -0.18833376271011   -0.15013577985522  
  3.010000    0.05880828862481   -0.00061867536378   -0.10072726902840   -0.18881394158995   -0.14838326396069  
  3.020000    0.05791442992661   -0.00067604986465   -0.09963374272400   -0.18925990893224   -0.14664169600457  
  3.030000    0.05703420602094   -0.00073499243746   -0.09855150070616   -0.18967132739902   -0.14491147825157  
  3.040000    0.05616740878670   -0.00079570192165   -0.09748025112104   -0.19004797659421   -0.14319302201224  
  3.050000    0.05531383373779   -0.00085843059158   -0.09641972057506   -0.19038975738410   -0.14148674326258  
  3.060000    0.05447327993863   -0.00092348086373   -0.09536965532693   -0.19069669499175   -0.13979305825346  
  3.070000    0.05364554991713   -0.00099120143786   -0.09432982228453   -0.19096894083851   -0.13811237915561  
  3.080000    0.05283044957576   -0.00106198292011   -0.09330000979759   -0.19120677311837   -0.13644510978507  
  3.090000    0.05202778810098   -0.00113625298051   -0.09228002823924   -0.19141059610370   -0.13479164145262  
  3.100000    0.05123737787158   -0.00121447110107   -0.09126971037154   -0.19158093819356   -0.13315234897930  
  3.110000    0.05045903436640   -0.00129712297422   -0.09026891149265   -0.19171844872844   -0.13152758691765  
  3.120000    0.04969257607171   -0.00138471461398   -0.08927750936525   -0.19182389360738   -0.12991768601605  
  3.130000    0.04893782438900   -0.00147776624444   -0.08829540392835   -0.19189814975540   -0.12832294996041  
  3.140000    0.04819460354332   -0.00157680603176   -0.08732251679666   -0.19194219850038   -0.12674365242462  
  3.150000    0.04746274049286   -0.00168236372654   -0.08635879055392   -0.19195711792935   -0.12518003445720  
  3.160000    0.04674206484010   -0.00179496428398   -0.08540418784871   -0.19194407430384   -0.12363230222824  
  3.170000    0.04603240874497   -0.00191512152857   -0.08445869030314   -0.19190431262325   -0.12210062515649  
  3.180000    0.04533360684042   -0.00204333192912   -0.08352229724679   -0.19183914643336   -0.12058513443241  
  3.190000    0.04464549615089   -0.00218006854831   -0.08259502428994   -0.19174994698405   -0.11908592194879  
  3.200000    0.04396791601379   -0.00232577522860   -0.08167690175167   -0.19163813184668   -0.11760303964601  
  3.210000    0.04330070800470   -0.00248086107348   -0.08076797295988   -0.19150515310632   -0.11613649927478  
  3.220000    0.04264371586619   -0.00264569527971   -0.07986829244143   -0.19135248524790   -0.11468627257476  
  3.230000    0.04199678544093   -0.00282060237226   -0.07897792402170   -0.19118161285807   -0.11325229186320  
  3.240000    0.04135976460893   -0.00300585788915   -0.07809693885357   -0.19099401826556   -0.11183445102329  
  3.250000    0.04073250322950   -0.00320168455881   -0.07722541339655   -0.19079116924342   -0.11043260687822  
  3.260000    0.04011485308777   -0.00340824900711   -0.07636342736708   -0.19057450689506   -0.10904658093261  
  3.270000    0.03950666784610   -0.00362565902584   -0.07551106168130   -0.19034543384387   -0.10767616145961  
  3.280000    0.03890780300037   -0.00385396142867   -0.07466839641142   -0.19010530284262   -0.10632110590846  
  3.290000    0.03831811584120   -0.00409314051440   -0.07383550877661   -0.18985540591426   -0.10498114360405  
  3.300000    0.03773746542012   -0.00434311715125   -0.07301247118893   -0.18959696412992   -0.10365597870743  
  3.310000    0.03716571252065   -0.00460374848973   -0.07219934937401   -0.18933111812317   -0.10234529340353  
  3.320000    0.03660271963414   -0.00487482830521   -0.07139620058532   -0.18905891943191   -0.10104875128057  
  3.330000    0.03604835094034   -0.00515608796505   -0.07060307192991   -0.18878132275044   -0.09976600086352  
  3.340000    0.03550247229250   -0.00544719800898   -0.06981999882215   -0.18849917916515   -0.09849667926314  
  3.350000    0.03496495120673   -0.00574777032531   -0.06904700358062   -0.18821323043690   -0.09724041590091  
  3.360000    0.03443565685549   -0.00605736089989   -0.06828409418163   -0.18792410438258   -0.09599683626990  
  3.370000    0.03391446006492   -0.00637547310877   -0.06753126318149   -0.18763231139710   -0.09476556569147  
  3.380000    0.03340123331562   -0.00670156152067   -0.06678848681731   -0.18733824214565   -0.09354623302825  
  3.390000    0.03289585074667   -0.00703503617019   -0.06605572429483   -0.18704216644407   -0.09233847431444  
  3.400000    0.03239818816248   -0.00737526725821   -0.06533291726925   -0.18674423333340   -0.09114193626584  
  3.410000    0.03190812304211   -0.00772159023196   -0.06461998952340   -0.18644447234265   -0.08995627963351  
  3.420000    0.03142553455064   -0.00807331119356   -0.06391684684532   -0.18614279592205   -0.08878118236702  
  3.430000    0.03095030355228   -0.00842971258299   -0.06322337710535   -0.18583900301738   -0.08761634255535  
  3.440000    0.03048231262469   -0.00879005907859   -0.06253945053073   -0.18553278374475   -0.08646148111633  
  3.450000    0.03002144607418   -0.00915360365669   -0.06186492017367   -0.18522372511437   -0.08531634420831  
  3.460000    0.02956758995130   -0.00951959375019   -0.06119962256700   -0.18491131774155   -0.08418070534079  
  3.470000    0.02912063206653   -0.00988727744556   -0.06054337855938   -0.18459496347368   -0.08305436716437  
  3.480000    0.02868046200545   -0.01025590965729   -0.05989599432044   -0.18427398385289   -0.08193716292358  
  3.490000    0.02824697114318   -0.01062475821932   -0.05925726250454   -0.18394762932628   -0.08082895756025  
  3.500000    0.02782005265761   -0.01099310983422   -0.05862696355996   -0.18361508910849   -0.07972964845844  
  3.510000    0.02739960154109   -0.01136027582222   -0.05800486716933   -0.18327550159499   -0.07863916582620  
  3.520000    0.02698551461012   -0.01172559761452   -0.05739073380553   -0.18292796521984   -0.07755747271302  
  3.530000    0.02657769051294   -0.01208845193813   -0.05678431638616   -0.18257154964722   -0.07648456466584  
  3.540000    0.02617602973438   -0.01244825564247   -0.05618536200913   -0.18220530718356   -0.07542046903028  
  3.550000    0.02578043459811   -0.01280447012185   -0.05559361375056   -0.18182828429501   -0.07436524390732  
  3.560000    0.02539080926564   -0.01315660529208   -0.05500881250624   -0.18143953311474   -0.07331897677951  
  3.570000    0.02500705973218   -0.01350422308388   -0.05443069885712   -0.18103812282491   -0.07228178282377  
  3.580000    0.02462909381900   -0.01384694042080   -0.05385901493939   -0.18062315080000   -0.07125380293139  
  3.590000    0.02425682116226   -0.01418443165435   -0.05329350629963   -0.18019375340110   -0.07023520145870  
  3.600000    0.02389015319818   -0.01451643043475   -0.05273392371579   -0.17974911631458   -0.06922616373426  
  3.610000    0.02352900314442   -0.01484273100101   -0.05218002496528   -0.17928848433373   -0.06822689335131  
  3.620000    0.02317328597783   -0.01516318888010   -0.05163157652195   -0.17881117048787   -0.06723760927575  
  3.630000    0.02282291840841   -0.01547772099062   -0.05108835516474   -0.17831656443038   -0.06625854280210  
  3.640000    0.02247781884965   -0.01578630515239   -0.05055014948157   -0.17780414000494   -0.06528993439094  
  3.650000    0.02213790738532   -0.01608897900913   -0.05001676125336   -0.17727346191785   -0.06433203042248  
  3.660000    0.02180310573280   -0.01638583837715   -0.04948800670431   -0.17672419145354   -0.06338507990144  
  3.670000    0.02147333720326   -0.01667703503864   -0.04896371760602   -0.17615609118017   -0.06244933114893  
  3.680000    0.02114852665871   -0.01696277400345   -0.04844374222464   -0.17556902860278   -0.06152502851649  
  3.690000    0.02082860046630   -0.01724331026855   -0.04792794610180   -0.17496297873197   -0.06061240915729  
  3.700000    0.02051348645005   -0.01751894510893   -0.04741621266197   -0.17433802554731   -0.05971169988852  
  3.710000    0.02020311384043   -0.01779002193856   -0.04690844364061   -0.17369436234554   -0.05882311417777  
  3.720000    0.01989741322190   -0.01805692178380   -0.04640455932943   -0.17303229097538   -0.05794684928457  
  3.730000    0.01959631647892   -0.01832005841555   -0.04590449863692   -0.17235221997139   -0.05708308358659  
  3.740000    0.01929975674078   -0.01857987318943   -0.04540821896420   -0.17165466161070   -0.05623197411769  
  3.750000    0.01900766832544   -0.01883682964630   -0.04491569589836   -0.17094022792703   -0.05539365434248  
  3.760000    0.01871998668302   -0.01909140792722   -0.04442692272691   -0.17020962572673   -0.05456823218963  
  3.770000    0.01843664833911   -0.01934409905898   -0.04394190977932   -0.16946365066156   -0.05375578836296  
  3.780000    0.01815759083834   -0.01959539916709   -0.04346068360287   -0.16870318042187   -0.05295637494652  
  3.790000    0.01788275268871   -0.01984580367400   -0.04298328598218   -0.16792916712294   -0.05217001431642  
  3.800000    0.01761207330687   -0.02009580153992   -0.04250977281297   -0.16714262896447   -0.05139669836898  
  3.810000    0.01734549296489   -0.02034586960335   -0.04204021284224   -0.16634464125073   -0.05063638807121  
  3.820000    0.01708295273872   -0.02059646707698   -0.04157468628849   -0.16553632686456   -0.04988901333636  
  3.830000    0.01682439445891   -0.02084803025312   -0.04111328335653   -0.16471884629375   -0.04915447322349  
  3.840000    0.01656976066358   -0.02110096747046   -0.04065610266267   -0.16389338731238   -0.04843263645696  
  3.850000    0.01631899455430   -0.02135565439138   -0.04020324958679   -0.16306115442276   -0.04772334225800  
  3.860000    0.01607203995489   -0.02161242963562   -0.03975483456860   -0.16222335816556   -0.04702640147758  
  3.870000    0.01582884127351   -0.02187159081259   -0.03931097136578   -0.16138120440668   -0.04634159801634  
  3.880000    0.01558934346824   -0.02213339099061   -0.03887177529220   -0.16053588370921   -0.04566869051482  
  3.890000    0.01535349201632   -0.02239803563674   -0.03843736145423   -0.15968856089737   -0.04500741429388  
  3.900000    0.01512123288719   -0.02266568005632   -0.03800784300345   -0.15884036491736   -0.04435748352336  
  3.910000    0.01489251251951   -0.02293642735629   -0.03758332942367   -0.15799237909605   -0.04371859359406  
  3.920000    0.01466727780212   -0.02321032695094   -0.03716392486964   -0.15714563189459   -0.04309042366683  
  3.930000    0.01444547605913   -0.02348737362363   -0.03674972657435   -0.15630108824841   -0.04247263937013  
  3.940000    0.01422705503902   -0.02376750715224   -0.03634082334118   -0.15545964157852   -0.04186489561666  
  3.950000    0.01401196290781   -0.02405061250065   -0.03593729413580   -0.15462210655261   -0.04126683950819  
  3.960000    0.01380014824613   -0.02433652057293   -0.03553920679221   -0.15378921266577   -0.04067811329720  
  3.970000    0.01359156005017   -0.02462500952132   -0.03514661684545   -0.15296159870268   -0.04009835737339  
  3.980000    0.01338614773638   -0.02491580659378   -0.03475956650273   -0.15213980813371   -0.03952721324321  
  3.990000    0.01318386114960   -0.02520859050128   -0.03437808376282   -0.15132428548785   -0.03896432647078  
  4.000000    0.01298465057465   -0.02550299428037   -0.03400218169230   -0.15051537373515   -0.03840934954921  
  4.010000    0.01278846675088   -0.02579860862120   -0.03363185786530   -0.14971331270129   -0.03786194467217  
  4.020000    0.01259526088960   -0.02609498562723   -0.03326709397196   -0.14891823852623   -0.03732178637715  
  4.030000    0.01240498469408   -0.02639164296797   -0.03290785559887   -0.14813018416815   -0.03678856403288  
  4.040000    0.01221759038168   -0.02668806838305   -0.03255409218307   -0.14734908094366   -0.03626198414582  
  4.050000    0.01203303070794   -0.02698372449192   -0.03220573713931   -0.14657476108437   -0.03574177246225  
  4.060000    0.01185125899216   -0.02727805386085   -0.03186270815849   -0.14580696128007   -0.03522767584507  
  4.070000    0.01167222914419   -0.02757048427645   -0.03152490767371   -0.14504532716867   -0.03471946390694  
  4.080000    0.01149589569201   -0.02786043417298   -0.03119222348804   -0.14428941872358   -0.03421693038406  
  4.090000    0.01132221380972   -0.02814731815913   -0.03086452955721   -0.14353871648050   -0.03371989423773  
  4.100000    0.01115113934566   -0.02843055258935   -0.03054168691829   -0.14279262853711   -0.03322820047404  
  4.110000    0.01098262885008   -0.02870956112428   -0.03022354475411   -0.14205049825153   -0.03274172067477  
  4.120000    0.01081663960228   -0.02898378022515   -0.02990994158210   -0.14131161255877   -0.03226035323609  
  4.130000    0.01065312963653   -0.02925266452762   -0.02960070655439   -0.14057521081818   -0.03178402331447  
  4.140000    0.01049205776674   -0.02951569204203   -0.02929566085555   -0.13984049410012   -0.03131268248261  
  4.150000    0.01033338360928   -0.02977236912868   -0.02899461918294   -0.13910663481552   -0.03084630810118  
  4.160000    0.01017706760380   -0.03002223519907   -0.02869739129401   -0.13837278658927   -0.03038490241500  
  4.170000    0.01002307103174   -0.03026486709700   -0.02840378360432   -0.13763809427594   -0.02992849138569  
  4.180000    0.00987135603218   -0.03049988311630   -0.02811360081937   -0.13690170401530   -0.02947712327490  
  4.190000    0.00972188561486   -0.03072694661616   -0.02782664758331   -0.13616277322526   -0.02903086699542  
  4.200000    0.00957462367013   -0.03094576919837   -0.02754273012728   -0.13542048043030   -0.02858981024945  
  4.210000    0.00942953497574   -0.03115611341593   -0.02726165790021   -0.13467403482618   -0.02815405747575  
  4.220000    0.00928658520012   -0.03135779498644   -0.02698324516535   -0.13392268548395   -0.02772372762912  
  4.230000    0.00914574090229   -0.03155068448911   -0.02670731254586   -0.13316573010091   -0.02729895181735  
  4.240000    0.00900696952809   -0.03173470852917   -0.02643368850373   -0.13240252321061   -0.02687987082245  
  4.250000    0.00887023940295   -0.03190985035863   -0.02616221073685   -0.13163248377002   -0.02646663253344  
  4.260000    0.00873551972087   -0.03207614994797   -0.02589272747988   -0.13085510204837   -0.02605938931954  
  4.270000    0.00860278052998   -0.03223370350852   -0.02562509869586   -0.13006994574968   -0.02565829537239  
  4.280000    0.00847199271450   -0.03238266247091   -0.02535919714637   -0.12927666530886   -0.02526350404659  
  4.290000    0.00834312797338   -0.03252323193007   -0.02509490932960   -0.12847499830987   -0.02487516522740  
  4.300000    0.00821615879555   -0.03265566857284   -0.02483213627694   -0.12766477298356   -0.02449342275416  
  4.310000    0.00809105843227   -0.03278027810901   -0.02457079420020   -0.12684591075219   -0.02411841192713  
  4.320000    0.00796780086640   -0.03289741223167   -0.02431081498323   -0.12601842779745   -0.02375025712443  
  4.330000    0.00784636077918   -0.03300746513736   -0.02405214651324   -0.12518243563890   -0.02338906955456  
  4.340000    0.00772671351451   -0.03311086964061   -0.02379475284883   -0.12433814071967   -0.02303494516803  
  4.350000    0.00760883504118   -0.03320809292171   -0.02353861422339   -0.12348584300640   -0.02268796275030  
  4.360000    0.00749270191330   -0.03329963194984   -0.02328372688444   -0.12262593362065   -0.02234818221566  
  4.370000    0.00737829122919   -0.03338600862711   -0.02303010277071   -0.12175889152830   -0.02201564311979  
  4.380000    0.00726558058922   -0.03346776470142   -0.02277776903110   -0.12088527932354   -0.02169036340606  
  4.390000    0.00715454805278   -0.03354545649864   -0.02252676739060   -0.12000573815272   -0.02137233839816  
  4.400000    0.00704517209487   -0.03361964952604   -0.02227715337032   -0.11912098183215   -0.02106154004887  
  4.410000    0.00693743156263   -0.03369091300031   -0.02202899536996   -0.11823179022203   -0.02075791645206  
  4.420000    0.00683130563207   -0.03375981435404   -0.02178237362271   -0.11733900192588   -0.02046139162199  
  4.430000    0.00672677376563   -0.03382691377478   -0.02153737903349   -0.11644350639178   -0.02017186554121  
  4.440000    0.00662381567061   -0.03389275883043   -0.02129411191315   -0.11554623549745   -0.01988921447550  
  4.450000    0.00652241125902   -0.03395787923371   -0.02105268062161   -0.11464815470618   -0.01961329155116  
  4.460000    0.00642254060915   -0.03402278179713   -0.02081320013455   -0.11375025388509   -0.01934392758758  
  4.470000    0.00632418392916   -0.03408794562792   -0.02057579054844   -0.11285353787989   -0.01908093217487  
  4.480000    0.00622732152291   -0.03415381760991   -0.02034057553952   -0.11195901694311   -0.01882409498407  
  4.490000    0.00613193375850   -0.03422080821660   -0.02010768079293   -0.11106769711349   -0.01857318729483  
  4.500000    0.00603800103962   -0.03428928769618   -0.01987723241809   -0.11018057064501   -0.01832796372325  
  4.510000    0.00594550377990   -0.03435958266579   -0.01964935536687   -0.10929860658274   -0.01808816413049  
  4.520000    0.00585442238067   -0.03443197314793   -0.01942417187087   -0.10842274158156   -0.01785351569091  
  4.530000    0.00576473721206   -0.03450669007787   -0.01920179991381   -0.10755387106045   -0.01762373509681  
  4.540000    0.00567642859770   -0.03458391330599   -0.01898235175489   -0.10669284078211   -0.01739853087563  
  4.550000    0.00558947680309   -0.03466377011420   -0.01876593251804   -0.10584043894248   -0.01717760579424  
  4.560000    0.00550386202768   -0.03474633426050   -0.01855263886169   -0.10499738884991   -0.01696065932399  
  4.570000    0.00541956440078   -0.03483162556042   -0.01834255774239   -0.10416434226712   -0.01674739014019  
  4.580000    0.00533656398113   -0.03491961000894   -0.01813576528499   -0.10334187348248   -0.01653749862865  
  4.590000    0.00525484076020   -0.03501020044097   -0.01793232577067   -0.10253047416939   -0.01633068937264  
  4.600000    0.00517437466918   -0.03510325772333   -0.01773229075308   -0.10173054908449   -0.01612667359363  
  4.610000    0.00509514558939   -0.03519859246577   -0.01753569831133   -0.10094241264679   -0.01592517151975  
  4.620000    0.00501713336610   -0.03529596723358   -0.01734257244720   -0.10016628643067   -0.01572591465695  
  4.630000    0.00494031782552   -0.03539509923928   -0.01715292263263   -0.09940229759641   -0.01552864793895  
  4.640000    0.00486467879476   -0.03549566348631   -0.01696674351148   -0.09865047827240   -0.01533313173336  
  4.650000    0.00479019612451   -0.03559729633296   -0.01678401475858   -0.09791076589324   -0.01513914368315  
  4.660000    0.00471684971418   -0.03569959944101   -0.01660470109699   -0.09718300448841   -0.01494648036438  
  4.670000    0.00464461953927   -0.03580214406922   -0.01642875247288   -0.09646694690654   -0.01475495874322  
  4.680000    0.00457348568046   -0.03590447566905   -0.01625610438594   -0.09576225795060   -0.01456441741751  
  4.690000    0.00450342835445   -0.03600611873649   -0.01608667837154   -0.09506851839047   -0.01437471763044  
  4.700000    0.00443442794577   -0.03610658187159   -0.01592038262913   -0.09438522981010   -0.01418574404647  
  4.710000    0.00436646503961   -0.03620536299537   -0.01575711279024   -0.09371182023839   -0.01399740528211  
  4.720000    0.00429952045499   -0.03630195467189   -0.01559675281768   -0.09304765050487   -0.01380963418710  
  4.730000    0.00423357527818   -0.03639584948257   -0.01543917602634   -0.09239202125406   -0.01362238787378  
  4.740000    0.00416861089574   -0.03648654539909   -0.01528424621476   -0.09174418054581   -0.01343564749563  
  4.750000    0.00410460902705   -0.03657355110146   -0.01513181889555   -0.09110333196309   -0.01324941777828  
  4.760000    0.00404155175576   -0.03665639118809   -0.01498174261152   -0.09046864314368   -0.01306372630911  
  4.770000    0.00397942156008   -0.03673461122605   -0.01483386032394   -0.08983925464819   -0.01287862259409  
  4.780000    0.00391820134125   -0.03680778259110   -0.01468801085811   -0.08921428907322   -0.01269417689297  
  4.790000    0.00385787445017   -0.03687550704913   -0.01454403039135   -0.08859286031664   -0.01251047884616  
  4.800000    0.00379842471167   -0.03693742103341   -0.01440175396778   -0.08797408290020   -0.01232763590908  
  4.810000    0.00373983644634   -0.03699319957475   -0.01426101702412   -0.08735708125442   -0.01214577161134  
  4.820000    0.00368209448953   -0.03704255984527   -0.01412165691063   -0.08674099887130   -0.01196502366040  
  4.830000    0.00362518420726   -0.03708526428028   -0.01398351439155   -0.08612500723181   -0.01178554191053  
  4.840000    0.00356909150909   -0.03712112324692   -0.01384643510931   -0.08550831441766   -0.01160748621949  
  4.850000    0.00351380285752   -0.03714999723250   -0.01371027099750   -0.08489017332012   -0.01143102421636  
  4.860000    0.00345930527388   -0.03717179853053   -0.01357488162800   -0.08426988936307   -0.01125632900490  
  4.870000    0.00340558634075   -0.03718649240714   -0.01344013547831   -0.08364682766237   -0.01108357682723  
  4.880000    0.00335263420067   -0.03719409773574   -0.01330591110621   -0.08302041954961   -0.01091294471314  
  4.890000    0.00330043755115   -0.03719468709317   -0.01317209821953   -0.08239016839490   -0.01074460814027  
  4.900000    0.00324898563615   -0.03718838631569   -0.01303859863016   -0.08175565467057   -0.01057873873021  
  4.910000    0.00319826823388   -0.03717537351866   -0.01290532708263   -0.08111654020540   -0.01041550200513  
  4.920000    0.00314827564114   -0.03715587758906   -0.01277221194869   -0.08047257158758   -0.01025505522859  
  4.930000    0.00309899865423   -0.03713017616495   -0.01263919578098   -0.07982358268297   -0.01009754535354  
  4.940000    0.00305042854671   -0.03709859312158   -0.01250623572016   -0.07916949624462   -0.00994310709895  
  4.950000    0.00300255704403   -0.03706149558811   -0.01237330375157   -0.07851032459861   -0.00979186117514  
  4.960000    0.00295537629541   -0.03701929052405   -0.01224038680879   -0.07784616940085   -0.00964391267625  
  4.970000    0.00290887884312   -0.03697242088877   -0.01210748672330   -0.07717722046869   -0.00949934965643  
  4.980000    0.00286305758945   -0.03692136144123   -0.01197462002098   -0.07650375370107   -0.00935824190409  
  4.990000    0.00281790576165   -0.03686661421132   -0.01184181756759   -0.07582612810965   -0.00922063992673  
  5.000000    0.00277341687526   -0.03680870368676   -0.01170912406725   -0.07514478199297   -0.00908657415609  
  5.010000    0.00272958469597   -0.03674817176319   -0.01157659741916   -0.07446022829378   -0.00895605438135  
  5.020000    0.00268640320057   -0.03668557250668   -0.01144430793931   -0.07377304918864   -0.00882906941547  
  5.030000    0.00264386653719   -0.03662146678042   -0.01131233745561   -0.07308388996590   -0.00870558699707  
  5.040000    0.00260196898523   -0.03655641678851   -0.01118077828569   -0.07239345225610   -0.00858555392807  
  5.050000    0.00256070491545   -0.03649098059046   -0.01104973210818   -0.07170248668478   -0.00846889644439  
  5.060000    0.00252006875045   -0.03642570664098   -0.01091930873936   -0.07101178502373   -0.00835552081476  
  5.070000    0.00248005492597   -0.03636112840867   -0.01078962482765   -0.07032217192198   -0.00824531416010  
  5.080000    0.00244065785340   -0.03629775912726   -0.01066080247992   -0.06963449630138   -0.00813814548379  
  5.090000    0.00240187188378   -0.03623608673142   -0.01053296783350   -0.06894962250576   -0.00803386690055  
  5.100000    0.00236369127365   -0.03617656902747   -0.01040624958907   -0.06826842129444   -0.00793231504995  
  5.110000    0.00232611015312   -0.03611962914730   -0.01028077751938   -0.06759176077256   -0.00783331267841  
  5.120000    0.00228912249642   -0.03606565133077   -0.01015668096947   -0.06692049735160   -0.00773667037180  
  5.130000    0.00225272209507   -0.03601497707912   -0.01003408736376   -0.06625546683234   -0.00764218841926  
  5.140000    0.00221690253423   -0.03596790171801   -0.00991312073554   -0.06559747570196   -0.00754965878743  
  5.150000    0.00218165717215   -0.03592467140499   -0.00979390029409   -0.06494729273417   -0.00745886718328  
  5.160000    0.00214697912300   -0.03588548061196   -0.00967653904417   -0.06430564097837   -0.00736959518278  
  5.170000    0.00211286124338   -0.03585047010839   -0.00956114247216   -0.06367319021967   -0.00728162240193  
  5.180000    0.00207929612237   -0.03581972546646   -0.00944780731244   -0.06305054998683   -0.00719472868647  
  5.190000    0.00204627607546   -0.03579327610397   -0.00933662040667   -0.06243826317954   -0.00710869629641  
  5.200000    0.00201379314224   -0.03577109487568   -0.00922765766784   -0.06183680037998   -0.00702331206149  
  5.210000    0.00198183908795   -0.03575309821852   -0.00912098315958   -0.06124655490670   -0.00693836948441  
  5.220000    0.00195040540879   -0.03573914685048   -0.00901664830038   -0.06066783866122   -0.00685367076896  
  5.230000    0.00191948334111   -0.03572904701767   -0.00891469120077   -0.06010087880963   -0.00676902875131  
  5.240000    0.00188906387407   -0.03572255227869   -0.00881513614033   -0.05954581533293   -0.00668426871367  
  5.250000    0.00185913776601   -0.03571936581003   -0.00871799318988   -0.05900269947091   -0.00659923006110  
  5.260000    0.00182969556401   -0.03571914321125   -0.00862325798268   -0.05847149307551   -0.00651376784346  
  5.270000    0.00180072762676   -0.03572149578346   -0.00853091163694   -0.05795206887984   -0.00642775410651  
  5.280000    0.00177222415026   -0.03572599425033   -0.00844092083047   -0.05744421168022   -0.00634107905793  
  5.290000    0.00174417519622   -0.03573217288607   -0.00835323802660   -0.05694762041899   -0.00625365203613  
  5.300000    0.00171657072284   -0.03573953401088   -0.00826780184895   -0.05646191114658   -0.00616540227171  
  5.310000    0.00168940061769   -0.03574755281088   -0.00818453760127   -0.05598662083275   -0.00607627943418  
  5.320000    0.00166265473234   -0.03575568243577   -0.00810335792680   -0.05552121198784   -0.00598625395814  
  5.330000    0.00163632291832   -0.03576335932521   -0.00802416360038   -0.05506507804681   -0.00589531714627  
  5.340000    0.00161039506425   -0.03577000871205   -0.00794684444516   -0.05461754946122   -0.00580348104852  
  5.350000    0.00158486113350   -0.03577505024900   -0.00787128036417   -0.05417790043667   -0.00571077811920  
  5.360000    0.00155971120224   -0.03577790370379   -0.00779734247645   -0.05374535624720   -0.00561726065646  
  5.370000    0.00153493549735   -0.03577799466710   -0.00772489434555   -0.05331910105174   -0.00552300003065  
  5.380000    0.00151052443383   -0.03577476021741   -0.00765379328809   -0.05289828613289   -0.00542808571043  
  5.390000    0.00148646865146   -0.03576765448686   -0.00758389174849   -0.05248203847404   -0.00533262409773  
  5.400000    0.00146275905005   -0.03575615407344   -0.00751503872592   -0.05206946958705   -0.00523673718466  
  5.410000    0.00143938682330   -0.03573976324568   -0.00744708123851   -0.05165968450057   -0.00514056104714  
  5.420000    0.00141634349057   -0.03571801888837   -0.00737986580982   -0.05125179081700   -0.00504424419229  
  5.430000    0.00139362092646   -0.03569049513991   -0.00731323996203   -0.05084490774583   -0.00494794577751  
  5.440000    0.00137121138778   -0.03565680767478   -0.00724705370056   -0.05043817502083   -0.00485183372102  
  5.450000    0.00134910753771   -0.03561661758804   -0.00718116097458   -0.05003076161007   -0.00475608272446  
  5.460000    0.00132730246679   -0.03556963484249   -0.00711542109837   -0.04962187412968   -0.00466087222927  
  5.470000    0.00130578971062   -0.03551562124315   -0.00704970011882   -0.04921076487525   -0.00456638432901  
  5.480000    0.00128456326397   -0.03545439290842   -0.00698387211480   -0.04879673938859   -0.00447280166050  
  5.490000    0.00126361759123   -0.03538582221190   -0.00691782041491   -0.04837916348241   -0.00438030529640  
  5.500000    0.00124294763305   -0.03530983917396   -0.00685143872102   -0.04795746965067   -0.00428907266230  
  5.510000    0.00122254880900   -0.03522643228760   -0.00678463212590   -0.04753116279891   -0.00419927550074  
  5.520000    0.00120241701631   -0.03513564876832   -0.00671731801416   -0.04709982523538   -0.00411107790400  
  5.530000    0.00118254862465   -0.03503759422359   -0.00664942683731   -0.04666312087164   -0.00402463443696  
  5.540000    0.00116294046691   -0.03493243174286   -0.00658090275467   -0.04622079858894   -0.00394008837015  
  5.550000    0.00114358982608   -0.03482038041496   -0.00651170413335   -0.04577269473543   -0.00385757004180  
  5.560000    0.00112449441838   -0.03470171328510   -0.00644180390208   -0.04531873472783   -0.00377719536644  
  5.570000    0.00110565237272   -0.03457675476939   -0.00637118975503   -0.04485893374051   -0.00369906450597  
  5.580000    0.00108706220664   -0.03444587754987   -0.00629986420323   -0.04439339647391   -0.00362326071707  
  5.590000    0.00106872279906   -0.03430949897860   -0.00622784447313   -0.04392231600380   -0.00354984938738  
  5.600000    0.00105063335990   -0.03416807702361   -0.00615516225290   -0.04344597172215   -0.00347887727021  
  5.610000    0.00103279339704   -0.03402210579485   -0.00608186328901   -0.04296472638947   -0.00341037192594  
  5.620000    0.00101520268071   -0.03387211069178   -0.00600800683711   -0.04247902232779   -0.00334434137563  
  5.630000    0.00099786120587   -0.03371864321862   -0.00593366497251   -0.04198937679203   -0.00328077397031  
  5.640000    0.00098076915265   -0.03356227551635   -0.00585892176737   -0.04149637656580   -0.00321963847682  
  5.650000    0.00096392684551   -0.03340359466373   -0.00578387234271   -0.04100067183591   -0.00316088437907  
  5.660000    0.00094733471127   -0.03324319680189   -0.00570862180498   -0.04050296940686   -0.00310444239094  
  5.670000    0.00093099323647   -0.03308168113900   -0.00563328407786   -0.04000402532365   -0.00305022517489  
  5.680000    0.00091490292456   -0.03291964389320   -0.00555798064123   -0.03950463697726   -0.00299812825831  
  5.690000    0.00089906425314   -0.03275767223232   -0.00548283919014   -0.03900563477230   -0.00294803113710  
  5.700000    0.00088347763186   -0.03259633826971   -0.00540799222749   -0.03850787344129   -0.00289979855444  
  5.710000    0.00086814336115   -0.03243619317497   -0.00533357560467   -0.03801222309316   -0.00285328194044  
  5.720000    0.00085306159245   -0.03227776145738   -0.00525972702537   -0.03751956008706   -0.00280832099688  
  5.730000    0.00083823229007   -0.03212153547895   -0.00518658452761   -0.03703075782378   -0.00276474540968  
  5.740000    0.00082365519515   -0.03196797025134   -0.00511428495977   -0.03654667754866   -0.00272237667018  
  5.750000    0.00080932979219   -0.03181747856912   -0.00504296246628   -0.03606815925947   -0.00268102998552  
  5.760000    0.00079525527822   -0.03167042652829   -0.00497274699845   -0.03559601281207   -0.00264051625705  
  5.770000    0.00078143053514   -0.03152712947587   -0.00490376286606   -0.03513100931479   -0.00260064410539  
  5.780000    0.00076785410543   -0.03138784843225   -0.00483612734445   -0.03467387289959   -0.00256122192000  
  5.790000    0.00075452417145   -0.03125278702371   -0.00476994935174   -0.03422527295460   -0.00252205991098  
  5.800000    0.00074143853853   -0.03112208895784   -0.00470532820990   -0.03378581689788   -0.00248297214082  
  5.810000    0.00072859462215   -0.03099583606942   -0.00464235250260   -0.03335604356732   -0.00244377851411  
  5.820000    0.00071598943919   -0.03087404695916   -0.00458109904182   -0.03293641729497   -0.00240430670357  
  5.830000    0.00070361960341   -0.03075667624192   -0.00452163195411   -0.03252732272795   -0.00236439399154  
  5.840000    0.00069148132535   -0.03064361441547   -0.00446400189625   -0.03212906045013   -0.00232388900708  
  5.850000    0.00067957041642   -0.03053468835482   -0.00440824540865   -0.03174184345119   -0.00228265333977  
  5.860000    0.00066788229737   -0.03042966243126   -0.00435438441353   -0.03136579448104   -0.00224056301288  
  5.870000    0.00065641201104   -0.03032824024927   -0.00430242586344   -0.03100094431880   -0.00219750979994  
  5.880000    0.00064515423919   -0.03023006698844   -0.00425236154415   -0.03064723097637   -0.00215340237048  
  5.890000    0.00063410332342   -0.03013473233189   -0.00420416803437   -0.03030449984733   -0.00210816725261  
  5.900000    0.00062325328980   -0.03004177395664   -0.00415780682331   -0.02997250480235   -0.00206174960213  
  5.910000    0.00061259787730   -0.02995068155631   -0.00411322458510   -0.02965091022277   -0.00201411376970  
  5.920000    0.00060213056942   -0.02986090136090   -0.00407035360806   -0.02933929395461   -0.00196524366016  
  5.930000    0.00059184462896   -0.02977184111379   -0.00402911237476   -0.02903715115603   -0.00191514288006  
  5.940000    0.00058173313562   -0.02968287546122   -0.00398940628737   -0.02874389900202   -0.00186383467174  
  5.950000    0.00057178902595   -0.02959335170572   -0.00395112853163   -0.02845888220166   -0.00181136163494  
  5.960000    0.00056200513536   -0.02950259587073   -0.00391416107083   -0.02818137927482   -0.00175778523857  
  5.970000    0.00055237424188   -0.02940991902095   -0.00387837576019   -0.02791060952763   -0.00170318512832  
  5.980000    0.00054288911108   -0.02931462377966   -0.00384363557082   -0.02764574065850   -0.00164765823727  
  5.990000    0.00053354254195   -0.02921601098253   -0.00380979591100   -0.02738589692058   -0.00159131770926  
  6.000000    0.00052432741309   -0.02911338640543   -0.00377670603177   -0.02713016776009   -0.00153429164662  
  6.010000    0.00051523672895   -0.02900606750280   -0.00374421050287   -0.02687761684556   -0.00147672169561  
  6.020000    0.00050626366560   -0.02889339009282   -0.00371215074414   -0.02662729139841   -0.00141876148507  
  6.030000    0.00049740161555   -0.02877471492539   -0.00368036659723   -0.02637823173236   -0.00136057493483  
  6.040000    0.00048864423134   -0.02864943406995   -0.00364869792154   -0.02612948090660   -0.00130233445230  
  6.050000    0.00047998546726   -0.02851697706140   -0.00361698619859   -0.02588009439632   -0.00124421903664  
  6.060000    0.00047141961902   -0.02837681674406   -0.00358507612830   -0.02562914968377   -0.00118641231085  
  6.070000    0.00046294136080   -0.02822847475650   -0.00355281720108   -0.02537575567326   -0.00112910050307  
  6.080000    0.00045454577941   -0.02807152660254   -0.00352006522976   -0.02511906183546   -0.00107247039886  
  6.090000    0.00044622840516   -0.02790560625782   -0.00348668382551   -0.02485826698817   -0.00101670728655  
  6.100000    0.00043798523923   -0.02773041026479   -0.00345254580271   -0.02459262762448   -0.00096199291771  
  6.110000    0.00042981277702   -0.02754570127405   -0.00341753449824   -0.02432146570319   -0.00090850350495  
  6.120000    0.00042170802757   -0.02735131099425   -0.00338154499138   -0.02404417582164   -0.00085640777853  
  6.130000    0.00041366852852   -0.02714714251857   -0.00334448521167   -0.02376023169664   -0.00080586512287  
  6.140000    0.00040569235658   -0.02693317200103   -0.00330627692298   -0.02346919188621   -0.00075702381311  
  6.150000    0.00039777813341   -0.02670944966195   -0.00326685657331   -0.02317070469162   -0.00071001937081  
  6.160000    0.00038992502672   -0.02647610010781   -0.00322617600115   -0.02286451218767   -0.00066497305668  
  6.170000    0.00038213274658   -0.02623332195730   -0.00318420299054   -0.02255045333708   -0.00062199051674  
  6.180000    0.00037440153693   -0.02598138677128   -0.00314092166858   -0.02222846615404   -0.00058116059667  
  6.190000    0.00036673216238   -0.02572063729129   -0.00309633274063   -0.02189858889117   -0.00054255433728  
  6.200000    0.00035912589024   -0.02545148499721   -0.00305045355994   -0.02156096023359   -0.00050622416237  
  6.210000    0.00035158446807   -0.02517440700140   -0.00300331803023   -0.02121581849354   -0.00047220326771  
  6.220000    0.00034411009680   -0.02488994230250   -0.00295497634141   -0.02086349980885   -0.00044050521826  
  6.230000    0.00033670539963   -0.02459868742853   -0.00290549453999   -0.02050443535823   -0.00041112375822  
  6.240000    0.00032937338707   -0.02430129150422   -0.00285495393788   -0.02013914761617   -0.00038403283632  
  6.250000    0.00032211741824   -0.02399845078359   -0.00280345036434   -0.01976824567962   -0.00035918684639  
  6.260000    0.00031494115887   -0.02369090269330   -0.00275109326784   -0.01939241970782   -0.00033652108124  
  6.270000    0.00030784853628   -0.02337941943780   -0.00269800467593   -0.01901243452565   -0.00031595239518  
  6.280000    0.00030084369177   -0.02306480122083   -0.00264431802256   -0.01862912244887   -0.00029738006856  
  6.290000    0.00029393093076   -0.02274786914244   -0.00259017685383   -0.01824337539773   -0.00028068686563  
  6.300000    0.00028711467119   -0.02242945783346   -0.00253573342426   -0.01785613637256   -0.00026574027465  
  6.310000    0.00028039939055   -0.02211040789235   -0.00248114719679   -0.01746839037112   -0.00025239391746  
  6.320000    0.00027378957205   -0.02179155819169   -0.00242658326080   -0.01708115483364   -0.00024048911382  
  6.330000    0.00026728965033   -0.02147373812289   -0.00237221068327   -0.01669546970607   -0.00022985658428  
  6.340000    0.00026090395731   -0.02115775984888   -0.00231820080884   -0.01631238721607   -0.00022031827361  
  6.350000    0.00025463666854   -0.02084441063480   -0.00226472552516   -0.01593296145959   -0.00021168927565  
  6.360000    0.00024849175055   -0.02053444532656   -0.00221195551034   -0.01555823789778   -0.00020377983953  
  6.370000    0.00024247290975   -0.02022857904577   -0.00216005847950   -0.01518924286535   -0.00019639743585  
  6.380000    0.00023658354321   -0.01992748016857   -0.00210919744745   -0.01482697319150   -0.00018934886115  
  6.390000    0.00023082669187   -0.01963176365283   -0.00205952902455   -0.01447238603379   -0.00018244235844  
  6.400000    0.00022520499653   -0.01934198477584   -0.00201120176237   -0.01412638902341   -0.00017548973116  
  6.410000    0.00021972065704   -0.01905863334043   -0.00196435456536   -0.01378983081732   -0.00016830842827  
  6.420000    0.00021437539505   -0.01878212840320   -0.00191911518424   -0.01346349214882   -0.00016072357816  
  6.430000    0.00020917042062   -0.01851281357297   -0.00187559880565   -0.01314807746264   -0.00015256994977  
  6.440000    0.00020410640301   -0.01825095292127   -0.00183390675199   -0.01284420721483   -0.00014369381983  
  6.450000    0.00019918344576   -0.01799672753919   -0.00179412530380   -0.01255241090955   -0.00013395472634  
  6.460000    0.00019440106634   -0.01775023276578   -0.00175632465583   -0.01227312093623   -0.00012322708931  
  6.470000    0.00018975818032   -0.01751147610237   -0.00172055801590   -0.01200666725982   -0.00011140168144  
  6.480000    0.00018525309011   -0.01728037581439   -0.00168686085416   -0.01175327300433   -0.00009838693298  
  6.490000    0.00018088347801   -0.01705676020603   -0.00165525030727   -0.01151305095520   -0.00008411005686  
  6.500000    0.00017664640331   -0.01684036753393   -0.00162572473994   -0.01128600098878   -0.00006851798254  
  6.510000    0.00017253830300   -0.01663084650241   -0.00159826346253   -0.01107200841657   -0.00005157808954  
  6.520000    0.00016855499517   -0.01642775725418   -0.00157282659955   -0.01087084320803   -0.00003327873453  
  6.530000    0.00016469168440   -0.01623057273624   -0.00154935509961   -0.01068216002722   -0.00001362956954  
  6.540000    0.00016094296760   -0.01603868028088   -0.00152777087173   -0.01050549898618    0.00000733834710  
  6.550000    0.00015730283887   -0.01585138319656   -0.00150797702711   -0.01034028698032    0.00002957264028  
  6.560000    0.00015376469142   -0.01566790211424   -0.00148985819845   -0.01018583943053    0.00005299989571  
  6.570000    0.00015032131415   -0.01548737578535   -0.00147328090197   -0.01004136221325    0.00007752610589  
  6.580000    0.00014696488062   -0.01530886098197   -0.00145809389978   -0.00990595351732    0.00010303725717  
  6.590000    0.00014368692748   -0.01513133111739   -0.00144412851399   -0.00977860532958    0.00012940002189  
  6.600000    0.00014047831991   -0.01495367319517   -0.00143119883909   -0.00965820422742    0.00015646251074  
  6.610000    0.00013732920184   -0.01477468272346   -0.00141910179834   -0.00954353115516    0.00018405503248  
  6.620000    0.00013422892944   -0.01459305631459   -0.00140761699387   -0.00943325989553    0.00021199080201  
  6.630000    0.00013116598801   -0.01440738184806   -0.00139650631291   -0.00932595403267    0.00024006653598  
  6.640000    0.00012812789417   -0.01421612632811   -0.00138551327578   -0.00922006235510    0.00026806287987  
  6.650000    0.00012510108845   -0.01401762193233   -0.00137436214776   -0.00911391288283    0.00029574462476  
  6.660000    0.00012207082676   -0.01381005123516   -0.00136275688994   -0.00900570603438    0.00032286069901  
  6.670000    0.00011902108403   -0.01359143319909   -0.00135038009338   -0.00889350788235    0.00034914396254  
  6.680000    0.00011593448816   -0.01335961223712   -0.00133689212679   -0.00877524497414    0.00037431089110  
  6.690000    0.00011279230786   -0.01311225341888   -0.00132193082614   -0.00864870279292    0.00039806131427  
  6.700000    0.00010957452294   -0.01284684764927   -0.00130511215821   -0.00851153055686    0.00042007846177  
  6.710000    0.00010626000951   -0.01256073128895   -0.00128603238742   -0.00836125563059    0.00044002967022  
  6.720000    0.00010282687449   -0.01225112508057   -0.00126427235065   -0.00819531125411    0.00045756819643  
  6.730000    0.00009925297265   -0.01191519724017   -0.00123940447857   -0.00801108146105    0.00047233665786  
  6.740000    0.00009551663404   -0.01155015501119   -0.00121100317180   -0.00780596682791    0.00048397265658  
  6.750000    0.00009159761955   -0.01115336771407   -0.00117865902485   -0.00757747393929    0.00049211711895  
  6.760000    0.00008747830586   -0.01072252225493   -0.00114199717156   -0.00732333006501    0.00049642577836  
  6.770000    0.00008314507994   -0.01025580915223   -0.00110069969323   -0.00704162246865    0.00049658402694  
  6.780000    0.00007858989602   -0.00975213347483   -0.00105453158652   -0.00673095902583    0.00049232505614  
  6.790000    0.00007381191819   -0.00921134085941   -0.00100336925228   -0.00639064354744    0.00048345080247  
  6.800000    0.00006881914071   -0.00863444433329   -0.00094722987754   -0.00602085562094    0.00046985473527  
  6.810000    0.00006362984985   -0.00802383348547   -0.00088629949877   -0.00562282126010    0.00045154501025  
  6.820000    0.00005827376913   -0.00738344418745   -0.00082095703115   -0.00519895765320    0.00042866602513  
  6.830000    0.00005279271968   -0.00671886519593   -0.00075179121296   -0.00475297334337    0.00040151602485  
  6.840000    0.00004724063133   -0.00603735817778   -0.00067960733204   -0.00428990478608    0.00037055819333  
  6.850000    0.00004168276314   -0.00534777046489   -0.00060542084812   -0.00381607185234    0.00033642271016  
  6.860000    0.00003619403441   -0.00466032543486   -0.00053043564901   -0.00333893876405    0.00029989760067  
  6.870000    0.00003085642870   -0.00398628377500   -0.00045600568831   -0.00286687319646    0.00026190689152  
  6.880000    0.00002575551073   -0.00333747960521   -0.00038358010490   -0.00240880459573    0.00022347558446  
  6.890000    0.00002097618374   -0.00272574770562   -0.00031463352501   -0.00197379253815    0.00018568221353  
  6.900000    0.00001659790327   -0.00216227076737   -0.00025058494651   -0.00157052629802    0.00014960114154  
  6.910000    0.00001268964525   -0.00165688725925   -0.00019271021620   -0.00120678655266    0.00011623812883  
  6.920000    0.00000930498794   -0.00121740968521   -0.00014205442771   -0.00088890808633    0.00008646389331  
  6.930000    0.00000647770234   -0.00084900829870   -0.00009935139058   -0.00062128725923    0.00006095120024  
  6.940000    0.00000421824442   -0.00055371564443   -0.00006495749013   -0.00040597891195    0.00004012132132  
  6.950000    0.00000251150210   -0.00033010200967   -0.00003880667309   -0.00024242370146    0.00002410538627  
  6.960000    0.00000131607090   -0.00017316100978   -0.00002039194686   -0.00012733855546    0.00001272518929  
  6.970000    0.00000056521867   -0.00007442881943   -0.00000877675421   -0.00005479051835    0.00000549646389  
  6.980000    0.00000016956369   -0.00002234136304   -0.00000263706056   -0.00001645883720    0.00000165564410  
  6.990000    0.00000002134226   -0.00000281299122   -0.00000033222287   -0.00000207325736    0.00000020889726  
  7.000000   -0.00000000000000    0.00000000000000    0.00000000000000    0.00000000000000   -0.00000000000000  
