  0.000000    2.05023298603370    0.18011134512165    0.00000000000000    0.00000000000000    0.00000000000000  
  0.010000    2.05008810647324    0.18030036856676   -0.03076585411331    0.05584949510089   -0.00031758919806  
  0.020000    2.04965350493215    0.18086705310038   -0.06150947178442    0.11160796831329   -0.00126785648384  
  0.030000    2.04892929286594    0.18181024212850   -0.09220865351382    0.16718463840177   -0.00284332342179  
  0.040000    2.04791565614928    0.18312801069563   -0.12284127353716    0.22248920431725   -0.00503160071007  
  0.050000    2.04661285524869    0.18481766952931   -0.15338531631811    0.27743208249844   -0.00781549959166  
  0.060000    2.04502122546338    0.18687577068719   -0.18381891259471    0.33192464084518   -0.01117318638636  
  0.070000    2.04314117723317    0.18929811479211   -0.21412037483502    0.38587942829004   -0.01507837871695  
  0.080000    2.04097319651238    0.19207975983584   -0.24426823196240    0.43921039892557   -0.01950058161773  
  0.090000    2.03851784520799    0.19521503152845   -0.27424126321565    0.49183312968193   -0.02440536134649  
  0.100000    2.03577576168042    0.19869753516600   -0.30401853101535    0.54366503059432   -0.02975465437378  
  0.110000    2.03274766130477    0.20252016898553   -0.33357941271461    0.59462554675056   -0.03550710870031  
  0.120000    2.02943433709011    0.20667513897232   -0.36290363112038    0.64463635106610   -0.04161845435676  
  0.130000    2.02583666035436    0.21115397508098   -0.39197128367958    0.69362152709662   -0.04804189967365  
  0.140000    2.02195558145169    0.21594754882805   -0.42076287023394    0.74150774116579   -0.05472854967401  
  0.150000    2.01779213054933    0.22104609221086   -0.44925931925680    0.78822440315804   -0.06162784274132  
  0.160000    2.01334741845038    0.22643921790365   -0.47744201249573    0.83370381540230   -0.06868800155075  
  0.170000    2.00862263745885    0.23211594067940   -0.50529280795540    0.87788130915204   -0.07585649412494  
  0.180000    2.00361906228307    0.23806470000259   -0.53279406116624    0.92069536824894   -0.08308050078778  
  0.190000    1.99833805097306    0.24427338373572   -0.55992864469577    0.96208773964147   -0.09030738274122  
  0.200000    1.99278104588763    0.25072935289960   -0.58667996587108    1.00200353051504   -0.09748514798176  
  0.210000    1.98694957468630    0.25741946742561   -0.61303198269227    1.04039129187624   -0.10456291030489  
  0.220000    1.98084525134114    0.26433011283557   -0.63896921792847    1.07720308851943   -0.11149133721694  
  0.230000    1.97446977716336    0.27144722778344   -0.66447677139918    1.11239455538908   -0.11822308268413  
  0.240000    1.96782494183921    0.27875633239118   -0.68954033045525    1.14592494043479   -0.12471320079638  
  0.250000    1.96091262446963    0.28624255730977   -0.71414617868421    1.17775713413751   -0.13091953660795  
  0.260000    1.95373479460768    0.29389067343527   -0.73828120287565    1.20785768596418   -0.13680309063572  
  0.270000    1.94629351328790    0.30168512220872   -0.76193289829204    1.23619680808346   -0.14232835374732  
  0.280000    1.93859093404127    0.30961004642805   -0.78508937230000    1.26274836674687   -0.14746360945255  
  0.290000    1.93062930388955    0.31764932149957   -0.80773934642574    1.28748986180658   -0.15218120092009  
  0.300000    1.92241096431235    0.32578658705646   -0.82987215690673    1.31040239490339   -0.15645776037438  
  0.310000    1.91393835218039    0.33400527887128   -0.85147775381895    1.33147062691513   -0.16027439888160  
  0.320000    1.90521400064821    0.34228866099006   -0.87254669886546    1.35068272530674   -0.16361685490515  
  0.330000    1.89624053999949    0.35061985801560   -0.89307016191818    1.36803030206814   -0.16647560039728  
  0.340000    1.88702069843797    0.35898188746808   -0.91303991640917    1.38350834296457   -0.16884590358941  
  0.350000    1.87755730281723    0.36735769215211   -0.93244833367197    1.39711512885568   -0.17072784804732  
  0.360000    1.86785327930211    0.37573017245999   -0.95128837633619    1.40885214986493   -0.17212630796293  
  0.370000    1.85791165395494    0.38408221854207   -0.96955359088087    1.41872401319887   -0.17305088005966  
  0.380000    1.84773555323960    0.39239674227661   -0.98723809945298    1.42673834542702   -0.17351577288879  
  0.390000    1.83732820443640    0.40065670897250   -1.00433659105762    1.43290569003726   -0.17353965468567  
  0.400000    1.82669293596103    0.40884516874035   -1.02084431222545    1.43723940107929   -0.17314546133464  
  0.410000    1.81583317758079    0.41694528746866   -1.03675705726152    1.43975553369885   -0.17236016635488  
  0.420000    1.80475246052157    0.42494037734390   -1.05207115817641    1.44047273235011   -0.17121451516450  
  0.430000    1.79345441745892    0.43281392685530   -1.06678347439772    1.43941211745108   -0.16974272620221  
  0.440000    1.78194278238721    0.44054963022710   -1.08089138235498    1.43659717121902   -0.16798216178306  
  0.450000    1.77022139036060    0.44813141622334   -1.09439276502651    1.43205362338892   -0.16597297183364  
  0.460000    1.75829417710011    0.45554347627243   -1.10728600153059    1.42580933747951   -0.16375771389068  
  0.470000    1.74616517846125    0.46277029186118   -1.11956995683703    1.41789419822738   -0.16138095295279  
  0.480000    1.73383852975690    0.46979666115033   -1.13124397166827    1.40834000076186   -0.15888884494636  
  0.490000    1.72131846493059    0.47660772476618   -1.14230785265141    1.39718034204176   -0.15632870770225  
  0.500000    1.70860931557563    0.48318899072538   -1.15276186277506    1.38445051502028   -0.15374858343794  
  0.510000    1.69571550979577    0.48952635845268   -1.16260671219618    1.37018740594645   -0.15119679680040  
  0.520000    1.68264157090386    0.49560614185370   -1.17184354943401    1.35442939515262   -0.14872151254689  
  0.530000    1.66939211595494    0.50141509140796   -1.18047395297925    1.33721626161587   -0.14637029692472  
  0.540000    1.65597185411101    0.50694041524947   -1.18849992333796    1.31858909151977   -0.14418968675636  
  0.550000    1.64238558483503    0.51216979920537   -1.19592387552105    1.29859019098092   -0.14222477014502  
  0.560000    1.62863819591222    0.51709142576531   -1.20274863198141    1.27726300304277   -0.14051878258702  
  0.570000    1.61473466129738    0.52169399195724   -1.20897741599221    1.25465202897880   -0.13911272211494  
  0.580000    1.60068003878715    0.52596672610780   -1.21461384545202    1.23080275388800   -0.13804498689851  
  0.590000    1.58647946751719    0.52989940346800   -1.21966192709403    1.20576157650841   -0.13735103850291  
  0.600000    1.57213816528423    0.53348236068768   -1.22412605106958    1.17957574312040   -0.13706309374759  
  0.610000    1.55766142569409    0.53670650912460   -1.22801098586894    1.15229328535992   -0.13720984782542  
  0.620000    1.54305461513682    0.53956334697664   -1.23132187353602    1.12396296171458   -0.13781623103597  
  0.630000    1.52832316959117    0.54204497022798   -1.23406422512755    1.09463420243166   -0.13890320115897  
  0.640000    1.51347259126081    0.54414408240270   -1.23624391636252    1.06435705752822   -0.14048757315042  
  0.650000    1.49850844504549    0.54585400312145   -1.23786718340263    1.03318214755894   -0.14258188748470  
  0.660000    1.48343635485100    0.54716867545918   -1.23894061870122    1.00116061676827   -0.14519431809779  
  0.670000    1.46826199974214    0.54808267210444   -1.23947116685479    0.96834408822904   -0.14832862051080  
  0.680000    1.45299110994362    0.54859120032266   -1.23946612038934    0.93478462055157   -0.15198412033394  
  0.690000    1.43762946269451    0.54869010572811   -1.23893311541215    0.90053466573393   -0.15615574197256  
  0.700000    1.42218287796209    0.54837587487148   -1.23788012705917    0.86564702771712   -0.16083407698223  
  0.710000    1.40665721402174    0.54764563665183   -1.23631546466859    0.83017482120685   -0.16600549115259  
  0.720000    1.39105836291007    0.54649716256383   -1.23424776661195    0.79417143032809   -0.17165226904348  
  0.730000    1.37539224575869    0.54492886579300   -1.23168599471632    0.75769046668769   -0.17775279435525  
  0.740000    1.35966480801683    0.54293979917373   -1.22863942821371    0.72078572643572   -0.18428176419057  
  0.750000    1.34388201457130    0.54052965202636   -1.22511765715720    0.68351114593598   -0.19121043496121  
  0.760000    1.32804984477274    0.53769874589172   -1.22113057524737    0.64592075568151   -0.19850689741316  
  0.770000    1.31217428737752    0.53444802918278   -1.21668837201785    0.60806863212051   -0.20613637798798  
  0.780000    1.29626133541497    0.53077907077530   -1.21180152433353    0.57000884709206   -0.21406156351269  
  0.790000    1.28031698099003    0.52669405256013   -1.20648078716166    0.53179541460929   -0.22224294601317  
  0.800000    1.26434721003176    0.52219576098224   -1.20073718358217    0.49348223476863   -0.23063918428203  
  0.810000    1.24835799699803    0.51728757759224   -1.19458199401061    0.45512303460883   -0.23920747870044  
  0.820000    1.23235529954767    0.51197346863797   -1.18802674461438    0.41677130578995   -0.24790395571588  
  0.830000    1.21634505319068    0.50625797372505   -1.18108319491069    0.37848023901207   -0.25668405831620  
  0.840000    1.20033316592798    0.50014619357654   -1.17376332454218    0.34030265514396   -0.26550293881306  
  0.850000    1.18432551289183    0.49364377692290   -1.16607931923461    0.30229093308367   -0.27431585025674  
  0.860000    1.16832793099836    0.48675690655502   -1.15804355594864    0.26449693442506   -0.28307853284762  
  0.870000    1.15234621362351    0.47949228457393   -1.14966858724594    0.22697192505655   -0.29174759178782  
  0.880000    1.13638610531384    0.47185711687185   -1.14096712489789    0.18976649386962   -0.30028086312795  
  0.890000    1.12045329654345    0.46385909688052   -1.13195202277289    0.15293046880490   -0.30863776430728  
  0.900000    1.10455341852824    0.45550638862344   -1.12263625904571    0.11651283051258   -0.31677962625983  
  0.910000    1.08869203810868    0.44680760910971   -1.11303291777976    0.08056162394978   -0.32467000416138  
  0.920000    1.07287465271190    0.43777181010791   -1.10315516993989    0.04512386828177   -0.33227496412186  
  0.930000    1.05710668540379    0.42840845933943   -1.09301625389992    0.01024546549442   -0.33956334338018  
  0.940000    1.04139348004165    0.41872742113114   -1.08262945551465   -0.02402889183779   -0.34650698183375  
  0.950000    1.02574029653757    0.40873893656810   -1.07200808783199   -0.05765581315048   -0.35308092302755  
  0.960000    1.01015230624215    0.39845360318771   -1.06116547052502   -0.09059330234811   -0.35926358303715  
  0.970000    0.99463458745845    0.38788235425696   -1.05011490912841   -0.12280084959212   -0.36503688600062  
  0.980000    0.97919212109484    0.37703643767527   -1.03886967416647   -0.15423952186784   -0.37038636538575  
  0.990000    0.96382978646582    0.36592739454548   -1.02744298026339   -0.18487205176544   -0.37530123041515  
  1.000000    0.94855235724886    0.35456703745619   -1.01584796532747   -0.21466292390101   -0.37977439741153  
  1.010000    0.93336449760507    0.34296742851857   -1.00409766990285   -0.24357845839965   -0.38380248616426  
  1.020000    0.91827075847111    0.33114085720141   -0.99220501678228   -0.27158689086452   -0.38738578175303  
  1.030000    0.90327557402900    0.31909981800783   -0.98018279097414   -0.29865844826216   -0.39052816259266  
  1.040000    0.88838325836027    0.30685698803741   -0.96804362011580   -0.32476542016727   -0.39323699578021  
  1.050000    0.87359800229000    0.29442520447736   -0.95579995542335   -0.34988222482733   -0.39552300112994  
  1.060000    0.85892387042610    0.28181744206623   -0.94346405326497   -0.37398546953046   -0.39740008557003  
  1.070000    0.84436479839832    0.26904679057349   -0.93104795744205   -0.39705400478750   -0.39888514984363  
  1.080000    0.82992459030116    0.25612643233795   -0.91856348225769   -0.41906897187184   -0.39999786970540  
  1.090000    0.81560691634405    0.24306961990772   -0.90602219644762   -0.44001384329730   -0.40076045402849  
  1.100000    0.80141531071171    0.22988965382387   -0.89343540804334   -0.45987445585546   -0.40119738243599  
  1.110000    0.78735316963708    0.21659986058947   -0.88081415023097   -0.47863903587855   -0.40133512524215  
  1.120000    0.77342374968845    0.20321357086496   -0.86816916826317   -0.49629821644208   -0.40120184863136  
  1.130000    0.75963016627207    0.18974409793023   -0.85551090747449   -0.51284504627274   -0.40082710811558  
  1.140000    0.74597539235071    0.17620471645279   -0.84284950244327   -0.52827499018021   -0.40024153339259  
  1.150000    0.73246225737830    0.16260864160079   -0.83019476733543   -0.54258592088763   -0.39947650777820  
  1.160000    0.71909344645012    0.14896900853830   -0.81755618745804   -0.55577810219218   -0.39856384540421  
  1.170000    0.70587149966754    0.13529885233961   -0.80494291204200   -0.56785416344552   -0.39753546936143  
  1.180000    0.69279881171563    0.12161108835782   -0.79236374826563   -0.57881906540260   -0.39642309392312  
  1.190000    0.67987763165173    0.10791849308193   -0.77982715652227   -0.58868005754576   -0.39525791391028  
  1.200000    0.66711006290236    0.09423368551539   -0.76734124692718   -0.59744662704937   -0.39407030415624  
  1.210000    0.65449806346543    0.08056910910745   -0.75491377705087   -0.60513043960716   -0.39288953189631  
  1.220000    0.64204344631441    0.06693701426749   -0.74255215085827   -0.61174527240013   -0.39174348474988  
  1.230000    0.62974788000048    0.05334944149076   -0.73026341882526   -0.61730693953638   -0.39065841677880  
  1.240000    0.61761288944838    0.03981820512246   -0.71805427919714   -0.62183321034519   -0.38965871489993  
  1.250000    0.60563985694142    0.02635487778545   -0.70593108034649   -0.62534372095607   -0.38876668770309  
  1.260000    0.59383002329058    0.01297077549510   -0.69389982418121   -0.62785987963798   -0.38800237848070  
  1.270000    0.58218448918233   -0.00032305651695   -0.68196617054800   -0.62940476641553   -0.38738340401505  
  1.280000    0.57070421669963   -0.01351585725000   -0.67013544257031   -0.63000302751537   -0.38692482039618  
  1.290000    0.55939003101016   -0.02659716263463   -0.65841263285570   -0.62968076522952   -0.38663901685977  
  1.300000    0.54824262221565   -0.03955681746968   -0.64680241050246   -0.62846542380964   -0.38653563834465  
  1.310000    0.53726254735590   -0.05238498658170   -0.63530912883210   -0.62638567203015   -0.38662153717467  
  1.320000    0.52645023256096   -0.06507216519458   -0.62393683377134   -0.62347128307607   -0.38690075397462  
  1.330000    0.51580597534468   -0.07760918849883   -0.61268927280447   -0.61975301242441   -0.38737452763569  
  1.340000    0.50532994703276   -0.08998724041227   -0.60156990441589   -0.61526247439602   -0.38804133385739  
  1.350000    0.49502219531827   -0.10219786152569   -0.59058190794110   -0.61003201805726   -0.38889695151104  
  1.360000    0.48488264693750   -0.11423295622898   -0.57972819374478   -0.60409460314813   -0.38993455579921  
  1.370000    0.47491111045895   -0.12608479901550   -0.56901141364451   -0.59748367670560   -0.39114483692700  
  1.380000    0.46510727917820   -0.13774603996409   -0.55843397150017   -0.59023305103795   -0.39251614275874  
  1.390000    0.45547073411135   -0.14920970940032   -0.54799803389073   -0.58237678368783   -0.39403464370823  
  1.400000    0.44600094707973   -0.16046922174039   -0.53770554080264   -0.57394905999924   -0.39568451790609  
  1.410000    0.43669728387854   -0.17151837852308   -0.52755821625680   -0.56498407887603   -0.39744815450372  
  1.420000    0.42755900752217   -0.18235137063700   -0.51755757880523   -0.55551594228853   -0.39930637281396  
  1.430000    0.41858528155892   -0.19296277975209   -0.50770495183205   -0.54557854904895   -0.40123865485270  
  1.440000    0.40977517344793   -0.20334757896631   -0.49800147359849   -0.53520549333748   -0.40322338873687  
  1.450000    0.40112765799117   -0.21350113268005   -0.48844810697632   -0.52442996841869   -0.40523812031117  
  1.460000    0.39264162081351   -0.22341919571254   -0.47904564881983   -0.51328467594262   -0.40725981032122  
  1.470000    0.38431586188379   -0.23309791167597   -0.46979473893189   -0.50180174117749   -0.40926509442299  
  1.480000    0.37614909907018   -0.24253381062489   -0.46069586858583   -0.49001263447152   -0.41123054331887  
  1.490000    0.36813997172305   -0.25172380599965   -0.45174938857100   -0.47794809919016   -0.41313292033843  
  1.500000    0.36028704427868   -0.26066519088416   -0.44295551673605   -0.46563808632311   -0.41494943383656  
  1.510000    0.35258880987750   -0.26935563359954   -0.43431434501072   -0.45311169590267   -0.41665798186287  
  1.520000    0.34504369399032   -0.27779317265654   -0.42582584589286   -0.44039712532221   -0.41823738666187  
  1.530000    0.33765005804663   -0.28597621109066   -0.41748987839416   -0.42752162459094   -0.41966761669357  
  1.540000    0.33040620305875   -0.29390351020505   -0.40930619344409   -0.41451145850951   -0.42092999401621  
  1.550000    0.32331037323603   -0.30157418274725   -0.40127443875774   -0.40139187570039   -0.42200738504538  
  1.560000    0.31636075958351   -0.30898768554669   -0.39339416317891   -0.38818708437809   -0.42288437289523  
  1.570000    0.30955550347935   -0.31614381164075   -0.38566482051577   -0.37492023469738   -0.42354740971527  
  1.580000    0.30289270022587   -0.32304268191775   -0.37808577289113   -0.36161340747343   -0.42398494765804  
  1.590000    0.29637040256880   -0.32968473630613   -0.37065629363459   -0.34828760902592   -0.42418754734722  
  1.600000    0.28998662418004   -0.33607072453930   -0.36337556974828   -0.33496277186084   -0.42414796295845  
  1.610000    0.28373934309883   -0.34220169652637   -0.35624270398163   -0.32165776086827   -0.42386120327579  
  1.620000    0.27762650512690   -0.34807899235912   -0.34925671655438   -0.30839038468342   -0.42332456834033  
  1.630000    0.27164602717305   -0.35370423198600   -0.34241654656990   -0.29517741182996   -0.42253766156374  
  1.640000    0.26579580054295   -0.35907930458401   -0.33572105316341   -0.28203459124164   -0.42150237743386  
  1.650000    0.26007369417007   -0.36420635765949   -0.32916901643150   -0.26897667673839   -0.42022286519075  
  1.660000    0.25447755778384   -0.36908778590878   -0.32275913819071   -0.25601745501837   -0.41870546909603  
  1.670000    0.24900522501134   -0.37372621986981   -0.31649004261381   -0.24316977671621   -0.41695864615499  
  1.680000    0.24365451640906   -0.37812451439531   -0.31036027679239   -0.23044559007169   -0.41499286237538  
  1.690000    0.23842324242128   -0.38228573697824   -0.30436831127425   -0.21785597675069   -0.41282046885934  
  1.700000    0.23330920626210   -0.38621315595981   -0.29851254062295   -0.20541118936270   -0.41045555922104  
  1.710000    0.22831020671809   -0.38991022864989   -0.29279128404560   -0.19312069022520   -0.40791381000221  
  1.720000    0.22342404086876   -0.39338058938937   -0.28720278613281   -0.18099319093578   -0.40521230591825  
  1.730000    0.21864850672243   -0.39662803758339   -0.28174521775254   -0.16903669232698   -0.40236935190769  
  1.740000    0.21398140576499   -0.39965652573393   -0.27641667713647   -0.15725852439647   -0.39940427407654  
  1.750000    0.20942054541955   -0.40247014749947   -0.27121519119429   -0.14566538582659   -0.39633721172452  
  1.760000    0.20496374141478   -0.40507312580893   -0.26613871708760   -0.13426338273121   -0.39318890271302  
  1.770000    0.20060882006046   -0.40746980105616   -0.26118514409119   -0.12305806629503   -0.38998046448276  
  1.780000    0.19635362042838   -0.40966461940069   -0.25635229576503   -0.11205446900008   -0.38673317305317  
  1.790000    0.19219599643743   -0.41166212119951   -0.25163793245585   -0.10125713916543   -0.38346824233543  
  1.800000    0.18813381884154   -0.41346692959365   -0.24703975414245   -0.09067017355983   -0.38020660606652  
  1.810000    0.18416497711969   -0.41508373927282   -0.24255540363410   -0.08029724788159   -0.37696870462363  
  1.820000    0.18028738126706   -0.41651730543991   -0.23818247012626   -0.07014164493588   -0.37377427890701  
  1.830000    0.17649896348677   -0.41777243299660   -0.23391849311316   -0.06020628037597   -0.37064217338640  
  1.840000    0.17279767978197   -0.41885396597006   -0.22976096665171   -0.05049372591172   -0.36759015029182  
  1.850000    0.16918151144802   -0.41976677719982   -0.22570734396619   -0.04100622992511   -0.36463471679596  
  1.860000    0.16564846646487   -0.42051575830273   -0.22175504237890   -0.03174573546852   -0.36179096688372  
  1.870000    0.16219658078979   -0.42110580993296   -0.21790144854692   -0.02271389565705   -0.35907243943620  
  1.880000    0.15882391955108   -0.42154183235274   -0.21414392398112   -0.01391208649962   -0.35649099387439  
  1.890000    0.15552857814327   -0.42182871632857   -0.21047981081944   -0.00534141724648   -0.35405670451236  
  1.900000    0.15230868322474   -0.42197133436636   -0.20690643782272    0.00299726163893   -0.35177777456521  
  1.910000    0.14916239361883   -0.42197453229793   -0.20342112655790    0.01110335274719   -0.34966047054304  
  1.920000    0.14608790111964   -0.42184312123002   -0.20002119773061    0.01897650806672   -0.34770907754365  
  1.930000    0.14308343120406   -0.42158186986590   -0.19670397762646    0.02661662721806   -0.34592587573386  
  1.940000    0.14014724365153   -0.42119549720846   -0.19346680461814    0.03402385737220   -0.34431113808526  
  1.950000    0.13727763307351   -0.42068866565251   -0.19030703569387    0.04119859462842   -0.34286314920830  
  1.960000    0.13447292935457   -0.42006597447270   -0.18722205296151    0.04814148661330   -0.34157824490859  
  1.970000    0.13173149800726   -0.41933195371258   -0.18420927008199    0.05485343605055   -0.34045087187675  
  1.980000    0.12905174044313   -0.41849105847887   -0.18126613858512    0.06133560504396   -0.33947366671695  
  1.990000    0.12643209416246   -0.41754766364404   -0.17839015402176    0.06758941981087   -0.33863755332409  
  2.000000    0.12387103286520   -0.41650605895905   -0.17557886190642    0.07361657560221   -0.33793185743587  
  2.010000    0.12136706648610   -0.41537044457689   -0.17282986340604    0.07941904154733   -0.33734443701611  
  2.020000    0.11891874115675   -0.41414492698672   -0.17014082073207    0.08499906516690   -0.33686182697104  
  2.030000    0.11652463909782   -0.41283351535684   -0.16750946219551    0.09035917630557   -0.33646939656300  
  2.040000    0.11418337844442   -0.41144011828406   -0.16493358688660    0.09550219024719   -0.33615151776627  
  2.050000    0.11189361300806   -0.40996854094567   -0.16241106894429    0.10043120978981   -0.33589174270970  
  2.060000    0.10965403197840   -0.40842248264926   -0.15993986138364    0.10514962607384   -0.33567298827098  
  2.070000    0.10746335956831   -0.40680553477458   -0.15751799945310    0.10966111797647   -0.33547772582813  
  2.080000    0.10532035460581   -0.40512117910070   -0.15514360349739    0.11396964990613   -0.33528817413606  
  2.090000    0.10322381007622   -0.40337278651052   -0.15281488130611    0.11807946785417   -0.33508649327983  
  2.100000    0.10117255261842   -0.40156361606407   -0.15053012993231    0.12199509358563   -0.33485497766144  
  2.110000    0.09916544197852   -0.39969681443083   -0.14828773697014    0.12572131687686   -0.33457624600375  
  2.120000    0.09720137042490   -0.39777541567048   -0.14608618128503    0.12926318573483   -0.33423342640230  
  2.130000    0.09527926212802   -0.39580234135088   -0.14392403319474    0.13262599456082   -0.33381033452384  
  2.140000    0.09339807250864   -0.39378040099090   -0.14179995410450    0.13581527024895   -0.33329164313729  
  2.150000    0.09155678755825   -0.39171229281527   -0.13971269560383    0.13883675623841   -0.33266304126799  
  2.160000    0.08975442313499   -0.38960060480774   -0.13766109803761    0.14169639456601   -0.33191138138899  
  2.170000    0.08799002423876   -0.38744781604832   -0.13564408856834    0.14440030599284   -0.33102481320066  
  2.180000    0.08626266426887   -0.38525629831954   -0.13366067875082    0.14695476830544   -0.32999290270234  
  2.190000    0.08457144426760   -0.38302831796637   -0.13170996164486    0.14936619291690   -0.32880673542435  
  2.200000    0.08291549215294   -0.38076603799373   -0.12979110849520    0.15164109991734   -0.32745900286341  
  2.210000    0.08129396194364   -0.37847152038524   -0.12790336501173    0.15378609174492   -0.32594407134871  
  2.220000    0.07970603297970   -0.37614672862623   -0.12604604728618    0.15580782566912   -0.32425803275596  
  2.230000    0.07815090914111   -0.37379353041415   -0.12421853738447    0.15771298529561   -0.32239873668204  
  2.240000    0.07662781806775   -0.37141370053860   -0.12242027865645    0.15950825131790   -0.32036580389032  
  2.250000    0.07513601038297   -0.36900892391377   -0.12065077080684    0.16120027175396   -0.31816062103481  
  2.260000    0.07367475892350   -0.36658079874524   -0.11890956477306    0.16279563191654   -0.31578631686788  
  2.270000    0.07224335797787   -0.36413083981356   -0.11719625745665    0.16430082437346   -0.31324772032895  
  2.280000    0.07084112253569   -0.36166048185673   -0.11551048635612    0.16572221915921   -0.31055130109857  
  2.290000    0.06946738754967   -0.35917108303384   -0.11385192414915    0.16706603450101   -0.30770509338226  
  2.300000    0.06812150721222   -0.35666392845235   -0.11222027327225    0.16833830832160   -0.30471860385808  
  2.310000    0.06680285424850   -0.35414023374167   -0.11061526054514    0.16954487077732   -0.30160270488150  
  2.320000    0.06551081922709   -0.35160114865581   -0.10903663188647    0.17069131808317   -0.29836951418699  
  2.330000    0.06424480988986   -0.34904776068851   -0.10748414716574    0.17178298786732   -0.29503226245827  
  2.340000    0.06300425050209   -0.34648109868445   -0.10595757523472    0.17282493628539   -0.29160515025573  
  2.350000    0.06178858122373   -0.34390213643058   -0.10445668917921    0.17382191711016   -0.28810319588993  
  2.360000    0.06059725750271   -0.34131179621247   -0.10298126182954    0.17477836299547   -0.28454207591262  
  2.370000    0.05942974949083   -0.33871095232072   -0.10153106156511    0.17569836909384   -0.28093795996157  
  2.380000    0.05828554148273   -0.33610043449347   -0.10010584844513    0.17658567918618   -0.27730734174092  
  2.390000    0.05716413137820   -0.33348103128161   -0.09870537069403    0.17744367445925   -0.27366686794597  
  2.400000    0.05606503016803   -0.33085349332420   -0.09732936156631    0.17827536504160   -0.27003316694827  
  2.410000    0.05498776144322   -0.32821853652207   -0.09597753661166    0.17908338438378   -0.26642267904560  
  2.420000    0.05393186092768   -0.32557684509890   -0.09464959135670    0.17986998654122   -0.26285149005059  
  2.430000    0.05289687603383   -0.32292907453971   -0.09334519941589    0.18063704639133   -0.25933516994280  
  2.440000    0.05188236544093   -0.32027585439744   -0.09206401103941    0.18138606278822   -0.25588861824222  
  2.450000    0.05088789869546   -0.31761779095981   -0.09080565210147    0.18211816463082   -0.25252591767819  
  2.460000    0.04991305583301   -0.31495546976905   -0.08956972352834    0.18283411979219   -0.24926019762840  
  2.470000    0.04895742702096   -0.31228945798850   -0.08835580116082    0.18353434683063   -0.24610350868758  
  2.480000    0.04802061222107   -0.30962030661083   -0.08716343604168    0.18421892937655   -0.24306670959778  
  2.490000    0.04710222087116   -0.30694855250409   -0.08599215511457    0.18488763306351   -0.24015936763222  
  2.500000    0.04620187158500   -0.30427472029216   -0.08484146231695    0.18553992484763   -0.23738967337368  
  2.510000    0.04531919186927   -0.30159932406796   -0.08371084004580    0.18617499453654   -0.23476437066982  
  2.520000    0.04445381785670   -0.29892286893827   -0.08259975097144    0.18679177832841   -0.23228870238076  
  2.530000    0.04360539405427   -0.29624585240032   -0.08150764017170    0.18738898414198   -0.22996637236320  
  2.540000    0.04277357310538   -0.29356876555115   -0.08043393755566    0.18796511850219   -0.22779952396003  
  2.550000    0.04195801556501   -0.29089209413184   -0.07937806054377    0.18851851473098   -0.22578873508787  
  2.560000    0.04115838968660   -0.28821631940959   -0.07833941696889    0.18904736218095   -0.22393302983904  
  2.570000    0.04037437121977   -0.28554191890158   -0.07731740816107    0.18954973623997   -0.22222990634018  
  2.580000    0.03960564321774   -0.28286936694535   -0.07631143217743    0.19002362882804   -0.22067538043979  
  2.590000    0.03885189585344   -0.28019913512135   -0.07532088713756    0.19046697910367   -0.21926404463313  
  2.600000    0.03811282624334   -0.27753169253408   -0.07434517462430    0.19087770409561   -0.21798914147567  
  2.610000    0.03738813827801   -0.27486750595882   -0.07338370310946    0.19125372897757   -0.21684265058930  
  2.620000    0.03667754245868   -0.27220703986188   -0.07243589136434    0.19159301670748   -0.21581538822777  
  2.630000    0.03598075573877   -0.26955075630259   -0.07150117181583    0.19189359676029   -0.21489711824357  
  2.640000    0.03529750136973   -0.26689911472608   -0.07057899380934    0.19215359269268   -0.21407667318577  
  2.650000    0.03462750875057   -0.26425257165607   -0.06966882674189    0.19237124829038   -0.21334208416136  
  2.660000    0.03397051328021   -0.26161158029763   -0.06877016302995    0.19254495206358   -0.21268071800990  
  2.670000    0.03332625621241   -0.25897659005973   -0.06788252087922    0.19267325987265   -0.21207942027501  
  2.680000    0.03269448451249   -0.25634804600821   -0.06700544682554    0.19275491548554   -0.21152466240626  
  2.690000    0.03207495071569   -0.25372638825942   -0.06613851801933    0.19278886888913   -0.21100269159245  
  2.700000    0.03146741278661   -0.25111205132522   -0.06528134422860    0.19277429219932   -0.21049968161107  
  2.710000    0.03087163397971   -0.24850546341995   -0.06443356953910    0.19271059303892   -0.21000188308092  
  2.720000    0.03028738270043   -0.24590704573982   -0.06359487373341    0.19259742527734   -0.20949577152315  
  2.730000    0.02971443236708   -0.24331721172523   -0.06276497333455    0.19243469705264   -0.20896819167155  
  2.740000    0.02915256127319   -0.24073636631609   -0.06194362230314    0.19222257602310   -0.20840649652483  
  2.750000    0.02860155245060   -0.23816490521015   -0.06113061238143    0.19196149182302   -0.20779867970088  
  2.760000    0.02806119353317   -0.23560321413380   -0.06032577308063    0.19165213572470   -0.20713349973534  
  2.770000    0.02753127662133   -0.23305166813446   -0.05952897131267    0.19129545753597   -0.20640059506285  
  2.780000    0.02701159814767   -0.23051063090338   -0.05874011067049    0.19089265978963   -0.20559058852800  
  2.790000    0.02650195874379   -0.22798045413674   -0.05795913036532    0.19044518930707   -0.20469518039347  
  2.800000    0.02600216310869   -0.22546147694271   -0.05718600383272    0.18995472624395   -0.20370722894302  
  2.810000    0.02551201987893   -0.22295402530139   -0.05642073702260    0.18942317074981   -0.20262081791611  
  2.820000    0.02503134150108   -0.22045841158369   -0.05566336639190    0.18885262739597   -0.20143131015701  
  2.830000    0.02455994410661   -0.21797493413484   -0.05491395662142    0.18824538754735   -0.20013538701304  
  2.840000    0.02409764738971   -0.21550387692708   -0.05417259808140    0.18760390987288   -0.19873107317207  
  2.850000    0.02364427448842   -0.21304550928565   -0.05343940407260    0.18693079920640   -0.19721774678700  
  2.860000    0.02319965186939   -0.21060008569114   -0.05271450787230    0.18622878398464   -0.19559613489346  
  2.870000    0.02276360921669   -0.20816784566066   -0.05199805961621    0.18550069250186   -0.19386829428375  
  2.880000    0.02233597932502   -0.20574901370931   -0.05129022304902    0.18474942823059   -0.19203757815434  
  2.890000    0.02191659799769   -0.20334379939268   -0.05059117217745    0.18397794446560   -0.19010858899403  
  2.900000    0.02150530394961   -0.20095239743043   -0.04990108786069    0.18318921855323   -0.18808711832336  
  2.910000    0.02110193871576   -0.19857498790994   -0.04922015437348    0.18238622597061   -0.18598007403220  
  2.920000    0.02070634656519   -0.19621173656842   -0.04854855597705    0.18157191451889   -0.18379539618969  
  2.930000    0.02031837442090   -0.19386279515124   -0.04788647353339    0.18074917889175   -0.18154196231738  
  2.940000    0.01993787178587   -0.19152830184315   -0.04723408119705    0.17992083587491   -0.17922948322263  
  2.950000    0.01956469067511   -0.18920838176877   -0.04659154321825    0.17908960042412   -0.17686839058186  
  2.960000    0.01919868555414   -0.18690314755784   -0.04595901088948    0.17825806285886   -0.17446971754349  
  2.970000    0.01883971328370   -0.18461269997024   -0.04533661966612    0.17742866739594   -0.17204497368595  
  2.980000    0.01848763307088   -0.18233712857522   -0.04472448648981    0.17660369223225   -0.16960601571714  
  2.990000    0.01814230642640   -0.18007651247878   -0.04412270734094    0.17578523136886   -0.16716491533744  
  3.000000    0.01780359712819   -0.17783092109271   -0.04353135504410    0.17497517834985   -0.16473382570889  
  3.010000    0.01747137119081   -0.17560041493852   -0.04295047734771    0.17417521206871   -0.16232484797783  
  3.020000    0.01714549684084   -0.17338504647906   -0.04238009529595    0.17338678477318   -0.15994989928764  
  3.030000    0.01682584449764   -0.17118486097044   -0.04182020190813    0.17261111237654   -0.15762058369210  
  3.040000    0.01651228675945   -0.16899989732683   -0.04127076117725    0.17184916715880   -0.15534806733918  
  3.050000    0.01620469839429   -0.16683018899042   -0.04073170739626    0.17110167291716   -0.15314295923956  
  3.060000    0.01590295633541   -0.16467576479890   -0.04020294481688    0.17036910259919   -0.15101519886519  
  3.070000    0.01560693968075   -0.16253664984292   -0.03968434764274    0.16965167842741   -0.14897395174160  
  3.080000    0.01531652969597   -0.16041286630600   -0.03917576035460    0.16894937449805   -0.14702751410346  
  3.090000    0.01503160982067   -0.15830443427958   -0.03867699836252    0.16826192181222   -0.14518322757875  
  3.100000    0.01475206567711   -0.15621137254617   -0.03818784897603    0.16758881567302   -0.14344740475227  
  3.110000    0.01447778508097   -0.15413369932391   -0.03770807268049    0.16692932535852   -0.14182526633687  
  3.120000    0.01420865805370   -0.15207143296607   -0.03723740470430    0.16628250595808   -0.14032089055120  
  3.130000    0.01394457683569   -0.15002459260963   -0.03677555685909    0.16564721223810   -0.13893717516737  
  3.140000    0.01368543589989   -0.14799319876743   -0.03632221963199    0.16502211438346   -0.13767581255304  
  3.150000    0.01343113196521   -0.14597727385903   -0.03587706450668    0.16440571544299   -0.13653727789051  
  3.160000    0.01318156400922   -0.14397684267583   -0.03543974648765    0.16379637029067   -0.13552083061249  
  3.170000    0.01293663327948   -0.14199193277676   -0.03500990680009    0.16319230590045   -0.13462452895211  
  3.180000    0.01269624330319   -0.14002257481142   -0.03458717573628    0.16259164272012   -0.13384525736437  
  3.190000    0.01246029989443   -0.13806880276824   -0.03417117561770    0.16199241691984   -0.13317876643946  
  3.200000    0.01222871115871   -0.13613065414593   -0.03376152384133    0.16139260328376   -0.13261972479665  
  3.210000    0.01200138749425   -0.13420817004716   -0.03335783597768    0.16079013850757   -0.13216178232190  
  3.220000    0.01177824158975   -0.13230139519413   -0.03295972888785    0.16018294466245   -0.13179764399471  
  3.230000    0.01155918841809   -0.13041037786649   -0.03256682382677    0.15956895258577   -0.13151915344049  
  3.240000    0.01134414522586   -0.12853516976269   -0.03217874950017    0.15894612496083   -0.13131738524615  
  3.250000    0.01113303151828   -0.12667582578645   -0.03179514504343    0.15831247885293   -0.13118274498809  
  3.260000    0.01092576903945   -0.12483240376110   -0.03141566289137    0.15766610747579   -0.13110507584612  
  3.270000    0.01072228174762   -0.12300496407468   -0.03103997150946    0.15700520097191   -0.13107377061290  
  3.280000    0.01052249578547   -0.12119356925972   -0.03066775795836    0.15632806600172   -0.13107788785813  
  3.290000    0.01032633944543   -0.11939828351214   -0.03029873026572    0.15563314394976   -0.13110627097012  
  3.300000    0.01013374312976   -0.11761917215406   -0.02993261958112    0.15491902757195   -0.13114766877454  
  3.310000    0.00994463930580   -0.11585630104614   -0.02956918209259    0.15418447592444   -0.13119085642115  
  3.320000    0.00975896245626   -0.11410973595529   -0.02920820068560    0.15342842743375   -0.13122475523527  
  3.330000    0.00957664902482   -0.11237954188416   -0.02884948632819    0.15265001098748   -0.13123855024978  
  3.340000    0.00939763735726   -0.11066578236904   -0.02849287916895    0.15184855494610   -0.13122180416649  
  3.350000    0.00922186763838   -0.10896851875329   -0.02813824933747    0.15102359399831   -0.13116456654240  
  3.360000    0.00904928182494   -0.10728780944339   -0.02778549744005    0.15017487380500   -0.13105747705497  
  3.370000    0.00887982357523   -0.10562370915516   -0.02743455474678    0.14930235340016   -0.13089186177161  
  3.380000    0.00871343817531   -0.10397626815761   -0.02708538306916    0.14840620533997   -0.13065982143076  
  3.390000    0.00855007246271   -0.10234553152197   -0.02673797433085    0.14748681361499   -0.13035431083389  
  3.400000    0.00838967474786   -0.10073153838341   -0.02639234983707    0.14654476936308   -0.12996920854932  
  3.410000    0.00823219473370   -0.09913432122302   -0.02604855925155    0.14558086444303   -0.12949937623782  
  3.420000    0.00807758343419   -0.09755390517707   -0.02570667929279    0.14459608295083   -0.12894070702623  
  3.430000    0.00792579309210   -0.09599030738092   -0.02536681216422    0.14359159078104   -0.12829016247670  
  3.440000    0.00777677709660   -0.09444353635406   -0.02502908373572    0.14256872335539   -0.12754579782465  
  3.450000    0.00763048990133   -0.09291359143286   -0.02469364149629    0.14152897165885   -0.12670677528724  
  3.460000    0.00748688694342   -0.09140046225701   -0.02436065230012    0.14047396674018   -0.12577336537346  
  3.470000    0.00734592456394   -0.08990412831511   -0.02403029993026    0.13940546284871   -0.12474693625691  
  3.480000    0.00720755993050   -0.08842455855466   -0.02370278250585    0.13832531939240   -0.12362993140036  
  3.490000    0.00707175096226   -0.08696171106069   -0.02337830976064    0.13723548191322   -0.12242583574658  
  3.500000    0.00693845625813   -0.08551553280713   -0.02305710022134    0.13613796228486   -0.12113913091127  
  3.510000    0.00680763502834   -0.08408595948409   -0.02273937831574    0.13503481834479   -0.11977523992950  
  3.520000    0.00667924703010   -0.08267291540366   -0.02242537144066    0.13392813317703   -0.11834046221653  
  3.530000    0.00655325250746   -0.08127631348627   -0.02211530702055    0.13281999426473   -0.11684189950485  
  3.540000    0.00642961213603   -0.07989605532868   -0.02180940958718    0.13171247273145   -0.11528737361224  
  3.550000    0.00630828697259   -0.07853203135424   -0.02150789791066    0.13060760288776   -0.11368533697807  
  3.560000    0.00618923841013   -0.07718412104522   -0.02121098221140    0.12950736229588   -0.11204477697747  
  3.570000    0.00607242813836   -0.07585219325622   -0.02091886148166    0.12841365255769   -0.11037511508376  
  3.580000    0.00595781810988   -0.07453610660716   -0.02063172094387    0.12732828102355   -0.10868610199838  
  3.590000    0.00584537051224   -0.07323570995338   -0.02034972967173    0.12625294360802   -0.10698770990444  
  3.600000    0.00573504774586   -0.07195084293005   -0.02007303839803    0.12518920888642   -0.10529002302349  
  3.610000    0.00562681240786   -0.07068133656704   -0.01980177753115    0.12413850363167   -0.10360312766655  
  3.620000    0.00552062728169   -0.06942701397020   -0.01953605540000    0.12310209993492   -0.10193700296827  
  3.630000    0.00541645533260   -0.06818769106397   -0.01927595674463    0.12208110403632   -0.10030141347860  
  3.640000    0.00531425970866   -0.06696317739014   -0.01902154146722    0.12107644697355   -0.09870580475886  
  3.650000    0.00521400374721   -0.06575327695672   -0.01877284365518    0.12008887713638   -0.09715920308988  
  3.660000    0.00511565098645   -0.06455778913065   -0.01852987088553    0.11911895479497   -0.09567012034841  
  3.670000    0.00501916518188   -0.06337650956757   -0.01829260381641    0.11816704864859   -0.09424646504588  
  3.680000    0.00492451032726   -0.06220923117166   -0.01806099606887    0.11723333442038   -0.09289546045092  
  3.690000    0.00483165067974   -0.06105574507809   -0.01783497439878    0.11631779550177   -0.09162357063470  
  3.700000    0.00474055078860   -0.05991584165060   -0.01761443915592    0.11542022562902   -0.09043643518766  
  3.710000    0.00465117552734   -0.05878931148646   -0.01739926502419    0.11454023355311   -0.08933881325768  
  3.720000    0.00456349012850   -0.05767594642104   -0.01718930203394    0.11367724964333   -0.08833453745524  
  3.730000    0.00447746022077   -0.05657554052416   -0.01698437683472    0.11283053434512   -0.08742647806077  
  3.740000    0.00439305186781   -0.05548789108043   -0.01678429421409    0.11199918839358   -0.08661651785579  
  3.750000    0.00431023160833   -0.05441279954601   -0.01658883884544    0.11118216466611   -0.08590553778216  
  3.760000    0.00422896649686   -0.05335007247419   -0.01639777724570    0.11037828154102   -0.08529341351568  
  3.770000    0.00414922414453   -0.05229952240276   -0.01621085992146    0.10958623761370   -0.08477902292155  
  3.780000    0.00407097275959   -0.05126096869601   -0.01602782368028    0.10880462760836   -0.08436026424161  
  3.790000    0.00399418118686   -0.05023423833496   -0.01584839408237    0.10803195931162   -0.08403408474818  
  3.800000    0.00391881894575   -0.04921916664966   -0.01567228800623    0.10726667134418   -0.08379651948752  
  3.810000    0.00384485626636   -0.04821559798787   -0.01549921630094    0.10650715157867   -0.08364273962897  
  3.820000    0.00377226412300   -0.04722338631489   -0.01532888649702    0.10575175600611   -0.08356710983494  
  3.830000    0.00370101426496   -0.04624239574006   -0.01516100554699    0.10499882784923   -0.08356325397241  
  3.840000    0.00363107924389   -0.04527250096590   -0.01499528256692    0.10424671671928   -0.08362412840071  
  3.850000    0.00356243243744   -0.04431358765646   -0.01483143154998    0.10349379761330   -0.08374210199273  
  3.860000    0.00349504806899   -0.04336555272228   -0.01466917402378    0.10273848955138   -0.08390904197875  
  3.870000    0.00342890122293   -0.04242830451975   -0.01450824162355    0.10197927365776   -0.08411640464471  
  3.880000    0.00336396785544   -0.04150176296380   -0.01434837855459    0.10121471049669   -0.08435532986976  
  3.890000    0.00330022480047   -0.04058585955303   -0.01418934391838    0.10044345648193   -0.08461673845249  
  3.900000    0.00323764977080   -0.03968053730756   -0.01403091387834    0.09966427918979   -0.08489143115143  
  3.910000    0.00317622135404   -0.03878575062020   -0.01387288364305    0.09887607141724   -0.08517018835325  
  3.920000    0.00311591900365   -0.03790146502265   -0.01371506924661    0.09807786384085   -0.08544386928169  
  3.930000    0.00305672302486   -0.03702765686867   -0.01355730910811    0.09726883614713   -0.08570350967219  
  3.940000    0.00299861455557   -0.03616431293724   -0.01339946535445    0.09644832652168   -0.08594041685985  
  3.950000    0.00294157554247   -0.03531142995905   -0.01324142489331    0.09561583940212   -0.08614626126331  
  3.960000    0.00288558871236   -0.03446901407050   -0.01308310022581    0.09477105141820   -0.08631316329195  
  3.970000    0.00283063753909   -0.03363708019975   -0.01292442999098    0.09391381546200   -0.08643377475987  
  3.980000    0.00277670620616   -0.03281565139011   -0.01276537923716    0.09304416285096   -0.08650135395500  
  3.990000    0.00272377956554   -0.03200475806636   -0.01260593941820    0.09216230356649   -0.08650983358608  
  4.000000    0.00267184309284   -0.03120443725008   -0.01244612811530    0.09126862457135   -0.08645388091224  
  4.010000    0.00262088283937   -0.03041473173057   -0.01228598848810    0.09036368622918   -0.08632894944928  
  4.020000    0.00257088538142   -0.02963568919807   -0.01212558846159    0.08944821686929   -0.08613132174211  
  4.030000    0.00252183776724   -0.02886736134627   -0.01196501965802    0.08852310555936   -0.08585814279299  
  4.040000    0.00247372746229   -0.02810980295169   -0.01180439608571    0.08758939316728   -0.08550744383983  
  4.050000    0.00242654229302   -0.02736307093693   -0.01164385259911    0.08664826181098   -0.08507815628538  
  4.060000    0.00238027039004   -0.02662722342565   -0.01148354314693    0.08570102281205   -0.08457011568714  
  4.070000    0.00233490013083   -0.02590231879656   -0.01132363882717    0.08474910328395   -0.08398405582658  
  4.080000    0.00229042008280   -0.02518841474406   -0.01116432577001    0.08379403149996   -0.08332159298430  
  4.090000    0.00224681894711   -0.02448556735267   -0.01100580287107    0.08283742119823   -0.08258520065429  
  4.100000    0.00220408550375   -0.02379383019277   -0.01084827939938    0.08188095499204   -0.08177817503318  
  4.110000    0.00216220855847   -0.02311325344417   -0.01069197250521    0.08092636706235   -0.08090459171939  
  4.120000    0.00212117689197   -0.02244388305465   -0.01053710465433    0.07997542531696   -0.07996925415054  
  4.130000    0.00208097921186   -0.02178575993944   -0.01038390101559    0.07902991320532   -0.07897763439481  
  4.140000    0.00204160410787   -0.02113891922769   -0.01023258682951    0.07809161138166   -0.07793580699211  
  4.150000    0.00200304001068   -0.02050338956154   -0.01008338478534    0.07716227940983   -0.07685037661274  
  4.160000    0.00196527515468   -0.01987919245260   -0.00993651243415    0.07624363770249   -0.07572840036484  
  4.170000    0.00192829754525   -0.01926634170048   -0.00979217966498    0.07533734988439   -0.07457730563557  
  4.180000    0.00189209493051   -0.01866484287717   -0.00965058627029    0.07444500576449   -0.07340480439499  
  4.190000    0.00185665477807   -0.01807469288078   -0.00951191962613    0.07356810509486   -0.07221880492520  
  4.200000    0.00182196425694   -0.01749587956114   -0.00937635251097    0.07270804228574   -0.07102732196012  
  4.210000    0.00178801022455   -0.01692838141960   -0.00924404108585    0.07186609223547   -0.06983838623321  
  4.220000    0.00175477921934   -0.01637216738427   -0.00911512305661    0.07104339742231   -0.06865995443163  
  4.230000    0.00172225745861   -0.01582719666166   -0.00898971603699    0.07024095639122   -0.06749982054517  
  4.240000    0.00169043084189   -0.01529341866480   -0.00886791612953    0.06945961375408   -0.06636552957787  
  4.250000    0.00165928495967   -0.01477077301736   -0.00874979673848    0.06870005180540   -0.06526429455893  
  4.260000    0.00162880510734   -0.01425918963267   -0.00863540762673    0.06796278383869   -0.06420291774839  
  4.270000    0.00159897630431   -0.01375858886580   -0.00852477422621    0.06724814923049   -0.06318771688208  
  4.280000    0.00156978331798   -0.01326888173650   -0.00841789720841    0.06655631034033   -0.06222445724085  
  4.290000    0.00154121069234   -0.01278997021988   -0.00831475231893    0.06588725125599   -0.06131829026054  
  4.300000    0.00151324278094   -0.01232174760157   -0.00821529047740    0.06524077839366   -0.06047369932406  
  4.310000    0.00148586378382   -0.01186409889317   -0.00811943814111    0.06461652294362   -0.05969445329420  
  4.320000    0.00145905778803   -0.01141690130368   -0.00802709792799    0.06401394513220   -0.05898356825826  
  4.330000    0.00143280881137   -0.01098002476202   -0.00793814949203    0.06343234025215   -0.05834327786259  
  4.340000    0.00140710084882   -0.01055333248531   -0.00785245064131    0.06287084639510   -0.05777501251898  
  4.350000    0.00138191792120   -0.01013668158735   -0.00776983868663    0.06232845380176   -0.05727938766560  
  4.360000    0.00135724412558   -0.00972992372156   -0.00769013200599    0.06180401572916   -0.05685620116496  
  4.370000    0.00133306368697   -0.00933290575206   -0.00761313180831    0.06129626071800   -0.05650443982010  
  4.380000    0.00130936101053   -0.00894547044686   -0.00753862407735    0.06080380612928   -0.05622229489025  
  4.390000    0.00128612073411   -0.00856745718666   -0.00746638167519    0.06032517280563   -0.05600718638846  
  4.400000    0.00126332778024   -0.00819870268297   -0.00739616658294    0.05985880070198   -0.05585579584826  
  4.410000    0.00124096740725   -0.00783904169894   -0.00732773225491    0.05940306531953   -0.05576410715460  
  4.420000    0.00121902525889   -0.00748830776680   -0.00726082606129    0.05895629476939   -0.05572745494733  
  4.430000    0.00119748741194   -0.00714633389551   -0.00719519179360    0.05851678728579   -0.05574058002453  
  4.440000    0.00117634042134   -0.00681295326268   -0.00713057220651    0.05808282900404   -0.05579769109859  
  4.450000    0.00115557136237   -0.00648799988473   -0.00706671156919    0.05765271181647   -0.05589253219069  
  4.460000    0.00113516786938   -0.00617130926011   -0.00700335819948    0.05722475111836   -0.05601845489086  
  4.470000    0.00111511817070   -0.00586271897992   -0.00694026695424    0.05679730325799   -0.05616849466043  
  4.480000    0.00109541111936   -0.00556206930138   -0.00687720164965    0.05636878250773   -0.05633545031290  
  4.490000    0.00107603621927   -0.00526920367958   -0.00681393738635    0.05593767737861   -0.05651196577828  
  4.500000    0.00105698364654   -0.00498396925348   -0.00675026275489    0.05550256610800   -0.05669061323438  
  4.510000    0.00103824426574   -0.00470621728266   -0.00668598189851    0.05506213115869   -0.05686397667803  
  4.520000    0.00101980964095   -0.00443580353180   -0.00662091641184    0.05461517257830   -0.05702473500792  
  4.530000    0.00100167204128   -0.00417258860029   -0.00655490705548    0.05416062008031   -0.05716574370041  
  4.540000    0.00098382444102   -0.00391643819514   -0.00648781526894    0.05369754372103   -0.05728011417915  
  4.550000    0.00096626051416   -0.00366722334564   -0.00641952446592    0.05322516306226   -0.05736129000853  
  4.560000    0.00094897462347   -0.00342482055902   -0.00634994109874    0.05274285472496   -0.05740311907975  
  4.570000    0.00093196180408   -0.00318911191677   -0.00627899548078    0.05225015825643   -0.05739992100599  
  4.580000    0.00091521774180   -0.00295998511184   -0.00620664235854    0.05174678025114   -0.05734654899920  
  4.590000    0.00089873874629   -0.00273733342771   -0.00613286122739    0.05123259668370   -0.05723844556520  
  4.600000    0.00088252171933   -0.00252105566048   -0.00605765638799    0.05070765343138   -0.05707169142428  
  4.610000    0.00086656411847   -0.00231105598601   -0.00598105674285    0.05017216498234   -0.05684304714208  
  4.620000    0.00085086391645   -0.00210724377445   -0.00590311533525    0.04962651134497   -0.05654998703780  
  4.630000    0.00083541955658   -0.00190953335499   -0.00582390863564    0.04907123319241   -0.05619072502391  
  4.640000    0.00082022990479   -0.00171784373409   -0.00574353558292    0.04850702529494   -0.05576423212190  
  4.650000    0.00080529419841   -0.00153209827101   -0.00566211639093    0.04793472831065   -0.05527024549159  
  4.660000    0.00079061199254   -0.00135222431453   -0.00557979113257    0.04735531902219   -0.05470926890579  
  4.670000    0.00077618310428   -0.00117815280536   -0.00549671811669    0.04676989912346   -0.05408256469699  
  4.680000    0.00076200755534   -0.00100981784881   -0.00541307207454    0.04617968267524   -0.05339213729667  
  4.690000    0.00074808551374   -0.00084715626272   -0.00532904217505    0.04558598236284   -0.05264070858039  
  4.700000    0.00073441723499   -0.00069010710562   -0.00524482988970    0.04499019470120   -0.05183168532164  
  4.710000    0.00072100300336   -0.00053861119037   -0.00516064672934    0.04439378434383   -0.05096911914323  
  4.720000    0.00070784307388   -0.00039261058859   -0.00507671187674    0.04379826766142   -0.05005765943693  
  4.730000    0.00069493761549   -0.00025204813114   -0.00499324973962    0.04320519576369   -0.04910249979763  
  4.740000    0.00068228665597   -0.00011686691008   -0.00491048744987    0.04261613714350   -0.04810931858856  
  4.750000    0.00066989002916    0.00001299021287   -0.00482865233507    0.04203266012662   -0.04708421431644  
  4.760000    0.00065774732503    0.00013758108596   -0.00474796938889    0.04145631531232   -0.04603363655067  
  4.770000    0.00064585784299    0.00025696473051   -0.00466865876670    0.04088861819013   -0.04496431316748  
  4.780000    0.00063422054891    0.00037120178247   -0.00459093333290    0.04033103211647   -0.04388317473783  
  4.790000    0.00062283403640    0.00048035490808   -0.00451499628531    0.03978495183081   -0.04279727690708  
  4.800000    0.00061169649254    0.00058448918951   -0.00444103888185    0.03925168768578   -0.04171372163338  
  4.810000    0.00060080566850    0.00068367247644   -0.00436923829311    0.03873245075807   -0.04063957816223  
  4.820000    0.00059015885539    0.00077797570036   -0.00429975560352    0.03822833899782   -0.03958180461430  
  4.830000    0.00057975286540    0.00086747314823   -0.00423273398197    0.03774032456358   -0.03854717105448  
  4.840000    0.00056958401865    0.00095224269313   -0.00416829704121    0.03726924247739   -0.03754218489085  
  4.850000    0.00055964813570    0.00103236597943   -0.00410654740331    0.03681578072124   -0.03657301942425  
  4.860000    0.00054994053590    0.00110792856098   -0.00404756548627    0.03638047188061   -0.03564544633166  
  4.870000    0.00054045604157    0.00117901999091   -0.00399140852471    0.03596368642551   -0.03476477282094  
  4.880000    0.00053118898794    0.00124573386228   -0.00393810983504    0.03556562770159   -0.03393578414085  
  4.890000    0.00052213323890    0.00130816779947   -0.00388767833295    0.03518632868699   -0.03316269206894  
  4.900000    0.00051328220825    0.00136642340030   -0.00384009830867    0.03482565055152   -0.03244908993244  
  4.910000    0.00050462888630    0.00142060612973   -0.00379532946239    0.03448328303662   -0.03179791464328  
  4.920000    0.00049616587166    0.00147082516633   -0.00375330719993    0.03415874665509   -0.03121141614972  
  4.930000    0.00048788540781    0.00151719320309   -0.00371394318583    0.03385139669128   -0.03069113462422  
  4.940000    0.00047977942412    0.00155982620470   -0.00367712614829    0.03356042896296   -0.03023788562058  
  4.950000    0.00047183958101    0.00159884312385   -0.00364272292802    0.03328488728840   -0.02985175334499  
  4.960000    0.00046405731867    0.00163436557939   -0.00361057976038    0.03302367258400   -0.02953209209560  
  4.970000    0.00045642390901    0.00166651749965   -0.00358052377763    0.03277555350088   -0.02927753583480  
  4.980000    0.00044893051028    0.00169542473452   -0.00355236471608    0.03253917849288   -0.02908601576877  
  4.990000    0.00044156822377    0.00172121464020   -0.00352589681072    0.03231308919310   -0.02895478572062  
  5.000000    0.00043432815212    0.00174401564075   -0.00350090085764    0.03209573496286   -0.02888045499792  
  5.010000    0.00042720145871    0.00176395677074   -0.00347714642341    0.03188548846400   -0.02885902837345  
  5.020000    0.00042017942736    0.00178116720367   -0.00345439417828    0.03168066209516   -0.02888595272006  
  5.030000    0.00041325352194    0.00179577577067   -0.00343239832954    0.03147952512298   -0.02895616976842  
  5.040000    0.00040641544526    0.00180791047428   -0.00341090912957    0.03128032133218   -0.02906417438961  
  5.050000    0.00039965719651    0.00181769800205   -0.00338967543292    0.03108128701226   -0.02920407774506  
  5.060000    0.00039297112696    0.00182526324471   -0.00336844727577    0.03088066909527   -0.02936967459373  
  5.070000    0.00038634999300    0.00183072882366   -0.00334697845113    0.03067674325671   -0.02955451400216  
  5.080000    0.00037978700637    0.00183421463218   -0.00332502905295    0.03046783179196   -0.02975197266668  
  5.090000    0.00037327588070    0.00183583739502   -0.00330236796273    0.03025232108251   -0.02995533003002  
  5.100000    0.00036681087417    0.00183571025046   -0.00327877525272    0.03002867846987   -0.03015784435585  
  5.110000    0.00036038682769    0.00183394235886   -0.00325404448048    0.02979546836108   -0.03035282891609  
  5.120000    0.00035399919827    0.00183063854147   -0.00322798485091    0.02955136739696   -0.03053372744578  
  5.130000    0.00034764408711    0.00182589895297   -0.00320042322290    0.02929517852366   -0.03069418802973  
  5.140000    0.00034131826230    0.00181981879069   -0.00317120593950    0.02902584381900   -0.03082813460398  
  5.150000    0.00033501917566    0.00181248804338   -0.00314020046217    0.02874245593718   -0.03092983528239  
  5.160000    0.00032874497366    0.00180399128182   -0.00310729679166    0.02844426804973   -0.03099396675493  
  5.170000    0.00032249450216    0.00179440749307   -0.00307240866021    0.02813070217534   -0.03101567404865  
  5.180000    0.00031626730502    0.00178380996012   -0.00303547448221    0.02780135580743   -0.03099062499408  
  5.190000    0.00031006361638    0.00177226618764   -0.00299645805261    0.02745600676571   -0.03091505879905  
  5.200000    0.00030388434676    0.00175983787475   -0.00295534898517    0.02709461621565   -0.03078582819767  
  5.210000    0.00029773106302    0.00174658093468   -0.00291216288519    0.02671732981837   -0.03060043471309  
  5.220000    0.00029160596230    0.00173254556122   -0.00286694125418    0.02632447699253   -0.03035705664925  
  5.230000    0.00028551184017    0.00171777634097   -0.00281975112625    0.02591656828884   -0.03005456950689  
  5.240000    0.00027945205329    0.00170231241039   -0.00277068443934    0.02549429089697   -0.02969255860278  
  5.250000    0.00027343047671    0.00168618765586   -0.00271985714664    0.02505850232357   -0.02927132375671  
  5.260000    0.00026745145645    0.00166943095472   -0.00266740807632    0.02461022229915   -0.02879187599823  
  5.270000    0.00026151975751    0.00165206645486   -0.00261349755040    0.02415062298898   -0.02825592633244  
  5.280000    0.00025564050786    0.00163411389003   -0.00255830577592    0.02368101760122   -0.02766586669120  
  5.290000    0.00024981913897    0.00161558892771   -0.00250203102396    0.02320284750134   -0.02702474328172  
  5.300000    0.00024406132323    0.00159650354606   -0.00244488761420    0.02271766795781   -0.02633622262752  
  5.310000    0.00023837290907    0.00157686643623   -0.00238710372480    0.02222713265754   -0.02560455067641  
  5.320000    0.00023275985404    0.00155668342598   -0.00232891904916    0.02173297714293   -0.02483450542582  
  5.330000    0.00022722815673    0.00153595792055   -0.00227058232265    0.02123700133315   -0.02403134358649  
  5.340000    0.00022178378803    0.00151469135633   -0.00221234874390    0.02074105130222   -0.02320074186987  
  5.350000    0.00021643262230    0.00149288366290   -0.00215447731623    0.02024700049397   -0.02234873354357  
  5.360000    0.00021118036919    0.00147053372893   -0.00209722813578    0.01975673056062   -0.02148164094989  
  5.370000    0.00020603250665    0.00144763986736   -0.00204085965341    0.01927211201520   -0.02060600472638  
  5.380000    0.00020099421578    0.00142420027526   -0.00198562593777    0.01879498489092   -0.01972851050287  
  5.390000    0.00019607031810    0.00140021348393   -0.00193177396710    0.01832713960054   -0.01885591387628  
  5.400000    0.00019126521584    0.00137567879473   -0.00187954097695    0.01787029818709   -0.01799496448297  
  5.410000    0.00018658283575    0.00135059669635   -0.00182915189040    0.01742609615354   -0.01715232999747  
  5.420000    0.00018202657697    0.00132496925941   -0.00178081685693    0.01699606505328   -0.01633452088660  
  5.430000    0.00017759926350    0.00129880050424   -0.00173472892449    0.01658161601504   -0.01554781673876  
  5.440000    0.00017330310147    0.00127209673814   -0.00169106186819    0.01618402436588   -0.01479819497031  
  5.450000    0.00016913964186    0.00124486685839   -0.00164996819744    0.01580441550353   -0.01409126268283  
  5.460000    0.00016510974863    0.00121712261739   -0.00161157736090    0.01544375215426   -0.01343219240921  
  5.470000    0.00016121357274    0.00118887884680   -0.00157599416683    0.01510282313507   -0.01282566244030  
  5.480000    0.00015745053194    0.00116015363697   -0.00154329743306    0.01478223371850   -0.01227580236925  
  5.490000    0.00015381929632    0.00113096846871   -0.00151353887804    0.01448239767419   -0.01178614442569  
  5.500000    0.00015031777957    0.00110134829376   -0.00148674226061    0.01420353103351   -0.01135958109740  
  5.510000    0.00014694313531    0.00107132156044   -0.00146290277165    0.01394564759054   -0.01099832945051  
  5.520000    0.00014369175812    0.00104092018092   -0.00144198667603    0.01370855611457   -0.01070390245970  
  5.530000    0.00014055928834    0.00101017943590   -0.00142393119707    0.01349185920423   -0.01047708754524  
  5.540000    0.00013754061936    0.00097913781266   -0.00140864462920    0.01329495366154   -0.01031793238031  
  5.550000    0.00013462990622    0.00094783677238   -0.00139600665639    0.01311703220488   -0.01022573787710  
  5.560000    0.00013182057334    0.00091632044262   -0.00138586884501    0.01295708627328   -0.01019905808149  
  5.570000    0.00012910531956    0.00088463523215   -0.00137805527007    0.01281390960307   -0.01023570650038  
  5.580000    0.00012647611775    0.00085282936634   -0.00137236322345    0.01268610218503   -0.01033276815551  
  5.590000    0.00012392420654    0.00082095234450   -0.00136856394257    0.01257207414193   -0.01048661640809  
  5.600000    0.00012144007135    0.00078905432394   -0.00136640328965    0.01247004901399   -0.01069293334336  
  5.610000    0.00011901341226    0.00075718544148   -0.00136560230648    0.01237806591666   -0.01094673226710  
  5.620000    0.00011663309709    0.00072539508984   -0.00136585757035    0.01229398006077   -0.01124238068600  
  5.630000    0.00011428709884    0.00069373117513   -0.00136684128662    0.01221546122347   -0.01157362207159  
  5.640000    0.00011196241889    0.00066223939159   -0.00136820107565    0.01213998995539   -0.01193359481441  
  5.650000    0.00010964499955    0.00063096255966   -0.00136955945134    0.01206485163366   -0.01231484714173  
  5.660000    0.00010731963346    0.00059994008361   -0.00137051304727    0.01198712894382   -0.01270934748528  
  5.670000    0.00010496988109    0.00056920759205   -0.00137063172864    0.01190369401215   -0.01310849092650  
  5.680000    0.00010257801298    0.00053879682878   -0.00136945783275    0.01181120220777   -0.01350310396691  
  5.690000    0.00010012499829    0.00050873585900   -0.00136650590475    0.01170609056356   -0.01388345197453  
  5.700000    0.00009759056659    0.00047904964625   -0.00136126343179    0.01158458476075   -0.01423925616813  
  5.710000    0.00009495337409    0.00044976103661   -0.00135319321289    0.01144271957984   -0.01455972973890  
  5.720000    0.00009219130789    0.00042089215762   -0.00134173811536    0.01127637849248   -0.01483364537188  
  5.730000    0.00008928196177    0.00039246620185   -0.00132632903611    0.01108135846736   -0.01504944858323  
  5.740000    0.00008620331250    0.00036450951937   -0.00130639687857    0.01085346587639   -0.01519543239063  
  5.750000    0.00008293461696    0.00033705389445   -0.00128138924361    0.01058864840062   -0.01525998827021  
  5.760000    0.00007945753510    0.00031013883442   -0.00125079228914    0.01028316586499   -0.01523194552478  
  5.770000    0.00007575746364    0.00028381365824   -0.00121415782123    0.00993379986713   -0.01510100560840  
  5.780000    0.00007182503954    0.00025813914753   -0.00117113513761    0.00953809791531   -0.01485826938290  
  5.790000    0.00006765774235    0.00023318851784   -0.00112150647253    0.00909464272156   -0.01449684385630  
  5.800000    0.00006326149405    0.00020904748952   -0.00106522413491    0.00860333166218   -0.01401250128954  
  5.810000    0.00005865212524    0.00018581328682   -0.00100244666201    0.00806564577005   -0.01340434882085  
  5.820000    0.00005385655405    0.00016359246975   -0.00093357062489    0.00748488268183   -0.01267545263941  
  5.830000    0.00004891351103    0.00014249760120   -0.00085925423204    0.00686632456037   -0.01183334935069  
  5.840000    0.00004387364545    0.00012264286144   -0.00078042870030    0.00621731099761   -0.01089037081775  
  5.850000    0.00003879886862    0.00010413883284   -0.00069829360048    0.00554718901409   -0.00986370961979  
  5.860000    0.00003376082936    0.00008708677406   -0.00061429310953    0.00486711800084   -0.00877516202280  
  5.870000    0.00002883847663    0.00007157277296   -0.00053007133193    0.00418971690641   -0.00765050480230  
  5.880000    0.00002411473966    0.00005766219876   -0.00044740654360    0.00352855378328   -0.00651849097114  
  5.890000    0.00001967244315    0.00004539486170   -0.00036812624626    0.00289749306683   -0.00540948560864  
  5.900000    0.00001558966411    0.00003478123066   -0.00029400710873    0.00230993225846   -0.00435380330706  
  5.910000    0.00001193481934    0.00002579996286   -0.00022666597505    0.00177797522077   -0.00337984881499  
  5.920000    0.00000876183664    0.00001839687746   -0.00016744986634    0.00131160207464   -0.00251219712092  
  5.930000    0.00000610579998    0.00001248537218   -0.00011733403021    0.00091790378016   -0.00176977330020  
  5.940000    0.00000397945995    0.00000794815815   -0.00007683738183    0.00060045130530   -0.00116430149364  
  5.950000    0.00000237096276    0.00000464008997   -0.00004596399920    0.00035886387488   -0.00069918344133  
  5.960000    0.00000124307335    0.00000239180833   -0.00002417765944    0.00018862801922   -0.00036893922571  
  5.970000    0.00000053405670    0.00000101389749   -0.00001041383875    0.00008119981599   -0.00015929791573  
  5.980000    0.00000016024480    0.00000030128842   -0.00000313037519    0.00002439856185   -0.00004796774390  
  5.990000    0.00000002016965    0.00000003770093   -0.00000039444262    0.00000307359112   -0.00000605045329  
  6.000000   -0.00000000000000   -0.00000000000000    0.00000000000000    0.00000000000000   -0.00000000000000  
