  0.000000    1.90744135096601   -2.95749301594759    0.00000000000000  
  0.010000    1.90714415834810   -2.95674715019790   -0.02396576162186  
  0.020000    1.90625308197139   -2.95451087001972   -0.04790494585342  
  0.030000    1.90476962465789   -2.95078812249282   -0.07179105423927  
  0.040000    1.90269628575461   -2.94558547232415   -0.09559774580724  
  0.050000    1.90003655312386   -2.93891208127024   -0.11929891484583  
  0.060000    1.89679489197906   -2.93077967945052   -0.14286876753150  
  0.070000    1.89297673061510   -2.92120252867311   -0.16628189703351  
  0.080000    1.88858844309606   -2.91019737792800   -0.18951335673351  
  0.090000    1.88363732897602   -2.89778341123545   -0.21253873120881  
  0.100000    1.87813159014190   -2.88398218806936   -0.23533420464226  
  0.110000    1.87208030487923   -2.86881757660607   -0.25787662633724  
  0.120000    1.86549339927410   -2.85231568007867   -0.28014357303459  
  0.130000    1.85838161607520   -2.83450475654480   -0.30211340774758  
  0.140000    1.85075648115102   -2.81541513240287   -0.32376533485280  
  0.150000    1.84263026768663   -2.79507911001602   -0.34507945119727  
  0.160000    1.83401595827414   -2.77353086982671   -0.36603679300696  
  0.170000    1.82492720505869   -2.75080636736561   -0.38661937840680  
  0.180000    1.81537828810982   -2.72694322557808   -0.40681024538923  
  0.190000    1.80538407219431   -2.70198062290806   -0.42659348509541  
  0.200000    1.79495996213244   -2.67595917759471   -0.44595427030134  
  0.210000    1.78412185692442   -2.64892082864941   -0.46487887902966  
  0.220000    1.77288610283736   -2.62090871399127   -0.48335471323649  
  0.230000    1.76126944564628   -2.59196704622747   -0.50137031255147  
  0.240000    1.74928898222428   -2.56214098657024   -0.51891536307816  
  0.250000    1.73696211167796   -2.53147651738606   -0.53598070128980  
  0.260000    1.72430648622422   -2.50002031387315   -0.55255831308361  
  0.270000    1.71133996200332   -2.46781961536243   -0.56864132808408  
  0.280000    1.69808055002128   -2.43492209673325   -0.58422400931150  
  0.290000    1.68454636741156   -2.40137574042919   -0.59930173835769  
  0.300000    1.67075558920237   -2.36722870955111   -0.61387099623474  
  0.310000    1.65672640077097   -2.33252922249439   -0.62792934008511  
  0.320000    1.64247695116102   -2.29732542958443   -0.64147537596289  
  0.330000    1.62802530743244   -2.26166529215041   -0.65450872791528  
  0.340000    1.61338941020624   -2.22559646446072   -0.66703000361128  
  0.350000    1.59858703055897   -2.18916617892497   -0.67904075678067  
  0.360000    1.58363572841279   -2.15242113494814   -0.69054344673995  
  0.370000    1.56855281255805   -2.11540739180010   -0.70154139529443  
  0.380000    1.55335530243583   -2.07817026584156   -0.71203874131514  
  0.390000    1.53805989179737   -2.04075423242238   -0.72204039329732  
  0.400000    1.52268291434693   -2.00320283274330   -0.73155198021287  
  0.410000    1.50724031146361   -1.96555858594527   -0.74057980097257  
  0.420000    1.49174760208638   -1.92786290666317   -0.74913077281539  
  0.430000    1.47621985483495   -1.89015602825261   -0.75721237894133  
  0.440000    1.46067166242759   -1.85247693186972   -0.76483261570164  
  0.450000    1.44511711844513   -1.81486328155466   -0.77199993965507  
  0.460000    1.42956979647843   -1.77735136544026   -0.77872321479221  
  0.470000    1.41404273168500   -1.73997604317751   -0.78501166022121  
  0.480000    1.39854840476859   -1.70277069964023   -0.79087479859746  
  0.490000    1.38309872838402   -1.66576720494206   -0.79632240556783  
  0.500000    1.36770503595819   -1.62899588076989   -0.80136446048606  
  0.510000    1.35237807290724   -1.59248547300936   -0.80601109864054  
  0.520000    1.33712799021870   -1.55626313061055   -0.81027256521953  
  0.530000    1.32196434035774   -1.52035439061476   -0.81415917122050  
  0.540000    1.30689607544598   -1.48478316923725   -0.81768125149186  
  0.550000    1.29193154765252   -1.44957175887581   -0.82084912507562  
  0.560000    1.27707851172739   -1.41474083089114   -0.82367305799890  
  0.570000    1.26234412959971   -1.38030944398229   -0.82616322864141  
  0.580000    1.24773497695472   -1.34629505795913   -0.82832969578462  
  0.590000    1.23325705169705   -1.31271355269407   -0.83018236942679  
  0.600000    1.21891578420074   -1.27957925201676   -0.83173098442622  
  0.610000    1.20471604924122   -1.24690495229892   -0.83298507701379  
  0.620000    1.19066217949892   -1.21470195546107   -0.83395396419422  
  0.630000    1.17675798052007   -1.18298010612002   -0.83464672603496  
  0.640000    1.16300674701651   -1.15174783258370   -0.83507219082098  
  0.650000    1.14941128038354   -1.12101219139057   -0.83523892303424  
  0.660000    1.13597390731232   -1.09077891508237   -0.83515521409777  
  0.670000    1.12269649937228   -1.06105246289282   -0.83482907580652  
  0.680000    1.10958049343792   -1.03183607403022   -0.83426823635023  
  0.690000    1.09662691283445   -1.00313182322931   -0.83348013881794  
  0.700000    1.08383638907732   -0.97494067824645   -0.83247194205975  
  0.710000    1.07120918408205   -0.94726255897319   -0.83125052376798  
  0.720000    1.05874521272254   -0.92009639784539   -0.82982248562860  
  0.730000    1.04644406561873   -0.89344020122919   -0.82819416038372  
  0.740000    1.03430503203750   -0.86729111147061   -0.82637162063728  
  0.750000    1.02232712279451   -0.84164546930269   -0.82436068922892  
  0.760000    1.01050909304857   -0.81649887631234   -0.82216695099601  
  0.770000    0.99884946488520   -0.79184625717906   -0.81979576573943  
  0.780000    0.98734654959060   -0.76768192140865   -0.81725228220670  
  0.790000    0.97599846952329   -0.74399962429725   -0.81454145290538  
  0.800000    0.96480317949599   -0.72079262687420   -0.81166804956016  
  0.810000    0.95375848758668   -0.69805375458655   -0.80863667902953  
  0.820000    0.94286207530418   -0.67577545450314   -0.80545179950160  
  0.830000    0.93211151704005   -0.65394985083166   -0.80211773679358  
  0.840000    0.92150429874522   -0.63256879855903   -0.79863870058573  
  0.850000    0.91103783577709   -0.61162393504195   -0.79501880042831  
  0.860000    0.90070948986918   -0.59110672939197   -0.79126206136844  
  0.870000    0.89051658518273   -0.57100852951728   -0.78737243905357  
  0.880000    0.88045642340647   -0.55132060670097   -0.78335383417883  
  0.890000    0.87052629787768   -0.53203419761352   -0.77921010615668  
  0.900000    0.86072350670441   -0.51314054367535   -0.77494508589949  
  0.910000    0.85104536487527   -0.49463092770278   -0.77056258761825  
  0.920000    0.84148921534988   -0.47649670778838   -0.76606641955341  
  0.930000    0.83205243912905   -0.45872934838387   -0.76146039356750  
  0.940000    0.82273246430995   -0.44132044857048   -0.75674833354242  
  0.950000    0.81352677413716   -0.42426176751804   -0.75193408253817  
  0.960000    0.80443291406586   -0.40754524714951   -0.74702150868303  
  0.970000    0.79544849785872   -0.39116303204288   -0.74201450977910  
  0.980000    0.78657121274246   -0.37510748661659   -0.73691701661961  
  0.990000    0.77779882365485   -0.35937120965794   -0.73173299502782  
  1.000000    0.76912917661645   -0.34394704626668   -0.72646644663914  
  1.010000    0.76056020126549   -0.32882809729774   -0.72112140846010  
  1.020000    0.75208991259705   -0.31400772639758   -0.71570195124864  
  1.030000    0.74371641195077   -0.29947956473863   -0.71021217677070  
  1.040000    0.73543788729363   -0.28523751356489   -0.70465621399748  
  1.050000    0.72725261284631   -0.27127574466957   -0.69903821431629  
  1.060000    0.71915894810311   -0.25758869893225   -0.69336234583569  
  1.070000    0.71115533629678   -0.24417108304871   -0.68763278687243  
  1.080000    0.70324030236013   -0.23101786459109   -0.68185371871299  
  1.090000    0.69541245043680   -0.21812426553963   -0.67602931774772  
  1.100000    0.68767046099360   -0.20548575442969   -0.67016374707864  
  1.110000    0.68001308758630   -0.19309803725911   -0.66426114770499  
  1.120000    0.67243915333026   -0.18095704730180   -0.65832562939156  
  1.130000    0.66494754712611   -0.16905893397246   -0.65236126132575  
  1.140000    0.65753721968945   -0.15740005088650   -0.64637206266845  
  1.150000    0.65020717943186   -0.14597694325663   -0.64036199310212  
  1.160000    0.64295648823876   -0.13478633476452   -0.63433494347733  
  1.170000    0.63578425718744   -0.12382511404228   -0.62829472665508  
  1.180000    0.62868964224633   -0.11309032089374   -0.62224506863817  
  1.190000    0.62167183999411   -0.10257913238025   -0.61618960007986  
  1.200000    0.61473008339465   -0.09228884889007   -0.61013184825190  
  1.210000    0.60786363766083   -0.08221688030372   -0.60407522954794  
  1.220000    0.60107179623765   -0.07236073236109   -0.59802304259095  
  1.230000    0.59435387693189   -0.06271799332855   -0.59197846200577  
  1.240000    0.58770921821269   -0.05328632105686   -0.58594453291019  
  1.250000    0.58113717570439   -0.04406343051252   -0.57992416616920  
  1.260000    0.57463711888971   -0.03504708185747   -0.57392013444896  
  1.270000    0.56820842803882   -0.02623506914313   -0.56793506909798  
  1.280000    0.56185049137627   -0.01762520967700   -0.56197145787439  
  1.290000    0.55556270249531   -0.00921533411131   -0.55603164352948  
  1.300000    0.54934445802619   -0.00100327729475   -0.55011782324870  
  1.310000    0.54319515556209    0.00701313007967   -0.54423204894337  
  1.320000    0.53711419184403    0.01483606900601   -0.53837622837744  
  1.330000    0.53110096120347    0.02246773885918   -0.53255212710640  
  1.340000    0.52515485425910    0.02991036324207   -0.52676137119747  
  1.350000    0.51927525686190    0.03716619498418   -0.52100545069340  
  1.360000    0.51346154928101    0.04423752029723   -0.51528572377559  
  1.370000    0.50771310562073    0.05112666209969   -0.50960342157638  
  1.380000    0.50202929345747    0.05783598252853   -0.50395965358498  
  1.390000    0.49640947368420    0.06436788466230   -0.49835541358689  
  1.400000    0.49085300054846    0.07072481348498   -0.49279158607264  
  1.410000    0.48535922186909    0.07690925612511   -0.48726895304845  
  1.420000    0.47992747941597    0.08292374140865   -0.48178820117901  
  1.430000    0.47455710943636    0.08877083876845   -0.47634992919045  
  1.440000    0.46924744331100    0.09445315655605   -0.47095465546105  
  1.450000    0.46399780832274    0.09997333980460   -0.46560282572645  
  1.460000    0.45880752852062    0.10533406749390   -0.46029482082687  
  1.470000    0.45367592566195    0.11053804937031   -0.45503096442494  
  1.480000    0.44860232021568    0.11558802237544   -0.44981153062435  
  1.490000    0.44358603241021    0.12048674673846   -0.44463675142250  
  1.500000    0.43862638330973    0.12523700178691   -0.43950682393288  
  1.510000    0.43372269590352    0.12984158153066   -0.43442191731690  
  1.520000    0.42887429619361    0.13430329007325   -0.42938217936923  
  1.530000    0.42408051426692    0.13862493690334   -0.42438774270495  
  1.540000    0.41934068533902    0.14280933211783   -0.41943873050240  
  1.550000    0.41465415075777    0.14685928162618   -0.41453526176078  
  1.560000    0.41002025895601    0.15077758238320   -0.40967745603745  
  1.570000    0.40543836634379    0.15456701769517   -0.40486543763597  
  1.580000    0.40090783813174    0.15823035264134   -0.40009933922178  
  1.590000    0.39642804907855    0.16177032964964   -0.39537930484932  
  1.600000    0.39199838415640    0.16518966426248   -0.39070549239009  
  1.610000    0.38761823912991    0.16849104112481   -0.38607807535798  
  1.620000    0.38328702104499    0.17167711022330   -0.38149724413419  
  1.630000    0.37900414862530    0.17475048340161   -0.37696320660027  
  1.640000    0.37476905257540    0.17771373117332   -0.37247618819377  
  1.650000    0.37058117579030    0.18056937984999   -0.36803643140651  
  1.660000    0.36643997347281    0.18331990899836   -0.36364419475107  
  1.670000    0.36234491316047    0.18596774923685   -0.35929975122580  
  1.680000    0.35829547466533    0.18851528037794   -0.35500338631352  
  1.690000    0.35429114993026    0.19096482991939   -0.35075539555317  
  1.700000    0.35033144280658    0.19331867188397   -0.34655608172723  
  1.710000    0.34641586875821    0.19557902600394   -0.34240575171101  
  1.720000    0.34254395449853    0.19774805724352   -0.33830471303280  
  1.730000    0.33871523756611    0.19982787564960   -0.33425327019539  
  1.740000    0.33492926584647    0.20182053651831   -0.33025172081175  
  1.750000    0.33118559704701    0.20372804086248   -0.32630035160814  
  1.760000    0.32748379813242    0.20555233616286   -0.32239943434847  
  1.770000    0.32382344472845    0.20729531738396   -0.31854922173374  
  1.780000    0.32020412050148    0.20895882823354   -0.31474994332961  
  1.790000    0.31662541652159    0.21054466264343   -0.31100180157379  
  1.800000    0.31308693061673    0.21205456644803   -0.30730496791351  
  1.810000    0.30958826672521    0.21349023923604   -0.30365957912076  
  1.820000    0.30612903425359    0.21485333635003   -0.30006573383068  
  1.830000    0.30270884744688    0.21614547100840   -0.29652348934487  
  1.840000    0.29932732477715    0.21736821652384   -0.29303285873851  
  1.850000    0.29598408835661    0.21852310859256   -0.28959380830573  
  1.860000    0.29267876338058    0.21961164762891   -0.28620625537392  
  1.870000    0.28941097760515    0.22063530112070   -0.28287006651304  
  1.880000    0.28618036086383    0.22159550598099   -0.27958505616159  
  1.890000    0.28298654462704    0.22249367087332   -0.27635098568578  
  1.900000    0.27982916160734    0.22333117848854   -0.27316756288392  
  1.910000    0.27670784541301    0.22410938775257   -0.27003444194287  
  1.920000    0.27362223025171    0.22482963594592   -0.26695122384848  
  1.930000    0.27057195068559    0.22549324071752   -0.26391745724716  
  1.940000    0.26755664143818    0.22610150197700   -0.26093263975073  
  1.950000    0.26457593725328    0.22665570365146   -0.25799621967211  
  1.960000    0.26162947280507    0.22715711529448   -0.25510759817499  
  1.970000    0.25871688265836    0.22760699353735   -0.25226613181628  
  1.980000    0.25583780127727    0.22800658337410   -0.24947113545615  
  1.990000    0.25299186308006    0.22835711927419   -0.24672188550676  
  2.000000    0.25017870253760    0.22865982611853   -0.24401762348771  
  2.010000    0.24739795431238    0.22891591995643   -0.24135755985278  
  2.020000    0.24464925343460    0.22912660858314   -0.23874087805049  
  2.030000    0.24193223551166    0.22929309193927   -0.23616673877847  
  2.040000    0.23924653696715    0.22941656233535   -0.23363428439013  
  2.050000    0.23659179530497    0.22949820450637   -0.23114264341076  
  2.060000    0.23396764939450    0.22953919550272   -0.22869093511939  
  2.070000    0.23137373977206    0.22954070442549   -0.22627827415244  
  2.080000    0.22880970895455    0.22950389201535   -0.22390377508520  
  2.090000    0.22627520176040    0.22942991010556   -0.22156655694779  
  2.100000    0.22376986563378    0.22931990095061   -0.21926574763331  
  2.110000    0.22129335096738    0.22917499644310   -0.21700048815703  
  2.120000    0.21884531141990    0.22899631723194   -0.21476993672777  
  2.130000    0.21642540422410    0.22878497175600   -0.21257327259433  
  2.140000    0.21403329048157    0.22854205520751   -0.21040969963265  
  2.150000    0.21166863544102    0.22826864843988   -0.20827844964232  
  2.160000    0.20933110875650    0.22796581683486   -0.20617878532404  
  2.170000    0.20702038472309    0.22763460914399   -0.20411000291319  
  2.180000    0.20473614248713    0.22727605631902   -0.20207143444838  
  2.190000    0.20247806622922    0.22689117034585   -0.20006244965758  
  2.200000    0.20024584531786    0.22648094309617   -0.19808245744838  
  2.210000    0.19803917443262    0.22604634521019   -0.19613090699322  
  2.220000    0.19585775365566    0.22558832502361   -0.19420728840440  
  2.230000    0.19370128853113    0.22510780755086   -0.19231113299766  
  2.240000    0.19156949009216    0.22460569353600   -0.19044201314780  
  2.250000    0.18946207485568    0.22408285858164   -0.18859954174311  
  2.260000    0.18737876478552    0.22354015236526   -0.18678337125000  
  2.270000    0.18531928722495    0.22297839795123   -0.18499319240252  
  2.280000    0.18328337479950    0.22239839120567   -0.18322873253538  
  2.290000    0.18127076529210    0.22180090032010   -0.18148975358228  
  2.300000    0.17928120149193    0.22118666544879   -0.17977604976458  
  2.310000    0.17731443101950    0.22055639846315   -0.17808744499808  
  2.320000    0.17537020612997    0.21991078282572   -0.17642379004845  
  2.330000    0.17344828349748    0.21925047358480   -0.17478495946776  
  2.340000    0.17154842398313    0.21857609748955   -0.17317084834663  
  2.350000    0.16967039238935    0.21788825322452   -0.17158136891797  
  2.360000    0.16781395720373    0.21718751176114   -0.17001644704930  
  2.370000    0.16597889033529    0.21647441682271   -0.16847601866154  
  2.380000    0.16416496684605    0.21574948545851   -0.16696002611231  
  2.390000    0.16237196468114    0.21501320872167   -0.16546841458192  
  2.400000    0.16059966440020    0.21426605244438   -0.16400112849968  
  2.410000    0.15884784891310    0.21350845810357   -0.16255810804730  
  2.420000    0.15711630322264    0.21274084376914   -0.16113928577523  
  2.430000    0.15540481417699    0.21196360512646   -0.15974458336597  
  2.440000    0.15371317023419    0.21117711656421   -0.15837390857666  
  2.450000    0.15204116124111    0.21038173231821   -0.15702715239125  
  2.460000    0.15038857822892    0.20957778766164   -0.15570418640970  
  2.470000    0.14875521322682    0.20876560013173   -0.15440486049944  
  2.480000    0.14714085909570    0.20794547078304   -0.15312900073108  
  2.490000    0.14554530938307    0.20711768545713   -0.15187640761718  
  2.500000    0.14396835820022    0.20628251605882   -0.15064685467005  
  2.510000    0.14240980012245    0.20544022182925   -0.14944008729040  
  2.520000    0.14086943011291    0.20459105060606   -0.14825582199598  
  2.530000    0.13934704347011    0.20373524006168   -0.14709374599507  
  2.540000    0.13784243579925    0.20287301891086   -0.14595351710656  
  2.550000    0.13635540300678    0.20200460807909   -0.14483476402453  
  2.560000    0.13488574131781    0.20113022182432   -0.14373708692198  
  2.570000    0.13343324731535    0.20025006880472   -0.14266005838460  
  2.580000    0.13199771800041    0.19936435308613   -0.14160322466249  
  2.590000    0.13057895087146    0.19847327508344   -0.14056610722431  
  2.600000    0.12917674402196    0.19757703243089   -0.13954820459576  
  2.610000    0.12779089625404    0.19667582077711   -0.13854899446094  
  2.620000    0.12642120720660    0.19576983450154   -0.13756793600328  
  2.630000    0.12506747749576    0.19485926734964   -0.13660447246006  
  2.640000    0.12372950886556    0.19394431298501   -0.13565803386262  
  2.650000    0.12240710434673    0.19302516545768   -0.13472803993291  
  2.660000    0.12110006842123    0.19210201958826   -0.13381390310537  
  2.670000    0.11980820719032    0.19117507126872   -0.13291503164238  
  2.680000    0.11853132854379    0.19024451768104   -0.13203083281065  
  2.690000    0.11726924232819    0.18931055743613   -0.13116071608557  
  2.700000    0.11602176051171    0.18837339063555   -0.13030409635065  
  2.710000    0.11478869734358    0.18743321885971   -0.12946039705935  
  2.720000    0.11356986950603    0.18649024508656   -0.12862905332728  
  2.730000    0.11236509625672    0.18554467354530   -0.12780951492387  
  2.740000    0.11117419955988    0.18459670951032   -0.12700124913349  
  2.750000    0.10999700420459    0.18364655904077   -0.12620374345813  
  2.760000    0.10883333790859    0.18269442867173   -0.12541650813500  
  2.770000    0.10768303140645    0.18174052506302   -0.12463907844496  
  2.780000    0.10654591852086    0.18078505461207   -0.12387101678978  
  2.790000    0.10542183621638    0.17982822303750   -0.12311191451868  
  2.800000    0.10431062463471    0.17887023493975   -0.12236139348762  
  2.810000    0.10321212711135    0.17791129334567   -0.12161910733726  
  2.820000    0.10212619017312    0.17695159924351   -0.12088474247885  
  2.830000    0.10105266351682    0.17599135111477   -0.12015801877999  
  2.840000    0.09999139996906    0.17503074446925   -0.11943868994565  
  2.850000    0.09894225542787    0.17406997138939   -0.11872654359280  
  2.860000    0.09790508878658    0.17310922008953   -0.11802140101999  
  2.870000    0.09687976184104    0.17214867449573   -0.11732311667670  
  2.880000    0.09586613918098    0.17118851385097   -0.11663157733981  
  2.890000    0.09486408806697    0.17022891235053   -0.11594670100783  
  2.900000    0.09387347829421    0.16927003881159   -0.11526843552608  
  2.910000    0.09289418204468    0.16831205638076   -0.11459675695872  
  2.920000    0.09192607372941    0.16735512228262   -0.11393166772601  
  2.930000    0.09096902982247    0.16639938761191   -0.11327319452723  
  2.940000    0.09002292868865    0.16544499717137   -0.11262138607203  
  2.950000    0.08908765040661    0.16449208935679   -0.11197631064427  
  2.960000    0.08816307658950    0.16354079608997   -0.11133805352442  
  2.970000    0.08724909020506    0.16259124280017   -0.11070671429736  
  2.980000    0.08634557539697    0.16164354845367   -0.11008240407377  
  2.990000    0.08545241730956    0.16069782563080   -0.10946524265350  
  3.000000    0.08456950191766    0.15975418064905   -0.10885535566007  
  3.010000    0.08369671586344    0.15881271373058   -0.10825287167530  
  3.020000    0.08283394630189    0.15787351921186   -0.10765791940280  
  3.030000    0.08198108075666    0.15693668579276   -0.10707062488857  
  3.040000    0.08113800698767    0.15600229682203   -0.10649110882622  
  3.050000    0.08030461287187    0.15507043061573   -0.10591948397302  
  3.060000    0.07948078629837    0.15414116080483   -0.10535585270184  
  3.070000    0.07866641507890    0.15321455670812   -0.10480030471238  
  3.080000    0.07786138687457    0.15229068372590   -0.10425291492314  
  3.090000    0.07706558913953    0.15136960375031   -0.10371374156378  
  3.100000    0.07627890908200    0.15045137558767   -0.10318282448511  
  3.110000    0.07550123364299    0.14953605538811   -0.10266018370161  
  3.120000    0.07473244949286    0.14862369707802   -0.10214581817912  
  3.130000    0.07397244304546    0.14771435279060   -0.10163970487718  
  3.140000    0.07322110048974    0.14680807328992   -0.10114179805348  
  3.150000    0.07247830783812    0.14590490838424   -0.10065202883455  
  3.160000    0.07174395099125    0.14500490732408   -0.10017030505445  
  3.170000    0.07101791581797    0.14410811918125   -0.09969651136017  
  3.180000    0.07030008824968    0.14321459320478   -0.09923050957990  
  3.190000    0.06959035438795    0.14232437915033   -0.09877213934770  
  3.200000    0.06888860062393    0.14143752757995   -0.09832121897511  
  3.210000    0.06819471376826    0.14055409012908   -0.09787754655848  
  3.220000    0.06750858118985    0.13967411973854   -0.09744090130764  
  3.230000    0.06683009096194    0.13879767084920   -0.09701104508013  
  3.240000    0.06615913201380    0.13792479955772   -0.09658772410252  
  3.250000    0.06549559428615    0.13705556373207   -0.09617067085924  
  3.260000    0.06483936888864    0.13619002308594   -0.09575960612707  
  3.270000    0.06419034825758    0.13532823921158   -0.09535424113270  
  3.280000    0.06354842631195    0.13447027557121   -0.09495427980936  
  3.290000    0.06291349860619    0.13361619744725   -0.09455942112767  
  3.300000    0.06228546247771    0.13276607185243   -0.09416936147537  
  3.310000    0.06166421718774    0.13191996740081   -0.09378379706032  
  3.320000    0.06104966405361    0.13107795414157   -0.09340242631096  
  3.330000    0.06044170657129    0.13024010335743   -0.09302495224875  
  3.340000    0.05984025052649    0.12940648733021   -0.09265108480754  
  3.350000    0.05924520409324    0.12857717907596   -0.09228054307557  
  3.360000    0.05865647791875    0.12775225205298   -0.09191305743680  
  3.370000    0.05807398519355    0.12693177984558   -0.09154837158939  
  3.380000    0.05749764170617    0.12611583582730   -0.09118624442072  
  3.390000    0.05692736588159    0.12530449280702   -0.09082645171982  
  3.400000    0.05636307880310    0.12449782266186   -0.09046878771013  
  3.410000    0.05580470421713    0.12369589596068   -0.09011306638717  
  3.420000    0.05525216852111    0.12289878158205   -0.08975912264817  
  3.430000    0.05470540073425    0.12210654633088   -0.08940681320273  
  3.440000    0.05416433245155    0.12131925455736   -0.08905601725608  
  3.450000    0.05362889778152    0.12053696778239   -0.08870663695882  
  3.460000    0.05309903326807    0.11975974433317   -0.08835859761955  
  3.470000    0.05257467779746    0.11898763899266   -0.08801184767940  
  3.480000    0.05205577249111    0.11822070266644   -0.08766635844971  
  3.490000    0.05154226058539    0.11745898207037   -0.08732212361681  
  3.500000    0.05103408729957    0.11670251944210   -0.08697915852025  
  3.510000    0.05053119969320    0.11595135227927   -0.08663749921283  
  3.520000    0.05003354651447    0.11520551310704   -0.08629720131366  
  3.530000    0.04954107804084    0.11446502927725   -0.08595833866678  
  3.540000    0.04905374591375    0.11372992280105   -0.08562100182056  
  3.550000    0.04857150296886    0.11300021021676   -0.08528529634435  
  3.560000    0.04809430306372    0.11227590249417   -0.08495134100090  
  3.570000    0.04762210090434    0.11155700497620   -0.08461926579402  
  3.580000    0.04715485187250    0.11084351735847   -0.08428920991264  
  3.590000    0.04669251185556    0.11013543370700   -0.08396131959302  
  3.600000    0.04623503708026    0.10943274251383   -0.08363574592185  
  3.610000    0.04578238395229    0.10873542679004   -0.08331264260330  
  3.620000    0.04533450890304    0.10804346419524   -0.08299216371358  
  3.630000    0.04489136824520    0.10735682720243   -0.08267446146640  
  3.640000    0.04445291803833    0.10667548329648   -0.08235968401249  
  3.650000    0.04401911396585    0.10599939520461   -0.08204797329616  
  3.660000    0.04358991122461    0.10532852115648   -0.08173946299075  
  3.670000    0.04316526442778    0.10466281517171   -0.08143427653439  
  3.680000    0.04274512752235    0.10400222737204   -0.08113252528592  
  3.690000    0.04232945372151    0.10334670431535   -0.08083430681978  
  3.700000    0.04191819545276    0.10269618934848   -0.08053970337711  
  3.710000    0.04151130432202    0.10205062297564   -0.08024878048850  
  3.720000    0.04110873109394    0.10140994323926   -0.07996158578200  
  3.730000    0.04071042568844    0.10077408610966   -0.07967814798837  
  3.740000    0.04031633719353    0.10014298588027   -0.07939847615278  
  3.750000    0.03992641389377    0.09951657556495   -0.07912255906075  
  3.760000    0.03954060331429    0.09889478729385   -0.07885036488330  
  3.770000    0.03915885227950    0.09827755270453   -0.07858184104437  
  3.780000    0.03878110698578    0.09766480332493   -0.07831691431099  
  3.790000    0.03840731308730    0.09705647094506   -0.07805549110458  
  3.800000    0.03803741579385    0.09645248797431   -0.07779745802934  
  3.810000    0.03767135997957    0.09585278778141   -0.07754268261163  
  3.820000    0.03730909030122    0.09525730501443   -0.07729101424186  
  3.830000    0.03695055132469    0.09466597589829   -0.07704228530855  
  3.840000    0.03659568765833    0.09407873850743   -0.07679631251219  
  3.850000    0.03624444409143    0.09349553301178   -0.07655289834472  
  3.860000    0.03589676573645    0.09291630189418   -0.07631183271888  
  3.870000    0.03555259817332    0.09234099013782   -0.07607289472995  
  3.880000    0.03521188759414    0.09176954538265   -0.07583585453155  
  3.890000    0.03487458094685    0.09120191804975   -0.07560047530546  
  3.900000    0.03454062607598    0.09063806143327   -0.07536651530520  
  3.910000    0.03420997185927    0.09007793175958   -0.07513372995169  
  3.920000    0.03388256833830    0.08952148821387   -0.07490187395964  
  3.930000    0.03355836684198    0.08896869293445   -0.07467070347227  
  3.940000    0.03323732010134    0.08841951097546   -0.07443997818273  
  3.950000    0.03291938235439    0.08787391023909   -0.07420946342008  
  3.960000    0.03260450944002    0.08733186137840   -0.07397893217878  
  3.970000    0.03229265887971    0.08679333767237   -0.07374816707076  
  3.980000    0.03198378994623    0.08625831487488   -0.07351696218036  
  3.990000    0.03167786371864    0.08572677103963   -0.07328512480333  
  4.000000    0.03137484312278    0.08519868632328   -0.07305247705239  
  4.010000    0.03107469295699    0.08467404276894   -0.07281885731321  
  4.020000    0.03077737990259    0.08415282407289   -0.07258412153636  
  4.030000    0.03048287251902    0.08363501533685   -0.07234814435248  
  4.040000    0.03019114122371    0.08312060280885   -0.07211081999969  
  4.050000    0.02990215825677    0.08260957361529   -0.07187206305425  
  4.060000    0.02961589763088    0.08210191548737   -0.07163180895778  
  4.070000    0.02933233506683    0.08159761648450   -0.07139001433586  
  4.080000    0.02905144791544    0.08109666471791   -0.07114665710581  
  4.090000    0.02877321506648    0.08059904807699   -0.07090173637274  
  4.100000    0.02849761684571    0.08010475396156   -0.07065527211582  
  4.110000    0.02822463490084    0.07961376902247   -0.07040730466859  
  4.120000    0.02795425207782    0.07912607891333   -0.07015789399900  
  4.130000    0.02768645228848    0.07864166805577   -0.06990711879744  
  4.140000    0.02742122037108    0.07816051942062   -0.06965507538242  
  4.150000    0.02715854194494    0.07768261432704   -0.06940187643571  
  4.160000    0.02689840326092    0.07720793226172   -0.06914764958033  
  4.170000    0.02664079104896    0.07673645071965   -0.06889253581639  
  4.180000    0.02638569236449    0.07626814506820   -0.06863668783125  
  4.190000    0.02613309443507    0.07580298843556   -0.06838026820137  
  4.200000    0.02588298450898    0.07534095162474   -0.06812344750485  
  4.210000    0.02563534970716    0.07488200305375   -0.06786640236393  
  4.220000    0.02539017688004    0.07442610872247   -0.06760931343768  
  4.230000    0.02514745247075    0.07397323220654   -0.06735236338555  
  4.240000    0.02490716238603    0.07352333467810   -0.06709573482257  
  4.250000    0.02466929187614    0.07307637495316   -0.06683960828707  
  4.260000    0.02443382542505    0.07263230956504   -0.06658416024149  
  4.270000    0.02420074665181    0.07219109286308   -0.06632956112677  
  4.280000    0.02397003822437    0.07175267713552   -0.06607597348963  
  4.290000    0.02374168178641    0.07131701275540   -0.06582355020188  
  4.300000    0.02351565789811    0.07088404834794   -0.06557243278931  
  4.310000    0.02329194599124    0.07045373097763   -0.06532274988706  
  4.320000    0.02307052433918    0.07002600635341   -0.06507461583657  
  4.330000    0.02285137004199    0.06960081904972   -0.06482812943803  
  4.340000    0.02263445902671    0.06917811274134   -0.06458337287045  
  4.350000    0.02241976606283    0.06875783044978   -0.06434041078975  
  4.360000    0.02220726479268    0.06833991479883   -0.06409928961355  
  4.370000    0.02199692777647    0.06792430827686   -0.06386003699911  
  4.380000    0.02178872655142    0.06751095350336   -0.06362266151919  
  4.390000    0.02158263170428    0.06709979349718   -0.06338715253842  
  4.400000    0.02137861295657    0.06669077194413   -0.06315348029062  
  4.410000    0.02117663926147    0.06628383346121   -0.06292159615568  
  4.420000    0.02097667891148    0.06587892385526   -0.06269143313238  
  4.430000    0.02077869965554    0.06547599037353   -0.06246290650167  
  4.440000    0.02058266882446    0.06507498194393   -0.06223591467284  
  4.450000    0.02038855346335    0.06467584940286   -0.06201034020342  
  4.460000    0.02019632046953    0.06427854570844   -0.06178605098166  
  4.470000    0.02000593673455    0.06388302613744   -0.06156290155887  
  4.480000    0.01981736928885    0.06348924846405   -0.06134073461764  
  4.490000    0.01963058544741    0.06309717311905   -0.06111938256021  
  4.500000    0.01944555295498    0.06270676332791   -0.06089866920042  
  4.510000    0.01926224012926    0.06231798522688   -0.06067841154156  
  4.520000    0.01908061600063    0.06193080795593   -0.06045842162155  
  4.530000    0.01890065044680    0.06154520372799   -0.06023850840631  
  4.540000    0.01872231432112    0.06116114787390   -0.06001847971183  
  4.550000    0.01854557957315    0.06077861886293   -0.05979814413499  
  4.560000    0.01837041936007    0.06039759829874   -0.05957731297349  
  4.570000    0.01819680814802    0.06001807089097   -0.05935580211500  
  4.580000    0.01802472180202    0.05964002440305   -0.05913343387649  
  4.590000    0.01785413766376    0.05926344957665   -0.05891003877489  
  4.600000    0.01768503461615    0.05888834003375   -0.05868545721106  
  4.610000    0.01751739313423    0.05851469215735   -0.05845954105037  
  4.620000    0.01735119532167    0.05814250495202   -0.05823215508355  
  4.630000    0.01718642493250    0.05777177988579   -0.05800317835368  
  4.640000    0.01702306737784    0.05740252071480   -0.05777250533564  
  4.650000    0.01686110971757    0.05703473329257   -0.05754004695678  
  4.660000    0.01670054063687    0.05666842536562   -0.05730573144849  
  4.670000    0.01654135040792    0.05630360635748   -0.05706950502071  
  4.680000    0.01638353083708    0.05594028714306   -0.05683133235275  
  4.690000    0.01622707519814    0.05557847981550   -0.05659119689607  
  4.700000    0.01607197815212    0.05521819744767   -0.05634910098647  
  4.710000    0.01591823565460    0.05485945385050   -0.05610506576499  
  4.720000    0.01576584485139    0.05450226333034   -0.05585913090898  
  4.730000    0.01561480396350    0.05414664044755   -0.05561135417659  
  4.740000    0.01546511216277    0.05379259977841   -0.05536181076997  
  4.750000    0.01531676943921    0.05344015568249   -0.05511059252409  
  4.760000    0.01516977646140    0.05308932207757   -0.05485780693008  
  4.770000    0.01502413443145    0.05274011222390   -0.05460357600367  
  4.780000    0.01487984493590    0.05239253851978   -0.05434803501052  
  4.790000    0.01473690979399    0.05204661231015   -0.05409133106215  
  4.800000    0.01459533090498    0.05170234370959   -0.05383362159713  
  4.810000    0.01445511009595    0.05135974144149   -0.05357507276343  
  4.820000    0.01431624897154    0.05101881269429   -0.05331585771879  
  4.830000    0.01417874876734    0.05067956299618   -0.05305615486678  
  4.840000    0.01404261020823    0.05034199610895   -0.05279614604680  
  4.850000    0.01390783337313    0.05000611394188   -0.05253601469677  
  4.860000    0.01377441756762    0.04967191648609   -0.05227594400729  
  4.870000    0.01364236120555    0.04933940176975   -0.05201611508636  
  4.880000    0.01351166170092    0.04900856583426   -0.05175670515339  
  4.890000    0.01338231537122    0.04867940273134   -0.05149788578090  
  4.900000    0.01325431735292    0.04835190454086   -0.05123982120194  
  4.910000    0.01312766153026    0.04802606140878   -0.05098266670017  
  4.920000    0.01300234047788    0.04770186160486   -0.05072656709918  
  4.930000    0.01287834541790    0.04737929159906   -0.05047165536602  
  4.940000    0.01275566619189    0.04705833615583   -0.05021805134305  
  4.950000    0.01263429124800    0.04673897844518   -0.04996586062079  
  4.960000    0.01251420764344    0.04642120016914   -0.04971517356285  
  4.970000    0.01239540106208    0.04610498170234   -0.04946606449261  
  4.980000    0.01227785584732    0.04579030224511   -0.04921859104944  
  4.990000    0.01216155504949    0.04547713998755   -0.04897279372070  
  5.000000    0.01204648048767    0.04516547228284   -0.04872869555369  
  5.010000    0.01193261282505    0.04485527582798   -0.04848630205018  
  5.020000    0.01181993165713    0.04454652685022   -0.04824560124381  
  5.030000    0.01170841561198    0.04423920129729   -0.04800656395933  
  5.040000    0.01159804246126    0.04393327502950   -0.04776914425025  
  5.050000    0.01148878924124    0.04362872401194   -0.04753328001001  
  5.060000    0.01138063238226    0.04332552450488   -0.04729889374980  
  5.070000    0.01127354784549    0.04302365325051   -0.04706589353463  
  5.080000    0.01116751126554    0.04272308765431   -0.04683417406738  
  5.090000    0.01106249809757    0.04242380595938   -0.04660361790936  
  5.100000    0.01095848376717    0.04212578741204   -0.04637409682436  
  5.110000    0.01085544382176    0.04182901241720   -0.04614547323188  
  5.120000    0.01075335408177    0.04153346268218   -0.04591760175426  
  5.130000    0.01065219079019    0.04123912134758   -0.04569033084149  
  5.140000    0.01055193075880    0.04094597310412   -0.04546350445654  
  5.150000    0.01045255150984    0.04065400429445   -0.04523696380369  
  5.160000    0.01035403141137    0.04036320299907   -0.04501054908175  
  5.170000    0.01025634980525    0.04007355910560   -0.04478410124403  
  5.180000    0.01015948712609    0.03978506436095   -0.04455746374653  
  5.190000    0.01006342501033    0.03949771240606   -0.04433048426649  
  5.200000    0.00996814639395    0.03921149879282   -0.04410301637334  
  5.210000    0.00987363559813    0.03892642098342   -0.04387492113473  
  5.220000    0.00977987840172    0.03864247833199   -0.04364606864121  
  5.230000    0.00968686209992    0.03835967204901   -0.04341633943373  
  5.240000    0.00959457554855    0.03807800514898   -0.04318562581929  
  5.250000    0.00950300919330    0.03779748238173   -0.04295383306130  
  5.260000    0.00941215508387    0.03751811014846   -0.04272088043238  
  5.270000    0.00932200687257    0.03723989640316   -0.04248670211890  
  5.280000    0.00923255979764    0.03696285054053   -0.04225124796797  
  5.290000    0.00914381065120    0.03668698327159   -0.04201448406946  
  5.300000    0.00905575773229    0.03641230648819   -0.04177639316707  
  5.310000    0.00896840078539    0.03613883311776   -0.04153697489434  
  5.320000    0.00888174092500    0.03586657696970   -0.04129624583355  
  5.330000    0.00879578054706    0.03559555257510   -0.04105423939673  
  5.340000    0.00871052322808    0.03532577502099   -0.04081100553057  
  5.350000    0.00862597361291    0.03505725978108   -0.04056661024809  
  5.360000    0.00854213729239    0.03479002254424   -0.04032113499237  
  5.370000    0.00845902067193    0.03452407904269   -0.04007467583882  
  5.380000    0.00837663083258    0.03425944488113   -0.03982734254464  
  5.390000    0.00829497538559    0.03399613536868   -0.03957925745521  
  5.400000    0.00821406232237    0.03373416535505   -0.03933055427899  
  5.410000    0.00813389986100    0.03347354907233   -0.03908137674366  
  5.420000    0.00805449629093    0.03321429998406   -0.03883187714753  
  5.430000    0.00797585981760    0.03295643064263   -0.03858221482125  
  5.440000    0.00789799840818    0.03269995255649   -0.03833255451584  
  5.450000    0.00782091964040    0.03244487606817   -0.03808306473384  
  5.460000    0.00774463055567    0.03219121024427   -0.03783391602073  
  5.470000    0.00766913751808    0.03193896277812   -0.03758527923455  
  5.480000    0.00759444608082    0.03168813990621   -0.03733732381154  
  5.490000    0.00752056086114    0.03143874633869   -0.03709021604575  
  5.500000    0.00744748542530    0.03119078520470   -0.03684411740053  
  5.510000    0.00737522218467    0.03094425801288   -0.03659918286935  
  5.520000    0.00730377230388    0.03069916462703   -0.03635555940285  
  5.530000    0.00723313562218    0.03045550325741   -0.03611338441863  
  5.540000    0.00716331058858    0.03021327046719   -0.03587278440887  
  5.550000    0.00709429421171    0.02997246119414   -0.03563387366055  
  5.560000    0.00702608202465    0.02973306878702   -0.03539675310134  
  5.570000    0.00695866806530    0.02949508505633   -0.03516150928312  
  5.580000    0.00689204487240    0.02925850033861   -0.03492821351378  
  5.590000    0.00682620349730    0.02902330357378   -0.03469692114627  
  5.600000    0.00676113353142    0.02878948239435   -0.03446767103226  
  5.610000    0.00669682314901    0.02855702322594   -0.03424048514624  
  5.620000    0.00663325916496    0.02832591139759   -0.03401536838390  
  5.630000    0.00657042710702    0.02809613126113   -0.03379230853701  
  5.640000    0.00650831130168    0.02786766631802   -0.03357127644518  
  5.650000    0.00644689497298    0.02764049935270   -0.03335222632298  
  5.660000    0.00638616035309    0.02741461257086   -0.03313509625918  
  5.670000    0.00632608880383    0.02718998774142   -0.03291980888307  
  5.680000    0.00626666094759    0.02696660634069   -0.03270627219113  
  5.690000    0.00620785680663    0.02674444969746   -0.03249438052556  
  5.700000    0.00614965594923    0.02652349913750   -0.03228401569481  
  5.710000    0.00609203764118    0.02630373612611   -0.03207504822457  
  5.720000    0.00603498100122    0.02608514240738   -0.03186733872657  
  5.730000    0.00597846515877    0.02586770013888   -0.03166073937103  
  5.740000    0.00592246941239    0.02565139202043   -0.03145509544791  
  5.750000    0.00586697338732    0.02543620141581   -0.03125024700073  
  5.760000    0.00581195719063    0.02522211246640   -0.03104603051646  
  5.770000    0.00575740156221    0.02500911019543   -0.03084228065397  
  5.780000    0.00570328802031    0.02479718060225   -0.03063883199351  
  5.790000    0.00564959899986    0.02458631074557   -0.03043552078896  
  5.800000    0.00559631798241    0.02437648881498   -0.03023218670526  
  5.810000    0.00554342961620    0.02416770419025   -0.03002867452276  
  5.820000    0.00549091982517    0.02395994748777   -0.02982483579123  
  5.830000    0.00543877590574    0.02375321059395   -0.02962053041644  
  5.840000    0.00538698661047    0.02354748668524   -0.02941562816277  
  5.850000    0.00533554221754    0.02334277023464   -0.02921001005672  
  5.860000    0.00528443458541    0.02313905700493   -0.02900356967635  
  5.870000    0.00523365719209    0.02293634402851   -0.02879621431369  
  5.880000    0.00518320515850    0.02273462957438   -0.02858786599783  
  5.890000    0.00513307525567    0.02253391310251   -0.02837846236808  
  5.900000    0.00508326589568    0.02233419520625   -0.02816795738810  
  5.910000    0.00503377710634    0.02213547754326   -0.02795632189350  
  5.920000    0.00498461048984    0.02193776275595   -0.02774354396694  
  5.930000    0.00493576916567    0.02174105438201   -0.02752962913693  
  5.940000    0.00488725769848    0.02154535675618   -0.02731460039776  
  5.950000    0.00483908201136    0.02135067490412   -0.02709849805036  
  5.960000    0.00479124928551    0.02115701442963   -0.02688137936530  
  5.970000    0.00474376784722    0.02096438139615   -0.02666331807130  
  5.980000    0.00469664704317    0.02077278220396   -0.02644440367400  
  5.990000    0.00464989710544    0.02058222346418   -0.02622474061197  
  6.000000    0.00460352900732    0.02039271187080   -0.02600444725815  
  6.010000    0.00455755431155    0.02020425407215   -0.02578365477681  
  6.020000    0.00451198501234    0.02001685654294   -0.02556250584748  
  6.030000    0.00446683337274    0.01983052545820   -0.02534115326861  
  6.040000    0.00442211175911    0.01964526657037   -0.02511975845516  
  6.050000    0.00437783247412    0.01946108509066   -0.02489848984516  
  6.060000    0.00433400759017    0.01927798557598   -0.02467752123152  
  6.070000    0.00429064878467    0.01909597182238   -0.02445703003589  
  6.080000    0.00424776717909    0.01891504676617   -0.02423719554209  
  6.090000    0.00420537318315    0.01873521239361   -0.02401819710721  
  6.100000    0.00416347634591    0.01855646966005   -0.02380021236836  
  6.110000    0.00412208521522    0.01837881841936   -0.02358341546369  
  6.120000    0.00408120720688    0.01820225736423   -0.02336797528548  
  6.130000    0.00404084848507    0.01802678397806   -0.02315405378346  
  6.140000    0.00400101385498    0.01785239449880   -0.02294180433569  
  6.150000    0.00396170666909    0.01767908389508   -0.02273137020357  
  6.160000    0.00392292874780    0.01750684585506   -0.02252288308715  
  6.170000    0.00388468031551    0.01733567278779   -0.02231646179547  
  6.180000    0.00384695995262    0.01716555583746   -0.02211221104568  
  6.190000    0.00380976456416    0.01699648491010   -0.02191022040367  
  6.200000    0.00377308936539    0.01682844871268   -0.02171056337692  
  6.210000    0.00373692788451    0.01666143480420   -0.02151329666943  
  6.220000    0.00370127198262    0.01649542965832   -0.02131845960650  
  6.230000    0.00366611189075    0.01633041873692   -0.02112607373554  
  6.240000    0.00363143626368    0.01616638657399   -0.02093614260747  
  6.250000    0.00359723225005    0.01600331686901   -0.02074865174114  
  6.260000    0.00356348557821    0.01584119258901   -0.02056356877177  
  6.270000    0.00353018065693    0.01567999607841   -0.02038084378199  
  6.280000    0.00349730069007    0.01551970917551   -0.02020040981287  
  6.290000    0.00346482780416    0.01536031333475   -0.02002218354983  
  6.300000    0.00343274318760    0.01520178975344   -0.01984606617707  
  6.310000    0.00340102724024    0.01504411950195   -0.01967194439214  
  6.320000    0.00336965973180    0.01488728365609   -0.01949969157073  
  6.330000    0.00333861996768    0.01473126343051   -0.01932916907021  
  6.340000    0.00330788696043    0.01457604031191   -0.01916022765903  
  6.350000    0.00327743960537    0.01442159619079   -0.01899270905771  
  6.360000    0.00324725685843    0.01426791349069   -0.01882644757617  
  6.370000    0.00321731791459    0.01411497529356   -0.01866127183089  
  6.380000    0.00318760238511    0.01396276546030   -0.01849700652483  
  6.390000    0.00315809047175    0.01381126874529   -0.01833347427201  
  6.400000    0.00312876313626    0.01366047090386   -0.01817049744866  
  6.410000    0.00309960226340    0.01351035879183   -0.01800790005191  
  6.420000    0.00307059081590    0.01336092045615   -0.01784550954747  
  6.430000    0.00304171297966    0.01321214521585   -0.01768315868740  
  6.440000    0.00301295429780    0.01306402373261   -0.01752068727955  
  6.450000    0.00298430179214    0.01291654807024   -0.01735794389053  
  6.460000    0.00295574407079    0.01276971174269   -0.01719478746493  
  6.470000    0.00292727142072    0.01262350975003   -0.01703108884397  
  6.480000    0.00289887588435    0.01247793860217   -0.01686673216812  
  6.490000    0.00287055131925    0.01233299633007   -0.01670161614905  
  6.500000    0.00284229344029    0.01218868248447   -0.01653565519764  
  6.510000    0.00281409984370    0.01204499812197   -0.01636878039639  
  6.520000    0.00278597001272    0.01190194577879   -0.01620094030569  
  6.530000    0.00275790530462    0.01175952943242   -0.01603210159552  
  6.540000    0.00272990891914    0.01161775445136   -0.01586224949557  
  6.550000    0.00270198584860    0.01147662753372   -0.01569138805864  
  6.560000    0.00267414280988    0.01133615663495   -0.01551954023417  
  6.570000    0.00264638815909    0.01119635088554   -0.01534674775047  
  6.580000    0.00261873178936    0.01105722049939   -0.01517307080630  
  6.590000    0.00259118501296    0.01091877667371   -0.01499858757425  
  6.600000    0.00256376042848    0.01078103148128   -0.01482339352033  
  6.610000    0.00253647177463    0.01064399775620   -0.01464760054600  
  6.620000    0.00250933377169    0.01050768897397   -0.01447133596075  
  6.630000    0.00248236195226    0.01037211912717   -0.01429474129494  
  6.640000    0.00245557248292    0.01023730259773   -0.01411797096436  
  6.650000    0.00242898197838    0.01010325402696   -0.01394119079939  
  6.660000    0.00240260730996    0.00996998818458   -0.01376457645313  
  6.670000    0.00237646541022    0.00983751983783   -0.01358831170410  
  6.680000    0.00235057307565    0.00970586362190   -0.01341258667014  
  6.690000    0.00232494676931    0.00957503391275   -0.01323759595117  
  6.700000    0.00229960242538    0.00944504470352   -0.01306353671920  
  6.710000    0.00227455525748    0.00931590948570   -0.01289060677465  
  6.720000    0.00224981957278    0.00918764113585   -0.01271900258819  
  6.730000    0.00222540859362    0.00906025180921   -0.01254891734788  
  6.740000    0.00220133428857    0.00893375284082   -0.01238053903111  
  6.750000    0.00217760721451    0.00880815465531   -0.01221404852075  
  6.760000    0.00215423637145    0.00868346668583   -0.01204961778457  
  6.770000    0.00213122907163    0.00855969730317   -0.01188740813646  
  6.780000    0.00210859082411    0.00843685375534   -0.01172756859703  
  6.790000    0.00208632523631    0.00831494211840   -0.01157023437058  
  6.800000    0.00206443393342    0.00819396725876   -0.01141552545384  
  6.810000    0.00204291649671    0.00807393280743   -0.01126354539124  
  6.820000    0.00202177042138    0.00795484114623   -0.01111438018940  
  6.830000    0.00200099109464    0.00783669340619   -0.01096809740255  
  6.840000    0.00198057179433    0.00771948947816   -0.01082474539858  
  6.850000    0.00196050370818    0.00760322803527   -0.01068435281378  
  6.860000    0.00194077597384    0.00748790656734   -0.01054692820246  
  6.870000    0.00192137573942    0.00737352142661   -0.01041245988575  
  6.880000    0.00190228824403    0.00726006788450   -0.01028091600194  
  6.890000    0.00188349691781    0.00714754019885   -0.01015224475855  
  6.900000    0.00186498350065    0.00703593169095   -0.01002637488455  
  6.910000    0.00184672817855    0.00692523483167   -0.00990321627909  
  6.920000    0.00182870973654    0.00681544133590   -0.00978266085094  
  6.930000    0.00181090572680    0.00670654226443   -0.00966458354122  
  6.940000    0.00179329265043    0.00659852813222   -0.00954884351997  
  6.950000    0.00177584615142    0.00649138902228   -0.00943528554535  
  6.960000    0.00175854122093    0.00638511470381   -0.00932374147271  
  6.970000    0.00174135241002    0.00627969475383   -0.00921403189914  
  6.980000    0.00172425404904    0.00617511868089   -0.00910596792764  
  6.990000    0.00170722047142    0.00607137604993   -0.00899935303412  
  7.000000    0.00169022623996    0.00596845660701   -0.00889398501885  
  7.010000    0.00167324637344    0.00586635040287   -0.00878965802358  
  7.020000    0.00165625657130    0.00576504791399   -0.00868616459439  
  7.030000    0.00163923343447    0.00566454016030   -0.00858329777018  
  7.040000    0.00162215468001    0.00556481881819   -0.00848085317598  
  7.050000    0.00160499934760    0.00546587632793   -0.00837863110040  
  7.060000    0.00158774799586    0.00536770599437   -0.00827643853656  
  7.070000    0.00157038288648    0.00527030208018   -0.00817409116601  
  7.080000    0.00155288815440    0.00517365989043   -0.00807141526557  
  7.090000    0.00153524996234    0.00507777584804   -0.00796824951797  
  7.100000    0.00151745663794    0.00498264755910   -0.00786444670775  
  7.110000    0.00149949879227    0.00488827386759   -0.00775987528488  
  7.120000    0.00148136941828    0.00479465489883   -0.00765442078008  
  7.130000    0.00146306396811    0.00470179209135   -0.00754798705699  
  7.140000    0.00144458040851    0.00460968821663   -0.00744049738768  
  7.150000    0.00142591925333    0.00451834738658   -0.00733189534015  
  7.160000    0.00140708357296    0.00442777504871   -0.00722214546772  
  7.170000    0.00138807898002    0.00433797796867   -0.00711123379249  
  7.180000    0.00136891359159    0.00424896420049   -0.00699916807671  
  7.190000    0.00134959796781    0.00416074304460   -0.00688597787825  
  7.200000    0.00133014502739    0.00407332499387   -0.00677171438810  
  7.210000    0.00131056994050    0.00398672166807   -0.00665645005024  
  7.220000    0.00129088999984    0.00390094573731   -0.00654027796618  
  7.230000    0.00127112447087    0.00381601083488   -0.00642331108848  
  7.240000    0.00125129442243    0.00373193146033   -0.00630568120997  
  7.250000    0.00123142253899    0.00364872287337   -0.00618753775688  
  7.260000    0.00121153291623    0.00356640097953   -0.00606904639663  
  7.270000    0.00119165084155    0.00348498220844   -0.00595038747222  
  7.280000    0.00117180256139    0.00340448338568   -0.00583175427763  
  7.290000    0.00115201503739    0.00332492159921   -0.00571335118947  
  7.300000    0.00113231569347    0.00324631406143   -0.00559539167220  
  7.310000    0.00111273215599    0.00316867796806   -0.00547809617529  
  7.320000    0.00109329198941    0.00309203035477   -0.00536168994173  
  7.330000    0.00107402242959    0.00301638795287   -0.00524640074841  
  7.340000    0.00105495011727    0.00294176704517   -0.00513245659970  
  7.350000    0.00103610083408    0.00286818332310   -0.00502008339582  
  7.360000    0.00101749924344    0.00279565174621   -0.00490950259827  
  7.370000    0.00099916863864    0.00272418640523   -0.00480092891451  
  7.380000    0.00098113070057    0.00265380038969   -0.00469456802405  
  7.390000    0.00096340526719    0.00258450566109   -0.00459061436783  
  7.400000    0.00094601011681    0.00251631293251   -0.00448924902216  
  7.410000    0.00092896076739    0.00244923155566   -0.00439063767771  
  7.420000    0.00091227029342    0.00238326941575   -0.00429492874311  
  7.430000    0.00089594916222    0.00231843283496   -0.00420225159130  
  7.440000    0.00088000509091    0.00225472648472   -0.00411271496512  
  7.450000    0.00086444292533    0.00219215330674   -0.00402640555710  
  7.460000    0.00084926454155    0.00213071444244   -0.00394338677563  
  7.470000    0.00083446877042    0.00207040916992   -0.00386369770728  
  7.480000    0.00082005134497    0.00201123484695   -0.00378735228193  
  7.490000    0.00080600486993    0.00195318685750   -0.00371433864306  
  7.500000    0.00079231881183    0.00189625855862   -0.00364461872142  
  7.510000    0.00077897950716    0.00184044122287   -0.00357812800447  
  7.520000    0.00076597018501    0.00178572397026   -0.00351477548738  
  7.530000    0.00075327099924    0.00173209368190   -0.00345444378388  
  7.540000    0.00074085906352    0.00167953488548   -0.00339698936572  
  7.550000    0.00072870848114    0.00162802960116   -0.00334224288988  
  7.560000    0.00071679035918    0.00157755713449   -0.00329000956094  
  7.570000    0.00070507279526    0.00152809380158   -0.00324006946503  
  7.580000    0.00069352082313    0.00147961257159   -0.00319217780052  
  7.590000    0.00068209630254    0.00143208261250   -0.00314606492220  
  7.600000    0.00067075773891    0.00138546872894   -0.00310143611127  
  7.610000    0.00065946001976    0.00133973068678   -0.00305797098675  
  7.620000    0.00064815405900    0.00129482242847   -0.00301532248789  
  7.630000    0.00063678634701    0.00125069119616   -0.00297311538665  
  7.640000    0.00062529841525    0.00120727659787   -0.00293094433882  
  7.650000    0.00061362623919    0.00116450967423   -0.00288837155512  
  7.660000    0.00060169962308    0.00112231205016   -0.00284492427410  
  7.670000    0.00058944163434    0.00108059528530   -0.00280009234577  
  7.680000    0.00057676818309    0.00103926056737   -0.00275332638708  
  7.690000    0.00056358787174    0.00099819892013   -0.00270403713831  
  7.700000    0.00054980226788    0.00095729211904   -0.00265159681984  
  7.710000    0.00053530677641    0.00091641451649   -0.00259534343975  
  7.720000    0.00051999229950    0.00087543597095   -0.00253458910638  
  7.730000    0.00050374786904    0.00083422604281   -0.00246863342320  
  7.740000    0.00048646441035    0.00079265956192   -0.00239678294963  
  7.750000    0.00046803974219    0.00075062358244   -0.00231837746657  
  7.760000    0.00044838483411    0.00070802562184   -0.00223282336376  
  7.770000    0.00042743122566    0.00066480293456   -0.00213963385515  
  7.780000    0.00040513936843    0.00062093240593   -0.00203847494090  
  7.790000    0.00038150748757    0.00057644048092   -0.00192921510734  
  7.800000    0.00035658038992    0.00053141238260   -0.00181197576313  
  7.810000    0.00033045748807    0.00048599974639   -0.00168717845113  
  7.820000    0.00030329918743    0.00044042572189   -0.00155558408214  
  7.830000    0.00027533071943    0.00039498659405   -0.00141831895020  
  7.840000    0.00024684252156    0.00035004906816   -0.00127688225149  
  7.850000    0.00021818638194    0.00030604255807   -0.00113313035573  
  7.860000    0.00018976679029    0.00026344611529   -0.00098923423994  
  7.870000    0.00016202726737    0.00022277002599   -0.00084760829150  
  7.880000    0.00013543186227    0.00018453255884   -0.00071081103721  
  7.890000    0.00011044248161    0.00014923283296   -0.00058142108669  
  7.900000    0.00008749320061    0.00011732124434   -0.00046189443797  
  7.910000    0.00006696315084    0.00008916929025   -0.00035441196596  
  7.920000    0.00004914992578    0.00006504091247   -0.00026072805856  
  7.930000    0.00003424563999    0.00004506759724   -0.00018203265707  
  7.940000    0.00002231778091    0.00002922939134   -0.00011883913540  
  7.950000    0.00001329678040    0.00001734370811   -0.00007090936829  
  7.960000    0.00000697180876    0.00000906331297   -0.00003722498217  
  7.970000    0.00000299568504    0.00000388422986   -0.00001601030582  
  7.980000    0.00000089905604    0.00000116355102   -0.00000480824581  
  7.990000    0.00000011319567    0.00000014633291   -0.00000060563046  
  8.000000    0.00000000000000   -0.00000000000000    0.00000000000000  
