0	0.023252559304622476
1	0.02028024320142248
2	0.018089694752431357
3	0.01644272149278504
4	0.015262442957956979
5	0.014455751060664625
6	0.013893614987753157
7	0.013464602177090834
8	0.013109966156389041
9	0.01280826956765678
10	0.012550290121774606
11	0.012327354343036192
12	0.01212925625355057
13	0.01194589743166991
14	0.011769264934316261
15	0.011594357317591788
16	0.011419018913199902
17	0.011243177955649754
18	0.011067964709624374
19	0.010895023993314077
20	0.010726196922049276
21	0.010563525325014067
22	0.010409282496970299
23	0.010265796991435138
24	0.010135117897415991
25	0.010018696800815633
26	0.00991722165933061
27	0.009830644493787306
28	0.009758342730934209
29	0.009699306058051336
30	0.00965227800076869
31	0.009615844349994393
32	0.009588493755834992
33	0.009568678675489224
34	0.009554889938186933
35	0.009545735627624018
36	0.009540001317820433
37	0.009536675490250002
38	0.009534942160758956
39	0.00953415514775936
40	0.009533809109847703
41	0.009533515811484167
42	0.009532986019350457
43	0.009532012735490347
44	0.009530452301921908
45	0.009528204298975693
46	0.009525194767788512
47	0.00952136728055012
48	0.009516683049821046
49	0.009511126929887382
50	0.00950471352153635
51	0.00949748826031238
52	0.009489521777863196
53	0.009480899591261792
54	0.009471710970158467
55	0.009462040015389363
56	0.009451959692384913
57	0.009441527639698605
58	0.00943078225911802
59	0.00941973875612865
60	0.009408386182441691
61	0.009396686850736694
62	0.009384578445234314
63	0.009371977573986801
64	0.009358782643274156
65	0.009344874443439904
66	0.009330114311518775
67	0.00931434110419144
68	0.009297368660834584
69	0.009278985047393159
70	0.009258954428320193
71	0.009237022539645636
72	0.009212927194144533
73	0.009186414635038153
74	0.009157258513291818
75	0.009125270702288224
76	0.00909028900166576
77	0.009052134933873128
78	0.009010553974889361
79	0.008965169354782821
80	0.008915486707402168
81	0.008860972575533088
82	0.008801198229444945
83	0.008736004444897956
84	0.008665624173186406
85	0.008590725925845878
86	0.008512384735997197
87	0.008431993210565078
88	0.008351125639744904
89	0.00827137984191919
90	0.008194209601721548
91	0.008120773555208372
92	0.008051857627720307
93	0.007987904491415223
94	0.007929127093736648
95	0.007875638274530179
96	0.007827526231765265
97	0.007784851410489929
98	0.007747589300964617
99	0.007715567569612978
100	0.00768844176158528
101	0.007665732671951716
102	0.0076469064082200664
103	0.007631442617227001
104	0.007618858409934801
105	0.00760870077354054
106	0.007600540311693804
107	0.0075939834778659485
108	0.0075886895021343185
109	0.007584374029663802
110	0.007580798959753976
111	0.007577760251370394
112	0.0075750849227349025
113	0.00757263654889748
114	0.007570319945280072
115	0.0075680779316737
116	0.007565881001990799
117	0.007563717665733632
118	0.0075615909667557085
119	0.007559518788605819
120	0.007557531877827886
121	0.007555666072765571
122	0.007553951391211941
123	0.007552404018264566
124	0.00755102481495259
125	0.007549803800459342
126	0.007548726922704404
127	0.007547780976622009
128	0.007546955030313172
129	0.007546239322819463
130	0.0075456236842322945
131	0.007545096809552978
132	0.007544646127286
133	0.00754425765817136
134	0.007543916012775308
135	0.007543605215057354
136	0.007543310763967699
137	0.007543022271585878
138	0.007542735300077875
139	0.007542451367016922
140	0.007542176105225342
141	0.007541916643039314
142	0.007541679515772237
143	0.007541469681180047
144	0.007541290326717353
145	0.007541142822646137
146	0.007541026571750661
147	0.007540939022002818
148	0.007540876110924619
149	0.007540833063420711
150	0.0075408051784273695
151	0.007540788292616424
152	0.0075407789025737065
153	0.007540774117542374
154	0.00754077160885062
155	0.007540769583645911
156	0.007540766712651625
157	0.007540762001015087
158	0.007540754681669365
159	0.007540744213861744
160	0.007540730369535336
161	0.007540713301319785
162	0.007540693517642885
163	0.007540671771134948
164	0.007540648916255309
165	0.00754062578728354
166	0.007540603117416273
167	0.007540581505095206
168	0.007540561417617556
169	0.007540543211922949
170	0.007540527153459288
171	0.007540513419254916
172	0.0075405020860082415
173	0.007540493113569065
174	0.007540486338465249
175	0.007540481487528464
176	0.007540478209429639
177	0.007540476118194829
178	0.007540474840244712
179	0.007540474054014235
180	0.007540473511465084
181	0.00754047303761683
182	0.007540472517056191
183	0.007540471878782376
184	0.0075404710844291754
185	0.007540470119089472
186	0.007540468983501217
187	0.007540467689520157
188	0.007540466259489855
189	0.007540464727370528
190	0.007540463138036899
191	0.007540461542661292
192	0.007540459992200014
193	0.007540458532211817
194	0.007540457200392153
195	0.007540456024961904
196	0.0075404550220651454
197	0.007540454193435755
198	0.007540453526846737
199	0.00754045300021798
200	0.007540452587452883
201	0.007540452263418889
202	0.007540452006645689
203	0.007540451799805269
204	0.0075404516290732415
205	0.007540451483363949
206	0.007540451353860734
207	0.007540451233769689
208	0.00754045111826108
209	0.007540451004614674
210	0.007540450892326295
211	0.00754045078282308
212	0.0075404506786452535
213	0.007540450582381183
214	0.0075404504958370994
215	0.0075404504197978985
216	0.007540450354334675
217	0.007540450299203901
218	0.007540450253955995
219	0.007540450217770034
220	0.007540450189325092
221	0.007540450166872201
222	0.007540450148440696
223	0.007540450132074199
224	0.007540450116069562
225	0.00754045009917765
226	0.007540450080708524
227	0.007540450060468543
228	0.007540450038605303
229	0.007540450015487104
230	0.007540449991683157
231	0.0075404499679627415
232	0.007540449945204286
233	0.007540449924222263
234	0.007540449905620947
235	0.007540449889765478
236	0.0075404498768124615
237	0.007540449866731574
238	0.007540449859314589
239	0.007540449854208965
240	0.007540449850979976
241	0.007540449849162766
242	0.007540449848283509
243	0.007540449847869531
244	0.00754044984749018
245	0.007540449846819226
246	0.007540449845685061
247	0.007540449844061872
248	0.007540449842022398
249	0.007540449839684373
250	0.00754044983716836
251	0.007540449834582119
252	0.007540449832009646
253	0.007540449829516746
254	0.007540449827151509
255	0.007540449824950236
256	0.007540449822943749
257	0.007540449821158127
258	0.007540449819606844
259	0.007540449818287994
260	0.007540449817185772
261	0.0075404498162785225
262	0.007540449815542841
263	0.007540449814958147
264	0.007540449814504318
265	0.007540449814160052
266	0.007540449813908123
267	0.007540449813733309
268	0.007540449813624835
269	0.007540449813569637
270	0.007540449813553074
271	0.007540449813558512
272	0.00754044981356999
273	0.007540449813572914
274	0.007540449813555549
275	0.0075404498135101415
276	0.0075404498134340565
277	0.007540449813329496
278	0.007540449813201423
279	0.0075404498130563135
280	0.007540449812900659
281	0.007540449812742082
282	0.0075404498125889
283	0.007540449812448978
284	0.007540449812328827
285	0.007540449812231796
286	0.0075404498121587026
287	0.007540449812107319
288	0.00754044981207484
289	0.007540449812056915
290	0.0075404498120484964
291	0.007540449812047211
292	0.007540449812048765
293	0.007540449812050818
294	0.007540449812051226
295	0.007540449812048813
296	0.0075404498120430295
297	0.007540449812032596
298	0.007540449812019031
299	0.007540449812002625
300	0.007540449811984648
301	0.0075404498119669245
302	0.0075404498119496
303	0.0075404498119340775
304	0.007540449811920816
305	0.007540449811910421
306	0.007540449811902237
307	0.00754044981189603
308	0.007540449811891515
309	0.007540449811887983
310	0.007540449811885069
311	0.0075404498118827185
312	0.007540449811880254
313	0.007540449811877886
314	0.007540449811875415
315	0.007540449811872343
316	0.007540449811869532
317	0.007540449811866497
318	0.007540449811863845
319	0.0075404498118618185
320	0.007540449811859776
321	0.007540449811858264
322	0.007540449811857632
323	0.007540449811856897
324	0.007540449811857205
325	0.00754044981185736
326	0.007540449811857152
327	0.007540449811857417
328	0.007540449811857765
329	0.007540449811858054
330	0.007540449811857475
331	0.007540449811857304
332	0.0075404498118568425
333	0.00754044981185617
334	0.007540449811855605
335	0.007540449811854731
336	0.007540449811854353
337	0.0075404498118535135
338	0.007540449811853244
339	0.00754044981185296
340	0.007540449811852548
341	0.007540449811852809
342	0.0075404498118524085
343	0.007540449811852666
344	0.007540449811852724
345	0.0075404498118524085
346	0.007540449811852604
347	0.007540449811852347
348	0.0075404498118524545
349	0.007540449811852553
350	0.007540449811852439
351	0.007540449811852336
352	0.007540449811852532
353	0.007540449811852506
354	0.007540449811852278
355	0.007540449811852426
356	0.007540449811852078
357	0.007540449811852151
358	0.007540449811851747
359	0.007540449811851946
360	0.007540449811851807
361	0.007540449811851778
362	0.007540449811851844
363	0.007540449811851833
364	0.007540449811851913
365	0.0075404498118517614
366	0.007540449811851724
367	0.007540449811851907
368	0.007540449811851727
369	0.007540449811852034
370	0.00754044981185175
371	0.0075404498118517484
372	0.0075404498118517614
373	0.007540449811851793
374	0.0075404498118518855
375	0.007540449811851843
376	0.007540449811851782
377	0.007540449811851777
378	0.007540449811852319
379	0.007540449811851867
380	0.007540449811852084
381	0.0075404498118516565
382	0.007540449811851793
383	0.0075404498118520095
384	0.007540449811851456
385	0.007540449811851949
386	0.007540449811851459
387	0.007540449811851946
388	0.007540449811851627
389	0.007540449811851741
390	0.007540449811851504
391	0.007540449811851529
392	0.007540449811851598
393	0.007540449811851756
394	0.0075404498118518
395	0.007540449811851739
396	0.0075404498118518196
397	0.007540449811851594
398	0.007540449811851696
399	0.007540449811851719
400	0.007540449811851906
401	0.007540449811851824
402	0.007540449811851805
403	0.007540449811851875
404	0.007540449811851992
405	0.007540449811851593
406	0.007540449811851439
407	0.00754044981185192
408	0.007540449811851826
409	0.007540449811851943
410	0.007540449811851638
411	0.007540449811852258
412	0.0075404498118516435
413	0.007540449811851725
414	0.007540449811851732
415	0.007540449811851742
416	0.007540449811851863
417	0.007540449811851723
418	0.007540449811851866
419	0.007540449811851859
420	0.007540449811851704
421	0.007540449811851825
422	0.007540449811851758
423	0.007540449811851877
424	0.00754044981185173
425	0.007540449811851728
426	0.007540449811851798
427	0.0075404498118519046
428	0.0075404498118517025
429	0.00754044981185176
430	0.007540449811851758
431	0.007540449811851684
432	0.007540449811851433
433	0.007540449811851969
434	0.007540449811852014
435	0.007540449811851849
436	0.0075404498118517745
437	0.007540449811852014
438	0.0075404498118517025
439	0.007540449811851611
440	0.00754044981185186
441	0.007540449811851879
442	0.0075404498118518005
443	0.0075404498118517215
444	0.007540449811851398
445	0.007540449811851624
446	0.007540449811851662
447	0.007540449811851864
448	0.007540449811851899
449	0.0075404498118518066
450	0.007540449811851692
451	0.007540449811851822
452	0.007540449811851609
453	0.007540449811851622
454	0.007540449811851882
455	0.007540449811851823
456	0.007540449811851839
457	0.0075404498118517935
458	0.007540449811851857
459	0.007540449811851715
460	0.00754044981185168
461	0.007540449811851694
462	0.007540449811851509
463	0.007540449811851855
464	0.007540449811851741
465	0.007540449811851808
466	0.00754044981185195
467	0.00754044981185193
468	0.00754044981185163
469	0.007540449811851824
470	0.007540449811851585
471	0.007540449811851735
472	0.007540449811851639
473	0.007540449811851409
474	0.007540449811851741
475	0.007540449811851756
476	0.007540449811852063
477	0.007540449811851793
478	0.007540449811851698
479	0.0075404498118519705
480	0.007540449811851707
481	0.007540449811851913
482	0.007540449811851929
483	0.007540449811851578
484	0.00754044981185184
485	0.007540449811851712
486	0.007540449811851799
487	0.007540449811851631
488	0.007540449811851663
489	0.007540449811851808
490	0.007540449811851613
491	0.007540449811851873
492	0.007540449811851809
493	0.007540449811851634
494	0.007540449811851611
495	0.007540449811851583
