0	0.007751423219729092
1	0.007088705161491276
2	0.0066724203630389705
3	0.006470315670903031
4	0.006383033189974936
5	0.0062956351081572175
6	0.0061733428880928806
7	0.006027152662659862
8	0.0058774285800681095
9	0.005742328317638139
10	0.005633898798819108
11	0.005556042721260136
12	0.005504467290487983
13	0.005469370581533091
14	0.005440021514549171
15	0.0054088842823171186
16	0.005373236514750667
17	0.005334239050968912
18	0.005294894468293917
19	0.005258195191302611
20	0.005226006331396734
21	0.005198720634730831
22	0.005175507266719934
23	0.005154887259252648
24	0.005135354163743486
25	0.005115826298443781
26	0.00509583987286304
27	0.005075507406856843
28	0.005055328467548252
29	0.0050359489620268975
30	0.0050179446395891055
31	0.005001675085219487
32	0.00498722589243928
33	0.0049744322618887156
34	0.004962959773272478
35	0.004952409965350693
36	0.004942419728531902
37	0.004932731812886306
38	0.004923225347081245
39	0.004913906888528095
40	0.004904871711447689
41	0.004896250286729812
42	0.004888155871852486
43	0.004880646338546183
44	0.004873707814002285
45	0.004867260864694803
46	0.004861183788092679
47	0.00485534391028605
48	0.004849627315641149
49	0.0048439595910603735
50	0.0048383137504944985
51	0.004832705301367769
52	0.004827177542852537
53	0.0048217821661114815
54	0.004816560829862749
55	0.0048115325234641
56	0.004806689416477905
57	0.004802001170392841
58	0.004797425236854571
59	0.004792919248674111
60	0.004788451567889446
61	0.004784007231696252
62	0.004779588374218732
63	0.00477521000189857
64	0.004770893206048304
65	0.0047666582624491145
66	0.004762519656410447
67	0.00475848414272294
68	0.004754551855627191
69	0.004750719575770163
70	0.004746984769156755
71	0.0047433489899177585
72	0.00473981961693485
73	0.004736409535495796
74	0.004733135071070873
75	0.004730013002670852
76	0.004727057686490569
77	0.004724279158430062
78	0.004721682621463753
79	0.004719269168568147
80	0.004717037191164038
81	0.004714983793117754
82	0.004713105681411101
83	0.004711399329541574
84	0.004709860519757247
85	0.0047084835691275796
86	0.004707260607744814
87	0.004706181209642906
88	0.004705232544645065
89	0.004704400054068511
90	0.004703668484456917
91	0.004703023010150751
92	0.004702450158580271
93	0.004701938336413044
94	0.0047014779097360225
95	0.004701060934814522
96	0.00470068072817786
97	0.004700331468406808
98	0.0047000079584798345
99	0.004699705587349686
100	0.0046994204420307785
101	0.0046991494723553455
102	0.004698890600357536
103	0.00469864269725195
104	0.004698405410461985
105	0.004698178882916191
106	0.00469796344979017
107	0.004697759398363456
108	0.00469756684342278
109	0.004697385718905066
110	0.004697215843201232
111	0.004697057000948505
112	0.0046969089945228205
113	0.004696771645881396
114	0.004696644755396019
115	0.004696528039349673
116	0.004696421072499854
117	0.004696323256778608
118	0.00469623382749907
119	0.004696151895349719
120	0.0046960765112000966
121	0.004696006733911667
122	0.004695941682997427
123	0.004695880566331721
124	0.0046958226844313845
125	0.00469576742060514
126	0.00469571422883754
127	0.004695662627857878
128	0.004695612204113161
129	0.004695562621031204
130	0.004695513628200853
131	0.004695465064134672
132	0.004695416848346461
133	0.004695368963309654
134	0.0046953214311635325
135	0.004695274291997623
136	0.004695227589108497
137	0.0046951813630558975
138	0.004695135652085078
139	0.00469509049496365
140	0.004695045932353978
141	0.00469500200523776
142	0.004694958750401198
143	0.004694916194810586
144	0.004694874350684106
145	0.0046948332131432815
146	0.004694792761251733
147	0.004694752961966807
148	0.004694713775743404
149	0.004694675161795983
150	0.004694637081544853
151	0.0046945994999344366
152	0.0046945623848829365
153	0.004694525706258102
154	0.004694489434978926
155	0.004694453543126121
156	0.004694418004955423
157	0.004694382798078431
158	0.0046943479044197775
159	0.004694313310251658
160	0.0046942790052598455
161	0.004694244981132004
162	0.0046942112301500355
163	0.004694177744440915
164	0.00469414451574926
165	0.004694111535806892
166	0.004694078796674836
167	0.0046940462908771
168	0.004694014011224671
169	0.004693981950450877
170	0.004693950100777999
171	0.00469391845357531
172	0.004693886999241928
173	0.004693855727404467
174	0.004693824627264799
175	0.004693793687898121
176	0.004693762898535001
177	0.004693732248541867
178	0.004693701727388844
179	0.004693671324456285
180	0.004693641028958054
181	0.0046936108299207606
182	0.004693580716180706
183	0.004693550676588606
184	0.004693520700047767
185	0.004693490775546041
186	0.00469346089218398
187	0.00469343103900801
188	0.004693401204952044
189	0.004693371378828831
190	0.004693341549291042
191	0.004693311704862
192	0.00469328183385758
193	0.004693251924464508
194	0.004693221964624876
195	0.004693191941965558
196	0.004693161843795924
197	0.004693131657030873
198	0.004693101368131713
199	0.004693070963155484
200	0.004693040427741105
201	0.004693009747047417
202	0.004692978905753475
203	0.004692947888059054
204	0.004692916677533746
205	0.004692885257197883
206	0.004692853609383037
207	0.004692821715749503
208	0.004692789557238607
209	0.004692757114040017
210	0.004692724365564638
211	0.004692691290338652
212	0.0046926578660001295
213	0.004692624069196424
214	0.004692589875554438
215	0.00469255525959639
216	0.004692520194662472
217	0.004692484652896724
218	0.004692448605129094
219	0.004692412020789836
220	0.004692374867824988
221	0.00469233711262142
222	0.0046922987198860415
223	0.004692259652571043
224	0.004692219871741459
225	0.004692179336512502
226	0.004692138003871893
227	0.004692095828603369
228	0.004692052763120807
229	0.004692008757352176
230	0.004691963758589125
231	0.004691917711297703
232	0.0046918705570247006
233	0.004691822234158401
234	0.004691772677770678
235	0.004691721819423665
236	0.00469166958699867
237	0.00469161590441153
238	0.004691560691481181
239	0.004691503863586182
240	0.004691445331492583
241	0.004691385001074581
242	0.00469132277300583
243	0.0046912585425168025
244	0.004691192199074886
245	0.004691123626022704
246	0.004691052700317411
247	0.004690979292132281
248	0.004690903264508428
249	0.004690824472975872
250	0.0046907427651772865
251	0.0046906579804482105
252	0.004690569949407698
253	0.004690478493514562
254	0.004690383424648389
255	0.004690284544632448
256	0.004690181644791265
257	0.004690074505484761
258	0.004689962895665305
259	0.004689846572396133
260	0.00468972528035156
261	0.004689598751467477
262	0.004689466704433981
263	0.004689328844345067
264	0.004689184862315332
265	0.004689034435116226
266	0.004688877224981614
267	0.00468871287936949
268	0.004688541030816335
269	0.004688361296989802
270	0.004688173280716376
271	0.004687976570276801
272	0.004687770739781642
273	0.004687555349807364
274	0.004687329948179502
275	0.004687094071033081
276	0.00468684724424809
277	0.004686588985087308
278	0.004686318804295412
279	0.004686036208562264
280	0.004685740703478874
281	0.004685431797026286
282	0.004685109003602403
283	0.004684771848636896
284	0.004684419873983714
285	0.004684052643899488
286	0.004683669751861158
287	0.004683270828157065
288	0.004682855548297818
289	0.004682423642204482
290	0.0046819749042719605
291	0.004681509204105012
292	0.004681026497982935
293	0.0046805268408391075
294	0.0046800103986612196
295	0.004679477460943689
296	0.004678928453006498
297	0.004678363947789038
298	0.0046777846765312355
299	0.00467719153795034
300	0.0046765856052302405
301	0.004675968130164018
302	0.0046753405436732445
303	0.004674704452101304
304	0.004674061628569187
305	0.0046734139987852285
306	0.004672763620967521
307	0.004672112659719875
308	0.00467146335399624
309	0.004670817979639645
310	0.004670178807550208
311	0.004669548058584752
312	0.0046689278571373045
313	0.004668320185127784
314	0.004667726838810392
315	0.004667149390359287
316	0.004666589156361643
317	0.004666047174872048
318	0.004665524192046652
319	0.004665020659258791
320	0.004664536740169632
321	0.004664072327411516
322	0.004663627067369844
323	0.004663200391414209
324	0.0046627915516006604
325	0.004662399658829316
326	0.004662023721345523
327	0.004661662681933026
328	0.0046613154523916156
329	0.004660980944049031
330	0.004660658093785647
331	0.0046603458851869626
332	0.004660043364764442
333	0.00465974965356862
334	0.004659463954552242
335	0.004659185556254922
336	0.004658913833468982
337	0.004658648245399603
338	0.00465838833203108
339	0.0046581337091855446
340	0.004657884062721758
341	0.004657639142288942
342	0.004657398754907807
343	0.004657162758581728
344	0.00465693105609542
345	0.0046567035890022175
346	0.004656480331933939
347	0.004656261287216365
348	0.004656046479701775
349	0.004655835951971466
350	0.0046556297598172565
351	0.004655427968052045
352	0.0046552306466870474
353	0.00465503786750701
354	0.004654849701102181
355	0.004654666214295113
356	0.004654487468112862
357	0.004654313516145973
358	0.0046541444033771145
359	0.004653980165348078
360	0.004653820827701238
361	0.00465366640598266
362	0.00465351690561113
363	0.0046533723220334375
364	0.0046532326409806785
365	0.0046530978387564325
366	0.004652967882572632
367	0.004652842730919639
368	0.004652722333906867
369	0.004652606633650405
370	0.004652495564624469
371	0.004652389054056312
372	0.004652287022326345
373	0.004652189383396729
374	0.00465209604525479
375	0.004652006910408581
376	0.0046519218763553406
377	0.004651840836152016
378	0.004651763678952983
379	0.0046516902905876685
380	0.004651620554113008
381	0.0046515543504344
382	0.004651491558820364
383	0.0046514320575091524
384	0.004651375724166551
385	0.004651322436448312
386	0.004651272072401251
387	0.004651224510897114
388	0.0046511796320225255
389	0.004651137317407981
390	0.004651097450521431
391	0.0046510599169691256
392	0.004651024604693381
393	0.004650991404226702
394	0.004650960208884134
395	0.004650930914848618
396	0.004650903421436833
397	0.004650877631111074
398	0.004650853449627402
399	0.004650830786116847
400	0.004650809553132402
401	0.004650789666707599
402	0.004650771046335026
403	0.004650753615034941
404	0.004650737299271656
405	0.0046507220289923965
406	0.004650707737527083
407	0.004650694361577074
408	0.004650681841111017
409	0.004650670119325459
410	0.004650659142508834
411	0.004650648860003674
412	0.004650639224054735
413	0.0046506301897345755
414	0.0046506217148313996
415	0.00465061375973249
416	0.004650606287313778
417	0.004650599262812095
418	0.004650592653753244
419	0.004650586429773078
420	0.0046505805625759586
421	0.0046505750257665205
422	0.004650569794774495
423	0.0046505648467446295
424	0.00465056016042277
425	0.004650555716078533
426	0.0046505514953757545
427	0.004650547481348494
428	0.004650543658215448
429	0.004650540011401378
430	0.004650536527388426
431	0.004650533193678755
432	0.004650529998712812
433	0.004650526931809673
434	0.0046505239830873495
435	0.004650521143451785
436	0.004650518404475925
437	0.004650515758399948
438	0.004650513198076357
439	0.004650510716901252
440	0.0046505083087985686
441	0.004650505968169419
442	0.004650503689857682
443	0.004650501469112513
444	0.004650499301555618
445	0.004650497183176808
446	0.0046504951102642935
447	0.004650493079418201
448	0.004650491087497804
449	0.004650489131631674
450	0.0046504872091666745
451	0.004650485317656207
452	0.004650483454878147
453	0.004650481618779101
454	0.004650479807461018
455	0.004650478019190373
456	0.004650476252367189
457	0.004650474505543865
458	0.004650472777365129
459	0.0046504710666082005
460	0.0046504693721328245
461	0.0046504676929092145
462	0.004650466027989538
463	0.004650464376482652
464	0.004650462737606605
465	0.004650461110637791
466	0.004650459494864329
467	0.00465045788969981
468	0.004650456294569367
469	0.004650454708955593
470	0.004650453132380389
471	0.004650451564418807
472	0.004650450004642475
473	0.004650448452717862
474	0.004650446908279666
475	0.004650445371025844
476	0.004650443840677688
477	0.004650442316958664
478	0.004650440799629915
479	0.004650439288477866
480	0.004650437783291306
481	0.004650436283868561
482	0.004650434790041316
483	0.004650433301642103
484	0.004650431818527095
485	0.004650430340544599
486	0.004650428867568453
487	0.004650427399470488
488	0.004650425936135665
489	0.004650424477457665
490	0.004650423023318006
491	0.004650421573650043
492	0.004650420128345382
493	0.00465041868730987
494	0.004650417250477393
495	0.004650415817756316
496	0.004650414389074029
497	0.004650412964360449
498	0.004650411543549869
499	0.004650410126567072
500	0.004650408713348803
501	0.004650407303841215
502	0.004650405897968328
503	0.004650404495685368
504	0.004650403096923939
505	0.00465040170163914
506	0.00465040030976357
507	0.004650398921249654
508	0.004650397536043366
509	0.004650396154098142
510	0.004650394775356803
511	0.00465039339977172
512	0.004650392027290367
513	0.004650390657859347
514	0.004650389291444217
515	0.004650387927988651
516	0.004650386567454409
517	0.004650385209776222
518	0.004650383854926276
519	0.004650382502852825
520	0.004650381153511825
521	0.004650379806853297
522	0.004650378462845766
523	0.004650377121439337
524	0.004650375782583804
525	0.0046503744462406986
526	0.004650373112374397
527	0.004650371780942816
528	0.004650370451893543
529	0.004650369125187303
530	0.004650367800796168
531	0.004650366478666047
532	0.004650365158763002
533	0.004650363841039984
534	0.004650362525467454
535	0.004650361212007825
536	0.0046503599006152115
537	0.00465035859125578
538	0.004650357283884777
539	0.004650355978465206
540	0.004650354674966325
541	0.004650353373352949
542	0.004650352073574545
543	0.004650350775611653
544	0.004650349479423766
545	0.004650348184965817
546	0.0046503468922051705
547	0.004650345601120521
548	0.004650344311660507
549	0.0046503430237966395
550	0.004650341737506984
551	0.0046503404527305
552	0.004650339169460127
553	0.004650337887653132
554	0.00465033660727242
555	0.004650335328291076
556	0.004650334050673246
557	0.004650332774398544
558	0.004650331499417319
559	0.004650330225711549
560	0.0046503289532456235
561	0.004650327681988431
562	0.004650326411911341
563	0.004650325142992307
564	0.004650323875186444
565	0.004650322608495822
566	0.0046503213428969676
567	0.004650320078405404
568	0.004650318815154505
569	0.004650317553442902
570	0.004650316294203292
571	0.004650315039951857
572	0.004650313797513065
573	0.004650312585274713
574	0.004650311452050529
575	0.004650310519140881
576	0.004650310034344432
577	0.004650310202110885
578	0.0046503101419003694
579	0.0046503075785251854
580	0.004650303911578903
581	0.00465030325905762
582	0.0046503034565500215
583	0.004650300876731942
584	0.004650298791806745
585	0.0046502988243250585
586	0.004650297142952862
587	0.004650294966363368
588	0.004650294601935078
589	0.004650293179606264
590	0.004650291217208391
591	0.004650290617858645
592	0.004650289208848393
593	0.004650287481416047
594	0.004650286734129947
595	0.0046502852833725065
596	0.0046502837585643535
597	0.004650282889213993
598	0.004650281411396794
599	0.0046502800441798305
600	0.0046502790610842264
601	0.004650277588788175
602	0.004650276329891771
603	0.004650275245408743
604	0.00465027380595431
605	0.004650272609224365
606	0.004650271443815249
607	0.00465027005107887
608	0.004650268879892203
609	0.004650267657979487
610	0.004650266312930356
611	0.004650265143010057
612	0.004650263887469538
613	0.00465026258273211
614	0.0046502614012875945
615	0.004650260129867431
616	0.0046502588547201636
617	0.004650257657386341
618	0.0046502563817318165
619	0.004650255125701014
620	0.00465025391313657
621	0.004650252639567597
622	0.004650251394258754
623	0.004650250169303158
624	0.004650248900383828
625	0.004650247659940682
626	0.004650246425883826
627	0.00465024516191211
628	0.004650243922687018
629	0.004650242682357716
630	0.0046502414225254385
631	0.004650240182486374
632	0.004650238937981107
633	0.004650237681115988
634	0.004650236439278374
635	0.0046502351919665485
636	0.004650233936918567
637	0.00465023269289164
638	0.004650231443560754
639	0.004650230189350515
640	0.00465022894304471
641	0.004650227692121748
642	0.0046502264379967365
643	0.004650225189440747
644	0.0046502239370794585
645	0.004650222682466421
646	0.004650221431725164
647	0.0046502201779462585
648	0.0046502189224192836
649	0.004650217669537097
650	0.004650216414268484
651	0.004650215157516331
652	0.0046502139025268695
653	0.004650212645659334
654	0.004650211387454396
655	0.004650210130354251
656	0.004650208871773664
657	0.004650207611924415
658	0.004650206352686703
659	0.0046502050922603965
660	0.0046502038306126744
661	0.004650202569207052
662	0.00465020130681182
663	0.004650200043252031
664	0.004650198779612958
665	0.0046501975151408415
666	0.004650196249533806
667	0.004650194983612113
668	0.004650193716954975
669	0.004650192449182768
670	0.004650191180926836
671	0.0046501899119683245
672	0.00465018864194834
673	0.004650187371281432
674	0.0046501860999223115
675	0.0046501848275541545
676	0.004650183554416924
677	0.004650182280567976
678	0.00465018100573545
679	0.004650179730065205
680	0.004650178453640717
681	0.004650177176267757
682	0.004650175897984877
683	0.004650174618910906
684	0.0046501733388958424
685	0.004650172057938819
686	0.004650170776127179
687	0.004650169493394662
688	0.004650168209682098
689	0.004650166925073672
690	0.004650165639524568
691	0.00465016435298733
692	0.004650163065500739
693	0.004650161777069641
694	0.004650160487638477
695	0.004650159197213123
696	0.004650157905813379
697	0.004650156613409229
698	0.004650155319974375
699	0.004650154025547216
700	0.004650152730086835
701	0.004650151433583238
702	0.00465015013605039
703	0.004650148837474143
704	0.0046501475378270705
705	0.004650146237128686
706	0.004650144935353203
707	0.004650143632506818
708	0.004650142328562386
709	0.004650141023541178
710	0.004650139717418726
711	0.004650138410179582
712	0.004650137101828902
713	0.004650135792368567
714	0.004650134481765344
715	0.004650133170036514
716	0.004650131857163539
717	0.0046501305431429765
718	0.0046501292279633065
719	0.004650127911623983
720	0.004650126594114157
721	0.0046501252754325775
722	0.004650123955557308
723	0.004650122634506555
724	0.004650121312250886
725	0.004650119988793494
726	0.004650118664125937
727	0.004650117338243542
728	0.0046501160111397065
729	0.004650114682791438
730	0.004650113353227344
731	0.004650112022414412
732	0.004650110690349688
733	0.004650109357033648
734	0.004650108022454507
735	0.004650106686607268
736	0.004650105349484565
737	0.004650104011087026
738	0.004650102671390814
739	0.004650101330403129
740	0.004650099988123854
741	0.004650098644534316
742	0.00465009729963159
743	0.004650095953413468
744	0.004650094605867623
745	0.0046500932569929964
746	0.004650091906782313
747	0.004650090555227852
748	0.004650089202321991
749	0.004650087848062257
750	0.00465008649243876
751	0.004650085135451432
752	0.004650083777087749
753	0.004650082417344163
754	0.00465008105621237
755	0.004650079693695355
756	0.0046500783297744675
757	0.00465007696445535
758	0.004650075597724951
759	0.004650074229568677
760	0.004650072859996914
761	0.004650071489001214
762	0.004650070116569362
763	0.00465006874269239
764	0.004650067367376297
765	0.004650065990602433
766	0.004650064612372765
767	0.00465006323268638
768	0.004650061851526722
769	0.004650060468882257
770	0.004650059084762653
771	0.004650057699153687
772	0.004650056312057424
773	0.004650054923454384
774	0.004650053533348833
775	0.004650052141731317
776	0.004650050748600968
777	0.00465004935394239
778	0.0046500479577579554
779	0.004650046560035999
780	0.004650045160770792
781	0.004650043759962656
782	0.004650042357601985
783	0.0046500409536852855
784	0.004650039548201086
785	0.004650038141143412
786	0.00465003673251054
787	0.004650035322305542
788	0.004650033910500844
789	0.004650032497100426
790	0.004650031082109884
791	0.004650029665511533
792	0.004650028247296383
793	0.004650026827463973
794	0.004650025406007405
795	0.004650023982923924
796	0.0046500225582073815
797	0.004650021131842242
798	0.004650019703837703
799	0.004650018274174841
800	0.004650016842849752
801	0.004650015409863168
802	0.004650013975204988
803	0.004650012538872083
804	0.004650011100848045
805	0.00465000966114374
806	0.004650008219738308
807	0.0046500067766340825
808	0.004650005331825327
809	0.0046500038853038855
810	0.004650002437058066
811	0.004650000987087079
812	0.004649999535386334
813	0.004649998081954844
814	0.0046499966267686986
815	0.0046499951698329945
816	0.004649993711148186
817	0.004649992250704308
818	0.004649990788486947
819	0.004649989324498432
820	0.004649987858723953
821	0.004649986391173387
822	0.004649984921826512
823	0.004649983450683434
824	0.004649981977734362
825	0.0046499805029713405
826	0.004649979026393659
827	0.004649977547997707
828	0.004649976067770707
829	0.004649974585706464
830	0.004649973101797274
831	0.004649971616044322
832	0.004649970128440348
833	0.0046499686389750135
834	0.004649967147642637
835	0.004649965654437872
836	0.0046499641593551
837	0.00464996266238883
838	0.004649961163525677
839	0.004649959662770306
840	0.0046499581601061445
841	0.004649956655541335
842	0.004649955149054202
843	0.0046499536406452565
844	0.004649952130301409
845	0.004649950618029984
846	0.004649949103810009
847	0.004649947587650864
848	0.00464994606952858
849	0.004649944549454146
850	0.004649943027405666
851	0.004649941503382042
852	0.004649939977383805
853	0.004649938449391647
854	0.00464993691941864
855	0.004649935387435363
856	0.004649933853447436
857	0.00464993231744994
858	0.0046499307794338265
859	0.004649929239388602
860	0.00464992769731367
861	0.00464992615320446
862	0.00464992460704278
863	0.004649923058830163
864	0.004649921508567233
865	0.004649919956233566
866	0.0046499184018267015
867	0.004649916845346448
868	0.0046499152867797424
869	0.0046499137261156636
870	0.00464991216336247
871	0.004649910598499465
872	0.004649909031532791
873	0.0046499074624411305
874	0.00464990589122102
875	0.004649904317876918
876	0.004649902742394186
877	0.00464990116476113
878	0.004649899584986879
879	0.004649898003043419
880	0.004649896418943519
881	0.0046498948326724795
882	0.004649893244213448
883	0.004649891653572292
884	0.00464989006074465
885	0.004649888465719564
886	0.0046498868684805034
887	0.004649885269032236
888	0.004649883667358002
889	0.00464988206346926
890	0.00464988045734484
891	0.004649878848979366
892	0.004649877238362049
893	0.004649875625491747
894	0.004649874010362113
895	0.004649872392964197
896	0.004649870773292762
897	0.004649869151334944
898	0.004649867527093749
899	0.004649865900557334
900	0.004649864271716025
901	0.004649862640564956
902	0.004649861007089737
903	0.004649859371305158
904	0.004649857733189391
905	0.004649856092724899
906	0.0046498544499199105
907	0.004649852804765216
908	0.004649851157245818
909	0.004649849507364519
910	0.004649847855110642
911	0.004649846200468993
912	0.004649844543445575
913	0.004649842884033002
914	0.004649841222214866
915	0.004649839557983257
916	0.0046498378913396
917	0.004649836222267572
918	0.004649834550758829
919	0.004649832876829101
920	0.004649831200449591
921	0.004649829521615928
922	0.004649827840322517
923	0.0046498261565584035
924	0.004649824470321274
925	0.004649822781603821
926	0.004649821090406495
927	0.0046498193967047805
928	0.0046498177004949
929	0.004649816001779402
930	0.004649814300549381
931	0.004649812596792465
932	0.004649810890504464
933	0.004649809181671497
934	0.00464980747029552
935	0.004649805756363209
936	0.004649804039870125
937	0.004649802320809016
938	0.004649800599167142
939	0.004649798874942291
940	0.004649797148130823
941	0.004649795418716347
942	0.004649793686687214
943	0.004649791952055453
944	0.0046497902148023
945	0.004649788474912828
946	0.004649786732392635
947	0.004649784987228121
948	0.004649783239411723
949	0.004649781488937212
950	0.004649779735795322
951	0.0046497779799765096
952	0.0046497762214816
953	0.004649774460291675
954	0.004649772696412066
955	0.004649770929823338
956	0.0046497691605208785
957	0.004649767388507764
958	0.004649765613761065
959	0.0046497638362859575
960	0.004649762056059102
961	0.004649760273093216
962	0.004649758487361925
963	0.004649756698871169
964	0.004649754907610035
965	0.00464975311356396
966	0.0046497513167286985
967	0.0046497495171015845
968	0.0046497477146764
969	0.0046497459094368004
970	0.004649744101372743
971	0.0046497422904845116
972	0.004649740476766511
973	0.004649738660203567
974	0.004649736840798365
975	0.004649735018526581
976	0.00464973319339977
977	0.004649731365394647
978	0.004649729534515651
979	0.004649727700744642
980	0.004649725864079375
981	0.004649724024511543
982	0.004649722182026545
983	0.004649720336628107
984	0.004649718488304592
985	0.004649716637048332
986	0.004649714782839268
987	0.004649712925689325
988	0.004649711065588706
989	0.004649709202509761
990	0.0046497073364624615
991	0.004649705467443542
992	0.004649703595424675
993	0.004649701720414192
994	0.004649699842397738
995	0.00464969796136748
996	0.004649696077322237
997	0.0046496941902459945
998	0.0046496923001341185
999	0.004649690406981345
1000	0.004649688510773183
1001	0.004649686611511239
1002	0.0046496847091808185
1003	0.004649682803768246
1004	0.004649680895287892
1005	0.004649678983708457
1006	0.004649677069039138
1007	0.004649675151248521
1008	0.004649673230356103
1009	0.004649671306334705
1010	0.0046496693791895725
1011	0.004649667448902759
1012	0.0046496655154726774
1013	0.004649663578894276
1014	0.004649661639155745
1015	0.004649659696250464
1016	0.004649657750179548
1017	0.004649655800940988
1018	0.004649653848553497
1019	0.004649651893050294
1020	0.004649649934529326
1021	0.0046496479731815326
1022	0.004649646009468022
1023	0.004649644044398278
1024	0.004649642080193002
1025	0.004649640121792656
1026	0.0046496381800402425
1027	0.004649636278560786
1028	0.00464963446673825
1029	0.00464963283725076
1030	0.004649631519894513
1031	0.004649630523999585
1032	0.0046496293007854085
1033	0.004649626710474389
1034	0.004649622935600096
1035	0.004649620180713599
1036	0.0046496191402492495
1037	0.004649617795584061
1038	0.004649614884279471
1039	0.004649612095334879
1040	0.0046496106742389895
1041	0.004649609081944883
1042	0.004649606374764457
1043	0.004649604001901507
1044	0.0046496024902215605
1045	0.004649600497484355
1046	0.004649597929056226
1047	0.0046495959324524775
1048	0.004649594221855956
1049	0.0046495919456289335
1050	0.004649589637316684
1051	0.00464958780076609
1052	0.004649585806228816
1053	0.004649583486619901
1054	0.004649581422903595
1055	0.0046495795146680036
1056	0.004649577329437163
1057	0.004649575128925198
1058	0.004649573154826925
1059	0.004649571091337348
1060	0.004649568876292214
1061	0.004649566792716447
1062	0.0046495647695744885
1063	0.004649562607509209
1064	0.004649560449166616
1065	0.004649558395182692
1066	0.004649556287078149
1067	0.004649554110207847
1068	0.0046495519989804834
1069	0.004649549908944869
1070	0.00464954774967782
1071	0.0046495455942934544
1072	0.004649543486028058
1073	0.004649541348132888
1074	0.004649539176351912
1075	0.004649537034400024
1076	0.004649534900607973
1077	0.004649532731815027
1078	0.004649530562112396
1079	0.0046495284133621735
1080	0.004649526249785516
1081	0.0046495240669165196
1082	0.004649521895258791
1083	0.004649519727402544
1084	0.004649517541275852
1085	0.0046495153506040795
1086	0.004649513168413317
1087	0.004649510979190297
1088	0.00464950877754058
1089	0.004649506577788493
1090	0.0046495043795852075
1091	0.0046495021714747075
1092	0.004649499957295335
1093	0.004649497745099493
1094	0.00464949552932404
1095	0.004649493305112268
1096	0.004649491078331476
1097	0.004649488851222411
1098	0.004649486618385185
1099	0.004649484379493364
1100	0.004649482138962569
1101	0.004649479895891634
1102	0.004649477646909507
1103	0.004649475393593134
1104	0.004649473138249463
1105	0.004649470879042877
1106	0.004649468614525448
1107	0.0046494663464881885
1108	0.004649464075687657
1109	0.004649461800495951
1110	0.0046494595206344885
1111	0.004649457237461034
1112	0.004649454950911931
1113	0.004649452659894691
1114	0.004649450364652804
1115	0.004649448065997678
1116	0.004649445763591555
1117	0.004649443456810104
1118	0.004649441146028232
1119	0.004649438831658029
1120	0.004649436513355056
1121	0.004649434190778004
1122	0.004649431864286428
1123	0.004649429534051838
1124	0.004649427199782507
1125	0.004649424861353002
1126	0.004649422518993749
1127	0.004649420172777984
1128	0.004649417822497789
1129	0.004649415468097767
1130	0.004649413109739659
1131	0.004649410747452806
1132	0.004649408381073777
1133	0.004649406010607085
1134	0.0046494036361473465
1135	0.004649401257693489
1136	0.0046493988751447925
1137	0.0046493964884979505
1138	0.004649394097825614
1139	0.004649391703124608
1140	0.0046493893043124245
1141	0.004649386901399662
1142	0.004649384494431726
1143	0.004649382083394757
1144	0.00464937966823313
1145	0.004649377248956949
1146	0.004649374825595187
1147	0.00464937239813752
1148	0.0046493699665433475
1149	0.0046493675308197655
1150	0.0046493650909808695
1151	0.0046493626470294
1152	0.004649360198918454
1153	0.004649357746671697
1154	0.004649355290281725
1155	0.004649352829744829
1156	0.004649350365052693
1157	0.004649347896191904
1158	0.004649345423175379
1159	0.00464934294599518
1160	0.004649340464636309
1161	0.004649337979098208
1162	0.0046493354893764475
1163	0.004649332995480734
1164	0.004649330497390371
1165	0.004649327995102182
1166	0.004649325488613572
1167	0.00464932297793275
1168	0.004649320463049372
1169	0.004649317943950186
1170	0.004649315420638569
1171	0.004649312893117425
1172	0.004649310361379052
1173	0.00464930782541059
1174	0.004649305285217728
1175	0.0046493027407954
1176	0.004649300192140373
1177	0.004649297639252911
1178	0.004649295082133672
1179	0.004649292520760148
1180	0.004649289955144085
1181	0.004649287385287977
1182	0.004649284811186549
1183	0.004649282232827344
1184	0.004649279650215875
1185	0.0046492770633506314
1186	0.004649274472225527
1187	0.004649271876838558
1188	0.004649269277189444
1189	0.004649266673275839
1190	0.004649264065099965
1191	0.004649261452652878
1192	0.004649258835938189
1193	0.00464925621495658
1194	0.004649253589698829
1195	0.0046492509601701384
1196	0.004649248326368242
1197	0.00464924568829249
1198	0.004649243045930529
1199	0.004649240399301785
1200	0.0046492377483963255
1201	0.004649235093202626
1202	0.004649232433736759
1203	0.004649229769987332
1204	0.004649227101971259
1205	0.004649224429661216
1206	0.0046492217530813
1207	0.004649219072224628
1208	0.004649216387085315
1209	0.004649213697673241
1210	0.004649211003977234
1211	0.0046492083060080125
1212	0.0046492056037591555
1213	0.004649202897236251
1214	0.004649200186444531
1215	0.004649197471378944
1216	0.004649194752034416
1217	0.004649192028427404
1218	0.004649189300550391
1219	0.004649186568410167
1220	0.004649183832013271
1221	0.004649181091342167
1222	0.0046491783464146855
1223	0.004649175597227699
1224	0.004649172843787651
1225	0.004649170086103836
1226	0.004649167324168431
1227	0.004649164557986936
1228	0.004649161787553227
1229	0.004649159012888479
1230	0.0046491562339921405
1231	0.004649153450852681
1232	0.004649150663489936
1233	0.004649147871906439
1234	0.004649145076105974
1235	0.004649142276083319
1236	0.004649139471848868
1237	0.004649136663411973
1238	0.004649133850775012
1239	0.0046491310339379695
1240	0.004649128212916165
1241	0.004649125387703395
1242	0.004649122558303857
1243	0.0046491197247442865
1244	0.00464911688700746
1245	0.004649114045112203
1246	0.004649111199057931
1247	0.004649108348863786
1248	0.0046491054945175265
1249	0.004649102636040771
1250	0.004649099773432891
1251	0.004649096906705666
1252	0.004649094035860729
1253	0.004649091160912526
1254	0.004649088281865237
1255	0.00464908539873142
1256	0.004649082511523225
1257	0.004649079620227498
1258	0.004649076724872638
1259	0.0046490738254700075
1260	0.00464907092201237
1261	0.004649068014520553
1262	0.00464906510300202
1263	0.004649062187464663
1264	0.004649059267922855
1265	0.0046490563443888425
1266	0.004649053416855739
1267	0.00464905048535627
1268	0.00464904754988975
1269	0.00464904461047086
1270	0.004649041667114164
1271	0.004649038719818079
1272	0.004649035768606903
1273	0.004649032813487698
1274	0.0046490298544752985
1275	0.00464902689157745
1276	0.004649023924818566
1277	0.004649020954193562
1278	0.004649017979733848
1279	0.004649015001440676
1280	0.0046490120193343224
1281	0.004649009033422594
1282	0.004649006043731217
1283	0.004649003050260987
1284	0.004649000053034593
1285	0.004648997052067106
1286	0.004648994047363702
1287	0.004648991038954057
1288	0.004648988026847266
1289	0.004648985011061563
1290	0.004648981991610923
1291	0.0046489789685189385
1292	0.004648975941785706
1293	0.004648972911442267
1294	0.004648969877505472
1295	0.004648966839985259
1296	0.004648963798909847
1297	0.004648960754287727
1298	0.004648957706146168
1299	0.00464895465449268
1300	0.004648951599358697
1301	0.004648948540754334
1302	0.004648945478701396
1303	0.004648942413218452
1304	0.004648939344333868
1305	0.004648936272062473
1306	0.004648933196416697
1307	0.004648930117430699
1308	0.004648927035122964
1309	0.004648923949499274
1310	0.004648920860610389
1311	0.004648917768446668
1312	0.004648914673058062
1313	0.004648911574450456
1314	0.004648908472650667
1315	0.004648905367683756
1316	0.0046489022595699704
1317	0.0046488991483413745
1318	0.004648896034014118
1319	0.004648892916615342
1320	0.004648889796163436
1321	0.004648886672695544
1322	0.00464888354622525
1323	0.0046488804167873704
1324	0.004648877284403572
1325	0.004648874149103936
1326	0.004648871010905905
1327	0.004648867869844762
1328	0.004648864725943582
1329	0.00464886157922855
1330	0.004648858429730527
1331	0.004648855277482896
1332	0.004648852122498078
1333	0.004648848964818
1334	0.00464884580446484
1335	0.0046488426414836225
1336	0.004648839475876137
1337	0.004648836307697984
1338	0.004648833136969182
1339	0.004648829963715897
1340	0.004648826787974075
1341	0.004648823609770507
1342	0.004648820429141087
1343	0.004648817246116885
1344	0.004648814060727598
1345	0.0046488108730105985
1346	0.0046488076829899975
1347	0.00464880449070964
1348	0.004648801296193407
1349	0.004648798099480599
1350	0.004648794900601171
1351	0.004648791699589422
1352	0.004648788496481847
1353	0.00464878529131237
1354	0.004648782084119828
1355	0.004648778874935949
1356	0.004648775663800178
1357	0.004648772450739457
1358	0.004648769235792665
1359	0.004648766019005687
1360	0.004648762800406699
1361	0.004648759580032078
1362	0.004648756357934612
1363	0.004648753134128246
1364	0.004648749908664783
1365	0.004648746681585594
1366	0.0046487434529227075
1367	0.004648740222723039
1368	0.004648736991008568
1369	0.004648733757838213
1370	0.004648730523237265
1371	0.004648727287260107
1372	0.004648724049937692
1373	0.004648720811310132
1374	0.004648717571427819
1375	0.00464871433031582
1376	0.0046487110880397125
1377	0.004648707844609996
1378	0.0046487046001036
1379	0.004648701354527281
1380	0.004648698107955571
1381	0.00464869486041633
1382	0.004648691611950476
1383	0.004648688362611532
1384	0.004648685112424373
1385	0.004648681861470206
1386	0.004648678609746375
1387	0.004648675357331239
1388	0.004648672104259155
1389	0.0046486688505683075
1390	0.0046486655963115684
1391	0.004648662341539657
1392	0.00464865908628945
1393	0.004648655830612343
1394	0.0046486525745562364
1395	0.004648649318160946
1396	0.004648646061478986
1397	0.004648642804551817
1398	0.004648639547442385
1399	0.004648636290175815
1400	0.004648633032811987
1401	0.004648629775402586
1402	0.0046486265179856
1403	0.004648623260618909
1404	0.004648620003345708
1405	0.004648616746219522
1406	0.004648613489291531
1407	0.00464861023259193
1408	0.00464860697619675
1409	0.004648603720148037
1410	0.00464860046448424
1411	0.004648597209269516
1412	0.004648593954537713
1413	0.004648590700362796
1414	0.0046485874467687115
1415	0.004648584193834758
1416	0.004648580941593366
1417	0.004648577690092848
1418	0.004648574439403126
1419	0.004648571189561201
1420	0.004648567940629615
1421	0.004648564692655562
1422	0.004648561445685132
1423	0.004648558199787547
1424	0.004648554955019702
1425	0.0046485517114711805
1426	0.0046485484691956985
1427	0.0046485452283708435
1428	0.004648541989200996
1429	0.004648538752100871
1430	0.004648535517877701
1431	0.004648532288164915
1432	0.004648529066380845
1433	0.004648525859676857
1434	0.004648522682941338
1435	0.004648519566791445
1436	0.004648516570166249
1437	0.00464851379208282
1438	0.004648511335769075
1439	0.004648509110895172
1440	0.004648506437502665
1441	0.004648502365389902
1442	0.004648497418408373
1443	0.00464849362364493
1444	0.004648491369895658
1445	0.004648488821554029
1446	0.004648484831397224
1447	0.004648480772614406
1448	0.004648477982419415
1449	0.004648475378372731
1450	0.00464847173902704
1451	0.004648467969969803
1452	0.004648465088136412
1453	0.004648462251137056
1454	0.00464845869326579
1455	0.00464845521138953
1456	0.004648452322722997
1457	0.0046484492775586955
1458	0.004648445788796112
1459	0.004648442531997043
1460	0.00464843959656995
1461	0.004648436409058373
1462	0.0046484330294773845
1463	0.004648429911973764
1464	0.004648426894915652
1465	0.004648423648973838
1466	0.004648420389326975
1467	0.0046484173285079675
1468	0.004648414235944262
1469	0.004648410999267392
1470	0.004648407835163767
1471	0.004648404777801703
1472	0.004648401642503815
1473	0.004648398449794266
1474	0.004648395343991533
1475	0.004648392271197232
1476	0.004648389128386912
1477	0.0046483859853695625
1478	0.004648382908018682
1479	0.004648379823545034
1480	0.004648376696526816
1481	0.004648373594530789
1482	0.004648370530076957
1483	0.004648367445689883
1484	0.0046483643446072805
1485	0.004648361272604102
1486	0.004648358216940272
1487	0.004648355143483186
1488	0.004648352069949316
1489	0.004648349020244549
1490	0.004648345975243618
1491	0.004648342919557145
1492	0.004648339871748146
1493	0.004648336840784086
1494	0.0046483338100520265
1495	0.004648330775472346
1496	0.004648327751230612
1497	0.00464832473828909
1498	0.00464832172511233
1499	0.004648318712888937
1500	0.004648315710836426
1501	0.004648312716678695
1502	0.004648309723404036
1503	0.004648306733937266
1504	0.004648303753625167
1505	0.004648300779494746
1506	0.004648297807685252
1507	0.004648294841165452
1508	0.004648291882778949
1509	0.004648288929926657
1510	0.004648285980658319
1511	0.004648283037353541
1512	0.004648280101454203
1513	0.0046482771709835365
1514	0.0046482742450434066
1515	0.004648271325377395
1516	0.00464826841266634
1517	0.004648265505545281
1518	0.0046482626036168035
1519	0.0046482597081009824
1520	0.004648256819317801
1521	0.004648253936375291
1522	0.004648251059108199
1523	0.00464824818833443
1524	0.004648245324234077
1525	0.00464824246621621
1526	0.004648239614225859
1527	0.00464823676881246
1528	0.004648233930092824
1529	0.004648231097694019
1530	0.004648228271595103
1531	0.004648225452172746
1532	0.0046482226395067085
1533	0.004648219833379093
1534	0.0046482170337742565
1535	0.004648214240953162
1536	0.0046482114549864185
1537	0.004648208675751678
1538	0.004648205903239007
1539	0.004648203137607828
1540	0.004648200378947726
1541	0.004648197627200878
1542	0.004648194882333474
1543	0.004648192144480131
1544	0.004648189413714737
1545	0.004648186689992888
1546	0.0046481839733349805
1547	0.004648181263806328
1548	0.004648178561473418
1549	0.004648175866331875
1550	0.004648173178401274
1551	0.004648170497717353
1552	0.00464816782434405
1553	0.0046481651582927636
1554	0.0046481624995826035
1555	0.004648159848253986
1556	0.004648157204326536
1557	0.004648154567843832
1558	0.004648151938824658
1559	0.0046481493172970244
1560	0.004648146703294286
1561	0.00464814409683921
1562	0.004648141497969294
1563	0.004648138906683685
1564	0.004648136323027384
1565	0.004648133747030361
1566	0.004648131178715533
1567	0.004648128618088242
1568	0.004648126065192207
1569	0.004648123520041768
1570	0.0046481209826715365
1571	0.00464811845309246
1572	0.004648115931319451
1573	0.004648113417392301
1574	0.004648110911325918
1575	0.00464810841313543
1576	0.004648105922851696
1577	0.004648103440480025
1578	0.004648100966053754
1579	0.004648098499586322
1580	0.004648096041087684
1581	0.0046480935905892804
1582	0.004648091148092309
1583	0.004648088713640692
1584	0.004648086287231221
1585	0.0046480838688872485
1586	0.0046480814586092895
1587	0.004648079056425005
1588	0.004648076662357642
1589	0.004648074276409873
1590	0.004648071898597858
1591	0.004648069528930999
1592	0.004648067167432906
1593	0.004648064814111169
1594	0.0046480624689753695
1595	0.0046480601320259924
1596	0.0046480578033037834
1597	0.004648055482793068
1598	0.004648053170517216
1599	0.004648050866476368
1600	0.004648048570699197
1601	0.004648046283165389
1602	0.004648044003916814
1603	0.004648041732932589
1604	0.004648039470234847
1605	0.004648037215831518
1606	0.004648034969725408
1607	0.004648032731923649
1608	0.004648030502427213
1609	0.00464802828125515
1610	0.004648026068402757
1611	0.004648023863873364
1612	0.004648021667673533
1613	0.004648019479806333
1614	0.004648017300285852
1615	0.0046480151290934565
1616	0.004648012966259003
1617	0.004648010811757152
1618	0.004648008665604133
1619	0.004648006527811469
1620	0.0046480043983508825
1621	0.004648002277260265
1622	0.0046480001645065475
1623	0.004647998060109685
1624	0.004647995964061354
1625	0.004647993876360487
1626	0.00464799179700662
1627	0.004647989725998557
1628	0.0046479876633361535
1629	0.004647985609013781
1630	0.004647983563034313
1631	0.004647981525380302
1632	0.004647979496070128
1633	0.004647977475079839
1634	0.004647975462417945
1635	0.004647973458069826
1636	0.0046479714620404206
1637	0.004647969474312219
1638	0.004647967494892518
1639	0.00464796552376164
1640	0.004647963560932463
1641	0.00464796160637806
1642	0.004647959660102522
1643	0.004647957722096711
1644	0.004647955792342864
1645	0.0046479538708546235
1646	0.004647951957597848
1647	0.004647950052593183
1648	0.004647948155799526
1649	0.0046479462672304
1650	0.004647944386866941
1651	0.0046479425146923395
1652	0.004647940650723037
1653	0.00464793879491632
1654	0.004647936947272023
1655	0.004647935107797087
1656	0.004647933276450833
1657	0.0046479314532429945
1658	0.004647929638146211
1659	0.004647927831161242
1660	0.004647926032265153
1661	0.004647924241448715
1662	0.004647922458704929
1663	0.004647920684016397
1664	0.004647918917362426
1665	0.0046479171587308216
1666	0.004647915408118449
1667	0.00464791366549419
1668	0.004647911930868705
1669	0.004647910204193914
1670	0.004647908485477809
1671	0.004647906774696962
1672	0.004647905071835141
1673	0.0046479033768777
1674	0.004647901689810139
1675	0.00464790001061495
1676	0.004647898339276733
1677	0.004647896675773417
1678	0.004647895020092875
1679	0.004647893372207405
1680	0.004647891732115706
1681	0.004647890099796611
1682	0.004647888475219037
1683	0.004647886858373998
1684	0.004647885249244609
1685	0.004647883647807436
1686	0.0046478820540539045
1687	0.00464788046795477
1688	0.0046478788894855376
1689	0.004647877318637407
1690	0.004647875755391742
1691	0.004647874199723907
1692	0.004647872651616972
1693	0.004647871111045053
1694	0.004647869578001403
1695	0.004647868052448178
1696	0.004647866534376817
1697	0.004647865023766098
1698	0.004647863520579959
1699	0.004647862024819445
1700	0.004647860536455595
1701	0.004647859055451211
1702	0.004647857581812949
1703	0.004647856115501687
1704	0.004647854656490403
1705	0.0046478532047727365
1706	0.004647851760322656
1707	0.0046478503231056146
1708	0.004647848893110933
1709	0.004647847470318609
1710	0.004647846054696358
1711	0.004647844646230495
1712	0.004647843244894771
1713	0.004647841850665877
1714	0.004647840463523561
1715	0.0046478390834426625
1716	0.004647837710386338
1717	0.004647836344358468
1718	0.004647834985320127
1719	0.004647833633247978
1720	0.004647832288120919
1721	0.004647830949919356
1722	0.00464782961861124
1723	0.00464782829416931
1724	0.0046478269765929964
1725	0.0046478256658293166
1726	0.004647824361874857
1727	0.00464782306470026
1728	0.004647821774266944
1729	0.004647820490572866
1730	0.004647819213590062
1731	0.0046478179432767105
1732	0.004647816679623231
1733	0.004647815422603861
1734	0.004647814172191115
1735	0.004647812928362154
1736	0.004647811691094915
1737	0.004647810460356799
1738	0.004647809236128744
1739	0.004647808018384099
1740	0.004647806807105881
1741	0.00464780560225699
1742	0.004647804403821588
1743	0.0046478032117738275
1744	0.00464780202607924
1745	0.004647800846728322
1746	0.004647799673679102
1747	0.00464779850691622
1748	0.004647797346415318
1749	0.004647796192157619
1750	0.0046477950441042035
1751	0.004647793902235998
1752	0.004647792766530148
1753	0.004647791636960565
1754	0.004647790513503098
1755	0.004647789396131128
1756	0.00464778828481698
1757	0.0046477871795384
1758	0.004647786080266249
1759	0.004647784986978409
1760	0.0046477838996581465
1761	0.004647782818270795
1762	0.0046477817427917996
1763	0.004647780673193302
1764	0.004647779609456848
1765	0.004647778551552762
1766	0.004647777499459876
1767	0.00464777645315544
1768	0.004647775412605914
1769	0.004647774377784128
1770	0.004647773348678148
1771	0.004647772325257117
1772	0.004647771307494669
1773	0.004647770295363847
1774	0.004647769288841596
1775	0.0046477682879091965
1776	0.0046477672925268965
1777	0.004647766302687614
1778	0.004647765318350106
1779	0.0046477643395062915
1780	0.004647763366118711
1781	0.004647762398167994
1782	0.004647761435625189
1783	0.004647760478467079
1784	0.0046477595266754025
1785	0.004647758580217426
1786	0.004647757639071352
1787	0.004647756703216369
1788	0.004647755772615149
1789	0.004647754847262606
1790	0.00464775392711385
1791	0.00464775301216756
1792	0.004647752102387165
1793	0.0046477511977342486
1794	0.004647750298201892
1795	0.00464774940377172
1796	0.0046477485144040456
1797	0.004647747630091054
1798	0.004647746750783795
1799	0.004647745876480106
1800	0.004647745007151374
1801	0.004647744142774901
1802	0.004647743283311259
1803	0.004647742428756248
1804	0.0046477415790824525
1805	0.004647740734263083
1806	0.00464773989427175
1807	0.004647739059082542
1808	0.004647738228678247
1809	0.004647737403038131
1810	0.004647736582133307
1811	0.004647735765943366
1812	0.0046477349544403555
1813	0.004647734147613933
1814	0.00464773334542694
1815	0.004647732547862197
1816	0.004647731754885828
1817	0.004647730966496396
1818	0.0046477301826583
1819	0.00464772940334257
1820	0.004647728628538973
1821	0.004647727858220763
1822	0.004647727092363331
1823	0.004647726330939569
1824	0.004647725573937218
1825	0.004647724821337255
1826	0.004647724073097531
1827	0.004647723329212021
1828	0.004647722589658031
1829	0.0046477218544061704
1830	0.004647721123438782
1831	0.00464772039673521
1832	0.004647719674267901
1833	0.0046477189560225765
1834	0.004647718241978249
1835	0.004647717532099533
1836	0.00464771682637747
1837	0.004647716124792935
1838	0.00464771542732394
1839	0.004647714733943618
1840	0.004647714044650039
1841	0.004647713359422509
1842	0.004647712678249918
1843	0.004647712001171655
1844	0.004647711328243159
1845	0.004647710659611391
1846	0.004647709995600756
1847	0.004647709336894385
1848	0.004647708684917637
1849	0.004647708042680959
1850	0.004647707416385165
1851	0.004647706818804676
1852	0.0046477062757972355
1853	0.004647705836976514
1854	0.004647705587929279
1855	0.0046477056340610634
1856	0.0046477059732486226
1857	0.004647706153100362
1858	0.0046477052199833955
1859	0.004647702982905669
1860	0.00464770112640089
1861	0.004647700959765119
1862	0.004647701403739989
1863	0.004647700680928824
1864	0.004647699003290733
1865	0.004647698140811833
1866	0.004647698262560749
1867	0.004647697859634567
1868	0.0046476965996648575
1869	0.0046476957584779275
1870	0.0046476956491835406
1871	0.004647695197550904
1872	0.004647694170537621
1873	0.004647693479338194
1874	0.004647693243237655
1875	0.004647692698606323
1876	0.004647691829011251
1877	0.004647691265003593
1878	0.0046476909340976025
1879	0.004647690330550398
1880	0.0046476895886639604
1881	0.004647689100857337
1882	0.004647688692513519
1883	0.00464768807315667
1884	0.0046476874341044305
1885	0.0046476869782634605
1886	0.004647686514316854
1887	0.004647685911050574
1888	0.004647685346675926
1889	0.004647684895995791
1890	0.004647684401175091
1891	0.004647683829020816
1892	0.004647683313174963
1893	0.004647682857239802
1894	0.004647682352331983
1895	0.004647681813758849
1896	0.004647681326964996
1897	0.004647680865547098
1898	0.004647680364534288
1899	0.0046476798553973095
1900	0.004647679385759166
1901	0.004647678922943719
1902	0.004647678433184758
1903	0.0046476779476627055
1904	0.004647677489249573
1905	0.004647677029614069
1906	0.004647676553935908
1907	0.004647676086941284
1908	0.0046476756374927005
1909	0.004647675184548068
1910	0.004647674723279746
1911	0.004647674271198183
1912	0.004647673830285302
1913	0.004647673386185659
1914	0.004647672938627811
1915	0.004647672499189739
1916	0.004647672067050656
1917	0.0046476716328863
1918	0.004647671198069933
1919	0.004647670769961811
1920	0.004647670346950425
1921	0.004647669923137608
1922	0.004647669500156544
1923	0.0046476690826451
1924	0.00464766866901038
1925	0.00464766825558081
1926	0.00464766784372189
1927	0.004647667436352006
1928	0.004647667032223765
1929	0.004647666629015992
1930	0.004647666227727842
1931	0.004647665830197219
1932	0.004647665435589002
1933	0.00464766504237237
1934	0.004647664651216161
1935	0.0046476642633173325
1936	0.004647663878136753
1937	0.004647663494647545
1938	0.004647663113276478
1939	0.004647662734796788
1940	0.0046476623588952125
1941	0.004647661984909501
1942	0.00464766161301669
1943	0.00464766124377623
1944	0.004647660877007643
1945	0.00464766051225047
1946	0.004647660149600834
1947	0.004647659789391478
1948	0.004647659431559892
1949	0.004647659075821677
1950	0.004647658722152384
1951	0.0046476583707922466
1952	0.004647658021733114
1953	0.004647657674779459
1954	0.004647657329873373
1955	0.004647656987171327
1956	0.004647656646688437
1957	0.00464765630829596
1958	0.004647655971948225
1959	0.00464765563769721
1960	0.004647655305612541
1961	0.0046476549755909355
1962	0.004647654647585415
1963	0.004647654321619217
1964	0.0046476539977281656
1965	0.004647653675877017
1966	0.004647653356018358
1967	0.004647653038135328
1968	0.004647652722269823
1969	0.004647652408397045
1970	0.004647652096481641
1971	0.004647651786505629
1972	0.004647651478489384
1973	0.00464765117240586
1974	0.004647650868257877
1975	0.00464765056599847
1976	0.0046476502656383235
1977	0.0046476499671733885
1978	0.004647649670594329
1979	0.0046476493758753155
1980	0.004647649083008434
1981	0.004647648791997479
1982	0.004647648502810991
1983	0.004647648215445898
1984	0.004647647929901937
1985	0.0046476476461471145
1986	0.0046476473641927285
1987	0.004647647084021209
1988	0.004647646805617179
1989	0.004647646528968918
1990	0.004647646254074255
1991	0.004647645980924955
1992	0.0046476457094962965
1993	0.004647645439786552
1994	0.0046476451717907446
1995	0.004647644905491188
1996	0.004647644640879908
1997	0.00464764437795121
1998	0.004647644116678068
1999	0.004647643857075802
2000	0.0046476435991238295
2001	0.004647643342806851
2002	0.004647643088119824
2003	0.00464764283505606
2004	0.0046476425835988155
2005	0.00464764233374664
2006	0.0046476420854818035
2007	0.004647641838803428
2008	0.004647641593694518
2009	0.00464764135015262
2010	0.004647641108162576
2011	0.004647640867715808
2012	0.004647640628809095
2013	0.004647640391426689
2014	0.004647640155559792
2015	0.004647639921199032
2016	0.0046476396883435335
2017	0.004647639456977445
2018	0.004647639227093298
2019	0.004647638998681168
2020	0.004647638771735954
2021	0.004647638546242095
2022	0.004647638322196675
2023	0.004647638099594304
2024	0.004647637878421797
2025	0.004647637658656653
2026	0.004647637440318373
2027	0.004647637223378675
2028	0.00464763700782663
2029	0.004647636793679536
2030	0.004647636580899998
2031	0.004647636369498532
2032	0.004647636159454523
2033	0.004647635950757142
2034	0.004647635743425545
2035	0.004647635537419342
2036	0.004647635332752547
2037	0.004647635129398488
2038	0.004647634927356072
2039	0.004647634726629287
2040	0.004647634527200939
2041	0.004647634329058592
2042	0.0046476341322031845
2043	0.004647633936622848
2044	0.004647633742307979
2045	0.004647633549256749
2046	0.004647633357450174
2047	0.00464763316689435
2048	0.0046476329775840975
2049	0.004647632789490999
2050	0.004647632602627723
2051	0.004647632416981233
2052	0.004647632232541033
2053	0.004647632049291307
2054	0.004647631867246752
2055	0.004647631686380171
2056	0.004647631506704104
2057	0.004647631328194671
2058	0.004647631150842825
2059	0.0046476309746572575
2060	0.00464763079961779
2061	0.004647630625725846
2062	0.004647630452965868
2063	0.004647630281347955
2064	0.00464763011083846
2065	0.004647629941460606
2066	0.004647629773171536
2067	0.004647629606003027
2068	0.004647629439924479
2069	0.004647629274938836
2070	0.004647629111029953
2071	0.004647628948200232
2072	0.004647628786442613
2073	0.004647628625744759
2074	0.004647628466106486
2075	0.004647628307512786
2076	0.0046476281499640195
2077	0.0046476279934603605
2078	0.004647627837982301
2079	0.0046476276835303665
2080	0.004647627530098155
2081	0.004647627377672123
2082	0.004647627226260998
2083	0.0046476270758496275
2084	0.004647626926431564
2085	0.004647626777990401
2086	0.0046476266305434995
2087	0.004647626484063012
2088	0.004647626338563993
2089	0.0046476261940196426
2090	0.004647626050440709
2091	0.004647625907809502
2092	0.0046476257661275345
2093	0.004647625625382696
2094	0.004647625485571965
2095	0.004647625346689135
2096	0.004647625208728169
2097	0.004647625071693586
2098	0.004647624935559343
2099	0.004647624800346648
2100	0.004647624666026228
2101	0.004647624532598555
2102	0.004647624400063023
2103	0.0046476242684083836
2104	0.004647624137643577
2105	0.004647624007741525
2106	0.004647623878709896
2107	0.00464762375053943
2108	0.004647623623228021
2109	0.0046476234967729995
2110	0.00464762337115496
2111	0.004647623246391315
2112	0.004647623122443563
2113	0.004647622999346345
2114	0.004647622877072205
2115	0.004647622755606342
2116	0.0046476226349637245
2117	0.004647622515134451
2118	0.004647622396110189
2119	0.00464762227788512
2120	0.004647622160455431
2121	0.004647622043817426
2122	0.004647621927963815
2123	0.0046476218128856895
2124	0.00464762169859074
2125	0.004647621585064594
2126	0.004647621472308867
2127	0.0046476213603155875
2128	0.004647621249070443
2129	0.00464762113858258
2130	0.004647621028844129
2131	0.004647620919841932
2132	0.004647620811582717
2133	0.004647620704056079
2134	0.004647620597255329
2135	0.004647620491182755
2136	0.0046476203858255415
2137	0.004647620281188228
2138	0.004647620177263528
2139	0.004647620074038066
2140	0.004647619971516906
2141	0.004647619869700784
2142	0.004647619768567886
2143	0.004647619668132035
2144	0.004647619568370887
2145	0.004647619469302285
2146	0.0046476193708985414
2147	0.0046476192731679045
2148	0.004647619176106069
2149	0.004647619079709096
2150	0.004647618983965388
2151	0.004647618888884716
2152	0.004647618794453279
2153	0.004647618700667282
2154	0.004647618607521893
2155	0.004647618515015118
2156	0.0046476184231408766
2157	0.004647618331901166
2158	0.004647618241279318
2159	0.004647618151291149
2160	0.004647618061914233
2161	0.004647617973159289
2162	0.004647617885009008
2163	0.004647617797467711
2164	0.004647617710522152
2165	0.004647617624185377
2166	0.004647617538436842
2167	0.00464761745328626
2168	0.004647617368720929
2169	0.004647617284743252
2170	0.0046476172013377535
2171	0.00464761711851312
2172	0.004647617036254304
2173	0.004647616954569508
2174	0.004647616873456233
2175	0.004647616792897377
2176	0.004647616712902972
2177	0.004647616633460541
2178	0.004647616554572071
2179	0.0046476164762295725
2180	0.004647616398425019
2181	0.004647616321168105
2182	0.00464761624444674
2183	0.00464761616825949
2184	0.00464761609259507
2185	0.004647616017470178
2186	0.004647615942868107
2187	0.004647615868779733
2188	0.0046476157952096975
2189	0.004647615722157558
2190	0.0046476156496048394
2191	0.004647615577559481
2192	0.004647615506038556
2193	0.00464761543500095
2194	0.004647615364460929
2195	0.004647615294419722
2196	0.004647615224865681
2197	0.004647615155801494
2198	0.004647615087218612
2199	0.004647615019125082
2200	0.004647614951502631
2201	0.004647614884358271
2202	0.004647614817688036
2203	0.004647614751479849
2204	0.004647614685742549
2205	0.0046476146204672995
2206	0.0046476145556444
2207	0.004647614491282438
2208	0.0046476144273799634
2209	0.004647614363923455
2210	0.0046476143009308475
2211	0.004647614238359486
2212	0.004647614176246468
2213	0.0046476141145643845
2214	0.004647614053325431
2215	0.00464761399251427
2216	0.004647613932134506
2217	0.004647613872184978
2218	0.004647613812659589
2219	0.004647613753555885
2220	0.004647613694872147
2221	0.004647613636610264
2222	0.004647613578757353
2223	0.004647613521317192
2224	0.004647613464284843
2225	0.00464761340766375
2226	0.004647613351444652
2227	0.0046476132956193295
2228	0.004647613240197244
2229	0.004647613185170449
2230	0.004647613130536978
2231	0.004647613076288678
2232	0.004647613022434964
2233	0.004647612968966083
2234	0.004647612915869818
2235	0.004647612863165623
2236	0.004647612810836425
2237	0.004647612758874411
2238	0.0046476127072979925
2239	0.004647612656085028
2240	0.004647612605235376
2241	0.00464761255476181
2242	0.004647612504642409
2243	0.004647612454884291
2244	0.004647612405488671
2245	0.004647612356445515
2246	0.004647612307755411
2247	0.00464761225941632
2248	0.00464761221142885
2249	0.004647612163782417
2250	0.004647612116486268
2251	0.004647612069526704
2252	0.0046476120229101995
2253	0.004647611976619181
2254	0.004647611930682586
2255	0.004647611885065499
2256	0.004647611839789593
2257	0.004647611794830413
2258	0.004647611750198853
2259	0.004647611705899436
2260	0.0046476116619160925
2261	0.0046476116182465055
2262	0.004647611574905908
2263	0.0046476115318818565
2264	0.00464761148915672
2265	0.004647611446752804
2266	0.004647611404658644
2267	0.004647611362873816
2268	0.004647611321399129
2269	0.004647611280241583
2270	0.0046476112394030385
2271	0.00464761119888981
2272	0.0046476111587571405
2273	0.004647611119057898
2274	0.004647611079930685
2275	0.004647611041663612
2276	0.004647611004803182
2277	0.004647610970473035
2278	0.004647610940939251
2279	0.00464761092081607
2280	0.004647610919354816
2281	0.0046476109550217986
2282	0.004647611063290608
2283	0.004647611307745908
2284	0.004647611781397396
2285	0.004647612554306831
2286	0.004647613459168637
2287	0.004647613817856351
2288	0.004647612846625934
2289	0.004647611151146111
2290	0.004647610499711917
2291	0.004647611296234938
2292	0.00464761203427661
2293	0.004647611482792523
2294	0.004647610479572029
2295	0.004647610486712229
2296	0.004647611138150064
2297	0.004647611094133587
2298	0.0046476104018983505
2299	0.004647610228454886
2300	0.004647610645357602
2301	0.004647610681634682
2302	0.004647610222662841
2303	0.004647610075770315
2304	0.004647610341203299
2305	0.004647610352003033
2306	0.004647610036484667
2307	0.0046476099467636315
2308	0.004647610116367954
2309	0.0046476100919691414
2310	0.004647609871414831
2311	0.00464760982513102
2312	0.004647609928831821
2313	0.004647609882621435
2314	0.004647609728183292
2315	0.004647609706351838
2316	0.004647609763744124
2317	0.004647609709082301
2318	0.004647609600777652
2319	0.004647609589228638
2320	0.004647609614963693
2321	0.004647609560754592
2322	0.00464760948358871
2323	0.004647609474099193
2324	0.004647609479391319
2325	0.004647609429830018
2326	0.0046476093729053165
2327	0.004647609361753267
2328	0.004647609354583932
2329	0.004647609310907063
2330	0.004647609266723883
2331	0.004647609252815535
2332	0.004647609238534004
2333	0.0046476092003834455
2334	0.004647609164084526
2335	0.004647609147600816
2336	0.0046476091295301865
2337	0.004647609095981678
2338	0.004647609064594334
2339	0.004647609046165252
2340	0.004647609026256256
2341	0.00464760899632723
2342	0.0046476089680978
2343	0.004647608948386857
2344	0.0046476089277284055
2345	0.004647608900572397
2346	0.004647608874496618
2347	0.004647608854063443
2348	0.004647608833253365
2349	0.0046476088082156915
2350	0.004647608783726716
2351	0.004647608762999069
2352	0.004647608742333382
2353	0.004647608718948844
2354	0.0046476086957094095
2355	0.004647608674991931
2356	0.004647608654627114
2357	0.004647608632540342
2358	0.004647608610363161
2359	0.004647608589877154
2360	0.004647608569881654
2361	0.004647608548861694
2362	0.0046476085276314204
2363	0.0046476085075033225
2364	0.004647608487919952
2365	0.004647608467784957
2366	0.004647608447410891
2367	0.004647608427741902
2368	0.004647608408590829
2369	0.004647608389220272
2370	0.0046476083696436925
2371	0.004647608350481144
2372	0.0046476083317880815
2373	0.004647608313083938
2374	0.0046476082942339654
2375	0.004647608275629288
2376	0.004647608257403615
2377	0.004647608239305792
2378	0.0046476082211278505
2379	0.00464760820309377
2380	0.004647608185362105
2381	0.004647608167805725
2382	0.004647608150264739
2383	0.004647608132806242
2384	0.004647608115573302
2385	0.004647608098532121
2386	0.004647608081567209
2387	0.004647608064680359
2388	0.00464760804794899
2389	0.004647608031411968
2390	0.004647608014995608
2391	0.0046476079986534765
2392	0.004647607982434043
2393	0.004647607966387961
2394	0.004647607950481225
2395	0.004647607934660696
2396	0.004647607918958621
2397	0.004647607903390551
2398	0.004647607887968166
2399	0.004647607872652004
2400	0.0046476078574425005
2401	0.004647607842357742
2402	0.004647607827408053
2403	0.004647607812574307
2404	0.004647607797846418
2405	0.004647607783231251
2406	0.00464760776874396
2407	0.004647607754370871
2408	0.004647607740110722
2409	0.004647607725955347
2410	0.004647607711907427
2411	0.0046476076979860914
2412	0.004647607684173136
2413	0.004647607670460587
2414	0.004647607656854121
2415	0.004647607643367481
2416	0.004647607629985094
2417	0.004647607616705454
2418	0.004647607603533413
2419	0.004647607590464258
2420	0.004647607577501575
2421	0.004647607564643037
2422	0.004647607551886626
2423	0.004647607539229968
2424	0.004647607526681141
2425	0.0046476075142196675
2426	0.00464760750186215
2427	0.004647607489612716
2428	0.00464760747745284
2429	0.00464760746538567
2430	0.00464760745342808
2431	0.004647607441558536
2432	0.00464760742978513
2433	0.0046476074181056115
2434	0.004647607406523774
2435	0.004647607395029443
2436	0.0046476073836300615
2437	0.004647607372316889
2438	0.004647607361101709
2439	0.004647607349980086
2440	0.00464760733893612
2441	0.004647607327988974
2442	0.004647607317133622
2443	0.004647607306360611
2444	0.004647607295669141
2445	0.004647607285077769
2446	0.004647607274558868
2447	0.0046476072641351805
2448	0.004647607253789911
2449	0.004647607243525902
2450	0.004647607233348974
2451	0.004647607223251426
2452	0.004647607213245412
2453	0.004647607203311779
2454	0.004647607193460862
2455	0.004647607183691588
2456	0.004647607173992963
2457	0.004647607164385346
2458	0.004647607154849818
2459	0.004647607145393372
2460	0.004647607136015739
2461	0.0046476071267107085
2462	0.004647607117485784
2463	0.0046476071083309594
2464	0.004647607099253506
2465	0.004647607090255706
2466	0.004647607081324961
2467	0.004647607072462808
2468	0.004647607063682994
2469	0.004647607054970852
2470	0.004647607046334839
2471	0.004647607037765421
2472	0.004647607029264315
2473	0.0046476070208316175
2474	0.004647607012471454
2475	0.0046476070041795055
2476	0.004647606995950911
2477	0.00464760698780197
2478	0.004647606979708585
2479	0.004647606971692221
2480	0.004647606963734662
2481	0.004647606955846195
2482	0.00464760694801428
2483	0.004647606940254553
2484	0.004647606932562111
2485	0.004647606924926037
2486	0.004647606917361996
2487	0.004647606909848589
2488	0.004647606902410614
2489	0.004647606895021513
2490	0.004647606887704678
2491	0.004647606880447163
2492	0.004647606873242103
2493	0.004647606866100429
2494	0.004647606859016907
2495	0.004647606851993265
2496	0.004647606845033014
2497	0.0046476068381270125
2498	0.004647606831280353
2499	0.004647606824485094
2500	0.0046476068177533445
2501	0.0046476068110696146
2502	0.00464760680444621
2503	0.004647606797873703
2504	0.004647606791373774
2505	0.004647606784913591
2506	0.0046476067785020305
2507	0.004647606772151127
2508	0.004647606765853785
2509	0.0046476067596147655
2510	0.0046476067534170435
2511	0.004647606747276048
2512	0.004647606741189927
2513	0.004647606735155207
2514	0.004647606729164048
2515	0.004647606723230427
2516	0.004647606717340227
2517	0.004647606711506224
2518	0.0046476067057156034
2519	0.004647606699977045
2520	0.004647606694289434
2521	0.00464760668864154
2522	0.0046476066830517205
2523	0.004647606677500171
2524	0.004647606672003842
2525	0.0046476066665510265
2526	0.004647606661137612
2527	0.00464760665577727
2528	0.004647606650461229
2529	0.004647606645192377
2530	0.004647606639964597
2531	0.004647606634779317
2532	0.004647606629647886
2533	0.0046476066245504715
2534	0.004647606619495849
2535	0.004647606614485635
2536	0.004647606609522867
2537	0.004647606604597619
2538	0.0046476065997215505
2539	0.004647606594881948
2540	0.00464760659007901
2541	0.0046476065853282645
2542	0.004647606580609832
2543	0.004647606575931511
2544	0.0046476065712945085
2545	0.0046476065667008905
2546	0.004647606562143292
2547	0.004647606557624626
2548	0.004647606553141579
2549	0.004647606548702006
2550	0.004647606544304907
2551	0.0046476065399377224
2552	0.004647606535611244
2553	0.004647606531318811
2554	0.0046476065270605865
2555	0.0046476065228462995
2556	0.004647606518667539
2557	0.004647606514522062
2558	0.004647606510415593
2559	0.0046476065063438005
2560	0.004647606502297866
2561	0.004647606498301011
2562	0.004647606494331896
2563	0.004647606490401635
2564	0.004647606486492011
2565	0.00464760648263492
2566	0.004647606478802833
2567	0.004647606475001956
2568	0.004647606471228489
2569	0.004647606467500851
2570	0.004647606463799414
2571	0.004647606460123927
2572	0.004647606456492543
2573	0.004647606452886572
2574	0.004647606449304906
2575	0.004647606445763756
2576	0.004647606442256171
2577	0.004647606438771641
2578	0.0046476064353195585
2579	0.004647606431899615
2580	0.004647606428509093
2581	0.00464760642514212
2582	0.004647606421818016
2583	0.004647606418517337
2584	0.004647606415235442
2585	0.004647606411993467
2586	0.004647606408780113
2587	0.004647606405586776
2588	0.004647606402433122
2589	0.004647606399297059
2590	0.004647606396188149
2591	0.004647606393111137
2592	0.004647606390057976
2593	0.004647606387034416
2594	0.004647606384038821
2595	0.004647606381072696
2596	0.004647606378120185
2597	0.004647606375202046
2598	0.004647606372311325
2599	0.0046476063694440815
2600	0.004647606366598903
2601	0.004647606363789188
2602	0.004647606360991986
2603	0.004647606358232927
2604	0.004647606355481293
2605	0.00464760635276104
2606	0.004647606350068608
2607	0.004647606347401499
2608	0.0046476063447511064
2609	0.00464760634213251
2610	0.004647606339533859
2611	0.004647606336954147
2612	0.004647606334401261
2613	0.00464760633187077
2614	0.00464760632935878
2615	0.004647606326874635
2616	0.004647606324411644
2617	0.004647606321969852
2618	0.004647606319549317
2619	0.004647606317150928
2620	0.00464760631476928
2621	0.00464760631241723
2622	0.004647606310080873
2623	0.00464760630777014
2624	0.0046476063054817
2625	0.004647606303208084
2626	0.004647606300955407
2627	0.004647606298719031
2628	0.004647606296514503
2629	0.004647606294321999
2630	0.004647606292149336
2631	0.004647606289995427
2632	0.004647606287863262
2633	0.004647606285745091
2634	0.004647606283651239
2635	0.004647606281574358
2636	0.004647606279515343
2637	0.004647606277481369
2638	0.0046476062754562345
2639	0.004647606273455453
2640	0.004647606271474397
2641	0.004647606269512742
2642	0.004647606267565066
2643	0.004647606265632683
2644	0.004647606263718451
2645	0.0046476062618241885
2646	0.004647606259943294
2647	0.004647606258076629
2648	0.004647606256231446
2649	0.004647606254406878
2650	0.004647606252598246
2651	0.004647606250803229
2652	0.004647606249025435
2653	0.004647606247263777
2654	0.004647606245519189
2655	0.004647606243789598
2656	0.004647606242075198
2657	0.004647606240384117
2658	0.004647606238690661
2659	0.004647606237027452
2660	0.004647606235373859
2661	0.004647606233737479
2662	0.0046476062321173335
2663	0.004647606230515138
2664	0.004647606228916927
2665	0.004647606227341232
2666	0.0046476062257775515
2667	0.004647606224226492
2668	0.0046476062226923
2669	0.004647606221174726
2670	0.004647606219666975
2671	0.004647606218172318
2672	0.0046476062166943945
2673	0.004647606215225476
2674	0.0046476062137783564
2675	0.004647606212339784
2676	0.004647606210917666
2677	0.004647606209501841
2678	0.004647606208101606
2679	0.004647606206717854
2680	0.00464760620534764
2681	0.0046476062039860445
2682	0.0046476062026385165
2683	0.004647606201305234
2684	0.004647606199976342
2685	0.004647606198668884
2686	0.004647606197372967
2687	0.004647606196083968
2688	0.004647606194810572
2689	0.004647606193552981
2690	0.004647606192300948
2691	0.004647606191067088
2692	0.004647606189848157
2693	0.00464760618864058
2694	0.004647606187460365
2695	0.004647606186305595
2696	0.004647606185204763
2697	0.004647606184191529
2698	0.004647606183321483
2699	0.004647606182735375
2700	0.00464760618268999
2701	0.004647606183674894
2702	0.004647606186702187
2703	0.004647606193727972
2704	0.004647606208665048
2705	0.004647606239259005
2706	0.004647606300660023
2707	0.004647606421827273
2708	0.004647606654491563
2709	0.004647607079289353
2710	0.004647607775042003
2711	0.004647608683884928
2712	0.004647609332767716
2713	0.004647608920196525
2714	0.0046476074057244885
2715	0.004647606235489659
2716	0.00464760652531776
2717	0.0046476074994472386
2718	0.004647607635891487
2719	0.004647606739862795
2720	0.004647606172013528
2721	0.004647606610841962
2722	0.004647607088946447
2723	0.00464760675555758
2724	0.00464760621836668
2725	0.004647606326601557
2726	0.004647606704867925
2727	0.00464760659980182
2728	0.004647606227097177
2729	0.004647606233847381
2730	0.004647606491332921
2731	0.004647606458155339
2732	0.004647606206930197
2733	0.004647606190322059
2734	0.004647606365972687
2735	0.0046476063585442345
2736	0.004647606187977396
2737	0.004647606164761095
2738	0.0046476062830998095
2739	0.004647606288413333
2740	0.004647606175811706
2741	0.0046476061520040685
2742	0.0046476062276123355
2743	0.004647606236662759
2744	0.004647606165370895
2745	0.004647606146049645
2746	0.004647606192830284
2747	0.0046476062003073994
2748	0.004647606154840308
2749	0.004647606140843905
2750	0.00464760617087478
2751	0.004647606176810711
2752	0.004647606146503754
2753	0.004647606135166435
2754	0.004647606154932355
2755	0.004647606161096787
2756	0.004647606141178021
2757	0.004647606130891329
2758	0.0046476061428099074
2759	0.00464760614896798
2760	0.004647606136992143
2761	0.004647606128287793
2762	0.004647606134481869
2763	0.0046476061394718155
2764	0.004647606132660932
2765	0.004647606125998127
2766	0.00464760612890941
2767	0.004647606132595383
2768	0.004647606128681598
2769	0.004647606123516718
2770	0.004647606124542828
2771	0.004647606127355741
2772	0.00464760612537777
2773	0.004647606121340974
2774	0.00464760612100021
2775	0.004647606122930436
2776	0.004647606122275509
2777	0.004647606119419856
2778	0.004647606118321797
2779	0.004647606119281507
2780	0.004647606119224772
2781	0.004647606117382882
2782	0.00464760611611465
2783	0.004647606116379525
2784	0.004647606116467069
2785	0.004647606115290481
2786	0.004647606114062029
2787	0.004647606113887651
2788	0.00464760611396891
2789	0.004647606113273434
2790	0.004647606112195439
2791	0.004647606111692587
2792	0.004647606111642647
2793	0.004647606111251061
2794	0.004647606110425546
2795	0.004647606109785261
2796	0.004647606109541404
2797	0.004647606109252436
2798	0.004647606108655181
2799	0.004647606108025587
2800	0.004647606107645547
2801	0.004647606107367017
2802	0.004647606106920865
2803	0.0046476061063526995
2804	0.004647606105901173
2805	0.004647606105586177
2806	0.00464760610522936
2807	0.004647606104749778
2808	0.004647606104272784
2809	0.004647606103908916
2810	0.004647606103579984
2811	0.004647606103183056
2812	0.004647606102738563
2813	0.004647606102343384
2814	0.0046476061020052474
2815	0.004647606101645065
2816	0.0046476061012525076
2817	0.004647606100861931
2818	0.004647606100511746
2819	0.004647606100175598
2820	0.0046476060998249845
2821	0.004647606099451956
2822	0.004647606099095974
2823	0.004647606098764669
2824	0.004647606098438699
2825	0.004647606098098544
2826	0.0046476060977512215
2827	0.004647606097426054
2828	0.004647606097104761
2829	0.0046476060967826135
2830	0.004647606096460002
2831	0.0046476060961362555
2832	0.004647606095829592
2833	0.004647606095524946
2834	0.004647606095220886
2835	0.00464760609491009
2836	0.004647606094605231
2837	0.004647606094307696
2838	0.0046476060940176134
2839	0.004647606093735752
2840	0.0046476060934383615
2841	0.0046476060931511425
2842	0.004647606092870409
2843	0.004647606092590376
2844	0.004647606092317408
2845	0.004647606092041883
2846	0.004647606091770675
2847	0.00464760609150046
2848	0.004647606091236433
2849	0.004647606090975251
2850	0.0046476060907156315
2851	0.004647606090456849
2852	0.004647606090204051
2853	0.004647606089946483
2854	0.004647606089700053
2855	0.0046476060894529185
2856	0.004647606089211498
2857	0.004647606088964845
2858	0.004647606088732723
2859	0.004647606088497578
2860	0.0046476060882578996
2861	0.0046476060880279255
2862	0.004647606087793628
2863	0.004647606087568756
2864	0.004647606087338201
2865	0.004647606087113879
2866	0.004647606086898375
2867	0.004647606086683464
2868	0.004647606086467167
2869	0.004647606086253704
2870	0.004647606086041563
2871	0.004647606085833857
2872	0.004647606085623779
2873	0.004647606085420172
2874	0.004647606085219901
2875	0.004647606085015039
2876	0.004647606084821345
2877	0.004647606084623808
2878	0.0046476060844301195
2879	0.004647606084239361
2880	0.004647606084047842
2881	0.004647606083853098
2882	0.004647606083674368
2883	0.004647606083486671
2884	0.004647606083303875
2885	0.004647606083127876
2886	0.004647606082948938
2887	0.0046476060827649835
2888	0.004647606082591744
2889	0.004647606082421053
2890	0.004647606082251934
2891	0.004647606082078922
2892	0.004647606081908067
2893	0.004647606081745702
2894	0.004647606081578727
2895	0.004647606081416931
2896	0.004647606081259917
2897	0.00464760608110316
2898	0.00464760608094577
2899	0.0046476060807845825
2900	0.004647606080635868
2901	0.004647606080485554
2902	0.004647606080329988
2903	0.004647606080176761
2904	0.004647606080026604
2905	0.004647606079884342
2906	0.004647606079738239
2907	0.004647606079597464
2908	0.0046476060794575415
2909	0.00464760607931024
2910	0.004647606079170848
2911	0.004647606079038106
2912	0.004647606078902659
2913	0.004647606078768425
2914	0.00464760607863623
2915	0.0046476060785001485
2916	0.004647606078369325
2917	0.00464760607824622
2918	0.004647606078115789
2919	0.004647606077990167
2920	0.004647606077866965
2921	0.004647606077742813
2922	0.004647606077625078
2923	0.0046476060775040625
2924	0.004647606077383559
2925	0.004647606077261336
2926	0.0046476060771533136
2927	0.004647606077032425
2928	0.004647606076918895
2929	0.0046476060768027355
2930	0.0046476060766952165
2931	0.0046476060765834005
2932	0.004647606076471576
2933	0.004647606076363169
2934	0.004647606076257887
2935	0.004647606076151648
2936	0.004647606076044916
2937	0.00464760607594521
2938	0.004647606075835939
2939	0.004647606075736081
2940	0.004647606075636878
2941	0.004647606075537151
2942	0.00464760607544319
2943	0.00464760607534808
2944	0.004647606075244207
2945	0.004647606075153359
2946	0.004647606075056179
2947	0.00464760607495799
2948	0.004647606074869258
2949	0.004647606074783542
2950	0.004647606074689634
2951	0.004647606074605258
2952	0.0046476060745103635
2953	0.004647606074426388
2954	0.004647606074343869
2955	0.004647606074254258
2956	0.0046476060741692075
2957	0.004647606074085357
2958	0.0046476060740020236
2959	0.004647606073924886
2960	0.004647606073841416
2961	0.004647606073766052
2962	0.004647606073690849
2963	0.004647606073601264
2964	0.004647606073529456
2965	0.00464760607345462
2966	0.004647606073377187
2967	0.004647606073302389
2968	0.004647606073228225
2969	0.004647606073157498
2970	0.0046476060730817415
2971	0.004647606073013427
2972	0.004647606072939034
2973	0.004647606072868736
2974	0.004647606072807358
2975	0.004647606072736486
2976	0.00464760607267044
2977	0.004647606072608517
2978	0.004647606072546668
2979	0.004647606072496405
2980	0.004647606072454126
2981	0.00464760607244117
2982	0.004647606072465835
2983	0.004647606072552206
2984	0.004647606072768298
2985	0.004647606073239046
2986	0.004647606074167351
2987	0.004647606075962447
2988	0.004647606079400596
2989	0.004647606086005612
2990	0.004647606098662925
2991	0.004647606122967643
2992	0.004647606169755205
2993	0.004647606259726277
2994	0.004647606431792919
2995	0.004647606755821018
2996	0.004647607344835605
2997	0.0046476083397585565
2998	0.004647609780828155
2999	0.004647611265353289
3000	0.004647611651931089
3001	0.00464760995766831
3002	0.004647607300053076
3003	0.004647606245508307
3004	0.004647607401574876
3005	0.004647608727831924
3006	0.004647608263271255
3007	0.0046476066536098965
3008	0.004647606120335399
3009	0.004647607059648689
3010	0.00464760771281228
3011	0.004647607050315118
3012	0.004647606203303598
3013	0.004647606396438196
3014	0.004647607014258979
3015	0.004647606886962698
3016	0.004647606243188732
3017	0.004647606121408042
3018	0.00464760654965228
3019	0.004647606677168878
3020	0.004647606308577722
3021	0.004647606101746735
3022	0.004647606326044036
3023	0.004647606487851659
3024	0.004647606286913296
3025	0.00464760607970734
3026	0.004647606171164713
3027	0.004647606321045672
3028	0.004647606245026253
3029	0.0046476060924729385
3030	0.0046476061154646555
3031	0.00464760622967952
3032	0.004647606216053355
