  0.000000   -0.77642862194868   -0.17958392028290    0.00000000000000    0.00000000000000    0.00000000000000  
  0.010000   -0.77643524771207   -0.17972355237924    0.00987537694497    0.01146867393286    0.00021264047694  
  0.020000   -0.77645511507306   -0.18014166289847    0.01974158027519    0.02290696275346    0.00084900409402  
  0.030000   -0.77648819417957   -0.18083590008913    0.02958948865856    0.03428470560236    0.00190443142475  
  0.040000   -0.77653443506381   -0.18180236284839    0.03941008490944    0.04557218826727    0.00337120334414  
  0.050000   -0.77659376732314   -0.18303562829419    0.04919450701858    0.05674036187658    0.00523861045406  
  0.060000   -0.77666609967800   -0.18452879006322    0.05893409794104    0.06776105608150    0.00749304937649  
  0.070000   -0.77675131941170   -0.18627350703466    0.06862045374478    0.07860718496418    0.01011814502249  
  0.080000   -0.77684929169794   -0.18826006209812    0.07824546973650    0.08925294397145    0.01309489770460  
  0.090000   -0.77695985882333   -0.19047743050596    0.08780138419885    0.09967399625174    0.01640185373042  
  0.100000   -0.77708283931319   -0.19291335727557    0.09728081939336    0.10984764686389    0.02001529789873  
  0.110000   -0.77721802697017   -0.19555444303718    0.10667681950691    0.11975300343094    0.02390946611715  
  0.120000   -0.77736518983603   -0.19838623765745    0.11598288524577    0.12937112192914    0.02805677617578  
  0.130000   -0.77752406908812   -0.20139334090966    0.12519300480979    0.13868513642985    0.03242807454417  
  0.140000   -0.77769437788243   -0.20455950940737    0.13430168101008    0.14768037175043    0.03699289691315  
  0.150000   -0.77787580015654   -0.20786776897167    0.14330395432673    0.15634443811655    0.04171974007749  
  0.160000   -0.77806798940552   -0.21130053156121    0.15219542173714    0.16466730709313    0.04657634265354  
  0.170000   -0.77827056744511   -0.21483971586127    0.16097225118209    0.17264136820106    0.05152997204699  
  0.180000   -0.77848312317633   -0.21846687060224    0.16963119157294    0.18026146580257    0.05654771503149  
  0.190000   -0.77870521136612   -0.22216329965933    0.17816957828184    0.18752491600623    0.06159676926922  
  0.200000   -0.77893635145885   -0.22591018797505    0.18658533409430    0.19443150351296    0.06664473309998  
  0.210000   -0.77917602643318   -0.22968872734311    0.19487696564211    0.20098345849510    0.07165989094558  
  0.220000   -0.77942368171893   -0.23348024109737    0.20304355537236    0.20718541376971    0.07661149172172  
  0.230000   -0.77967872418828   -0.23726630676229    0.21108474914570    0.21304434269428    0.08147001771912  
  0.240000   -0.77994052123504   -0.24102887574177    0.21900073959343    0.21856947837531    0.08620744150878  
  0.250000   -0.78020839995549   -0.24475038915089    0.22679224539816    0.22377221493720    0.09079746854228  
  0.260000   -0.78048164644346   -0.24841388893017    0.23446048669647    0.22866599174922    0.09521576325578  
  0.270000   -0.78075950521173   -0.25200312342375    0.24200715683383    0.23326616164969    0.09944015664390  
  0.280000   -0.78104117875086   -0.25550264665103    0.24943439073172    0.23758984433927    0.10345083344637  
  0.290000   -0.78132582723562   -0.25889791055600    0.25674473015419    0.24165576623674    0.10723049728402  
  0.300000   -0.78161256838841   -0.26217534957803    0.26394108618609    0.24548408820092    0.11076451228920  
  0.310000   -0.78190047750747   -0.26532245695317    0.27102669925676    0.24909622261987    0.11404101999761  
  0.320000   -0.78218858766707   -0.26832785222441    0.27800509706238    0.25251464145270    0.11705103050161  
  0.330000   -0.78247589009507   -0.27118133951291    0.28488005075572    0.25576267687949    0.11978848710645  
  0.340000   -0.78276133473240   -0.27387395617865    0.29165552978462    0.25886431627000    0.12225030397912  
  0.350000   -0.78304383097736   -0.27639801157860    0.29833565576989    0.26184399322266    0.12443637653190  
  0.360000   -0.78332224861649   -0.27874711571164    0.30492465581892    0.26472637644966    0.12634956453634  
  0.370000   -0.78359541894215   -0.28091619762207    0.31142681567361    0.26753615829407    0.12799564821685  
  0.380000   -0.78386213605581   -0.28290151351669    0.31784643309012    0.27029784465809    0.12938325782334  
  0.390000   -0.78412115835447   -0.28470064463351    0.32418777184324    0.27303554810046    0.13052377742659  
  0.400000   -0.78437121019635   -0.28631248498234    0.33045501674017    0.27577278582382    0.13143122391762  
  0.410000   -0.78461098374063   -0.28773721915821    0.33665223001712    0.27853228422141    0.13212210241856  
  0.420000   -0.78483914095471   -0.28897629050718    0.34278330947775    0.28133579158656    0.13261523952795  
  0.430000   -0.78505431578122   -0.29003235999983    0.34885194871469    0.28420390050867    0.13293159602371  
  0.440000   -0.78525511645587   -0.29090925624004    0.35486159973508    0.28715588138718    0.13309406083201  
  0.450000   -0.78544012796587   -0.29161191710494    0.36081543828792    0.29020952839033    0.13312722823735  
  0.460000   -0.78560791463804   -0.29214632357580    0.36671633216534    0.29338101907032    0.13305716045678  
  0.470000   -0.78575702284433   -0.29251942637796    0.37256681272215    0.29668478872070    0.13291113782910  
  0.480000   -0.78588598381184   -0.29273906610153    0.37836904982822    0.30013342042814    0.13271739897500  
  0.490000   -0.78599331652367   -0.29281388752111    0.38412483043685    0.30373755162849    0.13250487336765  
  0.500000   -0.78607753069621   -0.29275324887429    0.38983554091916    0.30750579782942    0.13230290881281  
  0.510000   -0.78613712981790   -0.29256712689245    0.39550215328095    0.31144469400893    0.13214099637375  
  0.520000   -0.78617061423426   -0.29226601840487    0.40112521534337    0.31555865404274    0.13204849528812  
  0.530000   -0.78617648426341   -0.29186083935758    0.40670484493367    0.31984994835495    0.13205436041208  
  0.540000   -0.78615324332635   -0.29136282210142    0.41224072809691    0.32431869982733    0.13218687469083  
  0.550000   -0.78609940107611   -0.29078341180960    0.41773212130419    0.32896289784419    0.13247338909583  
  0.560000   -0.78601347650986   -0.29013416288382    0.42317785759821    0.33377843019350    0.13294007238665  
  0.570000   -0.78589400104847   -0.28942663619935    0.42857635658306    0.33875913239215    0.13361167295163  
  0.580000   -0.78573952156809   -0.28867229802403    0.43392563813217    0.34389685385550    0.13451129485717  
  0.590000   -0.78554860336888   -0.28788242142340    0.43922333965668    0.34918154018971    0.13566019009085  
  0.600000   -0.78531983306643   -0.28706799093532    0.44446673674690    0.35460133075080    0.13707756882204  
  0.610000   -0.78505182139221   -0.28623961126181    0.44965276697118    0.36014267048909    0.13878042932459  
  0.620000   -0.78474320588988   -0.28540742068451    0.45477805659079    0.36579043498101    0.14078340901343  
  0.630000   -0.78439265349549   -0.28458100986288    0.45983894992594    0.37152806744524    0.14309865784070  
  0.640000   -0.78399886299006   -0.28376934662238    0.46483154108699    0.37733772644574    0.14573573508087  
  0.650000   -0.78356056731438   -0.28298070728269    0.46975170776668    0.38320044290255    0.14870153030885  
  0.660000   -0.78307653573685   -0.28222261501520    0.47459514677385    0.38909628496227    0.15200020914370  
  0.670000   -0.78254557586616   -0.28150178565433    0.47935741097664    0.39500452922466    0.15563318409526  
  0.680000   -0.78196653550195   -0.28082408131972    0.48403394731390    0.40090383677996    0.15959911061297  
  0.690000   -0.78133830431782   -0.28019447213599    0.48862013552734    0.40677243248420    0.16389390819984  
  0.700000   -0.78065981537209   -0.27961700626555    0.49311132726377    0.41258828588601    0.16851080621963  
  0.710000   -0.77993004644321   -0.27909478839639    0.49750288519714    0.41832929221997    0.17344041379617  
  0.720000   -0.77914802118790   -0.27862996675367    0.50179022182325    0.42397345189580    0.17867081298163  
  0.730000   -0.77831281012140   -0.27822372863065    0.50596883758627    0.42949904694253    0.18418767415702  
  0.740000   -0.77742353142035   -0.27787630436153    0.51003435800585    0.43488481290857    0.18997439242672  
  0.750000   -0.77647935155020   -0.27758697958805    0.51398256948570    0.44011010477465    0.19601224357974  
  0.760000   -0.77547948572029   -0.27735411560222    0.51780945349960    0.44515505550437    0.20228055801634  
  0.770000   -0.77442319817065   -0.27717517748087    0.52151121886848    0.45000072593701    0.20875691088117  
  0.780000   -0.77330980229595   -0.27704676966438    0.52508433186239    0.45462924481775    0.21541732650390  
  0.790000   -0.77213866061292   -0.27696467857185    0.52852554388333    0.45902393786130    0.22223649512773  
  0.800000   -0.77090918457863   -0.27692392178942    0.53183191650932    0.46316944485458    0.22918799980529  
  0.810000   -0.76962083426778   -0.27691880331714    0.53500084370622    0.46705182392154    0.23624455126149  
  0.820000   -0.76827311791817   -0.27694297431364    0.53803007104132    0.47065864219811    0.24337822846495  
  0.830000   -0.76686559135407   -0.27698949873715    0.54091771176156    0.47397905229469    0.25056072261300  
  0.840000   -0.76539785729789   -0.27705092324601    0.54366225962912    0.47700385405863    0.25776358222146  
  0.850000   -0.76386956458115   -0.27711935069281    0.54626259843758    0.47972554128625    0.26495845701839  
  0.860000   -0.76228040726620   -0.27718651652294    0.54871800816275    0.48213833317353    0.27211733837130  
  0.870000   -0.76063012369015   -0.27724386737150    0.55102816773329    0.48423819043451    0.27921279402878  
  0.880000   -0.75891849544331   -0.27728264114214    0.55319315443714    0.48602281615550    0.28621819503028  
  0.890000   -0.75714534629382   -0.27729394784690    0.55521344001015    0.48749164159045    0.29310793273035  
  0.900000   -0.75531054107080   -0.27726885048874    0.55708988348291    0.48864579723654    0.29985762399523  
  0.910000   -0.75341398451781   -0.27719844527659    0.55882372089063    0.48948806965870    0.30644430275934  
  0.920000   -0.75145562012846   -0.27707394047765    0.56041655197816    0.49002284465530    0.31284659627517  
  0.930000   -0.74943542897551   -0.27688673323206    0.56187032405832    0.49025603747455    0.31904488455071  
  0.940000   -0.74735342854468   -0.27662848368152    0.56318731320576    0.49019501090027    0.32502144164298  
  0.950000   -0.74520967158357   -0.27629118579518    0.56437010299108    0.48984848212668    0.33076055766157  
  0.960000   -0.74300424497578   -0.27586723431296    0.56542156097994    0.48922641943271    0.33624864053146  
  0.970000   -0.74073726864952   -0.27534948726800    0.56634481323971    0.48833992974733    0.34147429676704  
  0.980000   -0.73840889452933   -0.27473132359588    0.56714321711196    0.48720113826757    0.34642839071762  
  0.990000   -0.73601930553872   -0.27400669538814    0.56782033252160    0.48582306134884    0.35110408195687  
  1.000000   -0.73356871466072   -0.27317017440049    0.56837989210400    0.48421947393435    0.35549684070154  
  1.010000   -0.73105736406237   -0.27221699248227    0.56882577043885    0.48240477282419    0.35960444135797  
  1.020000   -0.72848552428830   -0.27114307565223    0.56916195268427    0.48039383710679    0.36342693450437  
  1.030000   -0.72585349352759   -0.26994507160557    0.56939250290669    0.47820188708482    0.36696659782249  
  1.040000   -0.72316159695705   -0.26862037049869    0.56952153240118    0.47584434302418    0.37022786669030  
  1.050000   -0.72041018616306   -0.26716711892041    0.56955316829336    0.47333668503948    0.37321724533761  
  1.060000   -0.71759963864323   -0.26558422702023    0.56949152270787    0.47069431540171    0.37594319964551  
  1.070000   -0.71473035738789   -0.26387136882639    0.56934066277944    0.46793242451423    0.37841603283830  
  1.080000   -0.71180277054083   -0.26202897584691    0.56910458177136    0.46506586175318    0.38064774546993  
  1.090000   -0.70881733113720   -0.26005822410633    0.56878717155240    0.46210901230661    0.38265188124580  
  1.100000   -0.70577451691613   -0.25796101482790    0.56839219666740    0.45907568107577    0.38444336034324  
  1.110000   -0.70267483020433   -0.25573994902574    0.56792327021872    0.45597898462161    0.38603830199877  
  1.120000   -0.69951879786630   -0.25339829632309    0.56738383175608    0.45283125205064    0.38745383821722  
  1.130000   -0.69630697131591   -0.25093995836103    0.56677712735067    0.44964393563812    0.38870792052572  
  1.140000   -0.69303992658344   -0.24836942720637    0.56610619200690    0.44642753188396    0.38981912174340  
  1.150000   -0.68971826443146   -0.24569173920768    0.56537383454056    0.44319151358856    0.39080643476700  
  1.160000   -0.68634261051248   -0.24291242478382    0.56458262502771    0.43994427342338    0.39168907038028  
  1.170000   -0.68291361556067   -0.24003745466044    0.56373488490248    0.43669307935524    0.39248625608486  
  1.180000   -0.67943195560952   -0.23707318309545    0.56283267975591    0.43344404216573    0.39321703791843  
  1.190000   -0.67589833222722   -0.23402628865516    0.56187781486145    0.43020209518806    0.39390008717713  
  1.200000   -0.67231347276094   -0.23090371311782    0.56087183342666    0.42697098626527    0.39455351389002  
  1.210000   -0.66867813058138   -0.22771259909122    0.55981601754407    0.42375328181620    0.39519468880786  
  1.220000   -0.66499308531868   -0.22446022693508    0.55871139178918    0.42055038278076    0.39584007556568  
  1.230000   -0.66125914308082   -0.22115395157786    0.55755872938844    0.41736255210450    0.39650507456063  
  1.240000   -0.65747713664599   -0.21780113981102    0.55635856085644    0.41418895331547    0.39720387995416  
  1.250000   -0.65364792562023   -0.21440910863180    0.55511118497909    0.41102769964493    0.39794935106273  
  1.260000   -0.64977239655230   -0.21098506518866    0.55381668199829    0.40787591304814    0.39875289924495  
  1.270000   -0.64585146299783   -0.20753604886155    0.55247492883435    0.40472979239377    0.39962439122733  
  1.280000   -0.64188606552547   -0.20406887598265    0.55108561616451    0.40158469001056    0.40057206963712  
  1.290000   -0.63787717165805   -0.20059008767219    0.54964826716036    0.39843519570838    0.40160249133131  
  1.300000   -0.63382577574254   -0.19710590122907    0.54816225767300    0.39527522732953    0.40272048392685  
  1.310000   -0.62973289874312   -0.19362216547720    0.54662683764375    0.39209812683343    0.40392912075120  
  1.320000   -0.62559958795242   -0.19014432042673    0.54504115350842    0.38889676087637    0.40522971424565  
  1.330000   -0.62142691661676   -0.18667736156420    0.54340427135681    0.38566362481646    0.40662182766896  
  1.340000   -0.61721598347179   -0.18322580903878    0.54171520060416    0.38239094905346    0.40810330476660  
  1.350000   -0.61296791218616   -0.17979368196226    0.53997291792962    0.37907080660295    0.40967031689462  
  1.360000   -0.60868385071124   -0.17638447798998    0.53817639123658    0.37569522080581    0.41131742691684  
  1.370000   -0.60436497053601   -0.17300115829797    0.53632460339301    0.37225627208507    0.41303766903249  
  1.380000   -0.60001246584709   -0.16964613801979    0.53441657551435    0.36874620268477    0.41482264354015  
  1.390000   -0.59562755259467   -0.16632128215384    0.53245138955921    0.36515751835744    0.41666262540330  
  1.400000   -0.59121146746590   -0.16302790690057    0.53042821001733    0.36148308600901    0.41854668535576  
  1.410000   -0.58676546676836   -0.15976678633811    0.52834630448078    0.35771622636111    0.42046282217142  
  1.420000   -0.58229082522674   -0.15653816429535    0.52620506290277    0.35385080075079    0.42239810462437  
  1.430000   -0.57778883469687   -0.15334177123416    0.52400401536365    0.34988129125537    0.42433882158257  
  1.440000   -0.57326080280183   -0.15017684590702    0.52174284818038    0.34580287340566    0.42627063861183  
  1.450000   -0.56870805149570   -0.14704216151402    0.51942141821392    0.34161148083205    0.42817875941777  
  1.460000   -0.56413191556103   -0.14393605604330    0.51703976524865    0.33730386127547    0.43004809042125  
  1.470000   -0.55953374104673   -0.14085646644342    0.51459812233803    0.33287762348704    0.43186340674856  
  1.480000   -0.55491488365360   -0.13780096624321    0.51209692403239    0.32833127463591    0.43360951792052  
  1.490000   -0.55027670707536   -0.13476680620670    0.50953681242631    0.32366424794338    0.43527143154546  
  1.500000   -0.54562058130292   -0.13175095758622    0.50691864098571    0.31887692036145    0.43683451335808  
  1.510000   -0.54094788090068   -0.12875015751689    0.50424347613685    0.31397062021522    0.43828464200049  
  1.520000   -0.53625998326316   -0.12576095608083    0.50151259662210    0.30894762482931    0.43960835701122  
  1.530000   -0.53155826686097   -0.12277976455813    0.49872749064956    0.30381114825831    0.44079299857248  
  1.540000   -0.52684410948480   -0.11980290437624    0.49588985088497    0.29856531933849    0.44182683766496  
  1.550000   -0.52211888649655   -0.11682665626782    0.49300156735551    0.29321515037292    0.44269919539023  
  1.560000   -0.51738396909612   -0.11384730915062    0.49006471835528    0.28776649685210    0.44340055034439  
  1.570000   -0.51264072261273   -0.11086120825090    0.48708155946091    0.28222600869837    0.44392263305918  
  1.580000   -0.50789050482913   -0.10786480200459    0.48405451078379    0.27660107360175    0.44425850666941  
  1.590000   -0.50313466434674   -0.10485468728690    0.48098614260157    0.27089975308913    0.44440263311408  
  1.600000   -0.49837453899964   -0.10182765254214    0.47787915952626    0.26513071203466    0.44435092433420  
  1.610000   -0.49361145432464   -0.09878071841057    0.47473638337958    0.25930314237873    0.44410077808872  
  1.620000   -0.48884672209431   -0.09571117547703    0.47156073495700    0.25342668187322    0.44365109817161  
  1.630000   -0.48408163891926   -0.09261661879832    0.46835521487174    0.24751132871326    0.44300229897535  
  1.640000   -0.47931748492541   -0.08949497890076    0.46512288367678    0.24156735294889    0.44215629450686  
  1.650000   -0.47455552251129   -0.08634454897670    0.46186684146881    0.23560520559420    0.44111647212104  
  1.660000   -0.46979699518981   -0.08316400804860    0.45859020718083    0.22963542636622    0.43988765139095  
  1.670000   -0.46504312651815   -0.07995243991034    0.45529609777146    0.22366855099152    0.43847602868284  
  1.680000   -0.46029511911876   -0.07670934769869    0.45198760751806    0.21771501901422    0.43688910814549  
  1.690000   -0.45555415379371   -0.07343466399155    0.44866778761780    0.21178508302612    0.43513561995645  
  1.700000   -0.45082138873382   -0.07012875637407    0.44533962629586    0.20588872021740    0.43322542679075  
  1.710000   -0.44609795882332   -0.06679242845851    0.44200602961282    0.20003554711532    0.43116941958965  
  1.720000   -0.44138497503999   -0.06342691638801    0.43866980315495    0.19423473833917    0.42897940380730  
  1.730000   -0.43668352394996   -0.06003388089812    0.43533363478018    0.18849495015234    0.42666797739956  
  1.740000   -0.43199466729575   -0.05661539505257    0.43200007858062    0.18282424953790    0.42424840189302  
  1.750000   -0.42731944167521   -0.05317392781091    0.42867154020892    0.17723004946280    0.42173446793031  
  1.760000   -0.42265885830870   -0.04971232362463    0.42535026370053    0.17171905092826    0.41914035673231  
  1.770000   -0.41801390289078   -0.04623377829569    0.42203831990818    0.16629719233121    0.41648049894562  
  1.780000   -0.41338553552246   -0.04274181136552    0.41873759664728    0.16096960658416    0.41376943235766  
  1.790000   -0.40877469071943   -0.03924023533411    0.41544979063327    0.15574058635972    0.41102165995878  
  1.800000   -0.40418227749101   -0.03573312203732    0.41217640127328    0.15061355774186    0.40825150981381  
  1.810000   -0.39960917948435   -0.03222476653528    0.40891872635516    0.14559106247954    0.40547299817269  
  1.820000   -0.39505625518806   -0.02871964888622    0.40567785965776    0.14067474895115    0.40269969720318  
  1.830000   -0.39052433818887   -0.02522239419753    0.40245469048696    0.13586537185995    0.39994460866758  
  1.840000   -0.38601423747497   -0.02173773135950    0.39924990512243    0.13116280059372    0.39722004479172  
  1.850000   -0.38152673777940   -0.01827045087669    0.39606399014137    0.12656603609578    0.39453751748818  
  1.860000   -0.37706259995662   -0.01482536221742    0.39289723756690    0.12207323601069    0.39190763699821  
  1.870000   -0.37262256138563   -0.01140725110324    0.38974975177089    0.11768174778748    0.38934002090943  
  1.880000   -0.36820733639265   -0.00802083715735    0.38662145804437    0.11338814934644    0.38684321438956  
  1.890000   -0.36381761668693   -0.00467073232443    0.38351211273246    0.10918829684305    0.38442462235245  
  1.900000   -0.35945407180297   -0.00136140046348    0.38042131481619    0.10507737899586    0.38209045414194  
  1.910000   -0.35511734954287    0.00190288149934    0.37734851881018    0.10104997738370    0.37984568118362  
  1.920000   -0.35080807641287    0.00511806048881    0.37429304883303    0.09710013206331    0.37769400791577  
  1.930000   -0.34652685804829    0.00828034192224    0.37125411369690    0.09322141181015    0.37563785616944  
  1.940000   -0.34227427962160    0.01138622175224    0.36823082285401    0.08940698824526    0.37367836302650  
  1.950000   -0.33805090622868    0.01443251561540    0.36522220303054    0.08564971307787    0.37181539204367  
  1.960000   -0.33385728324892    0.01741638482278    0.36222721537307    0.08194219766902    0.37004755759246  
  1.970000   -0.32969393667526    0.02033535896002    0.35924477292936    0.07827689410458    0.36837226193066  
  1.980000   -0.32556137341075    0.02318735490036    0.35627375828324    0.07464617695779    0.36678574449173  
  1.990000   -0.32146008152898    0.02597069206939    0.35331304116384    0.07104242492126    0.36528314275577  
  2.000000   -0.31739053049608    0.02868410383889    0.35036149585087    0.06745810149666    0.36385856395081  
  2.010000   -0.31335317135271    0.03132674496477    0.34741801820189    0.06388583394603    0.36250516672699  
  2.020000   -0.30934843685518    0.03389819502400    0.34448154213246    0.06031848973323    0.36121525184962  
  2.030000   -0.30537674157524    0.03639845784414    0.34155105538739    0.05674924971500    0.35998036087216  
  2.040000   -0.30143848195889    0.03882795695837    0.33862561444997    0.05317167738004    0.35879138167551  
  2.050000   -0.29753403634497    0.04118752715720    0.33570435844605    0.04957978348008    0.35763865969900  
  2.060000   -0.29366376494511    0.04347840224565    0.33278652191149    0.04596808544799    0.35651211363914  
  2.070000   -0.28982800978693    0.04570219915059    0.32987144630410    0.04233166105589    0.35540135435676  
  2.080000   -0.28602709462306    0.04786089855765    0.32695859015507    0.03866619582785    0.35429580571097  
  2.090000   -0.28226132480917    0.04995682228937    0.32404753776964    0.03496802378901    0.35318482602984  
  2.100000   -0.27853098715422    0.05199260766656    0.32113800640244    0.03123416120279    0.35205782893250  
  2.110000   -0.27483634974719    0.05397117912243    0.31822985184877    0.02746233302134    0.35090440223617  
  2.120000   -0.27117766176434    0.05589571736381    0.31532307241022    0.02365099184988    0.34971442371272  
  2.130000   -0.26755515326172    0.05776962639570    0.31241781120968    0.01979932930209    0.34847817250400  
  2.140000   -0.26396903495792    0.05959649874371    0.30951435684774    0.01590727970156    0.34718643506120  
  2.150000   -0.26041949801189    0.06138007922426    0.30661314240982    0.01197551616127    0.34583060454144  
  2.160000   -0.25690671380149    0.06312422762416    0.30371474284993    0.00800543914964    0.34440277267308  
  2.170000   -0.25343083370774    0.06483288065883    0.30081987079323    0.00399915772619    0.34289581318948  
  2.180000   -0.24999198891045    0.06651001358343    0.29792937081567   -0.00004053629773    0.34130345602751  
  2.190000   -0.24659029020051    0.06815960183135    0.29504421227381   -0.00411020094878    0.33962035159196  
  2.200000   -0.24322582781413    0.06978558305192    0.29216548077235   -0.00820578304231    0.33784212449747  
  2.210000   -0.23989867129423    0.07139181991251    0.28929436836996   -0.01232266304321    0.33596541631623  
  2.220000   -0.23660886938392    0.07298206402033    0.28643216263638   -0.01645570533066    0.33398791697952  
  2.230000   -0.23335644995687    0.07455992130561    0.28358023468427   -0.02059931330997    0.33190838460443  
  2.240000   -0.23014141998883    0.07612881919127    0.28074002630918   -0.02474748877053    0.32972665364103  
  2.250000   -0.22696376557459    0.07769197585460    0.27791303637881   -0.02889389485113    0.32744363135987  
  2.260000   -0.22382345199385    0.07925237186359    0.27510080661956   -0.03303192194246    0.32506128282279  
  2.270000   -0.22072042382939    0.08081272444566    0.27230490695329   -0.03715475583275    0.32258260460047  
  2.280000   -0.21765460514026    0.08237546461896    0.26952692054065   -0.04125544738549    0.32001158761730  
  2.290000   -0.21462589969225    0.08394271738663    0.26676842868927   -0.04532698302837    0.31735316961569  
  2.300000   -0.21163419124738    0.08551628516337    0.26403099578511   -0.04936235533054    0.31461317783798  
  2.310000   -0.20867934391367    0.08709763457065    0.26131615440415   -0.05335463295023    0.31179826262249  
  2.320000   -0.20576120255573    0.08868788670301    0.25862539075830   -0.05729702924690    0.30891582270095  
  2.330000   -0.20287959326624    0.09028781093337    0.25596013062492   -0.06118296887172    0.30597392306561  
  2.340000   -0.20003432389787    0.09189782228995    0.25332172590356   -0.06500615167588    0.30298120634612  
  2.350000   -0.19722518465442    0.09351798240223    0.25071144193556   -0.06876061330917    0.29994679869726  
  2.360000   -0.19445194873962    0.09514800397854    0.24813044571383   -0.07244078191963    0.29688021124845  
  2.370000   -0.19171437306126    0.09678725874339    0.24557979509986   -0.07604153040976    0.29379123820449  
  2.380000   -0.18901219898791    0.09843478872907    0.24306042915373   -0.07955822375397    0.29068985271360  
  2.390000   -0.18634515315502    0.10008932078421    0.24057315967103   -0.08298676093642    0.28758610163316  
  2.400000   -0.18371294831653    0.10174928413090    0.23811866400736   -0.08632361112639    0.28449000032646  
  2.410000   -0.18111528423774    0.10341283077352    0.23569747925716   -0.08956584377020    0.28141142861355  
  2.420000   -0.17855184862501    0.10507785853542    0.23330999783974   -0.09271115234298    0.27836002897863  
  2.430000   -0.17602231808698    0.10674203647553    0.23095646452993   -0.09575787157028    0.27534510810277  
  2.440000   -0.17352635912223    0.10840283241499    0.22863697495626   -0.09870498799754    0.27237554274733  
  2.450000   -0.17106362912761    0.11005754228497    0.22635147557404   -0.10155214385408    0.26945969095846  
  2.460000   -0.16863377742146    0.11170332099091    0.22409976510552   -0.10429963422701    0.26660530949894  
  2.470000   -0.16623644627572    0.11333721447534    0.22188149742447   -0.10694839762881    0.26381947833987  
  2.480000   -0.16387127195071    0.11495619265178    0.21969618584776   -0.10950000010866    0.26110853296292  
  2.490000   -0.16153788572651    0.11655718287561    0.21754320878224   -0.11195661312267    0.25847800513479  
  2.500000   -0.15923591492465    0.11813710361484    0.21542181666172   -0.11432098544001    0.25593257271979  
  2.510000   -0.15696498391395    0.11969289798382    0.21333114009611   -0.11659640942064    0.25347601899581  
  2.520000   -0.15472471509461    0.12122156680615    0.21127019914273   -0.11878668205558    0.25111120183383  
  2.530000   -0.15251472985444    0.12272020088031    0.20923791359882   -0.12089606121068    0.24884003299311  
  2.540000   -0.15033464949183    0.12418601213095    0.20723311420470   -0.12292921756094    0.24666346767430  
  2.550000   -0.14818409609987    0.12561636334203    0.20525455463805   -0.12489118274264    0.24458150436211  
  2.560000   -0.14606269340666    0.12700879618373    0.20330092417269   -0.12678729428502    0.24259319487901  
  2.570000   -0.14397006756704    0.12836105726394    0.20137086086915   -0.12862313791239    0.24069666446315  
  2.580000   -0.14190584790150    0.12967112195580    0.19946296515965   -0.13040448782954    0.23888914157778  
  2.590000   -0.13986966757832    0.13093721577690    0.19757581368696   -0.13213724561970    0.23716699705796  
  2.600000   -0.13786116423566    0.13215783312078    0.19570797325497   -0.13382737839364    0.23552579210342  
  2.610000   -0.13587998054062    0.13333175316904    0.19385801474838   -0.13548085683145    0.23396033453553  
  2.620000   -0.13392576468303    0.13445805284122    0.19202452688041   -0.13710359375477    0.23246474265262  
  2.630000   -0.13199817080210    0.13553611666976    0.19020612962960   -0.13870138385736    0.23103251594127  
  2.640000   -0.13009685934470    0.13656564351859    0.18840148723155   -0.14027984520490    0.22965661183380  
  2.650000   -0.12822149735468    0.13754665009540    0.18660932059595   -0.14184436309277    0.22832952764324  
  2.660000   -0.12637175869310    0.13847947124003    0.18482841902691   -0.14340003682164    0.22704338675822  
  2.670000   -0.12454732418987    0.13936475700322    0.18305765113161   -0.14495162991679    0.22579002814160  
  2.680000   -0.12274788172793    0.14020346656189    0.18129597481208   -0.14650352427803    0.22456109814805  
  2.690000   -0.12097312626146    0.14099685904812    0.17954244624443   -0.14805967870276    0.22334814365839  
  2.700000   -0.11922275977040    0.14174648139933    0.17779622776119   -0.14962359217702    0.22214270552173  
  2.710000   -0.11749649115398    0.14245415336615    0.17605659456399   -0.15119827227711    0.22093641130064  
  2.720000   -0.11579403606625    0.14312194984178    0.17432294020633   -0.15278620896959    0.21972106632902  
  2.730000   -0.11411511669739    0.14375218070260    0.17259478079930   -0.15438935403968    0.21848874211803  
  2.740000   -0.11245946150479    0.14434736837341    0.17087175790622   -0.15600910631862    0.21723186118066  
  2.750000   -0.11082680489831    0.14491022335211    0.16915364010614   -0.15764630281950    0.21594327739054  
  2.760000   -0.10921688688440    0.14544361794795    0.16744032321983   -0.15930121582946    0.21461635104499  
  2.770000   -0.10762945267428    0.14595055850358    0.16573182920553   -0.16097355594456    0.21324501786504  
  2.780000   -0.10606425226131    0.14643415638516    0.16402830374552   -0.16266248097206    0.21182385123548  
  2.790000   -0.10452103997308    0.14689759803550    0.16233001255789   -0.16436661056537    0.21034811706582  
  2.800000   -0.10299957400385    0.14734411439306    0.16063733648051   -0.16608404639822    0.20881382073634  
  2.810000   -0.10149961593297    0.14777694998448    0.15895076538703   -0.16781239762902    0.20721774568217  
  2.820000   -0.10002093023508    0.14819933200015    0.15727089100573   -0.16954881135338    0.20555748326156  
  2.830000   -0.09856328378776    0.14861443966094    0.15559839872347   -0.17129000769320    0.20383145365012  
  2.840000   -0.09712644538212    0.14902537417992    0.15393405846663   -0.17303231912541    0.20203891760135  
  2.850000   -0.09571018524214    0.14943512961565    0.15227871475980   -0.17477173361187    0.20017997901279  
  2.860000   -0.09431427455771    0.14984656490322    0.15063327607104   -0.17650394105602    0.19825557833653  
  2.870000   -0.09293848503672    0.15026237733638    0.14899870355901   -0.17822438258030    0.19626747697056  
  2.880000   -0.09158258848089    0.15068507775847    0.14737599934287   -0.17992830209248    0.19421823286385  
  2.890000   -0.09024635638982    0.15111696770149    0.14576619441994   -0.18161079958897    0.19211116766062  
  2.900000   -0.08892955959756    0.15156011869256    0.14417033635888   -0.18326688562872    0.18995032579794  
  2.910000   -0.08763196794514    0.15201635392430    0.14258947689799   -0.18489153640264    0.18774042605471  
  2.920000   -0.08635334999277    0.15248723246139    0.14102465957806   -0.18647974882136    0.18548680612768  
  2.930000   -0.08509347277417    0.15297403612970    0.13947690753832   -0.18802659504715    0.18319536088115  
  2.940000   -0.08385210159574    0.15347775920700    0.13794721160141   -0.18952727590561    0.18087247498100  
  2.950000   -0.08262899988228    0.15399910100590    0.13643651876968   -0.19097717262745    0.17852495067882  
  2.960000   -0.08142392907070    0.15453846141085    0.13494572125006   -0.19237189639187    0.17615993155947  
  2.970000   -0.08023664855258    0.15509593940094    0.13347564611862   -0.19370733516851    0.17378482310292  
  2.980000   -0.07906691566590    0.15567133456097    0.13202704572857   -0.19497969738667    0.17140721093992  
  2.990000   -0.07791448573579    0.15626415155322    0.13060058895744   -0.19618555199557    0.16903477770034  
  3.000000   -0.07677911216362    0.15687360749308    0.12919685337942   -0.19732186452005    0.16667521936151  
  3.010000   -0.07566054656312    0.15749864214346    0.12781631843941   -0.19838602875962    0.16433616200395  
  3.020000   -0.07455853894206    0.15813793081464    0.12645935969388   -0.19937589382629    0.16202507987085  
  3.030000   -0.07347283792711    0.15878989983035    0.12512624417275   -0.20028978626658    0.15974921560818  
  3.040000   -0.07240319102944    0.15945274439576    0.12381712690421   -0.20112652706564    0.15751550353271  
  3.050000   -0.07134934494802    0.16012444867956    0.12253204863229   -0.20188544338592    0.15533049673712  
  3.060000   -0.07031104590730    0.16080280790168    0.12127093474441   -0.20256637494782    0.15320029879471  
  3.070000   -0.06928804002534    0.16148545219844    0.12003359541361   -0.20316967501652    0.15113050077162  
  3.080000   -0.06828007370874    0.16216987202061    0.11881972694725   -0.20369620601470    0.14912612419271  
  3.090000   -0.06728689406972    0.16285344480543    0.11762891432187   -0.20414732983725    0.14719157053860  
  3.100000   -0.06630824936111    0.16353346265180    0.11646063487149   -0.20452489299789    0.14533057777753  
  3.110000   -0.06534388942452    0.16420716071936    0.11531426308482   -0.20483120679117    0.14354618435613  
  3.120000   -0.06439356614683    0.16487174606549    0.11418907645576   -0.20506902270380    0.14184070099034  
  3.130000   -0.06345703392034    0.16552442663143    0.11308426232075   -0.20524150335705    0.14021569051115  
  3.140000   -0.06253405010157    0.16616244008821    0.11199892560675   -0.20535218930746    0.13867195593113  
  3.150000   -0.06162437546389    0.16678308225525    0.11093209740457   -0.20540496207353    0.13720953680822  
  3.160000   -0.06072777463930    0.16738373481038    0.10988274427411   -0.20540400379408    0.13582771389287  
  3.170000   -0.05984401654467    0.16796189201737    0.10884977818097   -0.20535375395598    0.13452502195537  
  3.180000   -0.05897287478798    0.16851518620863    0.10783206695790   -0.20525886365781    0.13329927060243  
  3.190000   -0.05811412805036    0.16904141177331    0.10682844517960   -0.20512414789849    0.13214757280705  
  3.200000   -0.05726756043991    0.16953854741728    0.10583772533561   -0.20495453639829    0.13106638079396  
  3.210000   -0.05643296181360    0.17000477647931    0.10485870918372   -0.20475502347201    0.13005152884575  
  3.220000   -0.05561012806392    0.17043850510780    0.10389019916480   -0.20453061748137    0.12909828252259  
  3.230000   -0.05479886136732    0.17083837812459    0.10293100976000   -0.20428629039523    0.12820139372246  
  3.240000   -0.05399897039176    0.17120329242567    0.10197997867257   -0.20402692798238    0.12735516094890  
  3.250000   -0.05321027046126    0.17153240779388    0.10103597771874   -0.20375728115261    0.12655349410110  
  3.260000   -0.05243258367570    0.17182515502483    0.10009792331590   -0.20348191894696    0.12578998305638  
  3.270000   -0.05166573898459    0.17208124129419    0.09916478646083   -0.20320518365856    0.12505796927841  
  3.280000   -0.05090957221392    0.17230065272236    0.09823560209680   -0.20293114854086    0.12435061965683  
  3.290000   -0.05016392604589    0.17248365412048    0.09730947777494   -0.20266357853093    0.12366100176400  
  3.300000   -0.04942864995151    0.17263078592982    0.09638560152323   -0.20240589438201    0.12298215970489  
  3.310000   -0.04870360007676    0.17274285839463    0.09546324884508   -0.20216114056223    0.12230718973414  
  3.320000   -0.04798863908329    0.17282094303576    0.09454178877879   -0.20193195723539    0.12162931482210  
  3.330000   -0.04728363594530    0.17286636151914    0.09362068895937   -0.20172055659597    0.12094195736771  
  3.340000   -0.04658846570446    0.17288067203885    0.09269951963483   -0.20152870378372    0.12023880928133  
  3.350000   -0.04590300918523    0.17286565335879    0.09177795660001   -0.20135770255467    0.11951389869318  
  3.360000   -0.04522715267340    0.17282328668000    0.09085578302266   -0.20120838583522    0.11876165258451  
  3.370000   -0.04456078756095    0.17275573552162    0.08993289014783   -0.20108111123434    0.11797695468670  
  3.380000   -0.04390380996062    0.17266532382298    0.08900927687866   -0.20097576153745    0.11715519804862  
  3.390000   -0.04325612029403    0.17255451249106    0.08808504824310   -0.20089175015324    0.11629233173394  
  3.400000   -0.04261762285723    0.17242587463275    0.08716041276771   -0.20082803143372    0.11538490117682  
  3.410000   -0.04198822536799    0.17228206972347    0.08623567879104   -0.20078311573742    0.11443008179584  
  3.420000   -0.04136783849918    0.17212581697376    0.08531124975976   -0.20075508905681    0.11342570554155  
  3.430000   -0.04075637540267    0.17195986816263    0.08438761856144   -0.20074163698479    0.11237028013134  
  3.440000   -0.04015375122852    0.17178698021107    0.08346536095715   -0.20074007275063    0.11126300080620  
  3.450000   -0.03955988264389    0.17160988777082    0.08254512818670   -0.20074736901514    0.11010375452581  
  3.460000   -0.03897468735639    0.17143127610286    0.08162763882717   -0.20076019307668    0.10889311660111  
  3.470000   -0.03839808364646    0.17125375451622    0.08071366999299   -0.20077494510642    0.10763233984524  
  3.480000   -0.03782998991320    0.17107983063146    0.07980404797237   -0.20078779900086    0.10632333640468  
  3.490000   -0.03727032423789    0.17091188572441    0.07889963840009   -0.20079474541481    0.10496865251075  
  3.500000   -0.03671900396950    0.17075215139413    0.07800133607130   -0.20079163651696    0.10357143646713  
  3.510000   -0.03617594533595    0.17060268778536    0.07711005450413   -0.20077423199461    0.10213540026075  
  3.520000   -0.03564106308476    0.17046536357963    0.07622671536103   -0.20073824582309    0.10066477525019  
  3.530000   -0.03511427015658    0.17034183795101    0.07535223783994   -0.20067939330963    0.09916426244776  
  3.540000   -0.03459547739429    0.17023354466250    0.07448752814601   -0.20059343792085    0.09763897796691  
  3.550000   -0.03408459329066    0.17014167845720    0.07363346915348   -0.20047623740735    0.09609439425623  
  3.560000   -0.03358152377651    0.17006718387519    0.07279091036474   -0.20032378874839    0.09453627778326  
  3.570000   -0.03308617205140    0.17001074660265    0.07196065827017   -0.20013227145406    0.09297062386642  
  3.580000   -0.03259843845819    0.16997278743413    0.07114346720767   -0.19989808878120    0.09140358938049  
  3.590000   -0.03211822040234    0.16995345890274    0.07034003081529   -0.19961790644330    0.08984142407984  
  3.600000   -0.03164541231667    0.16995264460619    0.06955097416356   -0.19928868842218    0.08829040129511  
  3.610000   -0.03117990567145    0.16996996122995    0.06877684664720   -0.19890772952128    0.08675674876095  
  3.620000   -0.03072158902954    0.17000476324148    0.06801811570693   -0.19847268433564    0.08524658032762  
  3.630000   -0.03027034814566    0.17005615020332    0.06727516144386   -0.19798159235253    0.08376582929488  
  3.640000   -0.02982606610866    0.17012297662649    0.06654827217903   -0.19743289893790    0.08232018408540  
  3.650000   -0.02938862352482    0.17020386426086    0.06583764100059   -0.19682547200792    0.08091502694540  
  3.660000   -0.02895789874045    0.17029721669452    0.06514336333082   -0.19615861423036    0.07955537632354  
  3.670000   -0.02853376810085    0.17040123611207    0.06446543553435   -0.19543207064789    0.07824583353574  
  3.680000   -0.02811610624325    0.17051394203986    0.06380375457807   -0.19464603166341    0.07699053427356  
  3.690000   -0.02770478642006    0.17063319188730    0.06315811874194   -0.19380113137603    0.07579310545831  
  3.700000   -0.02729968084942    0.17075670307531    0.06252822936950   -0.19289844130475    0.07465662788182  
  3.710000   -0.02690066108891    0.17088207652796    0.06191369363544   -0.19193945958468    0.07358360501007  
  3.720000   -0.02650759842869    0.17100682128986    0.06131402829758   -0.19092609576762    0.07257593825622  
  3.730000   -0.02612036429983    0.17112838002117    0.06072866439022   -0.18986065140372    0.07163490895796  
  3.740000   -0.02573883069359    0.17124415511384    0.06015695280616   -0.18874579662441    0.07076116721972  
  3.750000   -0.02536287058709    0.17135153516678    0.05959817070572   -0.18758454298746    0.06995472770469  
  3.760000   -0.02499235837114    0.17144792155460    0.05905152868261   -0.18638021288270    0.06921497238539  
  3.770000   -0.02462717027564    0.17153075482411    0.05851617860883   -0.18513640583195    0.06854066018611  
  3.780000   -0.02426718478805    0.17159754065477    0.05799122207413   -0.18385696204723    0.06792994337508  
  3.790000   -0.02391228306078    0.17164587512421    0.05747571932938   -0.18254592363893    0.06738039049229  
  3.800000   -0.02356234930300    0.17167346902700    0.05696869863862   -0.18120749388800    0.06688901552800  
  3.810000   -0.02321727115306    0.17167817100502    0.05646916594026   -0.17984599501537    0.06645231300091  
  3.820000   -0.02287694002743    0.17165798925963    0.05597611471527   -0.17846582489514    0.06606629852205  
  3.830000   -0.02254125144265    0.17161111163053    0.05548853595831   -0.17707141316788    0.06572655437308  
  3.840000   -0.02221010530690    0.17153592384265    0.05500542814703   -0.17566717721447    0.06542827957513  
  3.850000   -0.02188340617817    0.17143102574107    0.05452580710512   -0.17425747845077    0.06516634387820  
  3.860000   -0.02156106348622    0.17129524535409    0.05404871565613   -0.17284657939825    0.06493534506112  
  3.870000   -0.02124299171618    0.17112765064659    0.05357323296778   -0.17143860197587    0.06472966889924  
  3.880000   -0.02092911055162    0.17092755884888    0.05309848348971   -0.17003748744411    0.06454355113071  
  3.890000   -0.02061934497571    0.17069454327076    0.05262364539259   -0.16864695841296    0.06437114073429  
  3.900000   -0.02031362532931    0.17042843753529    0.05214795842158   -0.16727048330306    0.06420656382018  
  3.910000   -0.02001188732517    0.17012933719308    0.05167073108393   -0.16591124362160    0.06404398743254  
  3.920000   -0.01971407201822    0.16979759870364    0.05119134709738   -0.16457210438415    0.06387768256656  
  3.930000   -0.01942012573196    0.16943383579681    0.05070927103423   -0.16325558797965    0.06370208571491  
  3.940000   -0.01912999994164    0.16903891325338    0.05022405310435   -0.16196385173832    0.06351185827794  
  3.950000   -0.01884365111530    0.16861393816955    0.04973533302975   -0.16069866942318    0.06330194319846  
  3.960000   -0.01856104051414    0.16816024879516    0.04924284297277   -0.15946141682364    0.06306761821526  
  3.970000   -0.01828213395417    0.16767940105950    0.04874640949010   -0.15825306158639    0.06280454516961  
  3.980000   -0.01800690153126    0.16717315292157    0.04824595449510   -0.15707415737402    0.06250881484444  
  3.990000   -0.01773531731245    0.16664344670319    0.04774149522110   -0.15592484239623    0.06217698686761  
  4.000000   -0.01746735899631    0.16609238958347    0.04723314318917   -0.15480484231262    0.06180612426648  
  4.010000   -0.01720300754577    0.16552223245111    0.04672110219381   -0.15371347746055    0.06139382232158  
  4.020000   -0.01694224679688    0.16493534732747    0.04620566533073   -0.15264967431610    0.06093823143111  
  4.030000   -0.01668506304737    0.16433420358733    0.04568721110023   -0.15161198105283    0.06043807376480  
  4.040000   -0.01643144462901    0.16372134321616    0.04516619862995   -0.15059858701995    0.05989265355458  
  4.050000   -0.01618138146790    0.16309935535213    0.04464316206910   -0.14960734592183    0.05930186093993  
  4.060000   -0.01593486463695    0.16247085036813    0.04411870421552   -0.14863580244209    0.05866616935630  
  4.070000   -0.01569188590504    0.16183843375355    0.04359348944413   -0.14768122202101    0.05798662652617  
  4.080000   -0.01545243728709    0.16120468005740    0.04306823601297   -0.14674062346236    0.05726483918152  
  4.090000   -0.01521651059952    0.16057210715366    0.04254370782885   -0.14581081401763    0.05650295171491  
  4.100000   -0.01498409702545    0.15994315108647    0.04202070576064   -0.14488842657054    0.05570361902151  
  4.110000   -0.01475518669382    0.15932014174683    0.04150005859198   -0.14396995852416    0.05486997385720  
  4.120000   -0.01452976827652    0.15870527962427    0.04098261370960   -0.14305181197623    0.05400558909608  
  4.130000   -0.01430782860756    0.15810061386602    0.04046922762511   -0.14213033475602    0.05311443532513  
  4.140000   -0.01408935232779    0.15750802186322    0.03996075643026   -0.14120186188865    0.05220083426265  
  4.150000   -0.01387432155887    0.15692919056858    0.03945804628582   -0.14026275704923    0.05126940853091  
  4.160000   -0.01366271560936    0.15636559973234    0.03896192404355   -0.13930945357092    0.05032502835079  
  4.170000   -0.01345451071604    0.15581850722461    0.03847318809944   -0.13833849457672    0.04937275575771  
  4.180000   -0.01324967982278    0.15528893659112    0.03799259957344   -0.13734657181553    0.04841778696239  
  4.190000   -0.01304819239912    0.15477766696735    0.03752087390732   -0.13633056279739    0.04746539349801  
  4.200000   -0.01285001430031    0.15428522545234    0.03705867296787   -0.13528756584221    0.04652086280536  
  4.210000   -0.01265510767008    0.15381188201935    0.03660659773703   -0.13421493267897    0.04558943891163  
  4.220000   -0.01246343088716    0.15335764701481    0.03616518166424   -0.13311029825909    0.04467626385399  
  4.230000   -0.01227493855573    0.15292227127167    0.03573488474921   -0.13197160747790    0.04378632048872  
  4.240000   -0.01208958154019    0.15250524883709    0.03531608841567   -0.13079713853117    0.04292437730861  
  4.250000   -0.01190730704350    0.15210582228824    0.03490909122793   -0.12958552266996    0.04209493586663  
  4.260000   -0.01172805872845    0.15172299058455    0.03451410549355   -0.12833576015497    0.04130218137300  
  4.270000   -0.01155177688048    0.15135551937905    0.03413125478581   -0.12704723225243    0.04054993699566  
  4.280000   -0.01137839861044    0.15100195368743    0.03376057240997   -0.12571970915517    0.03984162235116  
  4.290000   -0.01120785809513    0.15066063278949    0.03340200082770   -0.12435335375545    0.03918021662528  
  4.300000   -0.01104008685315    0.15032970721573    0.03305539204351   -0.12294872124018    0.03856822671009  
  4.310000   -0.01087501405343    0.15000715765064    0.03272050894745   -0.12150675452260    0.03800766068741  
  4.320000   -0.01071256685298    0.14969081556557    0.03239702759805   -0.12002877556849    0.03750000692891  
  4.330000   -0.01055267076076    0.14937838537620    0.03208454041970   -0.11851647271764    0.03704621902016  
  4.340000   -0.01039525002375    0.14906746790462    0.03178256027935   -0.11697188414320    0.03664670665136  
  4.350000   -0.01024022803147    0.14875558491298    0.03149052539798   -0.11539737763179    0.03630133255136  
  4.360000   -0.01008752773467    0.14844020446442    0.03120780504394   -0.11379562690518    0.03600941547495  
  4.370000   -0.00993707207420    0.14811876685903    0.03093370594688   -0.11216958474056    0.03576973918690  
  4.380000   -0.00978878441546    0.14778871088623    0.03066747936390   -0.11052245317901    0.03558056732061  
  4.390000   -0.00964258898416    0.14744750013182    0.03040832872244   -0.10885765114205    0.03543966392514  
  4.400000   -0.00949841129905    0.14709264907698    0.03015541775890   -0.10717877980259    0.03534431945265  
  4.410000   -0.00935617859700    0.14672174872844    0.02990787906667   -0.10548958607938    0.03529138187939  
  4.420000   -0.00921582024634    0.14633249152306    0.02966482296322   -0.10379392464324    0.03527729259818  
  4.430000   -0.00907726814413    0.14592269525739    0.02942534658255   -0.10209571883796    0.03529812666910  
  4.440000   -0.00894045709328    0.14549032580179    0.02918854309743   -0.10039892092959    0.03534963696883  
  4.450000   -0.00880532515583    0.14503351837055    0.02895351097413   -0.09870747210418    0.03542730173784  
  4.460000   -0.00867181397852    0.14455059713348    0.02871936316254   -0.09702526263566    0.03552637498897  
  4.470000   -0.00853986908755    0.14404009297057    0.02848523612527   -0.09535609264332    0.03564193921154  
  4.480000   -0.00840944014926    0.14350075918929    0.02825029861093   -0.09370363385139    0.03576895978179  
  4.490000   -0.00828048119414    0.14293158504435    0.02801376007999   -0.09207139275190    0.03590234047354  
  4.500000   -0.00815295080183    0.14233180692078    0.02777487869490   -0.09046267555679    0.03603697945338  
  4.510000   -0.00802681224497    0.14170091706454    0.02753296879115   -0.08888055530590    0.03616782514084  
  4.520000   -0.00790203359054    0.14103866976874    0.02728740775129   -0.08732784147417    0.03628993131820  
  4.530000   -0.00777858775738    0.14034508494847    0.02703764221036   -0.08580705239474    0.03639851088430  
  4.540000   -0.00765645252927    0.13962044906332    0.02678319352811   -0.08432039078477    0.03648898766403  
  4.550000   -0.00753561052319    0.13886531337235    0.02652366247125   -0.08286972262765    0.03655704570828  
  4.560000   -0.00741604911305    0.13808048953310    0.02625873305721   -0.08145655962998    0.03659867554846  
  4.570000   -0.00729776030936    0.13726704258204    0.02598817551966   -0.08008204543373    0.03661021690525  
  4.580000   -0.00718074059597    0.13642628136022    0.02571184836538   -0.07874694572457    0.03658839739132  
  4.590000   -0.00706499072532    0.13555974647296    0.02542969950141   -0.07745164233624    0.03653036679372  
  4.600000   -0.00695051547405    0.13466919589708    0.02514176642122   -0.07619613140880    0.03643372657121  
  4.610000   -0.00683732336135    0.13375658837264    0.02484817544866   -0.07498002561623    0.03629655425577  
  4.620000   -0.00672542633251    0.13282406473819    0.02454914004780   -0.07380256043593    0.03611742250440  
  4.630000   -0.00661483941089    0.13187392738944    0.02424495821715   -0.07266260439046    0.03589541260702  
  4.640000   -0.00650558032144    0.13090861805983    0.02393600899577   -0.07155867315037    0.03563012231782  
  4.650000   -0.00639766908953    0.12993069413875    0.02362274811837   -0.07048894734649    0.03532166794017  
  4.660000   -0.00629112761879    0.12894280375807    0.02330570286514   -0.06945129390131    0.03497068065895  
  4.670000   -0.00618597925221    0.12794765989006    0.02298546616062   -0.06844329065248    0.03457829717705  
  4.680000   -0.00608224832058    0.12694801371052    0.02266268998371   -0.06746225400697    0.03414614477575  
  4.690000   -0.00597995968277    0.12594662748858    0.02233807815778   -0.06650526933316    0.03367632097939  
  4.700000   -0.00587913826234    0.12494624726995    0.02201237859693   -0.06556922376919    0.03317136806398  
  4.710000   -0.00577980858486    0.12394957562322    0.02168637508932   -0.06465084110136    0.03263424270518  
  4.720000   -0.00568199432066    0.12295924471902    0.02136087870396   -0.06374671834430    0.03206828111415  
  4.730000   -0.00558571783741    0.12197779000908    0.02103671891094   -0.06285336363755    0.03147716005830  
  4.740000   -0.00549099976690    0.12100762476730    0.02071473450807   -0.06196723505915    0.03086485420838  
  4.750000   -0.00539785859036    0.12005101574720    0.02039576444893   -0.06108477994769    0.03023559029276  
  4.760000   -0.00530631024650    0.11911006019986    0.02008063866864   -0.06020247431896    0.02959379857350  
  4.770000   -0.00521636776601    0.11818666448381    0.01977016900304   -0.05931686196252    0.02894406218743  
  4.780000   -0.00512804093630    0.11728252448364    0.01946514029681   -0.05842459280693    0.02829106491731  
  4.790000   -0.00504133599981    0.11639910803688    0.01916630179346   -0.05752246015020    0.02763953797431  
  4.800000   -0.00495625538902    0.11553763954962    0.01887435889755   -0.05660743636387    0.02699420638275  
  4.810000   -0.00487279750071    0.11469908696080    0.01858996539550   -0.05567670669515    0.02635973556075  
  4.820000   -0.00479095651198    0.11388415119228    0.01831371621677   -0.05472770081147    0.02574067868738  
  4.830000   -0.00471072223988    0.11309325819826    0.01804614081137   -0.05375812175533    0.02514142543670  
  4.840000   -0.00463208004608    0.11232655370251    0.01778769721347   -0.05276597200457    0.02456615264309  
  4.850000   -0.00455501078791    0.11158390068599    0.01753876685367   -0.05174957636300    0.02401877743953  
  4.860000   -0.00447949081614    0.11086487966061    0.01729965017488   -0.05070760143996    0.02350291338256  
  4.870000   -0.00440549201981    0.11016879173835    0.01707056309820   -0.04963907151233    0.02302183004357  
  4.880000   -0.00433298191785    0.10949466447720    0.01685163437672   -0.04854338060073    0.02257841650703  
  4.890000   -0.00426192379676    0.10884126045866    0.01664290386556   -0.04742030063079    0.02217514917254  
  4.900000   -0.00419227689305    0.10820708852479    0.01644432172745   -0.04626998559145    0.02181406420948  
  4.910000   -0.00412399661900    0.10759041757641    0.01625574858306   -0.04509297164354    0.02149673496128  
  4.920000   -0.00405703482963    0.10698929280918    0.01607695660568   -0.04389017317473    0.02122425454125  
  4.930000   -0.00399134012834    0.10640155423988    0.01590763155007   -0.04266287483858    0.02099722380464  
  4.940000   -0.00392685820849    0.10582485735268    0.01574737569557   -0.04141271965766    0.02081574482193  
  4.950000   -0.00386353222781    0.10525669567366    0.01559571167401   -0.04014169331185    0.02067941991783  
  4.960000   -0.00380130321184    0.10469442506281    0.01545208714396   -0.03885210477237    0.02058735627909  
  4.970000   -0.00374011048291    0.10413528949498    0.01531588026380   -0.03754656348063    0.02053817607315  
  4.980000   -0.00367989211035    0.10357644808612    0.01518640590796   -0.03622795330712    0.02053003195882  
  4.990000   -0.00362058537780    0.10301500310803    0.01506292256290   -0.03489940355889    0.02056062781159  
  5.000000   -0.00356212726297    0.10244802872428    0.01494463983218   -0.03356425733570    0.02062724442858  
  5.010000   -0.00350445492542    0.10187260017206    0.01483072647382   -0.03222603756229    0.02072676992415  
  5.020000   -0.00344750619749    0.10128582310887    0.01472031888722   -0.03088841104913    0.02085573447578  
  5.030000   -0.00339122007376    0.10068486284076    0.01461252996247   -0.02955515095448    0.02101034903243  
  5.040000   -0.00333553719416    0.10006697314815    0.01450645820090   -0.02823009803814    0.02118654755479  
  5.050000   -0.00328040031604    0.09942952442854    0.01440119701261   -0.02691712110979    0.02138003231803  
  5.060000   -0.00322575477061    0.09877003088010    0.01429584409514   -0.02562007708408    0.02158632177509  
  5.070000   -0.00317154889921    0.09808617645878    0.01418951079605   -0.02434277105918    0.02180080045035  
  5.080000   -0.00311773446499    0.09737583935165    0.01408133136242   -0.02308891683567    0.02201877031227  
  5.090000   -0.00306426703606    0.09663711472248    0.01397047198128   -0.02186209828904    0.02223550305731  
  5.100000   -0.00301110633611    0.09586833550101    0.01385613951678   -0.02066573200052    0.02244629272832  
  5.110000   -0.00295821655892    0.09506809100496    0.01373758985308   -0.01950303153891    0.02264650808709  
  5.120000   -0.00290556664366    0.09423524320351    0.01361413575570   -0.01837697376943    0.02283164416387  
  5.130000   -0.00285313050791    0.09336894045272    0.01348515416882   -0.01729026754537    0.02299737241618  
  5.140000   -0.00280088723605    0.09246862855661    0.01335009287170   -0.01624532511442    0.02313958894452  
  5.150000   -0.00274882122087    0.09153405903228    0.01320847642388   -0.01524423654398    0.02325446023433  
  5.160000   -0.00269692225674    0.09056529448366    0.01305991133568   -0.01428874743935    0.02333846592093  
  5.170000   -0.00264518558322    0.08956271101528    0.01290409040871   -0.01338024019515    0.02338843810652  
  5.180000   -0.00259361187832    0.08852699764530    0.01274079619909   -0.01251971898447    0.02340159679662  
  5.190000   -0.00254220720108    0.08745915270524    0.01256990356516   -0.01170779865203    0.02337558106570  
  5.200000   -0.00249098288385    0.08636047724232    0.01239138127071   -0.01094469763823    0.02330847560825  
  5.210000   -0.00243995537486    0.08523256546858    0.01220529262414   -0.01023023501907    0.02319883238233  
  5.220000   -0.00238914603219    0.08407729232930    0.01201179514398   -0.00956383170562    0.02304568710595  
  5.230000   -0.00233858087090    0.08289679829033    0.01181113925089   -0.00894451580353    0.02284857042290  
  5.240000   -0.00228829026527    0.08169347147102    0.01160366599630   -0.00837093209070    0.02260751361268  
  5.250000   -0.00223830860876    0.08046992727463    0.01138980384749   -0.00784135552866    0.02232304877855  
  5.260000   -0.00218867393442    0.07922898569260    0.01117006455869   -0.00735370868207    0.02199620350796  
  5.270000   -0.00213942749930    0.07797364648143    0.01094503816711   -0.00690558288004    0.02162849005952  
  5.280000   -0.00209061333625    0.07670706243211    0.01071538716150   -0.00649426291457    0.02122188919039  
  5.290000   -0.00204227777724    0.07543251097056    0.01048183987977   -0.00611675503453    0.02077882879600  
  5.300000   -0.00199446895235    0.07415336434457    0.01024518319971   -0.00576981795968    0.02030215759044  
  5.310000   -0.00194723626897    0.07287305866696    0.01000625459441   -0.00544999660718    0.01979511410980  
  5.320000   -0.00190062987588    0.07159506209649    0.00976593363034   -0.00515365819515    0.01926129137121  
  5.330000   -0.00185470011707    0.07032284244765    0.00952513299219   -0.00487703036225    0.01870459756783  
  5.340000   -0.00180949698026    0.06905983452686    0.00928478912305   -0.00461624092111    0.01812921322283  
  5.350000   -0.00176506954515    0.06780940749644    0.00904585257310   -0.00436735884543    0.01753954526378  
  5.360000   -0.00172146543649    0.06657483256903    0.00880927815267   -0.00412643607727    0.01694017851249  
  5.370000   -0.00167873028694    0.06535925133276    0.00857601498810   -0.00388954973118    0.01633582511335  
  5.380000   -0.00163690721472    0.06416564500327    0.00834699657964   -0.00365284426683    0.01573127244534  
  5.390000   -0.00159603632088    0.06299680489050    0.00812313096103   -0.00341257320071    0.01513133007977  
  5.400000   -0.00155615421075    0.06185530435759    0.00790529105956   -0.00316513993089    0.01454077635599  
  5.410000   -0.00151729354410    0.06074347253532    0.00769430535318   -0.00290713725653    0.01396430515122  
  5.420000   -0.00147948261801    0.05966337003873    0.00749094891862   -0.00263538518578    0.01340647341897  
  5.430000   -0.00144274498631    0.05861676691144    0.00729593496027   -0.00234696664205    0.01287165006137  
  5.440000   -0.00140709911885    0.05760512299968    0.00710990690432   -0.00203926069863    0.01236396668633  
  5.450000   -0.00137255810346    0.05662957092874    0.00693343113669   -0.00170997299665    0.01188727077864  
  5.460000   -0.00133912939290    0.05569090182135    0.00676699045546   -0.00135716302948    0.01144508178688  
  5.470000   -0.00130681459815    0.05478955385754    0.00661097830007   -0.00097926801014    0.01104055059332  
  5.480000   -0.00127560932891    0.05392560372837    0.00646569380917   -0.00057512307558    0.01067642279367  
  5.490000   -0.00124550308079    0.05309876097962    0.00633133774711   -0.00014397762518    0.01035500616511  
  5.500000   -0.00121647916762    0.05230836517388    0.00620800932557    0.00031449236024    0.01007814264580  
  5.510000   -0.00118851469591    0.05155338571814    0.00609570393037    0.00080017611491    0.00984718508487  
  5.520000   -0.00116158057656    0.05083242410723    0.00599431174508    0.00131252402936    0.00966297894731  
  5.530000   -0.00113564156692    0.05014371821797    0.00590361724106    0.00185054768575    0.00952584907250  
  5.540000   -0.00111065633414    0.04948514815531    0.00582329947816    0.00241282384223    0.00943559148507  
  5.550000   -0.00108657752785    0.04885424299968    0.00575293313134    0.00299750210776    0.00939147014032  
  5.560000   -0.00106335184775    0.04824818763902    0.00569199012538    0.00360231591543    0.00939221835277  
  5.570000   -0.00104092008869    0.04766382869829    0.00563984172464    0.00422459624739    0.00943604450305  
  5.580000   -0.00101921714366    0.04709767841891    0.00559576088722    0.00486128739071    0.00952064144879  
  5.590000   -0.00099817194337    0.04654591521519    0.00555892465795    0.00550896381837    0.00964319888394  
  5.600000   -0.00097770731088    0.04600437957793    0.00552841634550    0.00616384710761    0.00980041771009  
  5.610000   -0.00095773971197    0.04546856405331    0.00550322721294    0.00682182165314    0.00998852532276  
  5.620000   -0.00093817888672    0.04493359625357    0.00548225741824    0.00747844784116    0.01020329060549  
  5.630000   -0.00091892735746    0.04439421432061    0.00546431598153    0.00812897136959    0.01044003740535  
  5.640000   -0.00089987982275    0.04384473503077    0.00544811964470    0.00876832758999    0.01069365538916  
  5.650000   -0.00088092246791    0.04327901586141    0.00543229063807    0.00939114017460    0.01095860751035  
  5.660000   -0.00086193224995    0.04269041387807    0.00541535359298    0.00999171414515    0.01122893391528  
  5.670000   -0.00084277624901    0.04207174625101    0.00539573214392    0.01056402439391    0.01149825304222  
  5.680000   -0.00082331121746    0.04141525951960    0.00537174615142    0.01110170230889    0.01175976194712  
  5.690000   -0.00080338350031    0.04071261726459    0.00534161093267    0.01159802496481    0.01200623952329  
  5.700000   -0.00078282954153    0.03995491839885    0.00530344038175    0.01204591346802    0.01223005819800  
  5.710000   -0.00076147722496    0.03913276052037    0.00525525634606    0.01243794927281    0.01242321174139  
  5.720000   -0.00073914831900    0.03823636426006    0.00519500702649    0.01276641934077    0.01257736877256  
  5.730000   -0.00071566229125    0.03725577479653    0.00512059739631    0.01302340252411    0.01268396306008  
  5.740000   -0.00069084172613    0.03618115516067    0.00502993458041    0.01320091006755    0.01273433237565  
  5.750000   -0.00066451950502    0.03500318211251    0.00492099069525    0.01329109215961    0.01271991701315  
  5.760000   -0.00063654779091    0.03371354886388    0.00479188472636    0.01328651957182    0.01263252668912  
  5.770000   -0.00060680869562    0.03230556959850    0.00464098355458    0.01318054427308    0.01246468005175  
  5.780000   -0.00057522630120    0.03077486880005    0.00446702023290    0.01296773538377    0.01221001429014  
  5.790000   -0.00054177947077    0.02912012445855    0.00426922513806    0.01264437714502    0.01186375349164  
  5.800000   -0.00050651463588    0.02734381938341    0.00404746284497    0.01220900431630    0.01142321394437  
  5.810000   -0.00046955751491    0.02545294066860    0.00380236476429    0.01166293859973    0.01088831343652  
  5.820000   -0.00043112253237    0.02345955576834    0.00353544509876    0.01101077873439    0.01026204106554  
  5.830000   -0.00039151860792    0.02138118678192    0.00324918592285    0.01026078850773    0.00955083573941  
  5.840000   -0.00035114999971    0.01924090448510    0.00294707659870    0.00942512289630    0.00876481715973  
  5.850000   -0.00031051104700    0.01706707207274    0.00263359367918    0.00851983452009    0.00791781424200  
  5.860000   -0.00027017397561    0.01489268646056    0.00231411017167    0.00756461177362    0.00702714387688  
  5.870000   -0.00023076940459    0.01275429227445    0.00199472760825    0.00658221684057    0.00611310820879  
  5.880000   -0.00019295979880    0.01069047902411    0.00168203061634    0.00559761578866    0.00519820082051  
  5.890000   -0.00015740680547    0.00874001278852    0.00138277117065    0.00463682245487    0.00430603991672  
  5.900000   -0.00012473412726    0.00693969620867    0.00110349774259    0.00372551016741    0.00346007728883  
  5.910000   -0.00009548824135    0.00532208998742    0.00085015225983    0.00288747694290    0.00268216214200  
  5.920000   -0.00007009978899    0.00391326037693    0.00062766415849    0.00214307659129    0.00199106488278  
  5.930000   -0.00004884875375    0.00273073552455    0.00043957489224    0.00150774614726    0.00140108380677  
  5.940000   -0.00003183655833    0.00178185527533    0.00028772726349    0.00099076585291    0.00092086396741  
  5.950000   -0.00001896790410    0.00106268196949    0.00017205137668    0.00059437938620    0.00055255017303  
  5.960000   -0.00000994455795    0.00055760392939    0.00009047280636    0.00031337868105    0.00029137447601  
  5.970000   -0.00000427239704    0.00023971105590    0.00003895911525    0.00013522095637    0.00012574397433  
  5.980000   -0.00000128193214    0.00007195784513    0.00001170899335    0.00004069879044    0.00003785037578  
  5.990000   -0.00000016135322    0.00000905958945    0.00000147523800    0.00000513214159    0.00000477326303  
  6.000000   -0.00000000000000    0.00000000000000   -0.00000000000000   -0.00000000000000    0.00000000000000  
