0	0.027185165365379967
1	0.022349214503166036
2	0.022945218344079685
3	0.02214962528588769
4	0.02071434527670896
5	0.01962118087762157
6	0.01916562683731657
7	0.01906344932198963
8	0.018937917243355643
9	0.01865291753898598
10	0.01827100926928982
11	0.017910151884331094
12	0.01764997380636565
13	0.01750002698636581
14	0.017417071814662143
15	0.0173447798913652
16	0.01724521947869445
17	0.017108599954464673
18	0.016946814126882263
19	0.016781297243740372
20	0.016631811144664232
21	0.01650911472577845
22	0.016412730260663328
23	0.016333528249740704
24	0.016259193614314195
25	0.016179736690409865
26	0.016090771117149093
27	0.015993808998563702
28	0.01589422871585428
29	0.01579825228727771
30	0.015710273707663217
31	0.015631439867153905
32	0.01555974045446436
33	0.015491266141281435
34	0.015421939192678126
35	0.015348993956712667
36	0.015271726693412618
37	0.01519138653757634
38	0.015110401327959802
39	0.015031328683625892
40	0.01495595354996877
41	0.014884836336815106
42	0.01481741355424167
43	0.01475253881129473
44	0.014689189165036327
45	0.014627014694105454
46	0.014566506640064696
47	0.014508756335798371
48	0.0144549688066397
49	0.014405981869100016
50	0.014361995803347134
51	0.014322589342927908
52	0.014286964167067463
53	0.014254278657034427
54	0.014223920084019655
55	0.014195613162676698
56	0.014169345810676802
57	0.014145174613745135
58	0.014123017766205132
59	0.014102533886407807
60	0.014083131402928072
61	0.014064086744168239
62	0.014044703521655422
63	0.014024437022135397
64	0.014002935750783973
65	0.013979996627119256
66	0.013955470208981016
67	0.013929169709774421
68	0.013900827250861381
69	0.013870111168687728
70	0.013836686395046125
71	0.0138002820121617
72	0.013760732684455063
73	0.013717979085770708
74	0.013672035118748985
75	0.013622945010608244
76	0.013570754815499159
77	0.013515511425543223
78	0.013457285201164595
79	0.013396199449377017
80	0.013332447866118181
81	0.013266289643585227
82	0.013198024981446831
83	0.013127963272739573
84	0.013056397626070932
85	0.012983593470439245
86	0.012909790442914635
87	0.012835210606075903
88	0.012760064928389898
89	0.012684553451853809
90	0.012608860066865409
91	0.012533147124047276
92	0.012457555979767028
93	0.012382216683377766
94	0.012307265084673962
95	0.0122328614162299
96	0.012159203087248103
97	0.012086526503226535
98	0.012015096926523913
99	0.011945189592434666
100	0.011877067686156512
101	0.011810962664243368
102	0.011747060308586221
103	0.011685493168691476
104	0.011626338057843848
105	0.01156961675233148
106	0.011515298817695781
107	0.011463306723503623
108	0.011413524214711732
109	0.011365808819262187
110	0.011320008490708175
111	0.011275981152126321
112	0.011233614726103448
113	0.011192844236625341
114	0.0111536617300493
115	0.011116114346786492
116	0.011080286819156092
117	0.01104626827187533
118	0.011014109664463687
119	0.010983784798206567
120	0.01095516905844717
121	0.010928042318744812
122	0.010902109959924414
123	0.010877030782038395
124	0.010852451586710424
125	0.010828065575325212
126	0.01080370607258323
127	0.01077944752259404
128	0.010755657616814417
129	0.010732971436533983
130	0.010712198066716135
131	0.010694151486422252
132	0.010679380389447529
133	0.010667890991105732
134	0.010659076881080636
135	0.010651937000473035
136	0.010645421716502984
137	0.010638700281588148
138	0.010631273883773978
139	0.010622971190199707
140	0.010613883495638913
141	0.010604272481997912
142	0.010594468260725898
143	0.010584778571318771
144	0.010575431952974567
145	0.01056656228813639
146	0.010558220052646245
147	0.01055039024300815
148	0.010543009996323863
149	0.010535989621529953
150	0.01052923744622443
151	0.01052268116155014
152	0.010516278598821684
153	0.010510018180567654
154	0.010503913620168894
155	0.010497995295954276
156	0.010492298838883255
157	0.010486853531863106
158	0.010481674586610907
159	0.010476761068906383
160	0.010472097940930224
161	0.01046765977137587
162	0.010463415101387522
163	0.010459331524418693
164	0.010455380848842274
165	0.010451542922716753
166	0.010447807128482183
167	0.010444171621982617
168	0.010440641249974389
169	0.010437225148520862
170	0.010433934304641184
171	0.010430778894844436
172	0.01042776563679232
173	0.010424895991654054
174	0.010422165909380674
175	0.010419566955712735
176	0.010417088093951296
177	0.010414717661438627
178	0.010412445354546315
179	0.010410263722179507
180	0.010408168577918856
181	0.010406158438072296
182	0.010404233727505536
183	0.010402396174211518
184	0.010400648071425536
185	0.010398991130216181
186	0.010397425380736229
187	0.010395948757121336
188	0.010394557375106589
189	0.010393246084762584
190	0.010392009090735241
191	0.010390840652868088
192	0.010389735696201786
193	0.010388690050020057
194	0.010387700365762515
195	0.01038676401781392
196	0.010385879058586307
197	0.010385044037583155
198	0.010384257651727805
199	0.01038351845876913
200	0.010382824798661837
201	0.010382174807403345
202	0.010381566409724253
203	0.010380997350609392
204	0.010380465315334422
205	0.010379968049804065
206	0.010379503402525476
207	0.01037906933368495
208	0.010378663944781713
209	0.010378285487004401
210	0.010377932312077422
211	0.010377602822252733
212	0.010377295474243022
213	0.010377008803393347
214	0.0103767414176938
215	0.010376491979944877
216	0.010376259218810007
217	0.010376041955751255
218	0.01037583911046598
219	0.010375649684194443
220	0.01037547274201549
221	0.010375307397658434
222	0.010375152796867014
223	0.010375008110468367
224	0.010374872546127139
225	0.010374745364596998
226	0.01037462588415166
227	0.0103745134780621
228	0.010374407576656653
229	0.010374307671273942
230	0.010374213310773085
231	0.010374124090884885
232	0.010374039642951681
233	0.010373959624129004
234	0.010373883708903887
235	0.010373811584272441
236	0.010373742950194428
237	0.010373677522846708
238	0.010373615037864903
239	0.010373555253672201
240	0.01037349795510843
241	0.010373442955451572
242	0.010373390095220326
243	0.010373339238423563
244	0.010373290267815758
245	0.01037324307980679
246	0.010373197579318226
247	0.010373153675519406
248	0.01037311127955628
249	0.01037307030460856
250	0.010373030667408927
251	0.010372992289976107
252	0.010372955100811836
253	0.010372919035542251
254	0.01037288403702205
255	0.010372850054899293
256	0.010372817044672585
257	0.010372784966443976
258	0.010372753783431991
259	0.010372723460551007
260	0.010372693963569978
261	0.01037266525903446
262	0.010372637314569841
263	0.010372610099142133
264	0.010372583583317723
265	0.010372557739576111
266	0.010372532542474678
267	0.010372507968519174
268	0.010372483995903
269	0.010372460604177493
270	0.010372437773844612
271	0.010372415485962816
272	0.010372393721985966
273	0.010372372463798067
274	0.010372351693800934
275	0.010372331395014618
276	0.010372311551229363
277	0.010372292147103118
278	0.010372273168131052
279	0.010372254600572802
280	0.010372236431402585
281	0.010372218648237452
282	0.01037220123921598
283	0.01037218419290294
284	0.010372167498253718
285	0.010372151144604004
286	0.010372135121676672
287	0.010372119419615581
288	0.01037210402900335
289	0.010372088940858138
290	0.010372074146604354
291	0.010372059638058952
292	0.010372045407402844
293	0.010372031447139045
294	0.010372017750045507
295	0.010372004309155776
296	0.0103719911177476
297	0.010371978169337145
298	0.010371965457675162
299	0.010371952976756737
300	0.010371940720809112
301	0.010371928684283774
302	0.010371916861840852
303	0.01037190524833598
304	0.010371893838797467
305	0.01037188262841845
306	0.010371871612541094
307	0.010371860786654821
308	0.01037185014638083
309	0.010371839687473645
310	0.010371829405814865
311	0.010371819297410472
312	0.010371809358384193
313	0.010371799584976926
314	0.010371789973525296
315	0.010371780520473588
316	0.010371771222352315
317	0.010371762075786061
318	0.010371753077477586
319	0.010371744224216465
320	0.010371735512868139
321	0.010371726940378953
322	0.010371718503768368
323	0.010371710200132288
324	0.01037170202663518
325	0.01037169398051017
326	0.010371686059051987
327	0.010371678259623518
328	0.010371670579642195
329	0.010371663016587056
330	0.010371655567993632
331	0.010371648231451161
332	0.01037164100460406
333	0.010371633885149984
334	0.01037162687083946
335	0.010371619959469402
336	0.010371613148888462
337	0.010371606436991355
338	0.010371599821719278
339	0.010371593301058515
340	0.010371586873038055
341	0.010371580535730444
342	0.010371574287251413
343	0.010371568125754248
344	0.010371562049435866
345	0.010371556056529379
346	0.01037155014530584
347	0.010371544314076941
348	0.01037153856118603
349	0.010371532885011903
350	0.010371527283969487
351	0.010371521756506052
352	0.010371516301103752
353	0.010371510916273051
354	0.010371505600556895
355	0.0103715003525318
356	0.01037149517080103
357	0.010371490053997246
358	0.01037148500078325
359	0.010371480009846726
360	0.010371475079905882
361	0.010371470209702699
362	0.010371465398006388
363	0.010371460643612848
364	0.01037145594533769
365	0.01037145130202683
366	0.010371446712548502
367	0.010371442175790826
368	0.010371437690668006
369	0.010371433256116181
370	0.010371428871090787
371	0.010371424534571145
372	0.010371420245554973
373	0.010371416003062909
374	0.010371411806134856
375	0.010371407653826901
376	0.010371403545218295
377	0.010371399479406247
378	0.010371395455503583
379	0.010371391472643437
380	0.010371387529976869
381	0.010371383626668085
382	0.010371379761905438
383	0.01037137593488427
384	0.010371372144824514
385	0.010371368390955302
386	0.010371364672526072
387	0.01037136098879899
388	0.01037135733904981
389	0.010371353722571664
390	0.010371350138669737
391	0.010371346586663843
392	0.010371343065886763
393	0.010371339575684826
394	0.010371336115417558
395	0.010371332684457299
396	0.010371329282188266
397	0.010371325908007137
398	0.010371322561323323
399	0.010371319241557455
400	0.010371315948140544
401	0.01037131268051682
402	0.010371309438138958
403	0.010371306220472866
404	0.010371303026995116
405	0.010371299857188735
406	0.010371296710553318
407	0.010371293586591742
408	0.01037129048482062
409	0.010371287404766049
410	0.010371284345960546
411	0.010371281307949074
412	0.010371278290283744
413	0.010371275292526499
414	0.010371272314246246
415	0.010371269355022038
416	0.010371266414439428
417	0.010371263492094211
418	0.01037126058758817
419	0.010371257700533192
420	0.01037125483054519
421	0.010371251977250364
422	0.010371249140280918
423	0.010371246319278153
424	0.010371243513886946
425	0.01037124072376335
426	0.010371237948565312
427	0.01037123518796125
428	0.010371232441624542
429	0.010371229709234573
430	0.010371226990478561
431	0.010371224285048377
432	0.010371221592641049
433	0.010371218912960589
434	0.010371216245719008
435	0.010371213590629048
436	0.010371210947412678
437	0.010371208315795123
438	0.01037120569551055
439	0.010371203086293072
440	0.010371200487886022
441	0.010371197900035291
442	0.010371195322492787
443	0.010371192755015593
444	0.010371190197365023
445	0.01037118764930563
446	0.010371185110609468
447	0.010371182581049954
448	0.010371180060407194
449	0.010371177548462757
450	0.010371175045007248
451	0.010371172549830093
452	0.010371170062727125
453	0.010371167583499173
454	0.010371165111948064
455	0.010371162647882008
456	0.010371160191111742
457	0.010371157741452908
458	0.010371155298722122
459	0.010371152862742115
460	0.010371150433337507
461	0.010371148010336366
462	0.010371145593572332
463	0.0103711431828782
464	0.010371140778093308
465	0.010371138379058651
466	0.010371135985618818
467	0.010371133597622133
468	0.010371131214916297
469	0.01037112883735661
470	0.010371126464798779
471	0.010371124097101753
472	0.01037112173412693
473	0.010371119375737156
474	0.010371117021801338
475	0.010371114672186255
476	0.010371112326767143
477	0.010371109985415652
478	0.010371107648009192
479	0.010371105314428425
480	0.010371102984553082
481	0.010371100658267489
482	0.010371098335456621
483	0.010371096016009974
484	0.010371093699817795
485	0.01037109138677278
486	0.010371089076768591
487	0.010371086769702225
488	0.010371084465472042
489	0.01037108216397849
490	0.01037107986512488
491	0.010371077568815428
492	0.010371075274956097
493	0.010371072983454256
494	0.010371070694220375
495	0.010371068407165373
496	0.010371066122203058
497	0.010371063839249059
498	0.010371061558219114
499	0.010371059279031106
500	0.010371057001604482
501	0.010371054725863138
502	0.010371052451726946
503	0.010371050179121943
504	0.01037104790797436
505	0.010371045638210896
506	0.010371043369759391
507	0.010371041102550844
508	0.010371038836517008
509	0.010371036571590978
510	0.01037103430770519
511	0.010371032044796676
512	0.010371029782801546
513	0.010371027521659271
514	0.0103710252613052
515	0.010371023001684129
516	0.01037102074273413
517	0.01037101848440072
518	0.010371016226625528
519	0.010371013969354718
520	0.010371011712534598
521	0.010371009456110483
522	0.010371007200032275
523	0.010371004944248993
524	0.01037100268871085
525	0.010371000433367712
526	0.010370998178172436
527	0.010370995923080054
528	0.010370993668041534
529	0.010370991413013224
530	0.010370989157952091
531	0.01037098690281284
532	0.010370984647555405
533	0.010370982392136838
534	0.01037098013651701
535	0.010370977880655441
536	0.010370975624513726
537	0.010370973368053295
538	0.010370971111238587
539	0.010370968854031506
540	0.010370966596394787
541	0.01037096433829448
542	0.010370962079696894
543	0.010370959820567151
544	0.010370957560873813
545	0.01037095530058369
546	0.010370953039665133
547	0.01037095077808626
548	0.01037094851581875
549	0.010370946252831045
550	0.010370943989095115
551	0.010370941724583133
552	0.010370939459266159
553	0.01037093719311787
554	0.010370934926110402
555	0.010370932658219482
556	0.010370930389418382
557	0.010370928119682266
558	0.010370925848987245
559	0.010370923577310617
560	0.010370921304627337
561	0.01037091903091408
562	0.010370916756150867
563	0.010370914480313754
564	0.01037091220338445
565	0.010370909925340096
566	0.010370907646159977
567	0.010370905365824822
568	0.010370903084315819
569	0.010370900801613589
570	0.010370898517700532
571	0.010370896232557505
572	0.01037089394616732
573	0.010370891658513372
574	0.01037088936957823
575	0.010370887079346325
576	0.010370884787801276
577	0.010370882494928266
578	0.010370880200711393
579	0.010370877905134995
580	0.010370875608186829
581	0.01037087330985311
582	0.010370871010117558
583	0.010370868708969003
584	0.010370866406394223
585	0.010370864102379806
586	0.010370861796915707
587	0.010370859489987744
588	0.010370857181585048
589	0.010370854871696807
590	0.010370852560313563
591	0.010370850247422687
592	0.010370847933013355
593	0.010370845617077707
594	0.01037084329960581
595	0.010370840980587149
596	0.010370838660013452
597	0.010370836337875628
598	0.010370834014166138
599	0.010370831688875714
600	0.010370829361997576
601	0.01037082703352386
602	0.010370824703444902
603	0.010370822371757717
604	0.010370820038451987
605	0.010370817703522741
606	0.010370815366964528
607	0.010370813028768302
608	0.010370810688931455
609	0.010370808347446235
610	0.010370806004309506
611	0.010370803659513355
612	0.010370801313055303
613	0.010370798964929607
614	0.010370796615132474
615	0.010370794263658398
616	0.010370791910505
617	0.010370789555667363
618	0.0103707871991428
619	0.010370784840928118
620	0.01037078248101927
621	0.010370780119413565
622	0.010370777756108406
623	0.0103707753911019
624	0.010370773024391503
625	0.010370770655973381
626	0.01037076828584902
627	0.010370765914012663
628	0.010370763540466397
629	0.010370761165206447
630	0.010370758788232569
631	0.01037075640954292
632	0.010370754029138604
633	0.010370751647016927
634	0.010370749263177981
635	0.010370746877622522
636	0.010370744490349151
637	0.01037074210135806
638	0.01037073971064864
639	0.010370737318223655
640	0.010370734924081363
641	0.010370732528223996
642	0.010370730130650752
643	0.010370727731363567
644	0.010370725330363486
645	0.010370722927651854
646	0.010370720523229491
647	0.010370718117099232
648	0.010370715709262061
649	0.010370713299718204
650	0.010370710888472261
651	0.010370708475525929
652	0.010370706060879128
653	0.010370703644537163
654	0.010370701226501649
655	0.01037069880677423
656	0.0103706963853587
657	0.010370693962256872
658	0.010370691537473763
659	0.010370689111010861
660	0.010370686682873125
661	0.010370684253062236
662	0.01037068182158269
663	0.010370679388437574
664	0.010370676953632349
665	0.010370674517168254
666	0.010370672079051787
667	0.010370669639285558
668	0.01037066719787494
669	0.010370664754822984
670	0.010370662310136051
671	0.010370659863816327
672	0.010370657415871141
673	0.010370654966303685
674	0.010370652515119285
675	0.010370650062322118
676	0.010370647607919663
677	0.010370645151915159
678	0.010370642694314721
679	0.01037064023512294
680	0.010370637774347385
681	0.010370635311991588
682	0.010370632848062158
683	0.010370630382566083
684	0.010370627915506612
685	0.010370625446892942
686	0.010370622976728548
687	0.010370620505020993
688	0.010370618031776645
689	0.010370615557002803
690	0.010370613080702905
691	0.010370610602887608
692	0.010370608123561144
693	0.01037060564272978
694	0.010370603160402671
695	0.010370600676585538
696	0.010370598191284663
697	0.010370595704508847
698	0.010370593216263876
699	0.010370590726558828
700	0.010370588235399263
701	0.010370585742793488
702	0.010370583248748363
703	0.010370580753272893
704	0.010370578256374366
705	0.010370575758059847
706	0.010370573258338046
707	0.010370570757216266
708	0.010370568254703163
709	0.010370565750806556
710	0.010370563245534418
711	0.01037056073889541
712	0.010370558230898875
713	0.010370555721550188
714	0.01037055321086225
715	0.01037055069883859
716	0.01037054818549233
717	0.010370545670830053
718	0.010370543154859404
719	0.010370540637592292
720	0.010370538119035901
721	0.010370535599198507
722	0.010370533078090518
723	0.010370530555720828
724	0.01037052803209846
725	0.010370525507232574
726	0.01037052298113152
727	0.010370520453807219
728	0.010370517925267183
729	0.010370515395521744
730	0.01037051286458018
731	0.010370510332451103
732	0.010370507799146556
733	0.010370505264674743
734	0.010370502729045552
735	0.010370500192269136
736	0.010370497654355321
737	0.010370495115315355
738	0.010370492575158284
739	0.010370490033893653
740	0.010370487491532082
741	0.010370484948085823
742	0.010370482403561063
743	0.010370479857971756
744	0.010370477311327068
745	0.010370474763638398
746	0.010370472214914368
747	0.01037046966516711
748	0.010370467114407292
749	0.010370464562644385
750	0.010370462009890207
751	0.010370459456156493
752	0.010370456901451004
753	0.010370454345788802
754	0.010370451789176881
755	0.010370449231628805
756	0.010370446673155731
757	0.010370444113767235
758	0.010370441553475027
759	0.010370438992290594
760	0.010370436430225723
761	0.01037043386729188
762	0.010370431303498306
763	0.010370428738858626
764	0.010370426173383863
765	0.010370423607085223
766	0.01037042103997378
767	0.010370418472062054
768	0.010370415903360177
769	0.010370413333882235
770	0.010370410763638588
771	0.010370408192640969
772	0.010370405620901251
773	0.010370403048431433
774	0.010370400475244219
775	0.010370397901350092
776	0.010370395326761282
777	0.010370392751491198
778	0.010370390175550822
779	0.010370387598951782
780	0.010370385021708256
781	0.010370382443830206
782	0.010370379865330095
783	0.010370377286221456
784	0.010370374706516547
785	0.010370372126225675
786	0.010370369545364942
787	0.010370366963943051
788	0.010370364381974875
789	0.01037036179947134
790	0.010370359216447184
791	0.010370356632911451
792	0.01037035404887938
793	0.010370351464363676
794	0.01037034887937558
795	0.010370346293929555
796	0.010370343708035584
797	0.010370341121710099
798	0.010370338534962279
799	0.010370335947807756
800	0.01037033336025874
801	0.010370330772327477
802	0.010370328184026523
803	0.010370325595370362
804	0.01037032300637001
805	0.010370320417040474
806	0.010370317827393474
807	0.010370315237441422
808	0.010370312647200234
809	0.01037031005668106
810	0.01037030746589732
811	0.010370304874861016
812	0.010370302283587252
813	0.010370299692089885
814	0.010370297100378555
815	0.010370294508469326
816	0.010370291916376211
817	0.010370289324110835
818	0.010370286731685708
819	0.010370284139117803
820	0.010370281546416322
821	0.010370278953598957
822	0.010370276360675055
823	0.010370273767660343
824	0.010370271174567746
825	0.010370268581411695
826	0.010370265988203477
827	0.010370263394958553
828	0.010370260801691565
829	0.010370258208413143
830	0.010370255615139302
831	0.010370253021881647
832	0.010370250428655319
833	0.010370247835473674
834	0.010370245242350768
835	0.01037024264929912
836	0.010370240056333307
837	0.010370237463467113
838	0.010370234870714293
839	0.010370232278088018
840	0.01037022968560234
841	0.01037022709327156
842	0.010370224501108822
843	0.01037022190912784
844	0.010370219317342952
845	0.010370216725768534
846	0.010370214134417115
847	0.010370211543303174
848	0.010370208952440117
849	0.010370206361842957
850	0.010370203771525538
851	0.01037020118150004
852	0.010370198591782157
853	0.010370196002384634
854	0.010370193413323257
855	0.01037019082460902
856	0.010370188236257403
857	0.010370185648284893
858	0.010370183060700809
859	0.010370180473522374
860	0.010370177886761074
861	0.010370175300433195
862	0.010370172714551918
863	0.010370170129131322
864	0.010370167544186341
865	0.010370164959728048
866	0.01037016237577281
867	0.010370159792333673
868	0.010370157209425633
869	0.010370154627062741
870	0.010370152045257333
871	0.010370149464024595
872	0.010370146883378846
873	0.010370144303333455
874	0.010370141723902866
875	0.010370139145100543
876	0.010370136566941229
877	0.010370133989438337
878	0.010370131412605937
879	0.010370128836458301
880	0.010370126261009418
881	0.010370123686272973
882	0.01037012111226315
883	0.010370118538994093
884	0.010370115966478315
885	0.010370113394733312
886	0.010370110823769426
887	0.01037010825360274
888	0.010370105684247354
889	0.010370103115715157
890	0.01037010054802089
891	0.010370097981180373
892	0.010370095415204896
893	0.01037009285011046
894	0.010370090285909623
895	0.010370087722616984
896	0.010370085160246335
897	0.01037008259881215
898	0.010370080038326773
899	0.010370077478804623
900	0.01037007492026189
901	0.010370072362708437
902	0.010370069806161258
903	0.010370067250632303
904	0.010370064696136721
905	0.01037006214268784
906	0.01037005959029844
907	0.010370057038982555
908	0.01037005448875614
909	0.010370051939631333
910	0.010370049391620832
911	0.010370046844739527
912	0.010370044299001836
913	0.01037004175441965
914	0.010370039211007976
915	0.010370036668780206
916	0.010370034127749202
917	0.01037003158792921
918	0.01037002904933451
919	0.010370026511976887
920	0.010370023975871823
921	0.010370021441030684
922	0.01037001890746969
923	0.010370016375200625
924	0.010370013844236517
925	0.010370011314591192
926	0.010370008786279522
927	0.010370006259312236
928	0.010370003733705283
929	0.010370001209470419
930	0.010369998686622774
931	0.010369996165174226
932	0.010369993645137077
933	0.010369991126526736
934	0.010369988609354997
935	0.010369986093635845
936	0.010369983579381093
937	0.010369981066607014
938	0.01036997855532326
939	0.010369976045544073
940	0.010369973537284279
941	0.010369971030554488
942	0.010369968525369234
943	0.01036996602174119
944	0.010369963519683147
945	0.010369961019206434
946	0.010369958520327432
947	0.010369956023056709
948	0.010369953527407463
949	0.010369951033392681
950	0.010369948541025988
951	0.010369946050316893
952	0.010369943561282305
953	0.01036994107393304
954	0.010369938588281493
955	0.010369936104340272
956	0.010369933622123396
957	0.010369931141641645
958	0.010369928662907433
959	0.01036992618593509
960	0.010369923710735543
961	0.010369921237322888
962	0.010369918765706868
963	0.010369916295902611
964	0.010369913827920494
965	0.010369911361773662
966	0.010369908897473776
967	0.010369906435033372
968	0.010369903974465449
969	0.0103699015157814
970	0.010369899058992904
971	0.010369896604112796
972	0.01036989415115236
973	0.01036989170012417
974	0.010369889251039568
975	0.01036988680391195
976	0.010369884358751745
977	0.010369881915570676
978	0.010369879474381253
979	0.010369877035194952
980	0.01036987459802427
981	0.010369872162878904
982	0.01036986972977253
983	0.01036986729871603
984	0.010369864869720202
985	0.010369862442797317
986	0.010369860017957672
987	0.010369857595215179
988	0.010369855174580155
989	0.01036985275606269
990	0.010369850339673931
991	0.010369847925428057
992	0.010369845513332258
993	0.010369843103400797
994	0.010369840695643083
995	0.0103698382900714
996	0.010369835886696023
997	0.010369833485528182
998	0.010369831086578532
999	0.010369828689857748
1000	0.010369826295377605
1001	0.010369823903148218
1002	0.010369821513180187
1003	0.010369819125484417
1004	0.010369816740072224
1005	0.010369814356952473
1006	0.010369811976137362
1007	0.010369809597636961
1008	0.010369807221461741
1009	0.010369804847622528
1010	0.010369802476127614
1011	0.010369800106990196
1012	0.01036979774021813
1013	0.010369795375823441
1014	0.010369793013815508
1015	0.010369790654203877
1016	0.010369788296999128
1017	0.010369785942212441
1018	0.010369783589853165
1019	0.01036978123992827
1020	0.010369778892452327
1021	0.01036977654743175
1022	0.010369774204878557
1023	0.010369771864800523
1024	0.010369769527208444
1025	0.010369767192111584
1026	0.010369764859519992
1027	0.010369762529442546
1028	0.010369760201888572
1029	0.010369757876868004
1030	0.010369755554390419
1031	0.010369753234464034
1032	0.010369750917099395
1033	0.010369748602305514
1034	0.010369746290089622
1035	0.010369743980462372
1036	0.01036974167343356
1037	0.010369739369011559
1038	0.010369737067204884
1039	0.010369734768021714
1040	0.01036973247147281
1041	0.010369730177564042
1042	0.010369727886306815
1043	0.010369725597709859
1044	0.010369723311779901
1045	0.010369721028526537
1046	0.01036971874795791
1047	0.010369716470083641
1048	0.010369714194909563
1049	0.010369711922445875
1050	0.010369709652701398
1051	0.010369707385682603
1052	0.010369705121399482
1053	0.01036970285985792
1054	0.010369700601066987
1055	0.010369698345036798
1056	0.010369696091772372
1057	0.010369693841281549
1058	0.010369691593573883
1059	0.010369689348657438
1060	0.010369687106539287
1061	0.010369684867224511
1062	0.010369682630725238
1063	0.010369680397045687
1064	0.010369678166195318
1065	0.010369675938179076
1066	0.010369673713007425
1067	0.0103696714906849
1068	0.010369669271220846
1069	0.010369667054621723
1070	0.010369664840893742
1071	0.010369662630045998
1072	0.010369660422083192
1073	0.010369658217013944
1074	0.010369656014845793
1075	0.01036965381558346
1076	0.010369651619235146
1077	0.010369649425806928
1078	0.010369647235306615
1079	0.010369645047739597
1080	0.010369642863112006
1081	0.010369640681432483
1082	0.010369638502706327
1083	0.01036963632693983
1084	0.010369634154139705
1085	0.010369631984311423
1086	0.010369629817461642
1087	0.010369627653596539
1088	0.010369625492722835
1089	0.01036962333484618
1090	0.010369621179972515
1091	0.010369619028107359
1092	0.010369616879257113
1093	0.010369614733427599
1094	0.010369612590625037
1095	0.010369610450853533
1096	0.010369608314120907
1097	0.010369606180430493
1098	0.010369604049790588
1099	0.010369601922203382
1100	0.010369599797677674
1101	0.010369597676216135
1102	0.010369595557825493
1103	0.010369593442510403
1104	0.01036959133027694
1105	0.010369589221128708
1106	0.010369587115073011
1107	0.010369585012112846
1108	0.010369582912253749
1109	0.010369580815500929
1110	0.010369578721859032
1111	0.010369576631333602
1112	0.010369574543928879
1113	0.01036957245964807
1114	0.010369570378498576
1115	0.010369568300482699
1116	0.010369566225606879
1117	0.010369564153873141
1118	0.010369562085287819
1119	0.010369560019854908
1120	0.010369557957578485
1121	0.010369555898462559
1122	0.010369553842511687
1123	0.010369551789730492
1124	0.010369549740121999
1125	0.010369547693691108
1126	0.010369545650440855
1127	0.01036954361037496
1128	0.010369541573498772
1129	0.010369539539815027
1130	0.010369537509327929
1131	0.0103695354820403
1132	0.010369533457956484
1133	0.010369531437079976
1134	0.010369529419414741
1135	0.010369527404962789
1136	0.010369525393729422
1137	0.010369523385717562
1138	0.010369521380928672
1139	0.010369519379367692
1140	0.010369517381038005
1141	0.010369515385942118
1142	0.01036951339408252
1143	0.010369511405462663
1144	0.010369509420085918
1145	0.010369507437955894
1146	0.010369505459074026
1147	0.01036950348344261
1148	0.010369501511066893
1149	0.01036949954194722
1150	0.01036949757608766
1151	0.010369495613490376
1152	0.010369493654158037
1153	0.010369491698092839
1154	0.010369489745296613
1155	0.010369487795773904
1156	0.01036948584952415
1157	0.010369483906551822
1158	0.010369481966858227
1159	0.010369480030445228
1160	0.01036947809731589
1161	0.010369476167471645
1162	0.01036947424091516
1163	0.010369472317647174
1164	0.0103694703976716
1165	0.01036946848098845
1166	0.010369466567600353
1167	0.01036946465750763
1168	0.010369462750715193
1169	0.01036946084722171
1170	0.010369458947029083
1171	0.010369457050141072
1172	0.010369455156557248
1173	0.010369453266280016
1174	0.010369451379309282
1175	0.010369449495648731
1176	0.01036944761529721
1177	0.010369445738258955
1178	0.010369443864532087
1179	0.010369441994119145
1180	0.010369440127021949
1181	0.010369438263240268
1182	0.010369436402776636
1183	0.010369434545629996
1184	0.010369432691803631
1185	0.010369430841295928
1186	0.010369428994109711
1187	0.010369427150244501
1188	0.01036942530970209
1189	0.010369423472482823
1190	0.01036942163858723
1191	0.010369419808015505
1192	0.010369417980768916
1193	0.010369416156845954
1194	0.010369414336250125
1195	0.010369412518980924
1196	0.010369410705037947
1197	0.010369408894421003
1198	0.010369407087131792
1199	0.01036940528317043
1200	0.010369403482536144
1201	0.010369401685229129
1202	0.0103693998912502
1203	0.01036939810059828
1204	0.010369396313276056
1205	0.010369394529279945
1206	0.0103693927486116
1207	0.010369390971272001
1208	0.010369389197259438
1209	0.010369387426573506
1210	0.010369385659215743
1211	0.010369383895183937
1212	0.01036938213447817
1213	0.010369380377098475
1214	0.010369378623044342
1215	0.010369376872316078
1216	0.010369375124912095
1217	0.010369373380831617
1218	0.010369371640075323
1219	0.010369369902640358
1220	0.01036936816852916
1221	0.0103693664377391
1222	0.01036936471026877
1223	0.010369362986119554
1224	0.01036936126528766
1225	0.0103693595477758
1226	0.010369357833580799
1227	0.010369356122702822
1228	0.010369354415138381
1229	0.010369352710889252
1230	0.010369351009953856
1231	0.010369349312330092
1232	0.01036934761801731
1233	0.010369345927014963
1234	0.010369344239320014
1235	0.010369342554933204
1236	0.010369340873851818
1237	0.010369339196076488
1238	0.010369337521603442
1239	0.010369335850432808
1240	0.010369334182562185
1241	0.01036933251799133
1242	0.0103693308567173
1243	0.010369329198739449
1244	0.010369327544055808
1245	0.01036932589266594
1246	0.010369324244565305
1247	0.010369322599755596
1248	0.010369320958233204
1249	0.010369319319997567
1250	0.010369317685044763
1251	0.010369316053374825
1252	0.010369314424984009
1253	0.010369312799873888
1254	0.010369311178039648
1255	0.010369309559479328
1256	0.010369307944192021
1257	0.010369306332175726
1258	0.01036930472342791
1259	0.010369303117946076
1260	0.01036930151572819
1261	0.010369299916773999
1262	0.010369298321077955
1263	0.01036929672864007
1264	0.010369295139459144
1265	0.010369293553529235
1266	0.010369291970851307
1267	0.010369290391422165
1268	0.010369288815239163
1269	0.010369287242299245
1270	0.01036928567260094
1271	0.010369284106141827
1272	0.010369282542919129
1273	0.010369280982928606
1274	0.010369279426171463
1275	0.010369277872642538
1276	0.010369276322340271
1277	0.010369274775262482
1278	0.010369273231408137
1279	0.010369271690777438
1280	0.010369270153375312
1281	0.010369268619213943
1282	0.010369267088324474
1283	0.010369265560779179
1284	0.01036926403674733
1285	0.010369262516611293
1286	0.010369261001244858
1287	0.010369259492649911
1288	0.010369257995436271
1289	0.010369256520263187
1290	0.010369255091877699
1291	0.010369253767923898
1292	0.010369252682241346
1293	0.01036925214254479
1294	0.010369252829054765
1295	0.010369256111620968
1296	0.01036926403455802
1297	0.010369276962954428
1298	0.010369285900321334
1299	0.010369273501787101
1300	0.010369246797185736
1301	0.010369240549127351
1302	0.010369255425934547
1303	0.010369256673072797
1304	0.010369238886361558
1305	0.010369234663073592
1306	0.010369244800072185
1307	0.010369240718789825
1308	0.010369228858469092
1309	0.010369231662818194
1310	0.010369235536648685
1311	0.010369227088494306
1312	0.01036922336286182
1313	0.010369227643426788
1314	0.01036922426565378
1315	0.010369218359509345
1316	0.010369220124470169
1317	0.010369219900408705
1318	0.010369214609442083
1319	0.01036921384927271
1320	0.010369214695639407
1321	0.010369210995183831
1322	0.010369208686818723
1323	0.010369209305222171
1324	0.01036920711150579
1325	0.0103692042488088
1326	0.010369204105184547
1327	0.010369202917060501
1328	0.01036920017743382
1329	0.010369199242172646
1330	0.010369198514374187
1331	0.010369196223922229
1332	0.010369194719579792
1333	0.01036919403673803
1334	0.010369192249520688
1335	0.010369190467525827
1336	0.010369189595472231
1337	0.01036918820237928
1338	0.010369186391273358
1339	0.010369185260022742
1340	0.010369184088839554
1341	0.010369182402853545
1342	0.010369181055897875
1343	0.01036917994576489
1344	0.010369178438804876
1345	0.01036917697342743
1346	0.010369175817171764
1347	0.01036917446653074
1348	0.01036917298204411
1349	0.010369171737692365
1350	0.010369170481167072
1351	0.010369169045659387
1352	0.010369167724259781
1353	0.010369166496168676
1354	0.010369165135111326
1355	0.010369163775885742
1356	0.010369162531539255
1357	0.010369161234891879
1358	0.010369159879511303
1359	0.010369158603712144
1360	0.010369157343421195
1361	0.010369156018476015
1362	0.010369154719964052
1363	0.010369153468299632
1364	0.010369152179936149
1365	0.010369150878191673
1366	0.010369149619526986
1367	0.010369148358603423
1368	0.01036914707074717
1369	0.010369145803887703
1370	0.010369144556156827
1371	0.01036914328961539
1372	0.010369142022614384
1373	0.01036914077771019
1374	0.010369139530220804
1375	0.010369138272515772
1376	0.010369137027763927
1377	0.010369135792354755
1378	0.010369134549043162
1379	0.010369133307819776
1380	0.010369132078536104
1381	0.010369130849142694
1382	0.010369129616441906
1383	0.010369128391406066
1384	0.010369127172355825
1385	0.010369125951049192
1386	0.010369124731938566
1387	0.010369123520009037
1388	0.010369122309815888
1389	0.010369121099294169
1390	0.010369119893564585
1391	0.010369118692477551
1392	0.010369117491934844
1393	0.01036911629344935
1394	0.010369115099808418
1395	0.010369113908850059
1396	0.010369112719020416
1397	0.010369111532553814
1398	0.010369110349984806
1399	0.01036910916933103
1400	0.010369107990757808
1401	0.010369106815806611
1402	0.010369105643873902
1403	0.010369104473879943
1404	0.010369103306611987
1405	0.0103691021427095
1406	0.010369100981347676
1407	0.010369099822224915
1408	0.01036909866607867
1409	0.010369097512946193
1410	0.010369096362216267
1411	0.010369095213998758
1412	0.010369094068750532
1413	0.010369092926264444
1414	0.01036909178620843
1415	0.010369090648817391
1416	0.010369089514297457
1417	0.010369088382400644
1418	0.010369087253007916
1419	0.010369086126331506
1420	0.010369085002415361
1421	0.010369083881070038
1422	0.01036908276228653
1423	0.010369081646210214
1424	0.010369080532812162
1425	0.010369079421969537
1426	0.010369078313717823
1427	0.01036907720814023
1428	0.01036907610518517
1429	0.010369075004785509
1430	0.010369073906981522
1431	0.010369072811814511
1432	0.010369071719233288
1433	0.010369070629204584
1434	0.010369069541762945
1435	0.01036906845692272
1436	0.010369067374645222
1437	0.010369066294912875
1438	0.010369065217749952
1439	0.010369064143158854
1440	0.010369063071110832
1441	0.01036906200159679
1442	0.01036906093463276
1443	0.010369059870213705
1444	0.010369058808318853
1445	0.010369057748944144
1446	0.010369056692098862
1447	0.010369055637774243
1448	0.010369054585956588
1449	0.010369053536643079
1450	0.01036905248983655
1451	0.010369051445530365
1452	0.010369050403713467
1453	0.010369049364381976
1454	0.010369048327536635
1455	0.010369047293170744
1456	0.01036904626127651
1457	0.010369045231848156
1458	0.010369044204885967
1459	0.010369043180382786
1460	0.010369042158332975
1461	0.010369041138730172
1462	0.010369040121573315
1463	0.010369039106856312
1464	0.01036903809457209
1465	0.010369037084716511
1466	0.010369036077287027
1467	0.010369035072277592
1468	0.010369034069682594
1469	0.010369033069495898
1470	0.010369032071715308
1471	0.01036903107633658
1472	0.010369030083351546
1473	0.010369029092757515
1474	0.010369028104548273
1475	0.01036902711872098
1476	0.010369026135269367
1477	0.010369025154188458
1478	0.010369024175473213
1479	0.010369023199119812
1480	0.010369022225124062
1481	0.010369021253479013
1482	0.010369020284180729
1483	0.010369019317224793
1484	0.010369018352606325
1485	0.010369017390319594
1486	0.010369016430360365
1487	0.010369015472724352
1488	0.01036901451740494
1489	0.010369013564400037
1490	0.010369012613701992
1491	0.010369011665308783
1492	0.010369010719212767
1493	0.010369009775410859
1494	0.010369008833897896
1495	0.010369007894669506
1496	0.010369006957719841
1497	0.010369006023043593
1498	0.010369005090638653
1499	0.010369004160498055
1500	0.010369003232617994
1501	0.010369002306992229
1502	0.010369001383616532
1503	0.010369000462488131
1504	0.01036899954360059
1505	0.01036899862694786
1506	0.010368997712527483
1507	0.010368996800332608
1508	0.010368995890360699
1509	0.010368994982604726
1510	0.010368994077061844
1511	0.01036899317372714
1512	0.010368992272594604
1513	0.010368991373659263
1514	0.010368990476918059
1515	0.010368989582364927
1516	0.010368988689996216
1517	0.010368987799806955
1518	0.010368986911790813
1519	0.010368986025944613
1520	0.010368985142263806
1521	0.010368984260742578
1522	0.010368983381376977
1523	0.010368982504162495
1524	0.010368981629094711
1525	0.010368980756167073
1526	0.010368979885376857
1527	0.010368979016717988
1528	0.010368978150186697
1529	0.010368977285778765
1530	0.01036897642348775
1531	0.010368975563310585
1532	0.010368974705242468
1533	0.01036897384927761
1534	0.010368972995412527
1535	0.010368972143640865
1536	0.010368971293960354
1537	0.010368970446365908
1538	0.010368969600851222
1539	0.010368968757412911
1540	0.010368967916045533
1541	0.010368967076746003
1542	0.010368966239508884
1543	0.01036896540432812
1544	0.010368964571201254
1545	0.01036896374012284
1546	0.010368962911089194
1547	0.010368962084092808
1548	0.010368961259133086
1549	0.0103689604362024
1550	0.010368959615297442
1551	0.0103689587964139
1552	0.010368957979546525
1553	0.010368957164691621
1554	0.010368956351843657
1555	0.01036895554099873
1556	0.010368954732151953
1557	0.010368953925299207
1558	0.01036895312043476
1559	0.010368952317556798
1560	0.010368951516657312
1561	0.010368950717735016
1562	0.010368949920782883
1563	0.010368949125798574
1564	0.010368948332775922
1565	0.01036894754171249
1566	0.010368946752600292
1567	0.01036894596543763
1568	0.010368945180219209
1569	0.010368944396940522
1570	0.010368943615598097
1571	0.010368942836186813
1572	0.010368942058703088
1573	0.010368941283139248
1574	0.010368940509494707
1575	0.010368939737761977
1576	0.01036893896793991
1577	0.010368938200021723
1578	0.010368937434004872
1579	0.010368936669882275
1580	0.010368935907652659
1581	0.010368935147309206
1582	0.010368934388848013
1583	0.010368933632265943
1584	0.010368932877557045
1585	0.010368932124718119
1586	0.01036893137374435
1587	0.010368930624632549
1588	0.010368929877375371
1589	0.01036892913197197
1590	0.010368928388416392
1591	0.010368927646704608
1592	0.010368926906831838
1593	0.010368926168793818
1594	0.010368925432587677
1595	0.010368924698208128
1596	0.010368923965649524
1597	0.010368923234910328
1598	0.010368922505984273
1599	0.010368921778867564
1600	0.0103689210535554
1601	0.010368920330044351
1602	0.010368919608331204
1603	0.010368918888410237
1604	0.010368918170277462
1605	0.010368917453928522
1606	0.010368916739359852
1607	0.010368916026567353
1608	0.010368915315547114
1609	0.010368914606291807
1610	0.010368913898801556
1611	0.010368913193069793
1612	0.010368912489093362
1613	0.010368911786867128
1614	0.010368911086387735
1615	0.010368910387650483
1616	0.010368909690651948
1617	0.010368908995387087
1618	0.010368908301853748
1619	0.01036890761004501
1620	0.010368906919958083
1621	0.010368906231590352
1622	0.010368905544934926
1623	0.010368904859989876
1624	0.010368904176750147
1625	0.010368903495211947
1626	0.010368902815370777
1627	0.010368902137223968
1628	0.010368901460765606
1629	0.01036890078599353
1630	0.01036890011290137
1631	0.010368899441487903
1632	0.010368898771747551
1633	0.01036889810367535
1634	0.010368897437269759
1635	0.010368896772525019
1636	0.010368896109437609
1637	0.010368895448003127
1638	0.010368894788219642
1639	0.010368894130079204
1640	0.010368893473581279
1641	0.010368892818721153
1642	0.010368892165494888
1643	0.010368891513897605
1644	0.01036889086392571
1645	0.01036889021557724
1646	0.010368889568845392
1647	0.010368888923728205
1648	0.010368888280221178
1649	0.010368887638319892
1650	0.010368886998020342
1651	0.0103688863593214
1652	0.010368885722215589
1653	0.010368885086701356
1654	0.010368884452773492
1655	0.010368883820428916
1656	0.010368883189663778
1657	0.010368882560474392
1658	0.010368881932856672
1659	0.010368881306805954
1660	0.010368880682320433
1661	0.010368880059394297
1662	0.010368879438025
1663	0.0103688788182084
1664	0.010368878199940671
1665	0.010368877583218939
1666	0.01036887696803694
1667	0.01036887635439377
1668	0.010368875742284839
1669	0.010368875131705806
1670	0.010368874522653133
1671	0.010368873915123224
1672	0.010368873309113255
1673	0.010368872704617352
1674	0.01036887210163343
1675	0.010368871500158808
1676	0.01036887090018658
1677	0.010368870301716635
1678	0.010368869704742493
1679	0.010368869109262394
1680	0.010368868515271632
1681	0.010368867922767686
1682	0.01036886733174541
1683	0.010368866742202183
1684	0.010368866154134387
1685	0.010368865567538054
1686	0.010368864982409187
1687	0.01036886439874446
1688	0.010368863816541387
1689	0.010368863235795464
1690	0.010368862656504038
1691	0.010368862078661428
1692	0.010368861502265297
1693	0.010368860927313211
1694	0.010368860353798541
1695	0.010368859781722202
1696	0.010368859211076675
1697	0.010368858641862051
1698	0.010368858074070444
1699	0.010368857507702037
1700	0.010368856942752485
1701	0.01036885637921619
1702	0.010368855817092284
1703	0.01036885525637557
1704	0.010368854697063376
1705	0.010368854139153585
1706	0.010368853582641148
1707	0.010368853027521966
1708	0.010368852473793834
1709	0.010368851921453042
1710	0.01036885137049607
1711	0.010368850820920065
1712	0.01036885027271937
1713	0.01036884972589397
1714	0.010368849180438466
1715	0.01036884863634966
1716	0.010368848093624504
1717	0.010368847552258472
1718	0.010368847012251459
1719	0.010368846473595742
1720	0.01036884593629104
1721	0.010368845400332543
1722	0.010368844865718443
1723	0.010368844332443502
1724	0.010368843800505885
1725	0.01036884326990235
1726	0.010368842740627496
1727	0.010368842212681133
1728	0.010368841686057645
1729	0.0103688411607544
1730	0.010368840636768135
1731	0.010368840114095485
1732	0.010368839592734307
1733	0.010368839072679763
1734	0.01036883855392883
1735	0.010368838036479575
1736	0.01036883752032745
1737	0.010368837005469462
1738	0.010368836491903207
1739	0.010368835979625297
1740	0.010368835468630693
1741	0.010368834958919193
1742	0.010368834450485184
1743	0.010368833943326786
1744	0.010368833437439846
1745	0.010368832932822886
1746	0.010368832429471583
1747	0.010368831927382475
1748	0.010368831426552075
1749	0.010368830926979428
1750	0.01036883042865843
1751	0.010368829931588984
1752	0.010368829435766488
1753	0.010368828941186795
1754	0.010368828447849462
1755	0.010368827955747716
1756	0.010368827464881894
1757	0.010368826975247197
1758	0.010368826486841065
1759	0.010368825999660691
1760	0.010368825513702717
1761	0.010368825028963805
1762	0.010368824545441961
1763	0.01036882406313316
1764	0.010368823582033702
1765	0.01036882310214207
1766	0.010368822623454638
1767	0.010368822145970367
1768	0.010368821669683895
1769	0.010368821194594431
1770	0.010368820720701293
1771	0.010368820248003974
1772	0.010368819776508123
1773	0.010368819306225394
1774	0.010368818837180507
1775	0.010368818369436664
1776	0.010368817903120527
1777	0.010368817438499638
1778	0.010368816976145811
1779	0.010368816517260925
1780	0.010368816064408076
1781	0.010368815623057187
1782	0.010368815204940538
1783	0.010368814835326905
1784	0.01036881456869012
1785	0.010368814522369062
1786	0.010368814945865685
1787	0.010368816355467082
1788	0.010368819736294173
1789	0.010368826641859894
1790	0.010368838205621626
1791	0.010368851328844762
1792	0.010368854527867542
1793	0.01036884001033124
1794	0.010368822770952659
1795	0.010368819940033011
1796	0.010368823757321004
1797	0.010368820945930945
1798	0.01036881604113283
1799	0.010368818459092734
1800	0.010368820724267066
1801	0.010368814405244191
1802	0.010368808462458957
1803	0.010368811205789457
1804	0.010368814685546473
1805	0.01036881121819683
1806	0.01036880676190374
1807	0.010368807157612132
1808	0.010368808358321916
1809	0.010368806934520436
1810	0.010368805488825792
1811	0.010368805152950295
1812	0.010368804083475288
1813	0.010368802984494798
1814	0.010368803372752852
1815	0.010368803341942408
1816	0.0103688014150725
1817	0.010368800088973805
1818	0.010368800858959972
1819	0.010368801144616689
1820	0.01036879945158874
1821	0.010368798106139346
1822	0.010368798496039515
1823	0.010368798715797312
1824	0.010368797586005311
1825	0.010368796553587956
1826	0.010368796508153293
1827	0.010368796400603708
1828	0.010368795651049952
1829	0.010368795012362444
1830	0.01036879478318504
1831	0.010368794393980002
1832	0.010368793758579287
1833	0.010368793344690118
1834	0.010368793108888837
1835	0.010368792636598182
1836	0.010368792021703797
1837	0.010368791637252996
1838	0.010368791393676944
1839	0.010368790966997875
1840	0.010368790414789822
1841	0.010368789996338479
1842	0.010368789686274048
1843	0.010368789298434182
1844	0.010368788839998025
1845	0.010368788427116896
1846	0.010368788051447139
1847	0.010368787650901785
1848	0.010368787248264389
1849	0.010368786872957886
1850	0.010368786483740355
1851	0.010368786062767144
1852	0.010368785663973574
1853	0.010368785307427556
1854	0.010368784936735044
1855	0.010368784524218749
1856	0.010368784118646553
1857	0.010368783753028162
1858	0.010368783391568685
1859	0.01036878300135885
1860	0.010368782605059504
1861	0.010368782230406054
1862	0.010368781864005316
1863	0.010368781485150618
1864	0.01036878110259474
1865	0.010368780731130074
1866	0.01036878036336385
1867	0.010368779987641337
1868	0.010368779610737204
1869	0.010368779243401792
1870	0.010368778880324446
1871	0.010368778510923684
1872	0.010368778137877727
1873	0.010368777770804543
1874	0.01036877740981475
1875	0.010368777047408795
1876	0.010368776681615026
1877	0.010368776317219858
1878	0.010368775956567048
1879	0.010368775597116475
1880	0.010368775237208989
1881	0.010368774878194594
1882	0.010368774520800336
1883	0.010368774163863137
1884	0.010368773807106765
1885	0.010368773451888982
1886	0.010368773098615216
1887	0.01036877274588702
1888	0.010368772392898434
1889	0.010368772040706194
1890	0.010368771690356092
1891	0.010368771341298107
1892	0.010368770992539297
1893	0.010368770644215979
1894	0.01036877029708027
1895	0.010368769951170387
1896	0.010368769605936233
1897	0.010368769261285148
1898	0.010368768917672083
1899	0.010368768575235863
1900	0.010368768233573519
1901	0.010368767892434214
1902	0.010368767552096442
1903	0.010368767212900254
1904	0.010368766874737808
1905	0.010368766537277363
1906	0.010368766200463266
1907	0.010368765864511449
1908	0.010368765529546678
1909	0.010368765195469634
1910	0.010368764862163104
1911	0.010368764529657779
1912	0.010368764198023179
1913	0.010368763867241847
1914	0.010368763537256966
1915	0.010368763208078951
1916	0.010368762879758063
1917	0.010368762552300907
1918	0.01036876222565586
1919	0.010368761899793003
1920	0.010368761574738948
1921	0.010368761250524682
1922	0.010368760927141042
1923	0.010368760604559917
1924	0.010368760282776293
1925	0.010368759961808293
1926	0.01036875964165829
1927	0.010368759322308659
1928	0.01036875900374471
1929	0.010368758685978204
1930	0.01036875836902295
1931	0.010368758052875784
1932	0.010368757737519635
1933	0.0103687574229418
1934	0.010368757109149154
1935	0.010368756796152177
1936	0.010368756483947224
1937	0.010368756172525825
1938	0.010368755861882796
1939	0.01036875555201887
1940	0.01036875524293555
1941	0.010368754934629593
1942	0.01036875462709679
1943	0.010368754320333604
1944	0.010368754014341968
1945	0.0103687537091206
1946	0.0103687534046674
1947	0.010368753100977218
1948	0.010368752798049658
1949	0.010368752495882042
1950	0.010368752194474327
1951	0.010368751893823958
1952	0.010368751593927835
1953	0.010368751294785171
1954	0.010368750996394107
1955	0.010368750698752871
1956	0.010368750401860178
1957	0.010368750105711746
1958	0.010368749810306716
1959	0.010368749515643455
1960	0.010368749221720824
1961	0.010368748928538063
1962	0.010368748636090672
1963	0.010368748344376982
1964	0.01036874805339645
1965	0.010368747763148134
1966	0.010368747473628441
1967	0.010368747184834538
1968	0.010368746896767428
1969	0.01036874660942351
1970	0.010368746322801261
1971	0.010368746036900127
1972	0.010368745751716006
1973	0.010368745467247796
1974	0.01036874518349528
1975	0.010368744900456325
1976	0.010368744618126778
1977	0.01036874433650709
1978	0.010368744055594336
1979	0.010368743775387566
1980	0.010368743495886045
1981	0.01036874321708504
1982	0.010368742938985188
1983	0.010368742661583916
1984	0.010368742384879651
1985	0.010368742108870649
1986	0.010368741833555156
1987	0.010368741558930998
1988	0.010368741284996649
1989	0.010368741011750298
1990	0.010368740739192719
1991	0.010368740467317105
1992	0.01036874019612587
1993	0.01036873992561622
1994	0.010368739655785669
1995	0.01036873938663369
1996	0.010368739118158755
1997	0.010368738850356506
1998	0.010368738583228034
1999	0.010368738316770482
2000	0.010368738050983465
2001	0.010368737785863504
2002	0.010368737521410473
2003	0.010368737257621103
2004	0.01036873699449585
2005	0.010368736732029853
2006	0.010368736470224826
2007	0.01036873620907848
2008	0.010368735948587499
2009	0.010368735688750578
2010	0.010368735429567205
2011	0.010368735171036165
2012	0.010368734913153878
2013	0.010368734655919167
2014	0.01036873439933241
2015	0.010368734143389444
2016	0.010368733888090122
2017	0.010368733633433908
2018	0.01036873337941613
2019	0.010368733126036908
2020	0.010368732873294382
2021	0.010368732621187484
2022	0.010368732369714024
2023	0.010368732118873828
2024	0.010368731868663366
2025	0.010368731619081618
2026	0.01036873137012776
2027	0.010368731121800437
2028	0.010368730874096174
2029	0.010368730627015184
2030	0.010368730380555522
2031	0.010368730134714812
2032	0.010368729889492747
2033	0.010368729644887862
2034	0.010368729400897113
2035	0.01036872915751999
2036	0.01036872891475554
2037	0.01036872867260082
2038	0.010368728431055544
2039	0.010368728190117294
2040	0.010368727949786646
2041	0.010368727710060088
2042	0.010368727470937146
2043	0.01036872723241701
2044	0.010368726994499183
2045	0.010368726757183117
2046	0.01036872652047053
2047	0.01036872628436193
2048	0.010368726048864114
2049	0.010368725813984105
2050	0.010368725579739864
2051	0.010368725346156613
2052	0.010368725113285888
2053	0.010368724881212016
2054	0.010368724650083028
2055	0.010368724420159865
2056	0.010368724191897905
2057	0.010368723966103324
2058	0.010368723744208663
2059	0.010368723528774394
2060	0.010368723324396721
2061	0.010368723139382459
2062	0.01036872298878437
2063	0.01036872289998793
2064	0.010368722922718248
2065	0.010368723146951891
2066	0.010368723732597005
2067	0.010368724955457882
2068	0.010368727255968437
2069	0.01036873123943704
2070	0.010368737424514357
2071	0.010368745479706211
2072	0.010368752948583351
2073	0.010368755564109737
2074	0.01036875080804587
2075	0.010368741393401208
2076	0.010368731778050321
2077	0.010368725004050817
2078	0.010368722975073345
2079	0.01036872593775812
2080	0.010368730936947073
2081	0.010368732628914546
2082	0.01036872804841237
2083	0.010368720982756771
2084	0.010368718276517879
2085	0.010368721384994777
2086	0.010368725094811519
2087	0.010368724426780412
2088	0.010368720376510316
2089	0.010368717657053309
2090	0.010368718254500184
2091	0.010368719818833335
2092	0.010368719736413836
2093	0.010368718284697641
2094	0.010368717258238746
2095	0.01036871714718154
2096	0.01036871703872028
2097	0.010368716474317263
2098	0.010368716014089485
2099	0.010368716036298152
2100	0.010368716026525003
2101	0.010368715450457644
2102	0.01036871464287526
2103	0.010368714302985655
2104	0.010368714474598582
2105	0.010368714540907951
2106	0.010368714116731055
2107	0.010368713499065386
2108	0.010368713153340805
2109	0.01036871310050028
2110	0.010368713019857784
2111	0.01036871274879311
2112	0.01036871242687686
2113	0.01036871219947329
2114	0.010368712011110453
2115	0.010368711755846404
2116	0.01036871147303665
2117	0.01036871127750248
2118	0.01036871116482678
2119	0.010368711003689428
2120	0.010368710720585268
2121	0.010368710402800326
2122	0.01036871018122466
2123	0.010368710064618527
2124	0.010368709941485074
2125	0.010368709725960145
2126	0.010368709450652417
2127	0.01036870920640095
2128	0.010368709029674855
2129	0.01036870887794734
2130	0.010368708698250581
2131	0.010368708486155424
2132	0.01036870827254858
2133	0.010368708076613473
2134	0.010368707889749187
2135	0.010368707698209407
2136	0.0103687075035005
2137	0.010368707315193803
2138	0.010368707133451555
2139	0.010368706948016646
2140	0.010368706752917022
2141	0.01036870655495031
2142	0.010368706365054424
2143	0.010368706185108477
2144	0.01036870600682799
2145	0.010368705822378834
2146	0.010368705632573522
2147	0.010368705443938218
2148	0.01036870526032324
2149	0.010368705079590477
2150	0.010368704897780757
2151	0.01036870471422563
2152	0.010368704531508009
2153	0.010368704351468326
2154	0.010368704172815234
2155	0.010368703992954928
2156	0.010368703811242441
2157	0.010368703629668253
2158	0.010368703450518234
2159	0.01036870327397774
2160	0.01036870309821854
2161	0.010368702921465507
2162	0.01036870274360083
2163	0.010368702565869983
2164	0.010368702389398379
2165	0.010368702214253903
2166	0.01036870203976653
2167	0.01036870186542682
2168	0.010368701691289691
2169	0.010368701517654217
2170	0.010368701344594448
2171	0.010368701171894432
2172	0.01036870099937353
2173	0.010368700827140503
2174	0.010368700655488634
2175	0.010368700484592028
2176	0.010368700314338843
2177	0.01036870014445679
2178	0.010368699974777034
2179	0.010368699805357406
2180	0.010368699636379961
2181	0.010368699467957765
2182	0.010368699300054646
2183	0.010368699132558036
2184	0.010368698965405217
2185	0.010368698798636538
2186	0.010368698632331934
2187	0.010368698466532914
2188	0.010368698301201205
2189	0.01036869813626306
2190	0.010368697971672986
2191	0.010368697807447296
2192	0.010368697643631422
2193	0.010368697480264526
2194	0.010368697317346276
2195	0.010368697154852509
2196	0.010368696992763417
2197	0.010368696831074744
2198	0.010368696669799421
2199	0.01036869650894269
2200	0.010368696348501289
2201	0.010368696188460499
2202	0.010368696028809013
2203	0.010368695869549055
2204	0.010368695710689824
2205	0.010368695552241507
2206	0.010368695394206012
2207	0.010368695236576714
2208	0.010368695079345652
2209	0.010368694922507204
2210	0.010368694766061948
2211	0.010368694610014162
2212	0.010368694454365845
2213	0.01036869429911817
2214	0.010368694144264886
2215	0.01036869398980202
2216	0.010368693835727073
2217	0.010368693682040506
2218	0.0103686935287429
2219	0.01036869337583539
2220	0.010368693223316988
2221	0.010368693071185243
2222	0.010368692919437407
2223	0.010368692768074467
2224	0.010368692617094897
2225	0.010368692466498611
2226	0.01036869231628484
2227	0.010368692166454327
2228	0.010368692017003162
2229	0.010368691867931566
2230	0.010368691719236748
2231	0.010368691570919183
2232	0.01036869142297888
2233	0.010368691275413837
2234	0.010368691128222928
2235	0.01036869098140664
2236	0.010368690834963107
2237	0.010368690688891305
2238	0.010368690543191218
2239	0.010368690397858954
2240	0.010368690252896667
2241	0.010368690108302488
2242	0.010368689964076933
2243	0.010368689820216482
2244	0.010368689676723093
2245	0.010368689533593795
2246	0.010368689390828797
2247	0.010368689248428067
2248	0.010368689106389106
2249	0.010368688964713256
2250	0.010368688823401117
2251	0.010368688682451162
2252	0.010368688541865647
2253	0.010368688401646814
2254	0.010368688261797397
2255	0.010368688122325047
2256	0.010368687983239307
2257	0.010368687844555592
2258	0.010368687706303772
2259	0.010368687568525447
2260	0.010368687431294465
2261	0.0103686872947242
2262	0.010368687159005609
2263	0.01036868702445266
2264	0.010368686891580124
2265	0.01036868676125533
2266	0.01036868663492506
2267	0.010368686515032803
2268	0.010368686405726035
2269	0.010368686314081294
2270	0.010368686252204386
2271	0.010368686240923068
2272	0.01036868631593377
2273	0.010368686538423644
2274	0.010368687011409741
2275	0.010368687905066738
2276	0.01036868948329657
2277	0.010368692118067119
2278	0.010368696203146724
2279	0.0103687018634855
2280	0.010368708253186426
2281	0.01036871296834004
2282	0.010368712682102356
2283	0.010368706318828766
2284	0.010368697376580067
2285	0.010368691925131391
2286	0.01036869317693805
2287	0.010368698530315171
2288	0.01036870179629653
2289	0.01036869894541881
2290	0.01036869181581036
2291	0.01036868605650315
2292	0.010368685251018646
2293	0.010368687920772075
2294	0.010368690122404508
2295	0.01036868962581913
2296	0.010368687406584837
2297	0.010368685681496117
2298	0.01036868530234023
2299	0.010368685428097782
2300	0.010368685056222519
2301	0.010368684256639144
2302	0.01036868378248114
2303	0.01036868392421594
2304	0.010368684154817386
2305	0.01036868382798699
2306	0.01036868294594302
2307	0.010368682102104978
2308	0.010368681828911997
2309	0.010368682083847718
2310	0.010368682364854161
2311	0.010368682239625532
2312	0.010368681711643084
2313	0.010368681137418047
2314	0.010368680835444637
2315	0.010368680816461747
2316	0.010368680855965458
2317	0.010368680759248907
2318	0.01036868052709948
2319	0.010368680284815015
2320	0.010368680116557864
2321	0.010368679995606858
2322	0.0103686798512736
2323	0.01036867966420143
2324	0.010368679480555865
2325	0.010368679352213809
2326	0.010368679278101006
2327	0.01036867920609049
2328	0.010368679083356834
2329	0.010368678901758336
2330	0.010368678701796797
2331	0.010368678536450274
2332	0.010368678429865809
2333	0.010368678362016135
2334	0.010368678288180043
2335	0.010368678174960134
2336	0.0103686780232726
2337	0.010368677862458509
2338	0.010368677723034217
2339	0.010368677613485922
2340	0.010368677518863183
2341	0.010368677418163814
2342	0.010368677302255828
2343	0.010368677177486215
2344	0.01036867705589513
2345	0.01036867694346496
2346	0.010368676836602485
2347	0.010368676727471188
2348	0.010368676611690709
2349	0.010368676491765722
2350	0.010368676374277479
2351	0.010368676264134149
2352	0.010368676160741235
2353	0.010368676058888578
2354	0.01036867595308892
2355	0.010368675841585719
2356	0.01036867572703027
2357	0.0103686756137845
2358	0.010368675504500362
2359	0.010368675398663992
2360	0.010368675293814484
2361	0.010368675187894057
2362	0.010368675080683776
2363	0.010368674973428622
2364	0.010368674867403465
2365	0.010368674762801861
2366	0.010368674658745039
2367	0.010368674554152251
2368	0.010368674448606228
2369	0.01036867434258165
2370	0.010368674237004012
2371	0.010368674132581803
2372	0.010368674029400785
2373	0.010368673926982111
2374	0.010368673824677387
2375	0.010368673722103336
2376	0.010368673619319268
2377	0.010368673516696155
2378	0.010368673414606837
2379	0.010368673313168812
2380	0.010368673212212614
2381	0.01036867311143743
2382	0.010368673010628977
2383	0.010368672909774695
2384	0.010368672809033986
2385	0.010368672708611928
2386	0.010368672608637807
2387	0.010368672509122543
2388	0.010368672409975589
2389	0.010368672311088362
2390	0.010368672212385969
2391	0.010368672113856262
2392	0.010368672015536673
2393	0.01036867191748141
2394	0.010368671819727348
2395	0.010368671722284529
2396	0.010368671625131115
2397	0.010368671528236811
2398	0.01036867143157495
2399	0.010368671335138713
2400	0.010368671238934507
2401	0.010368671142977398
2402	0.010368671047282356
2403	0.010368670951853837
2404	0.01036867085669075
2405	0.01036867076179195
2406	0.010368670667152337
2407	0.010368670572773601
2408	0.01036867047866275
2409	0.010368670384829937
2410	0.010368670291292013
2411	0.010368670198072567
2412	0.010368670105200371
2413	0.010368670012717221
2414	0.01036866992067989
2415	0.010368669829171458
2416	0.01036866973831036
2417	0.010368669648273453
2418	0.010368669559326119
2419	0.010368669471861398
2420	0.01036866938646966
2421	0.010368669304045116
2422	0.010368669225944326
2423	0.010368669154238024
2424	0.010368669092104462
2425	0.010368669044447625
2426	0.010368669018842215
2427	0.010368669027011931
2428	0.010368669087016337
2429	0.010368669226514967
2430	0.010368669487012308
2431	0.010368669929109151
2432	0.010368670635733226
2433	0.010368671709132107
2434	0.010368673244492178
2435	0.010368675265626171
2436	0.010368677591310072
2437	0.010368679705721067
2438	0.010368680752144602
2439	0.010368680008742383
2440	0.010368677530909963
2441	0.010368674479098762
2442	0.01036867220965122
2443	0.010368671355031242
2444	0.010368671528939045
2445	0.010368671936669556
2446	0.01036867188614786
2447	0.01036867116003872
2448	0.010368669994091279
2449	0.01036866889015304
2450	0.010368668260926202
2451	0.010368668214451867
2452	0.010368668531374798
2453	0.010368668834464433
2454	0.01036866880694264
2455	0.010368668368420167
2456	0.01036866768211028
2457	0.010368667027363736
2458	0.010368666614067656
2459	0.010368666485915048
2460	0.01036866654620775
2461	0.010368666638873933
2462	0.010368666629133499
2463	0.010368666456794833
2464	0.010368666162732774
2465	0.010368665863020592
2466	0.010368665678029097
2467	0.010368665654558724
2468	0.010368665738433175
2469	0.010368665816319246
2470	0.01036866579454044
2471	0.010368665653207987
2472	0.010368665446506498
2473	0.010368665254423613
2474	0.010368665133371893
2475	0.010368665091626634
2476	0.01036866510071794
2477	0.010368665120502756
2478	0.010368665124899784
2479	0.010368665110374198
2480	0.010368665097710828
2481	0.01036866511676733
2482	0.010368665198414726
2483	0.01036866535700858
2484	0.01036866559593366
2485	0.010368665901501518
2486	0.010368666266125863
2487	0.010368666673718024
2488	0.010368667124690024
2489	0.010368667593739608
2490	0.01036866806940548
2491	0.0103686684954715
2492	0.010368668850657906
2493	0.010368669074118132
2494	0.010368669169560217
2495	0.010368669096120555
2496	0.010368668866543976
2497	0.010368668433881546
2498	0.010368667797743345
2499	0.010368666942385071
2500	0.0103686659303696
2501	0.010368664860047299
2502	0.010368663879118273
2503	0.010368663121700362
2504	0.010368662671688745
2505	0.010368662535024987
2506	0.010368662647049042
2507	0.01036866290183743
2508	0.010368663185077488
2509	0.010368663403191142
2510	0.010368663493862278
2511	0.010368663437885298
2512	0.010368663248216125
2513	0.010368662968793777
2514	0.01036866265136343
2515	0.0103686623466073
2516	0.010368662086459542
2517	0.01036866188400647
2518	0.010368661733922412
2519	0.01036866162220565
2520	0.010368661532939966
2521	0.0103686614543035
2522	0.010368661379742398
2523	0.010368661307480568
2524	0.010368661238516586
2525	0.010368661174729989
2526	0.010368661117619603
2527	0.010368661067071839
2528	0.010368661021617773
2529	0.010368660978191531
2530	0.01036866093377818
2531	0.010368660885401853
2532	0.010368660831864475
2533	0.010368660772672823
2534	0.010368660709186024
2535	0.010368660642786005
2536	0.010368660576062888
2537	0.010368660510980421
2538	0.01036866045030963
2539	0.010368660395864537
2540	0.010368660350162574
2541	0.010368660314762343
2542	0.010368660292401148
2543	0.010368660285355014
2544	0.010368660298228388
2545	0.010368660335880445
2546	0.010368660407274145
2547	0.010368660522459376
2548	0.010368660698619258
2549	0.01036866095510748
2550	0.010368661323619282
2551	0.010368661838180292
2552	0.010368662552050075
2553	0.010368663513326331
2554	0.01036866479054779
2555	0.010368666408702444
2556	0.010368668385353512
2557	0.010368670586529885
2558	0.010368672817989626
2559	0.01036867463263795
2560	0.010368675664084219
2561	0.010368675501974116
2562	0.010368674203027888
2563	0.010368671920608023
2564	0.010368669098804054
2565	0.01036866605111476
2566	0.010368663210168206
2567	0.010368661020621991
2568	0.010368659896118156
2569	0.010368659971432983
2570	0.01036866098175642
2571	0.010368662356139032
2572	0.010368663410585368
2573	0.01036866366972739
2574	0.010368662980113906
2575	0.010368661644004877
2576	0.010368660167108227
2577	0.010368659056497868
2578	0.010368658547692576
2579	0.010368658575125289
2580	0.010368658871363932
2581	0.010368659142545634
2582	0.010368659205786819
2583	0.010368659032629447
2584	0.01036865871988902
2585	0.010368658392657965
2586	0.010368658133066828
2587	0.01036865794392672
2588	0.010368657780025381
2589	0.01036865759651514
2590	0.010368657386213634
2591	0.01036865718221485
2592	0.010368657031005812
2593	0.010368656961891957
2594	0.010368656967611873
2595	0.010368657009460804
2596	0.010368657035668468
2597	0.01036865700700584
2598	0.010368656910172516
2599	0.010368656761525336
2600	0.01036865659419751
2601	0.010368656443496896
2602	0.010368656332448996
2603	0.01036865626731972
2604	0.010368656240199565
2605	0.010368656237238892
2606	0.010368656246470742
2607	0.01036865626332061
2608	0.0103686562912911
2609	0.010368656340570239
2610	0.01036865642430003
2611	0.010368656557278842
2612	0.010368656753922473
2613	0.010368657031303134
2614	0.010368657406675382
2615	0.010368657902663024
2616	0.010368658534288741
2617	0.010368659315289125
2618	0.01036866022209203
2619	0.010368661214699443
2620	0.010368662174165915
2621	0.010368662985071614
2622	0.01036866346082328
2623	0.010368663527488865
2624	0.010368663102847633
2625	0.01036866229565937
2626	0.010368661188870336
2627	0.010368659988858041
2628	0.010368658828277616
2629	0.010368657868703368
2630	0.01036865717242724
2631	0.010368656748298835
2632	0.010368656519966945
2633	0.010368656390699007
2634	0.010368656275693569
2635	0.010368656128066417
2636	0.010368655935108514
2637	0.01036865569725596
2638	0.010368655428612669
2639	0.010368655150704825
2640	0.010368654900678087
2641	0.01036865471462113
2642	0.010368654616985775
2643	0.010368654605262421
2644	0.010368654656110938
2645	0.010368654733646095
2646	0.0103686548064105
2647	0.010368654849498532
2648	0.010368654848807637
2649	0.01036865479479215
2650	0.010368654686472835
2651	0.010368654530517446
2652	0.010368654344274034
2653	0.010368654149947799
2654	0.01036865396947298
2655	0.010368653816790231
2656	0.010368653697267294
2657	0.010368653608255141
2658	0.01036865354425168
2659	0.01036865349845962
2660	0.010368653465315647
2661	0.010368653439237655
2662	0.010368653416345235
2663	0.01036865339354681
2664	0.010368653371041196
2665	0.010368653350377581
2666	0.01036865333595349
2667	0.010368653331427568
2668	0.010368653342009726
2669	0.010368653371199951
2670	0.010368653425583862
2671	0.010368653510977537
2672	0.010368653639167218
2673	0.010368653821205987
2674	0.01036865407745435
2675	0.010368654426434133
2676	0.01036865490198842
2677	0.010368655532574805
2678	0.010368656370826028
2679	0.010368657449436394
2680	0.010368658832585288
2681	0.010368660518782116
2682	0.010368662533326235
2683	0.01036866472980543
2684	0.01036866697404378
2685	0.010368668824816081
2686	0.010368669938604136
2687	0.010368669733679503
2688	0.01036866808512834
2689	0.01036866500050591
2690	0.010368661137761675
2691	0.010368657266027209
2692	0.010368654223017925
2693	0.010368652483954867
2694	0.010368652113806467
2695	0.010368652800351338
2696	0.010368654022997892
2697	0.010368655244274334
2698	0.010368656038250487
2699	0.010368656208748736
2700	0.010368655741406222
2701	0.010368654824020737
2702	0.010368653698303346
2703	0.010368652637652815
2704	0.01036865183720666
2705	0.01036865139882223
2706	0.010368651312689143
2707	0.010368651486189514
2708	0.010368651785748145
2709	0.01036865207826978
2710	0.010368652267582155
2711	0.01036865230129421
2712	0.010368652181119608
2713	0.010368651937682733
2714	0.010368651626235174
2715	0.010368651300559202
2716	0.010368651009213525
2717	0.010368650784554337
2718	0.010368650642264648
2719	0.010368650580676785
2720	0.01036865058394366
2721	0.010368650627310495
2722	0.010368650683189193
2723	0.010368650727392691
2724	0.01036865074235463
2725	0.010368650719830652
2726	0.010368650659180238
2727	0.01036865056712153
2728	0.010368650453864708
2729	0.010368650331976396
2730	0.010368650212927506
2731	0.010368650106067537
2732	0.010368650016921475
2733	0.010368649947239069
2734	0.01036864989542471
2735	0.010368649857782963
2736	0.010368649829840261
2737	0.010368649807454767
2738	0.010368649787482084
2739	0.010368649767920658
2740	0.010368649747860996
2741	0.010368649727139145
2742	0.010368649706314256
2743	0.010368649686344074
2744	0.010368649668872293
2745	0.01036864965591731
2746	0.010368649650458483
2747	0.010368649656100376
2748	0.01036864967822028
2749	0.010368649723668036
2750	0.010368649802983233
2751	0.01036864993005858
2752	0.010368650126260067
2753	0.010368650419386352
2754	0.010368650851003197
2755	0.010368651471442007
2756	0.010368652350616011
2757	0.010368653555400332
2758	0.010368655157987686
2759	0.010368657156420005
2760	0.010368659476070142
2761	0.010368661795632197
2762	0.010368663653343019
2763	0.010368664321236834
2764	0.010368663331882888
2765	0.010368660541173915
2766	0.010368656700492888
2767	0.010368652966274546
2768	0.010368650512586067
2769	0.01036864979492301
2770	0.010368650481821604
2771	0.010368651714156093
2772	0.010368652566785165
2773	0.010368652470736036
2774	0.010368651485755862
2775	0.010368650241620782
2776	0.010368649461611963
2777	0.010368649484981061
2778	0.010368650092750207
2779	0.010368650752950504
2780	0.010368650978497523
2781	0.010368650626044681
2782	0.010368649910508024
2783	0.0103686492397572
2784	0.010368648918959014
2785	0.010368649013971103
2786	0.01036864938116289
2787	0.010368649826211843
2788	0.010368650227605443
2789	0.010368650596756296
2790	0.010368651032663245
2791	0.010368651659972644
2792	0.010368652552122437
2793	0.010368653713135017
2794	0.010368655054478678
2795	0.010368656445861164
2796	0.010368657689415466
2797	0.01036865863998479
2798	0.010368659103374525
2799	0.01036865903041421
2800	0.010368658321744422
2801	0.010368657124962136
2802	0.010368655592697886
2803	0.010368654087465333
2804	0.010368652809999603
2805	0.010368651864721105
2806	0.010368651120822175
2807	0.010368650447785309
2808	0.010368649768966872
2809	0.010368649149343698
2810	0.010368648699180066
2811	0.01036864850380944
2812	0.01036864856836004
2813	0.010368648814851278
2814	0.010368649116326645
2815	0.01036864931548549
2816	0.010368649292097179
2817	0.010368648981532985
2818	0.010368648437424974
2819	0.010368647795337117
2820	0.010368647239282052
2821	0.01036864690978294
2822	0.010368646853440446
2823	0.010368647013805476
2824	0.010368647269307743
2825	0.010368647490066996
2826	0.010368647583366667
2827	0.01036864752401902
2828	0.010368647344273662
2829	0.010368647115154377
2830	0.010368646904609246
2831	0.01036864675591352
2832	0.010368646675986332
2833	0.010368646645370651
2834	0.010368646633902238
2835	0.010368646616027493
2836	0.010368646579167567
2837	0.010368646523871936
2838	0.010368646459620738
2839	0.01036864639799733
2840	0.010368646347950542
2841	0.010368646312753436
2842	0.010368646290257022
2843	0.010368646274594386
2844	0.010368646259047017
2845	0.01036864623828257
2846	0.01036864620988436
2847	0.010368646174536426
2848	0.010368646135365542
2849	0.010368646096509625
2850	0.010368646061678415
2851	0.010368646033018068
2852	0.01036864601081508
2853	0.010368645993709822
2854	0.010368645979594485
2855	0.010368645966344233
2856	0.010368645952754076
2857	0.01036864593865198
2858	0.010368645925208284
2859	0.010368645914309095
2860	0.010368645908696229
2861	0.01036864591120912
2862	0.010368645925369523
2863	0.010368645954771074
2864	0.010368646004407879
2865	0.010368646079979012
2866	0.010368646190209684
2867	0.010368646345500637
2868	0.010368646562013525
2869	0.010368646858557783
2870	0.01036864726412462
2871	0.010368647809775538
2872	0.010368648542670708
2873	0.010368649503624002
2874	0.010368650752972408
2875	0.010368652310443847
2876	0.010368654205826314
2877	0.010368656340323808
2878	0.010368658610058125
2879	0.010368660665547452
2880	0.010368662235912837
2881	0.010368662821126874
2882	0.010368662281804
2883	0.010368660427520876
2884	0.010368657602791913
2885	0.010368654170229653
2886	0.010368650823138977
2887	0.010368648139533707
2888	0.010368646563912046
2889	0.010368646173017589
2890	0.010368646701690073
2891	0.010368647667853758
2892	0.010368648557587892
2893	0.010368649018485885
2894	0.010368648907306937
2895	0.01036864834569489
2896	0.010368647571174526
2897	0.010368646857102497
2898	0.010368646353329831
2899	0.010368646073725814
2900	0.010368645927753729
2901	0.0103686458062405
2902	0.010368645647801612
2903	0.01036864545508942
2904	0.01036864528231814
2905	0.010368645186732807
2906	0.010368645195445603
2907	0.010368645283907123
2908	0.010368645391846445
2909	0.010368645449107913
2910	0.010368645408180867
2911	0.010368645259466782
2912	0.010368645031362192
2913	0.010368644775552525
2914	0.010368644545612116
2915	0.010368644379937472
2916	0.010368644293013304
2917	0.010368644277048334
2918	0.010368644309720388
2919	0.010368644363765167
2920	0.0103686444149865
2921	0.010368644446950107
2922	0.01036864445224187
2923	0.010368644431042951
2924	0.010368644388417766
2925	0.010368644331823091
2926	0.010368644268799507
2927	0.010368644205937074
2928	0.010368644147822145
2929	0.010368644097308132
2930	0.010368644055565824
2931	0.010368644022976301
2932	0.010368643999470357
2933	0.010368643985292473
2934	0.010368643981327936
2935	0.010368643989713888
2936	0.01036864401415236
2937	0.010368644060533604
2938	0.010368644137702552
2939	0.010368644258679168
2940	0.01036864444272353
2941	0.010368644717366957
2942	0.010368645122525378
2943	0.010368645711886261
2944	0.010368646558062675
2945	0.010368647743141191
2946	0.010368649352863676
2947	0.010368651417804187
2948	0.010368653866252882
2949	0.010368656370545801
2950	0.010368658357135695
2951	0.010368659008358493
2952	0.01036865782284414
2953	0.010368654956332135
2954	0.01036865156181919
2955	0.010368648989541394
2956	0.010368648054421734
2957	0.010368648490707486
2958	0.010368649393663776
2959	0.010368649788853549
2960	0.01036864926330151
2961	0.010368648013012547
2962	0.010368646720692274
2963	0.010368646013937959
2964	0.010368646135805544
2965	0.010368646817913994
2966	0.010368647538217415
2967	0.010368647824690814
2968	0.010368647531672624
2969	0.010368646828491155
2970	0.010368646071176232
2971	0.010368645541740825
2972	0.01036864533692236
2973	0.010368645348262243
2974	0.01036864539990483
2975	0.010368645352183972
2976	0.01036864519063611
2977	0.010368644976639673
2978	0.010368644800081256
2979	0.010368644692245342
2980	0.010368644634455568
2981	0.01036864456615284
2982	0.010368644449254573
2983	0.010368644275290032
2984	0.010368644082566747
2985	0.010368643913440972
2986	0.010368643800834852
2987	0.010368643741449916
2988	0.010368643714567952
2989	0.010368643690793525
2990	0.010368643658593074
2991	0.010368643620864353
2992	0.010368643597855205
2993	0.010368643606643755
2994	0.010368643657774247
2995	0.010368643743273866
2996	0.010368643848283631
2997	0.01036864395259372
2998	0.010368644049140827
2999	0.010368644139113203
3000	0.010368644242755123
3001	0.01036864438029122
3002	0.01036864458156525
3003	0.010368644860747078
3004	0.01036864523804634
3005	0.010368645708832343
3006	0.010368646283638233
3007	0.010368646937852099
3008	0.010368647674252843
3009	0.010368648435443795
3010	0.010368649204089156
3011	0.010368649871003246
3012	0.010368650397591626
3013	0.010368650645592057
3014	0.010368650603528715
3015	0.010368650185381594
3016	0.01036864946470204
3017	0.010368648457567638
3018	0.010368647297823807
3019	0.010368646063590229
3020	0.010368644884142159
3021	0.01036864384894367
3022	0.01036864304757297
3023	0.010368642528753729
3024	0.010368642301064601
3025	0.010368642327565895
3026	0.010368642536876487
3027	0.0103686428420779
3028	0.010368643156323257
3029	0.010368643413034295
3030	0.010368643565568516
3031	0.010368643602686571
3032	0.010368643529599614
3033	0.010368643377890414
3034	0.01036864317782253
3035	0.010368642965308494
3036	0.010368642761033667
3037	0.010368642579834846
3038	0.010368642423455322
3039	0.010368642290975977
3040	0.010368642178114118
3041	0.010368642082858542
3042	0.01036864200421848
3043	0.010368641942957986
3044	0.01036864189993934
3045	0.010368641875538133
3046	0.010368641869194492
3047	0.010368641879389373
3048	0.010368641904497562
3049	0.010368641943020826
3050	0.010368641994938931
3051	0.010368642061206683
3052	0.01036864214537059
3053	0.010368642252009203
3054	0.01036864238918362
3055	0.01036864256571287
3056	0.010368642795325726
3057	0.010368643091939512
3058	0.010368643476532538
3059	0.010368643967806814
3060	0.010368644592852628
3061	0.010368645366985143
3062	0.010368646310204486
3063	0.010368647405388773
3064	0.010368648629270002
3065	0.010368649881154005
3066	0.01036865106079528
3067	0.010368651979257505
3068	0.010368652530506216
3069	0.010368652576747125
3070	0.01036865217589187
3071	0.01036865137368042
3072	0.010368650411464985
3073	0.0103686494607896
3074	0.010368648811895653
3075	0.01036864859950802
3076	0.010368648954547742
3077	0.010368649764151548
3078	0.010368650887673601
3079	0.010368651956708113
3080	0.010368652668796169
3081	0.010368652580806841
3082	0.01036865150887356
3083	0.01036864941271917
3084	0.01036864671739559
3085	0.010368644053707816
3086	0.010368642102032002
3087	0.010368641234772734
3088	0.010368641409664158
3089	0.01036864224795177
3090	0.010368643242198123
3091	0.010368643963066443
3092	0.010368644179234332
3093	0.010368643905885672
3094	0.010368643322781795
3095	0.01036864268560317
3096	0.010368642182648147
3097	0.010368641893068948
3098	0.010368641778732689
3099	0.010368641751954805
3100	0.010368641729261628
3101	0.010368641673743696
3102	0.010368641590870725
3103	0.010368641509268747
3104	0.01036864145089521
3105	0.010368641417019315
3106	0.010368641390335007
3107	0.010368641347618536
3108	0.010368641275932487
3109	0.010368641178140604
3110	0.010368641072845049
3111	0.01036864098324964
3112	0.010368640927892796
3113	0.010368640912043798
3114	0.01036864092751437
3115	0.010368640956486862
3116	0.010368640979723944
3117	0.010368640982782453
3118	0.010368640960577677
3119	0.010368640916885514
3120	0.010368640861939943
3121	0.010368640807626575
3122	0.010368640763912586
3123	0.01036864073622054
3124	0.010368640725477905
3125	0.010368640729170113
3126	0.010368640743711036
3127	0.01036864076597959
3128	0.010368640795073061
3129	0.01036864083214092
3130	0.010368640881067797
3131	0.010368640946872114
3132	0.010368641036705055
3133	0.010368641157722472
3134	0.010368641319909258
3135	0.010368641533005358
3136	0.010368641812175694
3137	0.010368642171437443
3138	0.010368642633829377
3139	0.010368643216041884
3140	0.010368643947528424
3141	0.010368644836542299
3142	0.010368645910140403
3143	0.01036864714662574
3144	0.01036864856614794
3145	0.01036865010859754
3146	0.010368651822613954
3147	0.01036865363662898
3148	0.010368655665596836
3149	0.01036865774525451
3150	0.010368659834280064
3151	0.01036866124175847
3152	0.010368661369454375
3153	0.01036865921372064
3154	0.010368654911692667
3155	0.010368649384222432
3156	0.010368644497526534
3157	0.010368641629550927
3158	0.010368641221593802
3159	0.010368642717740803
3160	0.01036864493536467
3161	0.01036864660684707
3162	0.010368646883720554
3163	0.010368645813231303
3164	0.010368644048331092
3165	0.010368642475019813
3166	0.010368641618964537
3167	0.01036864153138313
3168	0.01036864188429168
3169	0.010368642223269336
3170	0.010368642212842144
3171	0.010368641784570755
3172	0.010368641162264906
3173	0.01036864067463994
3174	0.010368640538039445
3175	0.010368640732657508
3176	0.01036864106869508
3177	0.010368641320170523
3178	0.010368641335237724
3179	0.01036864108681772
3180	0.010368640673060564
3181	0.010368640268167851
3182	0.010368640025987783
3183	0.010368640002445736
3184	0.010368640144040176
3185	0.010368640341403694
3186	0.010368640495048109
3187	0.010368640552342104
3188	0.01036864051419181
3189	0.010368640422877159
3190	0.010368640340791638
3191	0.010368640322314155
3192	0.010368640391357757
3193	0.010368640539171253
3194	0.01036864074043056
3195	0.010368640975939643
3196	0.010368641242381647
3197	0.01036864155402189
3198	0.010368641931934165
3199	0.01036864239652824
3200	0.01036864295093437
3201	0.010368643568518288
3202	0.010368644184885686
3203	0.010368644697210215
3204	0.010368644995756952
3205	0.010368644983397235
3206	0.01036864464112092
3207	0.010368644024006692
3208	0.010368643281238004
3209	0.010368642568620709
3210	0.010368642014009524
3211	0.01036864164911427
3212	0.010368641436673579
3213	0.010368641287589601
3214	0.01036864112203163
3215	0.010368640889397802
3216	0.010368640591808696
3217	0.01036864026748923
3218	0.010368639974588154
3219	0.010368639763362402
3220	0.010368639660831529
3221	0.010368639665024436
3222	0.010368639750411704
3223	0.01036863987933083
3224	0.010368640013263613
3225	0.01036864012305461
3226	0.01036864019140253
3227	0.010368640215727703
3228	0.010368640201811717
3229	0.010368640163633978
3230	0.01036864011502055
3231	0.010368640070517311
3232	0.010368640039102376
3233	0.01036864002739717
3234	0.010368640036269096
3235	0.010368640066083614
3236	0.01036864011424905
3237	0.010368640181106881
3238	0.010368640266211648
3239	0.010368640374858804
3240	0.010368640512007768
3241	0.010368640690734692
3242	0.010368640922626104
3243	0.010368641230916551
3244	0.01036864163501263
3245	0.010368642173017993
3246	0.010368642873465058
3247	0.01036864379485524
3248	0.010368644967230209
3249	0.010368646461883447
3250	0.01036864826365443
3251	0.010368650395234658
3252	0.010368652655733064
3253	0.010368654870477553
3254	0.01036865648709569
3255	0.010368657151925573
3256	0.010368656333826661
3257	0.010368654236950608
3258	0.010368651284326158
3259	0.01036864847581796
3260	0.010368646477569004
3261	0.010368645549975236
3262	0.010368645315987749
3263	0.01036864517270811
3264	0.010368644656914684
3265	0.010368643702697408
3266	0.010368642638509847
3267	0.010368641883605775
3268	0.010368641718588407
3269	0.010368642105898832
3270	0.010368642767251782
3271	0.0103686432986705
