  0.000000   -0.48298518959614   -0.70777336225288    0.00000000000000    0.00000000000000    0.00000000000000  
  0.010000   -0.48311308368742   -0.70728222066934   -0.03080624311243   -0.03363576859149    0.00004753662127  
  0.020000   -0.48349659538284   -0.70580971940751   -0.06157166756187   -0.06725910077927    0.00019150396888  
  0.030000   -0.48413521297335   -0.70335862594183   -0.09225559041145   -0.10085739947352    0.00043595948163  
  0.040000   -0.48502808370047   -0.69993354277280   -0.12281759943154   -0.13441774802645    0.00078761566127  
  0.050000   -0.48617401389862   -0.69554089254755   -0.15321768659612   -0.16792675497171    0.00125576573621  
  0.060000   -0.48757146920952   -0.69018889734011   -0.18341637936547   -0.20137040413924    0.00185218060203  
  0.070000   -0.48921857488323   -0.68388755220195   -0.21337486904149   -0.23473391185914    0.00259097803843  
  0.080000   -0.49111311618487   -0.67664859312350   -0.24305513550335   -0.26800159290279    0.00348846547116  
  0.090000   -0.49325253892937   -0.66848545957652   -0.27242006765637   -0.30115673672818    0.00456295780480  
  0.100000   -0.49563395017049   -0.65941325183532   -0.30143357895757   -0.33418149550051    0.00583457209387  
  0.110000   -0.49825411907335   -0.64944868330122   -0.33006071741616   -0.36705678524993    0.00732500104578  
  0.120000   -0.50110947800290   -0.63861002807968   -0.35826776950595   -0.39976220140585    0.00905726755455  
  0.130000   -0.50419612386318   -0.62691706408268   -0.38602235746964   -0.43227594981354    0.01105546264997  
  0.140000   -0.50750981972459   -0.61439101195027   -0.41329352954098   -0.46457479419456    0.01334446940848  
  0.150000   -0.51104599677814   -0.60105447010410   -0.44005184266024   -0.49663402085908    0.01594967551026  
  0.160000   -0.51479975665722   -0.58693134626313   -0.46626943731054   -0.52842742131709    0.01889667723894  
  0.170000   -0.51876587416824   -0.57204678576587   -0.49192010415682   -0.55992729326852    0.02221097780534  
  0.180000   -0.52293880047211   -0.55642709705627   -0.51697934222560   -0.59110446027966    0.02591768293481  
  0.190000   -0.52731266675860   -0.54009967469961   -0.54142440842130   -0.62192831027854    0.03004119668677  
  0.200000   -0.53188128845523   -0.52309292030256   -0.56523435823352   -0.65236685282484    0.03460492047650  
  0.210000   -0.53663817001129   -0.50543616171575   -0.58839007754882   -0.68238679493313    0.03963095824160  
  0.220000   -0.54157651029647   -0.48715957089985   -0.61087430553970   -0.71195363505296    0.04513983064062  
  0.230000   -0.54668920865151   -0.46829408083533   -0.63267164866236   -0.74103177463727    0.05115020108765  
  0.240000   -0.55196887162610   -0.44887130185338   -0.65376858585243   -0.76958464656340    0.05767861631767  
  0.250000   -0.55740782043650   -0.42892343776025   -0.67415346506483   -0.79757485950969    0.06473926404130  
  0.260000   -0.56299809917210   -0.40848320211904   -0.69381649135842   -0.82496435723755    0.07234375008830  
  0.270000   -0.56873148377655   -0.38758373504342   -0.71274970677875   -0.85171459158441    0.08050089725608  
  0.280000   -0.57459949182529   -0.36625852084519   -0.73094696234266   -0.87778670783916    0.08921656787608  
  0.290000   -0.58059339311661   -0.34454130686334   -0.74840388247517   -0.90314174104956    0.09849351188777  
  0.300000   -0.58670422108899   -0.32246602378603   -0.76511782229343   -0.92774082170119    0.10833124197048  
  0.310000   -0.59292278507258   -0.30006670775878   -0.78108781817252   -0.95154538911197    0.11872593702874  
  0.320000   -0.59923968337699   -0.27737742455279   -0.79631453206450   -0.97451741080471    0.12967037506014  
  0.330000   -0.60564531721285   -0.25443219604569   -0.81080019007447   -0.99661960605423    0.14115389615870  
  0.340000   -0.61212990543826   -0.23126492924533   -0.82454851582530   -1.01781567175531    0.15316239612336  
  0.350000   -0.61868350011617   -0.20790934806341   -0.83756465916655   -1.03807050872389    0.16567835085371  
  0.360000   -0.62529600286248   -0.18439892802161   -0.84985512080157   -1.05735044652682    0.17868087142626  
  0.370000   -0.63195718195900   -0.16076683404822   -0.86142767342154   -1.07562346493480    0.19214578945661  
  0.380000   -0.63865669019953   -0.13704586149766   -0.87229127994422   -1.09285941010982    0.20604577206914  
  0.390000   -0.64538408343166   -0.11326838050017   -0.88245600946025   -1.10903020367088    0.22035046551891  
  0.400000   -0.65212883975098   -0.08946628372307   -0.89193295148948   -1.12411004283174    0.23502666624256  
  0.410000   -0.65888037929913   -0.06567093759989   -0.90073412914538   -1.13807558986903    0.25003851785897  
  0.420000   -0.66562808461156   -0.04191313705880   -0.90887241179617   -1.15090614926005    0.26534773239918  
  0.430000   -0.67236132145610   -0.01822306375729   -0.91636142779758   -1.16258383092445    0.28091383381949  
  0.440000   -0.67906946009827    0.00536975219319   -0.92321547785450   -1.17309369811306    0.29669442164566  
  0.450000   -0.68574189692509    0.02883646705182   -0.92944944954638   -1.18242389860853    0.31264545240998  
  0.460000   -0.69236807635489    0.05214895488243   -0.93507873352613   -1.19056577803607    0.32872153637967  
  0.470000   -0.69893751295694    0.07527983567747   -0.94011914187254   -1.19751397422626    0.34487624693512  
  0.480000   -0.70543981370149    0.09820250027113   -0.94458682904422   -1.20326649172497    0.36106243984222  
  0.490000   -0.71186470025791    0.12089113215782   -0.94849821584769   -1.20782475570658    0.37723257957426  
  0.500000   -0.71820203125639    0.14332072634748   -0.95186991679450   -1.21119364471378    0.39333906977742  
  0.510000   -0.72444182442665    0.16546710540329   -0.95471867118242   -1.21338150181995    0.40933458493997  
  0.520000   -0.73057427852617    0.18730693281855   -0.95706127819408   -1.21440012398566    0.42517240031853  
  0.530000   -0.73658979496923    0.20881772389975   -0.95891453626341   -1.21426472955879    0.44080671719618  
  0.540000   -0.74247899906833    0.22997785433063   -0.96029518691617   -1.21299390404575    0.45619298059599  
  0.550000   -0.74823276079958    0.25076656659783   -0.96121986324648   -1.21060952445806    0.47128818664876  
  0.560000   -0.75384221500465    0.27116397446292   -0.96170504314622   -1.20713666271296    0.48605117691556  
  0.570000   -0.75929878094360    0.29115106566718   -0.96176700735993   -1.20260346873624    0.50044291709214  
  0.580000   -0.76459418111458    0.31070970305579   -0.96142180239364   -1.19704103407985    0.51442675767270  
  0.590000   -0.76972045925916    0.32982262430597   -0.96068520826342   -1.19048323702361    0.52796867432309  
  0.600000   -0.77466999747536    0.34847344044004   -0.95957271102752   -1.18296657027901    0.54103748590627  
  0.610000   -0.77943553236360    0.36664663329866   -0.95809948000635   -1.17452995255160    0.55360504831526  
  0.620000   -0.78401017013535    0.38432755214247   -0.95628034955644   -1.16521452534631    0.56564642249617  
  0.630000   -0.78838740061863    0.40150240954160   -0.95412980522921   -1.15506343651571    0.57714001528718  
  0.640000   -0.79256111009953    0.41815827670234   -0.95166197411201   -1.14412161215396    0.58806769195352  
  0.650000   -0.79652559294429    0.43428307836890   -0.94889061911930   -1.13243551852822    0.59841485956230  
  0.660000   -0.80027556195240    0.44986558742543   -0.94582913697420   -1.12005291581340    0.60817052061243  
  0.670000   -0.80380615739708    0.46489541931014   -0.94249055959730   -1.10702260545559    0.61732729660972  
  0.680000   -0.80711295471606    0.47936302633877   -0.93888755859891   -1.09339417303299    0.62588142155429  
  0.690000   -0.81019197082193    0.49325969201971   -0.93503245255407   -1.07921772851099    0.63383270558363  
  0.700000   -0.81303966900859    0.50657752542735   -0.93093721672661   -1.06454364579958    0.64118446928678  
  0.710000   -0.81565296243676    0.51930945568477   -0.92661349489848   -1.04942230351697    0.64794344947170  
  0.720000   -0.81802921618898    0.53144922659040   -0.92207261295503   -1.03390382884289    0.65411967742523  
  0.730000   -0.82016624789160    0.54299139140776   -0.91732559387443   -1.01803784630883    0.65972633095204  
  0.740000   -0.82206232690808    0.55393130782148   -0.91238317377076   -1.00187323332119    0.66477956171177  
  0.750000   -0.82371617211553    0.56426513304739   -0.90725581864503   -0.98545788414701    0.66929829959154  
  0.760000   -0.82512694828295    0.57398981907003   -0.90195374150689   -0.96883848401171    0.67330403605115  
  0.770000   -0.82629426107680    0.58310310796638   -0.89648691954088   -0.95206029486447    0.67682058855919  
  0.780000   -0.82721815072618    0.59160352726186   -0.89086511100592   -0.93516695426104    0.67987384839794  
  0.790000   -0.82789908438621    0.59949038525215   -0.88509787157398   -0.91820028869586    0.68249151425292  
  0.800000   -0.82833794724471    0.60676376621343   -0.87919456983390   -0.90120014258779    0.68470281411643  
  0.810000   -0.82853603242289    0.61342452541372   -0.87316440170889   -0.88420422398654    0.68653821812411  
  0.820000   -0.82849502972655    0.61947428382966   -0.86701640356058   -0.86724796792202    0.68802914500773  
  0.830000   -0.82821701330937    0.62491542246572   -0.86075946377899   -0.85036441816718    0.68920766488563  
  0.840000   -0.82770442831468    0.62975107616760   -0.85440233268556   -0.83358412802819    0.69010620112504  
  0.850000   -0.82696007656659    0.63398512681742   -0.84795363060559   -0.81693508061545    0.69075723399694  
  0.860000   -0.82598710138490    0.63762219579572   -0.84142185399633   -0.80044262888545    0.69119300880498  
  0.870000   -0.82478897160215    0.64066763559505   -0.83481537954752   -0.78412945558037    0.69144525110613  
  0.880000   -0.82336946486355    0.64312752047012   -0.82814246620197   -0.76801555302808    0.69154489155193  
  0.890000   -0.82173265029334    0.64500863601262   -0.82141125507457   -0.75211822260456    0.69152180276762  
  0.900000   -0.81988287061279    0.64631846754242   -0.81462976727828   -0.73645209350199    0.69140455055245  
  0.910000   -0.81782472379644    0.64706518721291   -0.80780589969549   -0.72102916029273    0.69122016152969  
  0.920000   -0.81556304435402    0.64725763973504   -0.80094741876140   -0.70585883863178    0.69099390920145  
  0.930000   -0.81310288432587    0.64690532663367   -0.79406195235391   -0.69094803830013    0.69074912017214  
  0.940000   -0.81044949407915    0.64601838895931   -0.78715697990962   -0.67630125265964    0.69050700209840  
  0.950000   -0.80760830299174    0.64460758838991   -0.78023982091016   -0.66192066346764    0.69028649470344  
  0.960000   -0.80458490010918    0.64268428666960   -0.77331762190460   -0.64780625988780    0.69010414496353  
  0.970000   -0.80138501485847    0.64026042334443   -0.76639734225333   -0.63395597043300    0.68997400733476  
  0.980000   -0.79801449790012    0.63734849176974   -0.75948573879656   -0.62036580648786    0.68990756964280  
  0.990000   -0.79447930219731    0.63396151337850   -0.75258934966463   -0.60703001598276    0.68991370500840  
  1.000000   -0.79078546437803    0.63011301021560   -0.74571447746003   -0.59394124572919    0.68999864993071  
  1.010000   -0.78693908646226    0.62581697575919   -0.73886717204964   -0.58109071087751    0.69016600839979  
  1.020000   -0.78294631802283    0.62108784406614   -0.73205321321257   -0.56846836992386    0.69041678166333  
  1.030000   -0.77881333884412    0.61594045729544   -0.72527809339222   -0.55606310367273    0.69074942303094  
  1.040000   -0.77454634213843    0.61039003167932   -0.71854700080173   -0.54386289655560    0.69115991686673  
  1.050000   -0.77015151837509    0.60445212202838   -0.71186480312998   -0.53185501871402    0.69164188069753  
  1.060000   -0.76563503977252    0.59814258487220   -0.70523603208982   -0.52002620727762    0.69218668915377  
  1.070000   -0.76100304549813    0.59147754035265   -0.69866486904262   -0.50836284530291    0.69278361826338  
  1.080000   -0.75626162761603    0.58447333300119   -0.69215513192266   -0.49685113688734    0.69342000843910  
  1.090000   -0.75141681781665    0.57714649154526   -0.68571026367197   -0.48547727703397    0.69408144433639  
  1.100000   -0.74647457495745    0.56951368790150   -0.67933332238055   -0.47422761491516    0.69475194961609  
  1.110000   -0.74144077343815    0.56159169552492   -0.67302697330995   -0.46308880926713    0.69541419452254  
  1.120000   -0.73632119242835    0.55339734729372   -0.66679348295828   -0.45204797474150    0.69604971408608  
  1.130000   -0.73112150596045    0.54494749311808   -0.66063471530358   -0.44109281814247    0.69663913467957  
  1.140000   -0.72584727389502    0.53625895746891   -0.65455213034002   -0.43021176358988    0.69716240660163  
  1.150000   -0.72050393376072    0.52734849702844   -0.64854678499710   -0.41939406576592    0.69759904032593  
  1.160000   -0.71509679346607    0.51823275866896   -0.64261933650718   -0.40862991052764    0.69792834404587  
  1.170000   -0.70963102487513    0.50892823796850   -0.63677004826104   -0.39791050229535    0.69812966015675  
  1.180000   -0.70411165823490    0.49945123847352   -0.63099879816494   -0.38722813775915    0.69818259835402  
  1.190000   -0.69854357743748    0.48981783191767   -0.62530508948617   -0.37657626557984    0.69806726308440  
  1.200000   -0.69293151609641    0.48004381960336   -0.61968806414818   -0.36594953189489    0.69776447316671  
  1.210000   -0.68728005441217    0.47014469514863   -0.61414651841017   -0.35534381157502    0.69725597150014  
  1.220000   -0.68159361679895    0.46013560879590   -0.60867892084100   -0.34475622530939    0.69652462289784  
  1.230000   -0.67587647024105    0.45003133347161   -0.60328343247294   -0.33418514272760    0.69555459822213  
  1.240000   -0.67013272334478    0.43984623277653   -0.59795792899752   -0.32363017189266    0.69433154315253  
  1.250000   -0.66436632604909    0.42959423107589   -0.59270002484408   -0.31309213561968    0.69284273008807  
  1.260000   -0.65858106995595    0.41928878584612   -0.58750709896136   -0.30257303519023    0.69107719186794  
  1.270000   -0.65278058924000    0.40894286242163   -0.58237632210423   -0.29207600213935    0.68902583618958  
  1.280000   -0.64696836209500    0.39856891127002   -0.57730468541113   -0.28160523889210    0.68668153980608  
  1.290000   -0.64114771267433    0.38817884790841   -0.57228903004375   -0.27116594911681    0.68403922179616  
  1.300000   -0.63532181348128    0.37778403555636   -0.56732607764865   -0.26076425874339    0.68109589541500  
  1.310000   -0.62949368816508    0.36739527060323   -0.56241246139066   -0.25040712866571    0.67785069825300  
  1.320000   -0.62366621467842    0.35702277094925   -0.55754475730152   -0.24010226020701    0.67430490064823  
  1.330000   -0.61784212875232    0.34667616726029   -0.55271951568221   -0.22985799447607    0.67046189251600  
  1.340000   -0.61202402764519    0.33636449715723   -0.54793329229610   -0.21968320677918    0.66632714897215  
  1.350000   -0.60621437412351    0.32609620234061   -0.54318267909062   -0.20958719727831    0.66190817533502  
  1.360000   -0.60041550063300    0.31587912863174   -0.53846433418870   -0.19957957909993    0.65721443229040  
  1.370000   -0.59462961362027    0.30572052889180   -0.53377501089715   -0.18967016510063    0.65225724219421  
  1.380000   -0.58885879796710    0.29562706876058   -0.52911158548775   -0.17986885448621    0.64704967766609  
  1.390000   -0.58310502150079    0.28560483513815   -0.52447108351774   -0.17018552045994    0.64160643379235  
  1.400000   -0.57737013954672    0.27565934731366   -0.51985070446941   -0.16062990004351    0.63594368540693  
  1.410000   -0.57165589949087    0.26579557062821   -0.51524784450418   -0.15121148717174    0.63007893105357  
  1.420000   -0.56596394532304    0.25601793254174   -0.51066011714363   -0.14193943010950    0.62403082534896  
  1.430000   -0.56029582213339    0.24633034095825   -0.50608537170933   -0.13282243417708    0.61781900156505  
  1.440000   -0.55465298053802    0.23673620464881   -0.50152170937398   -0.12386867070013    0.61146388632813  
  1.450000   -0.54903678101151    0.22723845559876   -0.49696749669861   -0.11508569302106    0.60498650839118  
  1.460000   -0.54344849810722    0.21783957309343   -0.49242137655419   -0.10648036032407    0.59840830347543  
  1.470000   -0.53788932454883    0.20854160934629   -0.48788227635002   -0.09805876993383    0.59175091719538  
  1.480000   -0.53236037517899    0.19934621646446   -0.48334941351663   -0.08982619865154    0.58503600807965  
  1.490000   -0.52686269075387    0.19025467453965   -0.47882229821637   -0.08178705359106    0.57828505267775  
  1.500000   -0.52139724157476    0.18126792064647   -0.47430073328045   -0.07394483287433    0.57151915470082  
  1.510000   -0.51596493095019    0.17238657852695   -0.46978481139714   -0.06630209643908    0.56475886008284  
  1.520000   -0.51056659848483    0.16361098873753   -0.46527490960110   -0.05886044710535    0.55802397976907  
  1.530000   -0.50520302319308    0.15494123903494   -0.46077168113844   -0.05162052194049    0.55133342194099  
  1.540000   -0.49987492643785    0.14637719477863   -0.45627604480670   -0.04458199385700    0.54470503527309  
  1.550000   -0.49458297469660    0.13791852913100   -0.45178917189124   -0.03774358327383    0.53815546468826  
  1.560000   -0.48932778215883    0.12956475284136   -0.44731247084201   -0.03110307957207    0.53170002093587  
  1.570000   -0.48410991316043    0.12131524340649   -0.44284756985438   -0.02465737197950    0.52535256516198  
  1.580000   -0.47892988446208    0.11316927340887   -0.43839629753688   -0.01840248942742    0.51912540947638  
  1.590000   -0.47378816737996    0.10512603784326   -0.43396066186510   -0.01233364883818    0.51302923434730  
  1.600000   -0.46868518977791    0.09718468025387   -0.42954282763623   -0.00644531122287    0.50707302347463  
  1.610000   -0.46362133793156    0.08934431751660   -0.42514509265112   -0.00073124489746    0.50126401660673  
  1.620000   -0.45859695827485    0.08160406311478   -0.42076986286151    0.00481540493785    0.49560768057825  
  1.630000   -0.45361235904061    0.07396304877152   -0.41641962672810    0.01020204106620    0.49010769865660  
  1.640000   -0.44866781180658    0.06642044431793   -0.41209692904080    0.01543653442484    0.48476597809690  
  1.650000   -0.44376355295860    0.05897547569244   -0.40780434445611    0.02052714047228    0.47958267561937  
  1.660000   -0.43889978508268    0.05162744098460   -0.40354445100711    0.02548241267232    0.47455624034247  
  1.670000   -0.43407667829727    0.04437572445360   -0.39931980384008    0.03031111403306    0.46968347353094  
  1.680000   -0.42929437153679    0.03721980847066   -0.39513290942772    0.03502212764720    0.46495960435169  
  1.690000   -0.42455297379684    0.03015928335228   -0.39098620050255    0.03962436717801    0.46037838067431  
  1.700000   -0.41985256535103    0.02319385507005   -0.38688201194500    0.04412668822431    0.45593217380816  
  1.710000   -0.41519319894837    0.01632335084066   -0.38282255785033    0.04853780147699    0.45161209593598  
  1.720000   -0.41057490099959    0.00954772261804   -0.37880990998479    0.05286618855027    0.44740812888579  
  1.730000   -0.40599767275937    0.00286704852691   -0.37484597782691    0.05712002133248    0.44330926277968  
  1.740000   -0.40146149151093   -0.00371846770599   -0.37093249037281    0.06130708565491    0.43930364301148  
  1.750000   -0.39696631175804   -0.01020849925028   -0.36707097986589    0.06543471002332    0.43537872393450  
  1.760000   -0.39251206642842   -0.01660260051213   -0.36326276759160    0.06950970009587    0.43152142758800  
  1.770000   -0.38809866809147   -0.02290021321377   -0.35950895185660    0.07353827952410    0.42771830575552  
  1.780000   -0.38372601019210   -0.02910067409660   -0.35581039824974    0.07752603770085    0.42395570363121  
  1.790000   -0.37939396830121   -0.03520322412009   -0.35216773225926    0.08147788488184    0.42021992337060  
  1.800000   -0.37510240138245   -0.04120701901783   -0.34858133429694    0.08539801506615    0.41649738582089  
  1.810000   -0.37085115307356   -0.04711114106256   -0.34505133715644    0.08928987693674    0.41277478876172  
  1.820000   -0.36664005297987   -0.05291461188399   -0.34157762590872    0.09315615307556    0.40903926004004  
  1.830000   -0.36246891797639   -0.05861640617698   -0.33815984021406    0.09699874758021    0.40527850405186  
  1.840000   -0.35833755351410   -0.06421546613229   -0.33479737900621    0.10081878212102    0.40148094010797  
  1.850000   -0.35424575492534   -0.06971071641904   -0.33148940748206    0.10461660038990    0.39763583131944  
  1.860000   -0.35019330872236   -0.07510107954602   -0.32823486630743    0.10839178080630    0.39373340275102  
  1.870000   -0.34617999388278   -0.08038549142888   -0.32503248292920    0.11214315726165    0.38976494771395  
  1.880000   -0.34220558311477   -0.08556291699163   -0.32188078486381    0.11586884760321    0.38572292120492  
  1.890000   -0.33826984409500   -0.09063236563345   -0.31877811481412    0.11956628948106    0.38160101964097  
  1.900000   -0.33437254067161   -0.09559290639659   -0.31572264744947    0.12323228311018    0.37739424619155  
  1.910000   -0.33051343402466   -0.10044368267677   -0.31271240766920    0.12686304043235    0.37309896116614  
  1.920000   -0.32669228377650   -0.10518392632449   -0.30974529015620    0.13045424010190    0.36871291707663  
  1.930000   -0.32290884904431   -0.10981297099457   -0.30681908001649    0.13400108766467    0.36423527815822  
  1.940000   -0.31916288942774   -0.11433026461043   -0.30393147429124    0.13749838025241    0.35966662429628  
  1.950000   -0.31545416592462   -0.11873538082075   -0.30108010412099    0.14094057507433    0.35500893947119  
  1.960000   -0.31178244176810   -0.12302802933770   -0.29826255733721    0.14432186095575    0.35026558499349  
  1.970000   -0.30814748317948   -0.12720806505864   -0.29547640125370    0.14763623214898    0.34544125795901  
  1.980000   -0.30454906003118   -0.13127549588645   -0.29271920543040    0.15087756362578    0.34054193550425  
  1.990000   -0.30098694641546   -0.13523048917776   -0.28998856418413    0.15403968705264    0.33557480558612  
  2.000000   -0.29746092111491   -0.13907337676265   -0.28728211862506    0.15711646665044    0.33054818514467  
  2.010000   -0.29397076797185   -0.14280465849424   -0.28459757800435    0.16010187414894    0.32547142663228  
  2.020000   -0.29051627615467   -0.14642500430157   -0.28193274016680    0.16299006206249    0.32035481400596  
  2.030000   -0.28709724031996   -0.14993525473411   -0.27928551091290    0.16577543453835    0.31520944938025  
  2.040000   -0.28371346067037   -0.15333642000133   -0.27665392208708    0.16845271506014    0.31004713162580  
  2.050000   -0.28036474290923   -0.15662967752526   -0.27403614822309    0.17101701032836    0.30488022827182  
  2.060000   -0.27705089809376   -0.15981636803860   -0.27143052159323    0.17346386968487    0.29972154212912  
  2.070000   -0.27377174238991   -0.16289799027452   -0.26883554552496    0.17578933950007    0.29458417409377  
  2.080000   -0.27052709673277   -0.16587619430778   -0.26624990586714    0.17799001199846    0.28948138361850  
  2.090000   -0.26731678639740   -0.16875277361913   -0.26367248050734    0.18006306806001    0.28442644835101  
  2.100000   -0.26414064048598   -0.17152965596686   -0.26110234686183    0.18200631360118    0.27943252443417  
  2.110000   -0.26099849133797   -0.17420889315984   -0.25853878728084    0.18381820920866    0.27451250894311  
  2.120000   -0.25789017387067   -0.17679264983634   -0.25598129233295    0.18549789277159    0.26967890589947  
  2.130000   -0.25481552485855   -0.17928319136145   -0.25342956195391    0.18704519493205    0.26494369725304  
  2.140000   -0.25177438216009   -0.18168287096316   -0.25088350446663    0.18846064724938    0.26031822015715  
  2.150000   -0.24876658390161   -0.18399411623369   -0.24834323350053    0.18974548304968    0.25581305178647  
  2.160000   -0.24579196762803   -0.18621941512720   -0.24580906285900    0.19090163100765    0.25143790285657  
  2.170000   -0.24285036943073   -0.18836130158884   -0.24328149940421    0.19193170158217    0.24720152090260  
  2.180000   -0.23994162306302   -0.19042234095220   -0.24076123404749    0.19283896649994    0.24311160426350  
  2.190000   -0.23706555905395   -0.19240511524317   -0.23824913095232    0.19362733155140    0.23917472759723  
  2.200000   -0.23422200383109   -0.19431220852775   -0.23574621507359    0.19430130302977    0.23539627962420  
  2.210000   -0.23141077886290   -0.19614619243964   -0.23325365817289    0.19486594820712    0.23178041366172  
  2.220000   -0.22863169983111   -0.19790961202025   -0.23077276346384    0.19532685029939    0.22833001137275  
  2.230000   -0.22588457584329   -0.19960497199963   -0.22830494905384    0.19569005842554    0.22504666000952  
  2.240000   -0.22316920869521   -0.20123472364118   -0.22585173035971    0.19596203311342    0.22193064328801  
  2.250000   -0.22048539219233   -0.20280125226642   -0.22341470168370    0.19614958794647    0.21898094588476  
  2.260000   -0.21783291153897   -0.20430686556841   -0.22099551714307    0.19625982798042    0.21619527140345  
  2.270000   -0.21521154280304   -0.20575378281373   -0.21859587115203    0.19630008558728    0.21357007351840  
  2.280000   -0.21262105246344   -0.20714412502332   -0.21621747865737    0.19627785440538    0.21110059986521  
  2.290000   -0.21006119704649   -0.20847990621231   -0.21386205533042    0.19620072208827    0.20878094811784  
  2.300000   -0.20753172285663   -0.20976302575783   -0.21153129791682    0.19607630255231    0.20660413356758  
  2.310000   -0.20503236580565   -0.21099526195220   -0.20922686494240    0.19591216842231    0.20456216740313  
  2.320000   -0.20256285134402   -0.21217826678703   -0.20695035796860    0.19571578436738    0.20264614478493  
  2.330000   -0.20012289449629   -0.21331356200138   -0.20470330358372    0.19549444200413    0.20084634171044  
  2.340000   -0.19771220000183   -0.21440253641445   -0.20248713630767    0.19525519702359    0.19915231958250  
  2.350000   -0.19533046256087   -0.21544644455084   -0.20030318257707    0.19500480916957    0.19755303632004  
  2.360000   -0.19297736718493   -0.21644640655383   -0.19815264596582    0.19474968566254    0.19603696279084  
  2.370000   -0.19065258964911   -0.21740340936944   -0.19603659378215    0.19449582862261    0.19459220329936  
  2.380000   -0.18835579704331   -0.21831830917242   -0.19395594516863    0.19424878700011    0.19320661882975  
  2.390000   -0.18608664841781   -0.21919183499296   -0.19191146081525    0.19401361347162    0.19186795172576  
  2.400000   -0.18384479551802   -0.22002459349228   -0.18990373437858    0.19379482670490    0.19056395048408  
  2.410000   -0.18162988360192   -0.22081707482409   -0.18793318568199    0.19359637933762    0.18928249334719  
  2.420000   -0.17944155233315   -0.22156965950957   -0.18600005575361    0.19342163195328    0.18801170940467  
  2.430000   -0.17727943674171   -0.22228262624375   -0.18410440373921    0.19327333327399    0.18674009594871  
  2.440000   -0.17514316824336   -0.22295616054370   -0.18224610570811    0.19315360672356    0.18545663087862  
  2.450000   -0.17303237570851   -0.22359036414084   -0.18042485535114    0.19306394344821    0.18415087901151  
  2.460000   -0.17094668657043   -0.22418526501420   -0.17864016654974    0.19300520181415    0.18281309122923  
  2.470000   -0.16888572796259   -0.22474082795560   -0.17689137777725    0.19297761333516    0.18143429547636  
  2.480000   -0.16684912787404   -0.22525696555416   -0.17517765827441    0.19298079491673    0.18000637871749  
  2.490000   -0.16483651631211   -0.22573354948416   -0.17349801592382    0.19301376723931    0.17852215906521  
  2.500000   -0.16284752646117   -0.22617042197882   -0.17185130673115    0.19307497904121    0.17697544739999  
  2.510000   -0.16088179582623   -0.22656740737177   -0.17023624580528    0.19316233700239    0.17536109792025  
  2.520000   -0.15893896735045   -0.22692432358854   -0.16865141971489    0.19327324087512    0.17367504718191  
  2.530000   -0.15701869049565   -0.22724099347212   -0.16709530008594    0.19340462345565    0.17191434131274  
  2.540000   -0.15512062227538   -0.22751725582943   -0.16556625829260    0.19355299494423    0.17007715121402  
  2.550000   -0.15324442823039   -0.22775297608944   -0.16406258108427    0.19371449119887    0.16816277569135  
  2.560000   -0.15138978333702   -0.22794805646865   -0.16258248698248    0.19388492535144    0.16617163258423  
  2.570000   -0.14955637283963   -0.22810244554547   -0.16112414327501    0.19405984222424    0.16410523809143  
  2.580000   -0.14774389299887   -0.22821614715201   -0.15968568342952    0.19423457496000    0.16196617461224  
  2.590000   -0.14595205174838   -0.22828922849930   -0.15826522474567    0.19440430325992    0.15975804754339  
  2.600000   -0.14418056925358   -0.22832182746064   -0.15686088606384    0.19456411261213    0.15748543158505  
  2.610000   -0.14242917836690   -0.22831415894661   -0.15547080534873    0.19470905388701    0.15515380721647  
  2.620000   -0.14069762497504   -0.22826652031524   -0.15409315696886    0.19483420267698    0.15276948810086  
  2.630000   -0.13898566823477   -0.22817929577086   -0.15272616849721    0.19493471776507    0.15033954026986  
  2.640000   -0.13729308069490   -0.22805295971563   -0.15136813686396    0.19500589812027    0.14787169401830  
  2.650000   -0.13561964830328   -0.22788807902891   -0.15001744370052    0.19504323783746    0.14537424951044  
  2.660000   -0.13396517029863   -0.22768531426013   -0.14867256972272    0.19504247846478    0.14285597715791  
  2.670000   -0.13232945898832   -0.22744541973232   -0.14733210801229    0.19499965819267    0.14032601387682  
  2.680000   -0.13071233941426   -0.22716924256410   -0.14599477606755    0.19491115741521    0.13779375636685  
  2.690000   -0.12911364891011   -0.22685772062896   -0.14465942650793    0.19477374021500    0.13526875257802  
  2.700000   -0.12753323655431   -0.22651187948111   -0.14332505633115    0.19458459136909    0.13276059254081  
  2.710000   -0.12597096252415   -0.22613282828737   -0.14199081463752    0.19434134852185    0.13027879973342  
  2.720000   -0.12442669735741   -0.22572175481432   -0.14065600875194    0.19404212922438    0.12783272414471  
  2.730000   -0.12290032112868   -0.22527991952904   -0.13932010869092    0.19368555259449    0.12543143816461  
  2.740000   -0.12139172254868   -0.22480864888030   -0.13798274993946    0.19327075540978    0.12308363639483  
  2.750000   -0.11990079799537   -0.22430932783482   -0.13664373451988    0.19279740250487    0.12079754042246  
  2.760000   -0.11842745048639   -0.22378339175013   -0.13530303035235    0.19226569140431    0.11858080953806  
  2.770000   -0.11697158860311   -0.22323231767196   -0.13396076892454    0.19167635118305    0.11644045830884  
  2.780000   -0.11553312537676   -0.22265761514883   -0.13261724130476    0.19103063560649    0.11438278183744  
  2.790000   -0.11411197714781   -0.22206081666112   -0.13127289254994    0.19033031066138    0.11241328944815  
  2.800000   -0.11270806240976   -0.22144346776514   -0.12992831457576    0.18957763664635    0.11053664744692  
  2.810000   -0.11132130064879   -0.22080711705458   -0.12858423757182    0.18877534504677    0.10875663149943  
  2.820000   -0.10995161119080   -0.22015330604337   -0.12724152005896    0.18792661047107    0.10707608906445  
  2.830000   -0.10859891206707   -0.21948355907377   -0.12590113769927    0.18703501797578    0.10549691220897  
  2.840000   -0.10726311890993   -0.21879937335281   -0.12456417098142    0.18610452615210    0.10402002101781  
  2.850000   -0.10594414388920   -0.21810220921819   -0.12323179191497    0.18513942638900    0.10264535769547  
  2.860000   -0.10464189469995   -0.21739348073185   -0.12190524987632    0.18414429876475    0.10137189134267  
  2.870000   -0.10335627361148   -0.21667454669549   -0.12058585675718    0.18312396505156    0.10019763327569  
  2.880000   -0.10208717658704   -0.21594670217774   -0.11927497157256    0.18208343934448    0.09911966264481  
  2.890000   -0.10083449248274   -0.21521117063663   -0.11797398468994    0.18102787684812    0.09813416199908  
  2.900000   -0.09959810233368   -0.21446909671496   -0.11668430184427    0.17996252136995    0.09723646234106  
  2.910000   -0.09837787873426   -0.21372153977863   -0.11540732810465    0.17889265207980    0.09642109711615  
  2.920000   -0.09717368531857   -0.21296946826034   -0.11414445195812    0.17782353009885    0.09568186448979  
  2.930000   -0.09598537634625   -0.21221375486259   -0.11289702967385    0.17676034548038    0.09501189718098  
  2.940000   -0.09481279639748   -0.21145517266489   -0.11166637010727    0.17570816513674    0.09440373904529  
  2.950000   -0.09365578018020   -0.21069439217079   -0.11045372009798    0.17467188225409    0.09384942753321  
  2.960000   -0.09251415245142   -0.20993197932092   -0.10926025060879    0.17365616771774    0.09334058109337  
  2.970000   -0.09138772805313   -0.20916839448794   -0.10808704374429    0.17266542404691    0.09286849054325  
  2.980000   -0.09027631206244   -0.20840399245986   -0.10693508077784    0.17170374230864    0.09242421339447  
  2.990000   -0.08917970005439   -0.20763902340781   -0.10580523130472    0.17077486244693    0.09199867009515  
  3.000000   -0.08809767847460   -0.20687363482475   -0.10469824362688    0.16988213742514    0.09158274113833  
  3.010000   -0.08703002511800   -0.20610787441182   -0.10361473646146    0.16902850153733    0.09116736398370  
  3.020000   -0.08597650970884   -0.20534169387949   -0.10255519205125    0.16821644319920    0.09074362874913  
  3.030000   -0.08493689457600   -0.20457495362199   -0.10151995074020    0.16744798248056    0.09030287164884  
  3.040000   -0.08391093541690   -0.20380742821462   -0.10050920706189    0.16672465359033    0.08983676518663  
  3.050000   -0.08289838214224   -0.20303881267554   -0.09952300737277    0.16604749247247    0.08933740415403  
  3.060000   -0.08189897979311   -0.20226872942653   -0.09856124904607    0.16541702961687    0.08879738653520  
  3.070000   -0.08091246952139   -0.20149673588014   -0.09762368122612    0.16483328813424    0.08820988848099  
  3.080000   -0.07993858962335   -0.20072233257489   -0.09670990712661    0.16429578708917    0.08756873258450  
  3.090000   -0.07897707661645   -0.19994497177501   -0.09581938784054    0.16380355003034    0.08686844876746  
  3.100000   -0.07802766634829   -0.19916406644702   -0.09495144761433    0.16335511860318    0.08610432717125  
  3.110000   -0.07709009512681   -0.19837899952177   -0.09410528052344    0.16294857107788    0.08527246253622  
  3.120000   -0.07616410086034   -0.19758913334843   -0.09327995847303    0.16258154557522    0.08436978964850  
  3.130000   -0.07524942419626   -0.19679381924532   -0.09247444043368    0.16225126772483    0.08339410953216  
  3.140000   -0.07434580964681   -0.19599240705163   -0.09168758280993    0.16195458244556    0.08234410616647  
  3.150000   -0.07345300669086   -0.19518425458501   -0.09091815082850    0.16168798949660    0.08121935361181  
  3.160000   -0.07257077084072   -0.19436873691087   -0.09016483082273    0.16144768240991    0.08002031353141  
  3.170000   -0.07169886466334   -0.19354525533168   -0.08942624328140    0.16122959038182    0.07874832320005  
  3.180000   -0.07083705874574   -0.19271324600801   -0.08870095652282    0.16102942267257    0.07740557419255  
  3.190000   -0.06998513259506   -0.19187218812657   -0.08798750084928    0.16084271503889    0.07599508204402  
  3.200000   -0.06914287546440   -0.19102161153597   -0.08728438303279    0.16066487770586    0.07452064726937  
  3.210000   -0.06831008709609   -0.19016110377610   -0.08659010098023    0.16049124437063    0.07298680821992  
  3.220000   -0.06748657837517   -0.18929031643382   -0.08590315842515    0.16031712172266    0.07139878634006  
  3.230000   -0.06667217188649   -0.18840897076426   -0.08522207949366    0.16013783896190    0.06976242446495  
  3.240000   -0.06586670236998   -0.18751686252506   -0.08454542299420    0.15994879679929    0.06808411887116  
  3.250000   -0.06507001706965   -0.18661386597855   -0.08387179628430    0.15974551543170    0.06637074585488  
  3.260000   -0.06428197597267   -0.18569993702577   -0.08319986857273    0.15952368099671    0.06462958366636  
  3.270000   -0.06350245193648   -0.18477511544479   -0.08252838352180    0.15927919003094    0.06286823067366  
  3.280000   -0.06273133070237   -0.18383952621498   -0.08185617102269    0.15900819147863    0.06109452066421  
  3.290000   -0.06196851079576   -0.18289337991820   -0.08118215802544    0.15870712582513    0.05931643621733  
  3.300000   -0.06121390331383   -0.18193697221698   -0.08050537831617    0.15837276096191    0.05754202109572  
  3.310000   -0.06046743160299   -0.18097068241922   -0.07982498114483    0.15800222442557    0.05577929260854  
  3.320000   -0.05972903082913   -0.17999497114776   -0.07914023861969    0.15759303169317    0.05403615489248  
  3.330000   -0.05899864744506   -0.17901037714264   -0.07845055179763    0.15714311025851    0.05232031404174  
  3.340000   -0.05827623856049   -0.17801751323167   -0.07775545541311    0.15665081925961    0.05063919599136  
  3.350000   -0.05756177122062   -0.17701706151398   -0.07705462120330    0.15611496447482    0.04899986802299  
  3.360000   -0.05685522160075   -0.17600976780828   -0.07634785980124    0.15553480855465    0.04740896471769  
  3.370000   -0.05615657412464   -0.17499643542522   -0.07563512118414    0.15491007640614    0.04587261912650  
  3.380000   -0.05546582051561   -0.17397791832954   -0.07491649367881    0.15424095569807    0.04439639986877  
  3.390000   -0.05478295878955   -0.17295511376379   -0.07419220154108    0.15352809250608    0.04298525479914  
  3.400000   -0.05410799219996   -0.17192895441038   -0.07346260114099    0.15277258216753    0.04164346180927  
  3.410000   -0.05344092814538   -0.17090040017328   -0.07272817579956    0.15197595546544    0.04037458724940  
  3.420000   -0.05278177705003   -0.16987042966418   -0.07198952933689    0.15114016030936    0.03918145236965  
  3.430000   -0.05213055122869   -0.16884003148055   -0.07124737840437    0.15026753912681    0.03806610809119  
  3.440000   -0.05148726374703   -0.16781019536492   -0.07050254368607    0.14936080222310    0.03702981832577  
  3.450000   -0.05085192728863   -0.16678190333573   -0.06975594006563    0.14842299740810    0.03607305196782  
  3.460000   -0.05022455303984   -0.16575612087986   -0.06900856586547    0.14745747622612    0.03519548358885  
  3.470000   -0.04960514960343   -0.16473378829629   -0.06826149127410    0.14646785715901    0.03439600276942  
  3.480000   -0.04899372195172   -0.16371581227848   -0.06751584608532    0.14545798620272    0.03367273191059  
  3.490000   -0.04839027042945   -0.16270305782041   -0.06677280687965    0.14443189524278    0.03302305227627  
  3.500000   -0.04779478981621   -0.16169634052775   -0.06603358378365    0.14339375867574    0.03244363792973  
  3.510000   -0.04720726845743   -0.16069641941137   -0.06529940694647    0.14234784873960    0.03193049714448  
  3.520000   -0.04662768747269   -0.15970399023527   -0.06457151287537    0.14129849002777    0.03147902079100  
  3.530000   -0.04605602004871   -0.15871967948537   -0.06385113077290    0.14025001366763    0.03108403712844  
  3.540000   -0.04549223082417   -0.15774403901914   -0.06313946901764    0.13920671164607    0.03073987236414  
  3.550000   -0.04493627537209   -0.15677754144900   -0.06243770192849    0.13817279176079    0.03044041628562  
  3.560000   -0.04438809978486   -0.15582057630515   -0.06174695694881    0.13715233366741    0.03017919221828  
  3.570000   -0.04384764036570   -0.15487344701524   -0.06106830238211    0.13614924647912    0.02994943052034  
  3.580000   -0.04331482342961   -0.15393636873031   -0.06040273580419    0.13516722835734    0.02974414479224  
  3.590000   -0.04278956521538   -0.15300946701771   -0.05975117326980    0.13420972850894    0.02955620995382  
  3.600000   -0.04227177190952   -0.15209277743304   -0.05911443942242    0.13327991197911    0.02937844132705  
  3.610000   -0.04176133978152   -0.15118624597415   -0.05849325860669    0.13238062759755    0.02920367385647  
  3.620000   -0.04125815542893   -0.15028973041178   -0.05788824707153    0.13151437940150    0.02902484060332  
  3.630000   -0.04076209612964   -0.14940300248207   -0.05729990634088    0.13068330182127    0.02883504966208  
  3.640000   -0.04027303029764   -0.14852575091815   -0.05672861781615    0.12988913887338    0.02862765867082  
  3.650000   -0.03979081803743   -0.14765758528926   -0.05617463866171    0.12913322756344    0.02839634611734  
  3.660000   -0.03931531179146   -0.14679804060795   -0.05563809901103    0.12841648565604    0.02813517868316  
  3.670000   -0.03884635707397   -0.14594658265834   -0.05511900051742    0.12773940392244    0.02783867391453  
  3.680000   -0.03838379328355   -0.14510261399122   -0.05461721625891    0.12710204292971    0.02750185756492  
  3.690000   -0.03792745458632   -0.14426548052528   -0.05413249199322    0.12650403438695    0.02712031501527  
  3.700000   -0.03747717086069   -0.14343447868758   -0.05366444874419    0.12594458701641    0.02669023624605  
  3.710000   -0.03703276869400   -0.14260886302145   -0.05321258668778    0.12542249687028    0.02620845390857  
  3.720000   -0.03659407242105   -0.14178785418512   -0.05277629029192    0.12493616196735    0.02567247412074  
  3.730000   -0.03616090519399   -0.14097064726081   -0.05235483465200    0.12448360107908    0.02508049969377  
  3.740000   -0.03573309007260   -0.14015642029093   -0.05194739295130    0.12406247645185    0.02443144558057  
  3.750000   -0.03531045112409   -0.13934434295594   -0.05155304496439    0.12367012021152    0.02372494642249  
  3.760000   -0.03489281452122   -0.13853358530717   -0.05117078651086    0.12330356415896    0.02296135615791  
  3.770000   -0.03448000962753   -0.13772332646742   -0.05079953975730    0.12295957263058    0.02214173974283  
  3.780000   -0.03407187005892   -0.13691276321266   -0.05043816425688    0.12263467806707    0.02126785711940  
  3.790000   -0.03366823471066   -0.13610111834947   -0.05008546860875    0.12232521890634    0.02034213965216  
  3.800000   -0.03326894873945   -0.13528764880495   -0.04974022261320    0.12202737939383    0.01936765933249  
  3.810000   -0.03287386449070   -0.13447165334898   -0.04940116979410    0.12173723088441    0.01834809112925  
  3.820000   -0.03248284236149   -0.13365247987226   -0.04906704015653    0.12145077419623    0.01728766893597  
  3.830000   -0.03209575159055   -0.13282953214837   -0.04873656304551    0.12116398256732    0.01619113563266  
  3.840000   -0.03171247096717   -0.13200227601308   -0.04840847997146    0.12087284476072    0.01506368784152  
  3.850000   -0.03133288945186   -0.13117024490026   -0.04808155726828    0.12057340786423    0.01391091601053  
  3.860000   -0.03095690670238   -0.13033304468006   -0.04775459845264    0.12026181933554    0.01273874050668  
  3.870000   -0.03058443349977   -0.12949035775219   -0.04742645615636    0.11993436785260    0.01155334444032  
  3.880000   -0.03021539206996   -0.12864194635456   -0.04709604350859    0.11958752254361    0.01036110397402  
  3.890000   -0.02984971629759   -0.12778765505547   -0.04676234485083    0.11921797018888    0.00916851689262  
  3.900000   -0.02948735182981   -0.12692741240560   -0.04642442567491    0.11882265000977    0.00798213022632  
  3.910000   -0.02912825606875   -0.12606123173457   -0.04608144168268    0.11839878568628    0.00680846772445  
  3.920000   -0.02877239805272   -0.12518921108544   -0.04573264687562    0.11794391427507    0.00565395797516  
  3.930000   -0.02841975822703   -0.12431153228892   -0.04537740059271    0.11745591173335    0.00452486395526  
  3.940000   -0.02807032810674   -0.12342845918779   -0.04501517342657    0.11693301479041    0.00342721477410  
  3.950000   -0.02772410983427   -0.12254033503058   -0.04464555195928    0.11637383894792    0.00236674034822  
  3.960000   -0.02738111563648   -0.12164757906145   -0.04426824227221    0.11577739243100    0.00134880970693  
  3.970000   -0.02704136718618   -0.12075068234179   -0.04388307219668    0.11514308595562    0.00037837358616  
  3.980000   -0.02670489487443   -0.11985020284599   -0.04348999228593    0.11447073822158   -0.00054008808250  
  3.990000   -0.02637173700077   -0.11894675988170   -0.04308907550184    0.11376057708587   -0.00140261323744  
  4.000000   -0.02604193888923   -0.11804102789100   -0.04268051562357    0.11301323641644   -0.00220579881919  
  4.010000   -0.02571555193884   -0.11713372969553   -0.04226462439837    0.11222974867170   -0.00294683554881  
  4.020000   -0.02539263261803   -0.11622562925369   -0.04184182746805    0.11141153329588   -0.00362353600328  
  4.030000   -0.02507324141270   -0.11531752400311   -0.04141265911714    0.11056038106396   -0.00423435571434  
  4.040000   -0.02475744173854   -0.11441023686558   -0.04097775590084    0.10967843455183   -0.00477840709441  
  4.050000   -0.02444529882813   -0.11350460799495   -0.04053784922276    0.10876816494787   -0.00525546607311  
  4.060000   -0.02413687860395   -0.11260148635084   -0.04009375694258    0.10783234545945   -0.00566597140790  
  4.070000   -0.02383224654848   -0.11170172118313   -0.03964637410440    0.10687402160324   -0.00601101671318  
  4.080000   -0.02353146658244   -0.11080615351238   -0.03919666288472    0.10589647869991   -0.00629233533118  
  4.090000   -0.02323459996255   -0.10991560769203   -0.03874564186758    0.10490320692247   -0.00651227824620  
  4.100000   -0.02294170420946   -0.10903088313674   -0.03829437476048    0.10389786427188   -0.00667378531868  
  4.110000   -0.02265283207677   -0.10815274629995   -0.03784395867077    0.10288423787486   -0.00678035018769  
  4.120000   -0.02236803057125   -0.10728192298106   -0.03739551206610    0.10186620401483   -0.00683597925769  
  4.130000   -0.02208734003409   -0.10641909103923   -0.03695016254578    0.10084768731964   -0.00684514524881  
  4.140000   -0.02181079329236   -0.10556487358694   -0.03650903455127    0.09983261953724   -0.00681273584673  
  4.150000   -0.02153841488917   -0.10471983273135   -0.03607323714470    0.09882489833376   -0.00674399803958  
  4.160000   -0.02127022040018   -0.10388446392629   -0.03564385198298    0.09782834654726   -0.00664447877395  
  4.170000   -0.02100621584352   -0.10305919099145   -0.03522192161280    0.09684667232444   -0.00651996259920  
  4.180000   -0.02074639718880   -0.10224436184874   -0.03480843820837    0.09588343055746   -0.00637640699949  
  4.190000   -0.02049074997050   -0.10144024501855   -0.03440433286863    0.09494198602324   -0.00621987613478  
  4.200000   -0.02023924900947   -0.10064702691118   -0.03401046558453    0.09402547860905   -0.00605647372651  
  4.210000   -0.01999185824551   -0.09986480994078   -0.03362761598002    0.09313679098511   -0.00589227582944  
  4.220000   -0.01974853068288   -0.09909361148072   -0.03325647492179    0.09227851905881   -0.00573326422907  
  4.230000   -0.01950920844931   -0.09833336367130   -0.03289763708371    0.09145294551495   -0.00558526119413  
  4.240000   -0.01927382296813   -0.09758391408194   -0.03255159454167    0.09066201671343   -0.00545386629501  
  4.250000   -0.01904229524201   -0.09684502722148   -0.03221873146370    0.08990732318017   -0.00534439597376  
  4.260000   -0.01881453624548   -0.09611638688201   -0.03189931994865    0.08919008388861   -0.00526182651749  
  4.270000   -0.01859044742262   -0.09539759929308   -0.03159351705462    0.08851113448918   -0.00521074104730  
  4.280000   -0.01836992128511   -0.09468819705523   -0.03130136304574    0.08787091960217   -0.00519528108774  
  4.290000   -0.01815284210473   -0.09398764381392   -0.03102278087343    0.08726948924688   -0.00521910322934  
  4.300000   -0.01793908669368   -0.09329533962767   -0.03075757689492    0.08670649943606   -0.00528534133843  
  4.310000   -0.01772852526503   -0.09261062697711   -0.03050544281927    0.08618121692116   -0.00539657470580  
  4.320000   -0.01752102236495   -0.09193279735548   -0.03026595885824    0.08569252803025   -0.00555480245878  
  4.330000   -0.01731643786742   -0.09126109837508   -0.03003859804660    0.08523895149777   -0.00576142449116  
  4.340000   -0.01711462802178   -0.09059474131913   -0.02982273168472    0.08481865514344   -0.00601722909282  
  4.350000   -0.01691544654276   -0.08993290906403   -0.02961763584441    0.08442947621775   -0.00632238738649  
  4.360000   -0.01671874573209   -0.08927476429314   -0.02942249886792    0.08406894519311   -0.00667645460394  
  4.370000   -0.01652437762080   -0.08861945792056   -0.02923642978004    0.08373431274408   -0.00707837815856  
  4.380000   -0.01633219512076   -0.08796613764077   -0.02905846752356    0.08342257962723   -0.00752651239693  
  4.390000   -0.01614205317399   -0.08731395651913   -0.02888759092010    0.08313052914095   -0.00801863983885  
  4.400000   -0.01595380988842   -0.08666208153752   -0.02872272925079    0.08285476181925   -0.00855199864508  
  4.410000   -0.01576732764867   -0.08600970200982   -0.02856277334506    0.08259173199072   -0.00912331598437  
  4.420000   -0.01558247419080   -0.08535603778307   -0.02840658706055    0.08233778581459   -0.00972884690802  
  4.430000   -0.01539912363024   -0.08470034714237   -0.02825301903338    0.08208920039128   -0.01036441828115  
  4.440000   -0.01521715743256   -0.08404193434032   -0.02810091457524    0.08184222353386   -0.01102547726602  
  4.450000   -0.01503646531728   -0.08338015667528   -0.02794912759256    0.08159311378072   -0.01170714380481  
  4.460000   -0.01485694608565   -0.08271443104759   -0.02779653240263    0.08133818022772   -0.01240426650724  
  4.470000   -0.01467850836383   -0.08204423992735   -0.02764203532334    0.08107382176063   -0.01311148131338  
  4.480000   -0.01450107125398   -0.08136913667370   -0.02748458591498    0.08079656527541   -0.01382327227387  
  4.490000   -0.01432456488652   -0.08068875015143   -0.02732318775711    0.08050310248515   -0.01453403376898  
  4.500000   -0.01414893086776   -0.08000278859806   -0.02715690864776    0.08019032492782   -0.01523813347461  
  4.510000   -0.01397412261818   -0.07931104270137   -0.02698489011901    0.07985535680818   -0.01592997537769  
  4.520000   -0.01380010559767   -0.07861338785577   -0.02680635616976    0.07949558533053   -0.01660406214562  
  4.530000   -0.01362685741520   -0.07790978557328   -0.02662062112497    0.07910868820546   -0.01725505616376  
  4.540000   -0.01345436782140   -0.07720028403389   -0.02642709653998    0.07869265804405   -0.01787783857245  
  4.550000   -0.01328263858382   -0.07648501776799   -0.02622529707825    0.07824582338546   -0.01846756565915  
  4.560000   -0.01311168324571   -0.07576420647251   -0.02601484530192    0.07776686613993   -0.01901972199297  
  4.570000   -0.01294152677029   -0.07503815297082   -0.02579547532572    0.07725483526647   -0.01953016972664  
  4.580000   -0.01277220507368   -0.07430724033497   -0.02556703529690    0.07670915654456   -0.01999519353530  
  4.590000   -0.01260376445073   -0.07357192819708   -0.02532948867598    0.07612963834003   -0.02041154071139  
  4.600000   -0.01243626089908   -0.07283274828488   -0.02508291430557    0.07551647330740   -0.02077645598969  
  4.610000   -0.01226975934766   -0.07209029922401   -0.02482750526735    0.07487023601358   -0.02108771073626  
  4.620000   -0.01210433279702   -0.07134524065698   -0.02456356653972    0.07419187651070   -0.02134362619824  
  4.630000   -0.01194006137964   -0.07059828673584   -0.02429151148128    0.07348270992798   -0.02154309057771  
  4.640000   -0.01177703134905   -0.06985019905133   -0.02401185717746    0.07274440219456   -0.02168556976187  
  4.650000   -0.01161533400772   -0.06910177906755   -0.02372521869935    0.07197895204540   -0.02177111161198  
  4.660000   -0.01145506458370   -0.06835386013592   -0.02343230233530    0.07118866950139   -0.02180034378487  
  4.670000   -0.01129632106721   -0.06760729916639   -0.02313389786635    0.07037615105145   -0.02177446513211  
  4.680000   -0.01113920301825   -0.06686296803782   -0.02283086996650    0.06954425179907   -0.02169523079251  
  4.690000   -0.01098381035682   -0.06612174483167   -0.02252414881805    0.06869605486722   -0.02156493116270  
  4.700000   -0.01083024214777   -0.06538450497562   -0.02221472004020    0.06783483838424   -0.02138636499755  
  4.710000   -0.01067859539196   -0.06465211238431   -0.02190361403647    0.06696404039857   -0.02116280695585  
  4.720000   -0.01052896383572   -0.06392541068514   -0.02159189487216    0.06608722209169   -0.02089796996717  
  4.730000   -0.01038143681032   -0.06320521461599   -0.02128064879833    0.06520802967649   -0.02059596285156  
  4.740000   -0.01023609811298   -0.06249230168055   -0.02097097254232    0.06433015538186   -0.02026124367492  
  4.750000   -0.01009302494053   -0.06178740414462   -0.02066396148699    0.06345729793388   -0.01989856936835  
  4.760000   -0.00995228688628   -0.06109120145339   -0.02036069786251    0.06259312294931   -0.01951294217957  
  4.770000   -0.00981394501034   -0.06040431314615   -0.02006223907399    0.06174122365783   -0.01910955355777  
  4.780000   -0.00967805099265   -0.05972729233988   -0.01976960628704    0.06090508236627   -0.01869372609975  
  4.790000   -0.00954464637737   -0.05906061984796   -0.01948377339060    0.06008803307018   -0.01827085420509  
  4.800000   -0.00941376191641   -0.05840469899433   -0.01920565645265    0.05929322560637   -0.01784634410031  
  4.810000   -0.00928541701896   -0.05775985117644   -0.01893610377904    0.05852359172384   -0.01742555389752  
  4.820000   -0.00915961931275   -0.05712631222361   -0.01867588667974    0.05778181343082   -0.01701373435055  
  4.830000   -0.00903636432186   -0.05650422958943   -0.01842569103935    0.05707029395181   -0.01661597096259  
  4.840000   -0.00891563526474   -0.05589366040893   -0.01818610978029    0.05639113160149   -0.01623712808247  
  4.850000   -0.00879740297491   -0.05529457044308   -0.01795763629831    0.05574609685209   -0.01588179560350  
  4.860000   -0.00868162594563   -0.05470683392418   -0.01774065893924    0.05513661283763   -0.01555423884845  
  4.870000   -0.00856825049867   -0.05413023430746   -0.01753545657578    0.05456373950272   -0.01525835218781  
  4.880000   -0.00845721107614   -0.05356446592493   -0.01734219533142    0.05402816156573   -0.01499761689618  
  4.890000   -0.00834843065301   -0.05300913652913   -0.01716092648671    0.05353018042672   -0.01477506370353  
  4.900000   -0.00824182126698   -0.05246377070545   -0.01699158559108    0.05306971010906   -0.01459324044555  
  4.910000   -0.00813728466092   -0.05192781412323   -0.01683399279077    0.05264627728244   -0.01445418516018  
  4.920000   -0.00803471303238   -0.05140063858777   -0.01668785437081    0.05225902537177   -0.01435940491666  
  4.930000   -0.00793398988320   -0.05088154784726   -0.01655276549675    0.05190672271462   -0.01430986059962  
  4.940000   -0.00783499096159   -0.05036978410120   -0.01642821412883    0.05158777468733   -0.01430595780490  
  4.950000   -0.00773758528790   -0.04986453515005   -0.01631358606986    0.05130023967870   -0.01434754393585  
  4.960000   -0.00764163625465   -0.04936494211922   -0.01620817109558    0.05104184875013   -0.01443391152073  
  4.970000   -0.00754700279034   -0.04887010768480   -0.01611117010559    0.05081002878259   -0.01456380770301  
  4.980000   -0.00745354057636   -0.04837910472334   -0.01602170322210    0.05060192887428   -0.01473544978875  
  4.990000   -0.00736110330517   -0.04789098530351   -0.01593881875382    0.05041444971907   -0.01494654666851  
  5.000000   -0.00726954396815   -0.04740478993398   -0.01586150293336    0.05024427566428   -0.01519432586709  
  5.010000   -0.00717871616043   -0.04691955697898   -0.01578869032851    0.05008790911847   -0.01547556591292  
  5.020000   -0.00708847539055   -0.04643433215101   -0.01571927482043    0.04994170695489   -0.01578663366055  
  5.030000   -0.00699868038209   -0.04594817798922   -0.01565212103613    0.04980191853530   -0.01612352614633  
  5.040000   -0.00690919435472   -0.04546018323162   -0.01558607611736    0.04966472496145   -0.01648191650764  
  5.050000   -0.00681988627231   -0.04496947198993   -0.01551998170480    0.04952627914814   -0.01685720345240  
  5.060000   -0.00673063204572   -0.04447521263759   -0.01545268601384    0.04938274630289   -0.01724456372707  
  5.070000   -0.00664131567858   -0.04397662632367   -0.01538305587697    0.04923034439227   -0.01763900699940  
  5.080000   -0.00655183034467   -0.04347299502855   -0.01530998862824    0.04906538417422   -0.01803543254615  
  5.090000   -0.00646207938605   -0.04296366908177   -0.01523242370645    0.04888430837991   -0.01842868711718  
  5.100000   -0.00637197722208   -0.04244807406651   -0.01514935385640    0.04868372963615   -0.01881362333515  
  5.110000   -0.00628145015992   -0.04192571704146   -0.01505983581155    0.04846046673221   -0.01918515798485  
  5.120000   -0.00619043709823   -0.04139619201658   -0.01496300034639    0.04821157885069   -0.01953832954824  
  5.130000   -0.00609889011661   -0.04085918462625   -0.01485806159332    0.04793439740277   -0.01986835435015  
  5.140000   -0.00600677494452   -0.04031447595070   -0.01474432552574    0.04762655513178   -0.02017068069572  
  5.150000   -0.00591407130441   -0.03976194544458   -0.01462119751785    0.04728601217667   -0.02044104040300  
  5.160000   -0.00582077312494   -0.03920157293966   -0.01448818890058    0.04691107881742   -0.02067549716356  
  5.170000   -0.00572688862148   -0.03863343969755   -0.01434492244334    0.04650043465792   -0.02087049119904  
  5.180000   -0.00563244024227   -0.03805772849685   -0.01419113670193    0.04605314403793   -0.02102287972264  
  5.190000   -0.00553746447978   -0.03747472274874   -0.01402668918459    0.04556866750386   -0.02112997276103  
  5.200000   -0.00544201154823   -0.03688480464362   -0.01385155829996    0.04504686920809   -0.02118956394311  
  5.210000   -0.00534614492947   -0.03628845234096   -0.01366584406295    0.04448802014783   -0.02119995591752  
  5.220000   -0.00524994079045   -0.03568623622344   -0.01346976754742    0.04389279719701   -0.02115998011977  
  5.230000   -0.00515348727706   -0.03507881424548   -0.01326366908696    0.04326227792724   -0.02106901067183  
  5.240000   -0.00505688369009   -0.03446692641462   -0.01304800523786    0.04259793125715   -0.02092697226117  
  5.250000   -0.00496023955015   -0.03385138845290   -0.01282334453105    0.04190160401175   -0.02073434191230  
  5.260000   -0.00486367355971   -0.03323308469305   -0.01259036205207    0.04117550351531   -0.02049214463037  
  5.270000   -0.00476731247109   -0.03261296027178   -0.01234983289994    0.04042217638210   -0.02020194296342  
  5.280000   -0.00467128987039   -0.03199201268914   -0.01210262458760    0.03964448370807   -0.01986582059617  
  5.290000   -0.00457574488816   -0.03137128280955   -0.01184968845701    0.03884557290367   -0.01948636015319  
  5.300000   -0.00448082084812   -0.03075184538507   -0.01159205019256    0.03802884644281   -0.01906661545244  
  5.310000   -0.00438666386628   -0.03013479918672   -0.01133079952534    0.03719792783454   -0.01861007851044  
  5.320000   -0.00429342141278   -0.02952125683342   -0.01106707922952    0.03635662515317   -0.01812064165744  
  5.330000   -0.00420124084978   -0.02891233441135   -0.01080207351934    0.03550889248789   -0.01760255517412  
  5.340000   -0.00411026795848   -0.02830914097892   -0.01053699596135    0.03465878969485   -0.01706038090972  
  5.350000   -0.00402064546889   -0.02771276805375   -0.01027307702198    0.03381044085276   -0.01649894238549  
  5.360000   -0.00393251160570   -0.02712427917879   -0.01001155137436    0.03296799183691   -0.01592327192490  
  5.370000   -0.00384599866379   -0.02654469966412   -0.00975364509072    0.03213556743665   -0.01533855538489  
  5.380000   -0.00376123162652   -0.02597500659974   -0.00950056284870    0.03131722844631   -0.01475007508761  
  5.390000   -0.00367832683952   -0.02541611923210   -0.00925347527945    0.03051692916132   -0.01416315157226  
  5.400000   -0.00359739075243   -0.02486888979410   -0.00901350658445    0.02973847570726   -0.01358308479862  
  5.410000   -0.00351851874014   -0.02433409487356   -0.00878172254562    0.02898548562210   -0.01301509544019  
  5.420000   -0.00344179401455   -0.02381242740013   -0.00855911904884    0.02826134909916   -0.01246426690296  
  5.430000   -0.00336728663662   -0.02330448932373   -0.00834661123646    0.02756919228153   -0.01193548869824  
  5.440000   -0.00329505263769   -0.02281078504984   -0.00814502339712    0.02691184297651   -0.01143340178194  
  5.450000   -0.00322513325737   -0.02233171568758   -0.00795507969357    0.02629179913254   -0.01096234645083  
  5.460000   -0.00315755430411   -0.02186757415548   -0.00777739581932    0.02571120038886   -0.01052631335654  
  5.470000   -0.00309232564209   -0.02141854117664   -0.00761247166400    0.02517180297138   -0.01012889816178  
  5.480000   -0.00302944080666   -0.02098468217911   -0.00746068505405    0.02467495816471   -0.00977326031945  
  5.490000   -0.00296887674692   -0.02056594509875   -0.00732228662047    0.02422159453991   -0.00946208640389  
  5.500000   -0.00291059369165   -0.02016215905891   -0.00719739582774    0.02381220405952   -0.00919755836416  
  5.510000   -0.00285453513028   -0.01977303387444   -0.00708599817762    0.02344683211278   -0.00898132700033  
  5.520000   -0.00280062789640   -0.01939816029506   -0.00698794357780    0.02312507145484   -0.00881449088433  
  5.530000   -0.00274878233547   -0.01903701086531   -0.00690294583723    0.02284605993065   -0.00869758085517  
  5.540000   -0.00269889253249   -0.01868894123451   -0.00683058321799    0.02260848175611   -0.00863055011112  
  5.550000   -0.00265083656795   -0.01835319170116   -0.00677029993571    0.02241057200438   -0.00861276979758  
  5.560000   -0.00260447676306   -0.01802888872356   -0.00672140845858    0.02225012380444   -0.00864302984513  
  5.570000   -0.00255965986742   -0.01771504607579   -0.00668309240862    0.02212449760461   -0.00871954464805  
  5.580000   -0.00251621713552   -0.01741056528012   -0.00665440982034    0.02203063169168   -0.00883996298949  
  5.590000   -0.00247396423338   -0.01711423491277   -0.00663429646516    0.02196505300059   -0.00900138142193  
  5.600000   -0.00243270091524   -0.01682472836992   -0.00662156891066    0.02192388711717   -0.00920036011140  
  5.610000   -0.00239221041469   -0.01654059971083   -0.00661492696078    0.02190286629986   -0.00943293997264  
  5.620000   -0.00235225850694   -0.01626027728198   -0.00661295512857    0.02189733436140   -0.00969465979003  
  5.630000   -0.00231259222351   -0.01598205499121   -0.00661412284134    0.02190224741140   -0.00998057198032  
  5.640000   -0.00227293823828   -0.01570408136432   -0.00661678318789    0.02191216982078   -0.01028525576396  
  5.650000   -0.00223300099966   -0.01542434689596   -0.00661917020533    0.02192126539178   -0.01060282683710  
  5.660000   -0.00219246075707   -0.01514067071438   -0.00661939498730    0.02192328465691   -0.01092694324631  
  5.670000   -0.00215097172233   -0.01485068821232   -0.00661544128582    0.02191155052465   -0.01125080812410  
  5.680000   -0.00210816071413   -0.01455184203686   -0.00660516177664    0.02187894613956   -0.01156717128445  
  5.690000   -0.00206362675068   -0.01424137963285   -0.00658627674728    0.02181791077989   -0.01186833340175  
  5.700000   -0.00201694217044   -0.01391636132476   -0.00655637760983    0.02172045175097   -0.01214615853562  
  5.710000   -0.00196765595895   -0.01357368359433   -0.00651293827369    0.02157818233748   -0.01239210296828  
  5.720000   -0.00191530002043   -0.01321012262844   -0.00645333794401    0.02138239764411   -0.01259727043779  
  5.730000   -0.00185939913319   -0.01282240321483   -0.00637489922139    0.02112420119054   -0.01275250552742  
  5.740000   -0.00179948524365   -0.01240729748358   -0.00627494533004    0.02079469497593   -0.01284853776743  
  5.750000   -0.00173511656254   -0.01196175667735   -0.00615087975504    0.02038524392402   -0.01287618842923  
  5.760000   -0.00166590161194   -0.01148307697025   -0.00600029040001    0.01988782175013   -0.01282664956575  
  5.770000   -0.00159152792928   -0.01096909731076   -0.00582107850674    0.01929543909166   -0.01269184019765  
  5.780000   -0.00151179457371   -0.01041842340963   -0.00561161000102    0.01860264619391   -0.01246483748504  
  5.790000   -0.00142664693266   -0.00983066753905   -0.00537088374066    0.01780609185695   -0.01214037138696  
  5.800000   -0.00133621164355   -0.00920668911101   -0.00509870755785    0.01690510844482   -0.01171536021596  
  5.810000   -0.00124082880063   -0.00854881656368   -0.00479586935254    0.01590228067276   -0.01118945259909  
  5.820000   -0.00114107809908   -0.00786102751938   -0.00446428726231    0.01480394513845   -0.01056553003833  
  5.830000   -0.00103779527589   -0.00714906215853   -0.00410712063996    0.01362055991829   -0.00985011522926  
  5.840000   -0.00093207523281   -0.00642044492782   -0.00372882276131    0.01236688083459   -0.00905362639654  
  5.850000   -0.00082525864714   -0.00568439258683   -0.00333511734751    0.01106188482788   -0.00819041888458  
  5.860000   -0.00071889973182   -0.00495159248380   -0.00293288444883    0.00972839234305   -0.00727856342979  
  5.870000   -0.00061471409248   -0.00423384379704   -0.00252994709065    0.00839236006276   -0.00633932654503  
  5.880000   -0.00051450728073   -0.00354356584872   -0.00213475810837    0.00708184197130   -0.00539634188815  
  5.890000   -0.00042008653819   -0.00289319064248   -0.00175599623437    0.00582564874687   -0.00447449085000  
  5.900000   -0.00033316018529   -0.00229447027250   -0.00140209085999    0.00465176991121   -0.00359854323094  
  5.910000   -0.00025523091704   -0.00175774230460   -0.00108070483502    0.00358565621232   -0.00279164119062  
  5.920000   -0.00018749069114   -0.00129120604099   -0.00079821290965    0.00264848713572   -0.00207373750395  
  5.930000   -0.00013072571610   -0.00090026824877   -0.00055921872732    0.00185556609779   -0.00146011837058  
  5.940000   -0.00008524009568   -0.00058701727993   -0.00036615461427    0.00121499035672   -0.00096014804056  
  5.950000   -0.00005080586782   -0.00034987888361   -0.00021900515190    0.00072673187657   -0.00057636498548  
  5.960000   -0.00002664549330   -0.00018349542978   -0.00011518755948    0.00038223895857   -0.00030403662306  
  5.970000   -0.00001145041368   -0.00007885349051   -0.00004960975777    0.00016462806931   -0.00013124303906  
  5.980000   -0.00000343632175   -0.00002366422999   -0.00001491171714    0.00004948456278   -0.00003951307099  
  5.990000   -0.00000043256746   -0.00000297887108   -0.00000187888466    0.00000623512819   -0.00000498350248  
  6.000000    0.00000000000000   -0.00000000000000    0.00000000000000    0.00000000000000    0.00000000000000  
