  0.000000    1.66974947280222   -3.57080637448725    2.39097441305053   -1.35227975315752    0.00000000000000  
  0.010000    1.66943798078966   -3.57009923394456    2.39024233037474   -1.35084264246237    0.01140189928798  
  0.020000    1.66850412797425   -3.56797853555861    2.38804694606447   -1.34653507219092    0.02278467940765  
  0.030000    1.66694978096865   -3.56444644870966    2.38439085043645   -1.33936831927578    0.03412932041780  
  0.040000    1.66477804063498   -3.55950658787054    2.37927835789851   -1.32936115023810    0.04541700011250  
  0.050000    1.66199322692233   -3.55316401083978    2.37271550275305   -1.31653977863227    0.05662919109725  
  0.060000    1.65860085779071   -3.54542521621726    2.36471003328914   -1.30093780545806    0.06774775573186  
  0.070000    1.65460762237105   -3.53629814007241    2.35527140413129   -1.28259614253241    0.07875503825623  
  0.080000    1.65002134855216   -3.52579215174182    2.34441076680418   -1.26156291881375    0.08963395343836  
  0.090000    1.64485096522417   -3.51391804868042    2.33214095846518   -1.23789336967537    0.10036807111222  
  0.100000    1.63910645944576   -3.50068805027900    2.31847648874939   -1.21164970913052    0.11094169600700  
  0.110000    1.63279882883755   -3.48611579055024    2.30343352466534   -1.18290098502151    0.12133994230762  
  0.120000    1.62594002953654   -3.47021630957599    2.28702987347474   -1.15172291719843    0.13154880242912  
  0.130000    1.61854292007700   -3.45300604360073    2.26928496348477   -1.11819771873049    0.14155520953524  
  0.140000    1.61062120159004   -3.43450281364923    2.25021982267882   -1.08241390021454    0.15134709338179  
  0.150000    1.60218935473813   -3.41472581254169    2.22985705510897   -1.04446605727196    0.16091342911995  
  0.160000    1.59326257382161   -3.39369559017582    2.20822081497330   -1.00445464135576    0.17024427875147  
  0.170000    1.58385669851133   -3.37143403694385    2.18533677830132   -0.96248571402600    0.17933082498707  
  0.180000    1.57398814367515   -3.34796436515203    2.16123211217282   -0.91867068489263    0.18816539732059  
  0.190000    1.56367382777595   -3.32331108831214    2.13593544139860   -0.87312603347024    0.19674149019368  
  0.200000    1.55293110032464   -3.29749999817784    2.10947681259635   -0.82597301524052    0.20505377318912  
  0.210000    1.54177766887433   -3.27055813940394    2.08188765560056   -0.77733735227310    0.21309809325433  
  0.220000    1.53023152603978   -3.24251378171365    2.05320074215304   -0.72734890881562    0.22087146901954  
  0.230000    1.51831087702126   -3.21339638946758    2.02345014182903   -0.67614135232778    0.22837207733741  
  0.240000    1.50603406810276   -3.18323658853873    1.99267117516388   -0.62385180050211    0.23559923223165  
  0.250000    1.49341951658165   -3.15206613040959    1.96090036395626   -0.57062045488545    0.24255335650115  
  0.260000    1.48048564257078   -3.11991785342106    1.92817537873652   -0.51659022178935    0.24923594628255  
  0.270000    1.46725080309441   -3.08682564111790    1.89453498340151   -0.46190632125453    0.25564952892791  
  0.280000    1.45373322887656   -3.05282437765155    1.86001897703206   -0.40671588491264    0.26179761460423  
  0.290000    1.43995096419442   -3.01794990021888    1.82466813292415   -0.35116754366862    0.26768464206852  
  0.300000    1.42592181014121   -2.98223894853356    1.78852413488078   -0.29541100620708    0.27331591911398  
  0.310000    1.41166327161164   -2.94572911134654    1.75162951082788   -0.23959662940607    0.27869755822146  
  0.320000    1.39719250828993   -2.90845877005209    1.71402756383506   -0.18387498182088    0.28383640798307  
  0.330000    1.38252628988512   -2.87046703943655    1.67576230063876   -0.12839640147802    0.28873998089331  
  0.340000    1.36768095582154   -2.83179370564809    1.63687835778327   -0.07331054929418    0.29341637812588  
  0.350000    1.35267237955409   -2.79247916148722    1.59742092551270   -0.01876595950723    0.29787421193200  
  0.360000    1.33751593763900   -2.75256433913906    1.55743566956427    0.03509041142629    0.30212252630801  
  0.370000    1.32222648365054   -2.71209064048959    1.51696865103069    0.08811363594978    0.30617071658647  
  0.380000    1.30681832699432   -2.67109986518889    1.47606624447632    0.14016126496641    0.31002844860597  
  0.390000    1.29130521662758   -2.62963413664504    1.43477505450782    0.19109377421416    0.31370557810985  
  0.400000    1.27570032965680   -2.58773582615145    1.39314183101594    0.24077500578640    0.31721207101418  
  0.410000    1.26001626474429   -2.54544747536972    1.35121338331963    0.28907260309147    0.32055792516929  
  0.420000    1.24426504021673   -2.50281171740709    1.30903649345733    0.33585843751714    0.32375309421896  
  0.430000    1.22845809673245   -2.45987119674468    1.26665782888315    0.38100902504648    0.32680741413502  
  0.440000    1.21260630432837   -2.41666848828709    1.22412385483677    0.42440593106206    0.32973053297512  
  0.450000    1.19671997363472   -2.37324601581797    1.18148074666610    0.46593616157557    0.33253184437648  
  0.460000    1.18080887101439   -2.32964597015744    1.13877430239012    0.50549253913049    0.33522042525928  
  0.470000    1.16488223735480   -2.28591022732769    1.09604985579612    0.54297406164637    0.33780497817129  
  0.480000    1.14894881021460   -2.24208026704101    1.05335219037130    0.57828624250526    0.34029377865891  
  0.490000    1.13301684900373   -2.19819709183035    1.01072545437167    0.61134143022375    0.34269462800155  
  0.500000    1.11709416285563   -2.15430114714714    0.96821307733319    0.64205910610776    0.34501481159492  
  0.510000    1.10118814083299   -2.11043224275220    0.92585768833016    0.67036615835259    0.34726106321599  
  0.520000    1.08530578409498   -2.06662947572594    0.88370103628351    0.69619713112605    0.34943953534782  
  0.530000    1.06945373964317   -2.02293115542114    0.84178391261808    0.71949444725969    0.35155577568718  
  0.540000    1.05363833525685   -1.97937473067696    0.80014607656209    0.74020860326986    0.35361470990210  
  0.550000    1.03786561522454   -1.93599671960594    0.75882618337434    0.75829833553740    0.35562063065072  
  0.560000    1.02214137647882   -1.89283264225666    0.71786171577544    0.77373075659179    0.35757719281780  
  0.570000    1.00647120474499   -1.84991695644339    0.67728891884756    0.78648146057118    0.35948741487098  
  0.580000    0.99086051032066   -1.80728299702068    0.63714273865474    0.79653459706389    0.36135368618651  
  0.590000    0.97531456311392   -1.76496291886595    0.59745676482071    0.80388291267909    0.36317778014350  
  0.600000    0.95983852658076   -1.72298764381533    0.55826317728486    0.80852775984315    0.36496087273765  
  0.610000    0.94443749021875   -1.68138681177960    0.51959269743935    0.81047907247302    0.36670356642005  
  0.620000    0.92911650029348   -1.64018873624615    0.48147454383104    0.80975530833839    0.36840591882475  
  0.630000    0.91388058849576   -1.59942036435094    0.44393639259137    0.80638335808837    0.37006747601001  
  0.640000    0.89873479825236   -1.55910724168072    0.40700434273596    0.80039842108637    0.37168730980363  
  0.650000    0.88368420843940   -1.51927348194158    0.37070288645281    0.79184384836597    0.37326405881238  
  0.660000    0.86873395427604   -1.47994174160375    0.33505488447473    0.78077095319183    0.37479597262927  
  0.670000    0.85388924520666   -1.44113319960631    0.30008154660743    0.76723878987976    0.37628095875092  
  0.680000    0.83915537961108   -1.40286754217851    0.26580241746003    0.75131390169963    0.37771663170063  
  0.690000    0.82453775621556   -1.36516295280639    0.23223536739977    0.73307003885180    0.37910036384054  
  0.700000    0.81004188211056   -1.32803610734616    0.19939658872747    0.71258784767100    0.38042933734954  
  0.710000    0.79567337731596   -1.29150217425738    0.16730059704497    0.68995453237057    0.38170059684107  
  0.720000    0.78143797586843   -1.25557481990180    0.13596023776086    0.66526349079266    0.38291110209801  
  0.730000    0.76734152344008   -1.22026621882607    0.10538669765588    0.63861392577656    0.38405778040899  
  0.740000    0.75338997153168   -1.18558706891995    0.07558952140521    0.61011043389496    0.38513757800311  
  0.750000    0.73958936831665   -1.15154661131560    0.04657663293115    0.57986257343776    0.38614751009627  
  0.760000    0.72594584624459   -1.11815265486847    0.01835436143691    0.54798441364203    0.38708470908363  
  0.770000    0.71246560654383   -1.08541160503656   -0.00907252804956    0.51459406727552    0.38794647043781  
  0.780000    0.69915490079227   -1.05332849695179   -0.03570079981368    0.47981320877819    0.38873029590096  
  0.790000    0.68602000975312   -1.02190703245658   -0.06152870848563    0.44376658025067    0.38943393359174  
  0.800000    0.67306721969819   -0.99114962085873   -0.08655595619458    0.40658148765037    0.39005541468315  
  0.810000    0.66030279646441   -0.96105742314008   -0.11078364609178    0.36838728961403    0.39059308634581  
  0.820000    0.64773295751063   -0.93163039933849   -0.13421423250409    0.32931488136938    0.39104564069185  
  0.830000    0.63536384225988   -0.90286735880843   -0.15685146799209    0.28949617622804    0.39141213949703  
  0.840000    0.62320148102812   -0.87476601305400   -0.17870034759943    0.24906358716673    0.39169203452307  
  0.850000    0.61125176285316   -0.84732303081772   -0.19976705058904    0.20814951100338    0.39188518330746  
  0.860000    0.59952040254741   -0.82053409510158   -0.22005887997040    0.16688581765978    0.39199186033383  
  0.870000    0.58801290730464   -0.79439396179076   -0.23958420012752    0.12540334697193    0.39201276354246  
  0.880000    0.57673454319515   -0.76889651954776   -0.25835237286173    0.08383141546443    0.39194901618618  
  0.890000    0.56569030188376   -0.74403485064351   -0.27637369216516    0.04229733544527    0.39180216408270  
  0.900000    0.55488486790314   -0.71980129239364   -0.29365931804122    0.00092594870366    0.39157416835832  
  0.910000    0.54432258680934   -0.69618749887134   -0.31022120968643   -0.04016082299437    0.39126739382116  
  0.920000    0.53400743453784   -0.67318450257429   -0.32607205834432   -0.08084440851889    0.39088459314293  
  0.930000    0.52394298826744   -0.65078277573073   -0.34122522013683   -0.12100999711769    0.39042888706683  
  0.940000    0.51413239908505   -0.62897229093976   -0.35569464917109   -0.16054692543179    0.38990374089574  
  0.950000    0.50457836672806   -0.60774258085246   -0.36949483121077   -0.19934904006754    0.38931293754774  
  0.960000    0.49528311666159   -0.58708279661442   -0.38264071819040   -0.23731503415384    0.38866054749635  
  0.970000    0.48624837972706   -0.56698176480497   -0.39514766383920   -0.27434875646986    0.38795089593944  
  0.980000    0.47747537457477   -0.54742804262582   -0.40703136066728   -0.31035949189212    0.38718852756370  
  0.990000    0.46896479306828   -0.52840997110940   -0.41830777855244   -0.34526221208123    0.38637816929075  
  1.000000    0.46071678882159   -0.50991572613720   -0.42899310514980   -0.37897779550575    0.38552469140617  
  1.010000    0.45273096900200   -0.49193336707857   -0.43910368832952   -0.41143321608201    0.38463306748363  
  1.020000    0.44500638950244   -0.47445088288206   -0.44865598083011   -0.44256169989424    0.38370833352334  
  1.030000    0.43754155355710   -0.45745623547347   -0.45766648729611   -0.47230284964666    0.38275554672666  
  1.040000    0.43033441384378   -0.44093740033753   -0.46615171384984   -0.50060273668748    0.38177974432728  
  1.050000    0.42338237808556   -0.42488240418330   -0.47412812032728   -0.52741396063301    0.38078590289383  
  1.060000    0.41668231813374   -0.40927935961647   -0.48161207528801   -0.55269567680636    0.37977889850922  
  1.070000    0.41023058248367   -0.39411649676506   -0.48861981388945   -0.57641359188890    0.37876346821840  
  1.080000    0.40402301214523   -0.37938219182839   -0.49516739869510   -0.59853992836251    0.37774417311931  
  1.090000    0.39805495976053   -0.36506499254130   -0.50127068346690   -0.61905335849459    0.37672536345086  
  1.100000    0.39232131183400   -0.35115364056850   -0.50694527997204   -0.63793890878617    0.37571114600809  
  1.110000    0.38681651391278   -0.33763709086474   -0.51220652781537   -0.65518783596388    0.37470535418739  
  1.120000    0.38153459853101   -0.32450452805774   -0.51706946728989   -0.67079747574835    0.37371152093540  
  1.130000    0.37646921570788   -0.31174537992986   -0.52154881521984   -0.68477106577445    0.37273285484286  
  1.140000    0.37161366576820   -0.29934932809353   -0.52565894375384   -0.69711754417058    0.37177221959059  
  1.150000    0.36696093423534   -0.28730631597208   -0.52941386204911   -0.70785132542542    0.37083211691928  
  1.160000    0.36250372852915   -0.27560655421405   -0.53282720077277   -0.71699205527928    0.36991467325724  
  1.170000    0.35823451618759   -0.26424052368285   -0.53591219933179   -0.72456434647393    0.36902163010245  
  1.180000    0.35414556431853   -0.25319897617677   -0.53868169573060   -0.73059749727766    0.36815433821646  
  1.190000    0.35022897997941   -0.24247293304535   -0.54114811894322   -0.73512519477252    0.36731375564887  
  1.200000    0.34647675117572   -0.23205368187744   -0.54332348367658   -0.73818520494616    0.36650044957260  
  1.210000    0.34288078816555   -0.22193277144412   -0.54521938739265   -0.73981905167251    0.36571460187185  
  1.220000    0.33943296475671   -0.21210200508546   -0.54684700944902   -0.74007168669289    0.36495601838773  
  1.230000    0.33612515928444   -0.20255343273430   -0.54821711221157   -0.73899115272240    0.36422414169069  
  1.240000    0.33294929496241   -0.19327934177245   -0.54934004398757   -0.73662824180490    0.36351806721473  
  1.250000    0.32989737930684   -0.18427224691539   -0.55022574362436   -0.73303615102512    0.36283656255615  
  1.260000    0.32696154234313   -0.17552487932051   -0.55088374661620   -0.72827013765715    0.36217808970959  
  1.270000    0.32413407331690   -0.16703017511093   -0.55132319256137   -0.72238717578629    0.36154082998715  
  1.280000    0.32140745564558   -0.15878126350265   -0.55155283381180   -0.71544561638601    0.36092271134124  
  1.290000    0.31877439986348   -0.15077145471676   -0.55158104515941   -0.70750485276389    0.36032143779074  
  1.300000    0.31622787433224   -0.14299422785125   -0.55141583440601   -0.69862499321142    0.35973452063152  
  1.310000    0.31376113350880   -0.13544321887778   -0.55106485366794   -0.68886654260182    0.35915931109740  
  1.320000    0.31136774358556   -0.12811220891934   -0.55053541127144   -0.67829009457971    0.35859303412609  
  1.330000    0.30904160534098   -0.12099511295308   -0.54983448410087   -0.66695603587687    0.35803282287696  
  1.340000    0.30677697406363   -0.11408596907094   -0.54896873026884   -0.65492426416973    0.35747575364282  
  1.350000    0.30456847643892   -0.10737892841750   -0.54794450198497   -0.64225392076901    0.35691888079746  
  1.360000    0.30241112431384   -0.10086824591075   -0.54676785850836   -0.62900313929992    0.35635927142357  
  1.370000    0.30030032528275   -0.09454827183749   -0.54544457907780   -0.61522881139408    0.35579403927208  
  1.380000    0.29823189006393   -0.08841344439998   -0.54398017572318   -0.60098637027284    0.35522037771381  
  1.390000    0.29620203666478   -0.08245828327594   -0.54237990587129   -0.58632959295729    0.35463559135782  
  1.400000    0.29420739135977   -0.07667738423834   -0.54064878466931   -0.57131042169334    0.35403712602688  
  1.410000    0.29224498653281   -0.07106541486681   -0.53879159695934   -0.55597880503333    0.35342259680018  
  1.420000    0.29031225546076   -0.06561711136718   -0.53681290884765   -0.54038255886771    0.35278981385541  
  1.430000    0.28840702414061   -0.06032727650116   -0.53471707882252   -0.52456724755498    0.35213680586697  
  1.440000    0.28652750028588   -0.05519077861368   -0.53250826838429   -0.50857608515411    0.35146184074410  
  1.450000    0.28467225964108   -0.05020255173216   -0.53019045216135   -0.49244985662348    0.35076344352143  
  1.460000    0.28284022978317   -0.04535759669823   -0.52776742749485   -0.47622685871463    0.35004041124518  
  1.470000    0.28103067159891   -0.04065098328092   -0.52524282348418   -0.45994286015856    0.34929182472994  
  1.480000    0.27924315864368   -0.03607785320838   -0.52262010949337   -0.44363108061756    0.34851705709393  
  1.490000    0.27747755460312   -0.03163342404508   -0.51990260312696   -0.42732218775881    0.34771577901426  
  1.500000    0.27573398909173   -0.02731299383203   -0.51709347769057   -0.41104431169565    0.34688796067754  
  1.510000    0.27401283203376   -0.02311194639944   -0.51419576915834   -0.39482307594170    0.34603387043499  
  1.520000    0.27231466688031   -0.01902575725393   -0.51121238267521   -0.37868164393061    0.34515407020503  
  1.530000    0.27064026292246   -0.01504999993720   -0.50814609862679   -0.36264078007138    0.34424940769880  
  1.540000    0.26899054696473   -0.01118035274780   -0.50499957831415   -0.34671892423704    0.34332100557640  
  1.550000    0.26736657462388   -0.00741260571519   -0.50177536927409   -0.33093227852153    0.34237024767154  
  1.560000    0.26576950151781   -0.00374266771281   -0.49847591028811   -0.31529490504815    0.34139876245191  
  1.570000    0.26420055460533   -0.00016657359654   -0.49510353612505   -0.29981883357220    0.34040840390910  
  1.580000    0.26266100393242    0.00331950874450   -0.49166048206345   -0.28451417758970    0.33940123009690  
  1.590000    0.26115213503252    0.00671927153582   -0.48814888823965   -0.26938925764530    0.33837947955943  
  1.600000    0.25967522221831    0.01003626057228   -0.48457080386717   -0.25445073052376    0.33734554591025  
  1.610000    0.25823150299054    0.01327386908305   -0.48092819137159   -0.23970372301135    0.33630195084088  
  1.620000    0.25682215377549    0.01643533210547   -0.47722293048296   -0.22515196892596    0.33525131585106  
  1.630000    0.25544826718684    0.01952372145943   -0.47345682232521   -0.21079794813699    0.33419633300451  
  1.640000    0.25411083099057    0.02254194140695   -0.46963159353859   -0.19664302632808    0.33313973502176  
  1.650000    0.25281070893287    0.02549272507335   -0.46574890046767   -0.18268759429660    0.33208426502633  
  1.660000    0.25154862357090    0.02837863169734   -0.46181033344252   -0.16893120563355    0.33103264626207  
  1.670000    0.25032514122566    0.03120204476783   -0.45781742117679   -0.15537271168465    0.32998755209799  
  1.680000    0.24914065915404    0.03396517109516   -0.45377163530058   -0.14201039275869    0.32895157663170  
  1.690000    0.24799539501528    0.03667004085373   -0.44967439504139   -0.12884208461989    0.32792720619472  
  1.700000    0.24688937868374    0.03931850862225   -0.44552707206051   -0.11586529937873    0.32691679205194  
  1.710000    0.24582244643735    0.04191225543651   -0.44133099544682   -0.10307733997748    0.32592252457344  
  1.720000    0.24479423752810    0.04445279185868   -0.43708745686453   -0.09047540755327    0.32494640914035  
  1.730000    0.24380419311806    0.04694146205579   -0.43279771584550   -0.07805670105140    0.32399024402717  
  1.740000    0.24285155754248    0.04937944886888   -0.42846300521177   -0.06581850855373    0.32305560048138  
  1.750000    0.24193538183978    0.05176777984407   -0.42408453660837   -0.05375828988144    0.32214380519764  
  1.760000    0.24105452946757    0.05410733418577   -0.41966350612193   -0.04187375012607    0.32125592535825  
  1.770000    0.24020768410421    0.05639885058287   -0.41520109995545   -0.03016290385819    0.32039275638451  
  1.780000    0.23939335941687    0.05864293584911   -0.41069850012600   -0.01862412985696    0.31955481251526  
  1.790000    0.23860991065998    0.06084007431020   -0.40615689014787   -0.00725621629683    0.31874232029932  
  1.800000    0.23785554795243    0.06299063786244   -0.40157746066064    0.00394160358213    0.31795521505859  
  1.810000    0.23712835106774    0.06509489662033   -0.39696141495879    0.01496962520617    0.31719314034796  
  1.820000    0.23642628555954    0.06715303006449   -0.39230997437750    0.02582765560468    0.31645545040754  
  1.830000    0.23574722003397    0.06916513859590   -0.38762438348742    0.03651500527478    0.31574121557244  
  1.840000    0.23508894437259    0.07113125539821   -0.38290591505056    0.04703048862263    0.31504923057522  
  1.850000    0.23444918870264    0.07305135850660   -0.37815587468910    0.05737243256124    0.31437802564732  
  1.860000    0.23382564290726    0.07492538297927   -0.37337560521897    0.06753869278179    0.31372588029766  
  1.870000    0.23321597646599    0.07675323306685   -0.36856649060168    0.07752667715882    0.31309083962001  
  1.880000    0.23261785841530    0.07853479427455   -0.36372995946879    0.08733337570001    0.31247073295595  
  1.890000    0.23202897722102    0.08026994521309   -0.35886748817637    0.09695539640805    0.31186319471696  
  1.900000    0.23144706035786    0.08195856913642   -0.35398060334920    0.10638900638664    0.31126568714847  
  1.910000    0.23086989339710    0.08360056506727   -0.34907088387814    0.11563017749436    0.31067552479981  
  1.920000    0.23029533841100    0.08519585841569   -0.34413996233806    0.12467463582906    0.31008990044802  
  1.930000    0.22972135151176    0.08674441100058   -0.33918952579815    0.13351791431180    0.30950591220986  
  1.940000    0.22914599935362    0.08824623039021   -0.33422131600148    0.14215540763361    0.30892059156554  
  1.950000    0.22856747443957    0.08970137848436   -0.32923712889591    0.15058242882882    0.30833093200979  
  1.960000    0.22798410908740    0.09110997926810   -0.32423881350418    0.15879426674725    0.30773391804081  
  1.970000    0.22739438792578    0.09247222567530   -0.31922827012693    0.16678624371216    0.30712655419555  
  1.980000    0.22679695880630    0.09378838550888   -0.31420744787864    0.17455377267229    0.30650589384062  
  1.990000    0.22619064203553    0.09505880637357   -0.30917834156274    0.18209241318383    0.30586906743185  
  2.000000    0.22557443784828    0.09628391958684   -0.30414298789846    0.18939792559120    0.30521330996221  
  2.010000    0.22494753206228    0.09746424304353   -0.29910346111864    0.19646632281425    0.30453598732721  
  2.020000    0.22430929987294    0.09860038301952   -0.29406186796367    0.20329391919241    0.30383462134895  
  2.030000    0.22365930776634    0.09969303491022   -0.28902034210340    0.20987737588399    0.30310691321470  
  2.040000    0.22299731354727    0.10074298290983   -0.28398103802443    0.21621374237006    0.30235076510281  
  2.050000    0.22232326449840    0.10175109864709   -0.27894612442626    0.22230049366644    0.30156429978805  
  2.060000    0.22163729370507    0.10271833880355   -0.27391777717500    0.22813556290450    0.30074587803974  
  2.070000    0.22093971459811    0.10364574174964   -0.26889817186846    0.23371736899983    0.29989411364876  
  2.080000    0.22023101378484    0.10453442324312   -0.26388947607088    0.23904483918832    0.29900788594433  
  2.090000    0.21951184225430    0.10538557124318   -0.25889384127985    0.24411742626987    0.29808634968701  
  2.100000    0.21878300505881    0.10620043990163   -0.25391339469118    0.24893512046062    0.29712894225128  
  2.110000    0.21804544958782    0.10698034280016   -0.24895023083077    0.25349845581542    0.29613538803848  
  2.120000    0.21730025256336    0.10772664550919   -0.24400640312437    0.25780851124126    0.29510570008894  
  2.130000    0.21654860589774    0.10844075755030   -0.23908391547829    0.26186690618030    0.29404017889017  
  2.140000    0.21579180156450    0.10912412384893   -0.23418471394457    0.26567579109664    0.29293940840615  
  2.150000    0.21503121564218    0.10977821576877   -0.22931067854477    0.26923783295388    0.29180424938014  
  2.160000    0.21426829169703    0.11040452182228   -0.22446361532582    0.27255619592044    0.29063582999079  
  2.170000    0.21350452367642    0.11100453815465   -0.21964524872041    0.27563451758563    0.28943553396677  
  2.180000    0.21274143848778    0.11157975889957   -0.21485721428240    0.27847688101220    0.28820498629062  
  2.190000    0.21198057843983    0.11213166650611   -0.21010105186534    0.28108778298869    0.28694603664527  
  2.200000    0.21122348372256    0.11266172213522   -0.20537819930874    0.28347209887896    0.28566074077901  
  2.210000    0.21047167510072    0.11317135622324   -0.20068998669315    0.28563504449457    0.28435133998394  
  2.220000    0.20972663699201    0.11366195930730   -0.19603763122038    0.28758213543969    0.28302023890120  
  2.230000    0.20898980109587    0.11413487320417   -0.19142223277035    0.28931914439681    0.28166998188155  
  2.240000    0.20826253073206    0.11459138263024   -0.18684477018035    0.29085205683491    0.28030322814315  
  2.250000    0.20754610603974    0.11503270734504   -0.18230609828652    0.29218702562998    0.27892272597901  
  2.260000    0.20684171017809    0.11545999489520   -0.17780694576088    0.29333032509056    0.27753128627479  
  2.270000    0.20615041665843    0.11587431402906   -0.17334791377041    0.29428830487915    0.27613175560285  
  2.280000    0.20547317792543    0.11627664884532   -0.16892947547749    0.29506734431264    0.27472698916142  
  2.290000    0.20481081529165    0.11666789373107   -0.16455197639391    0.29567380751306    0.27331982382766  
  2.300000    0.20416401031550    0.11704884913664   -0.16021563559275    0.29611399986314    0.27191305159065  
  2.310000    0.20353329769732    0.11742021822606   -0.15592054777525    0.29639412619977    0.27050939362523  
  2.320000    0.20291905975304    0.11778260443265   -0.15166668618189    0.29652025115342    0.26911147525940  
  2.330000    0.20232152250816    0.11813650994077   -0.14745390632956    0.29649826201210    0.26772180207797  
  2.340000    0.20174075343881    0.11848233510457   -0.14328195054896    0.29633383445606    0.26634273739192  
  2.350000    0.20117666086970    0.11882037880608   -0.13915045328966    0.29603240147380    0.26497648128832  
  2.360000    0.20062899502228    0.11915083974487   -0.13505894715281    0.29559912573152    0.26362505145835  
  2.370000    0.20009735069005    0.11947381864286   -0.13100686960511    0.29503887562774    0.26229026598195  
  2.380000    0.19958117150180    0.11978932133858   -0.12699357032152    0.29435620522263    0.26097372822728  
  2.390000    0.19907975571816    0.12009726273654   -0.12301831909827    0.29355533818767    0.25967681400056  
  2.400000    0.19859226349163    0.12039747156908   -0.11908031427261    0.29264015587727    0.25840066105900  
  2.410000    0.19811772550653    0.12068969592033   -0.11517869158111    0.29161418957875    0.25714616107470  
  2.420000    0.19765505290181    0.12097360945443   -0.11131253338431    0.29048061695251    0.25591395411281  
  2.430000    0.19720304836761    0.12124881828366   -0.10748087818192    0.28924226262987    0.25470442566101  
  2.440000    0.19676041829564    0.12151486840595   -0.10368273034050    0.28790160289298    0.25351770622219  
  2.450000    0.19632578585346    0.12177125363630   -0.09991706995320    0.28646077431884    0.25235367345596  
  2.460000    0.19589770484469    0.12201742395151   -0.09618286275006    0.28492158623005    0.25121195682935  
  2.470000    0.19547467421001    0.12225279416479   -0.09247906997697    0.28328553675615    0.25009194471201  
  2.480000    0.19505515301854    0.12247675284318   -0.08880465816157    0.28155383227486    0.24899279382713  
  2.490000    0.19463757579511    0.12268867137922   -0.08515860868531    0.27972740996917    0.24791344094617  
  2.500000    0.19422036802687    0.12288791312716   -0.08153992708297    0.27780696320741    0.24685261669362  
  2.510000    0.19380196169145    0.12307384251373   -0.07794765199307    0.27579296942709    0.24580886130763  
  2.520000    0.19338081065022    0.12324583403415   -0.07438086368606    0.27368572018105    0.24478054218372  
  2.530000    0.19295540575199    0.12340328104595   -0.07083869210105    0.27148535298566    0.24376587301187  
  2.540000    0.19252428949688    0.12354560427513   -0.06732032432620    0.26919188459646    0.24276293430238  
  2.550000    0.19208607011489    0.12367225995299   -0.06382501146329    0.26680524532570    0.24176969508348  
  2.560000    0.19163943492098    0.12378274750555   -0.06035207482228    0.26432531400976    0.24078403554296  
  2.570000    0.19118316281603    0.12387661672268   -0.05690091139828    0.26175195323220    0.23980377037817  
  2.580000    0.19071613581280    0.12395347433933   -0.05347099858964    0.25908504440959    0.23882667261322  
  2.590000    0.19023734947619    0.12401298996749   -0.05006189812284    0.25632452235302    0.23785049763881  
  2.600000    0.18974592217882    0.12405490132424   -0.04667325915752    0.25347040892779    0.23687300722980  
  2.610000    0.18924110308506    0.12407901870849   -0.04330482055192    0.25052284544722    0.23589199329708  
  2.620000    0.18872227879038    0.12408522868661   -0.03995641227723    0.24748212345312    0.23490530113497  
  2.630000    0.18818897855608    0.12407349695535   -0.03662795597692    0.24434871355625    0.23391085193166  
  2.640000    0.18764087809452    0.12404387035850   -0.03331946467476    0.24112329203307    0.23290666431958  
  2.650000    0.18707780187408    0.12399647804244   -0.03003104164337    0.23780676490174    0.23189087475343  
  2.660000    0.18649972392861    0.12393153174418   -0.02676287845235    0.23440028922901    0.23086175651714  
  2.670000    0.18590676717078    0.12384932521430   -0.02351525222290    0.23090529145071    0.22981773717609  
  2.680000    0.18529920122380    0.12375023278546   -0.02028852212249    0.22732348252181    0.22875741430798  
  2.690000    0.18467743880076    0.12363470710584   -0.01708312514046    0.22365686974624    0.22767956936437  
  2.700000    0.18404203067527    0.12350327606493   -0.01389957119149    0.21990776517275    0.22658317953465  
  2.710000    0.18339365930059    0.12335653894681   -0.01073843759999    0.21607879047935    0.22546742750573  
  2.720000    0.18273313114813    0.12319516185396   -0.00760036302377    0.21217287830610    0.22433170903246  
  2.730000    0.18206136784819    0.12301987245105   -0.00448604088052    0.20819327003303    0.22317563825691  
  2.740000    0.18137939622755    0.12283145408526   -0.00139621234429    0.20414351003658    0.22199905073792  
  2.750000    0.18068833734920    0.12263073934524    0.00166834101649    0.20002743649418    0.22080200417581  
  2.760000    0.17998939466848    0.12241860312604    0.00470680488568    0.19584916884162    0.21958477684086  
  2.770000    0.17928384142867    0.12219595527230    0.00771834005449    0.19161309202132    0.21834786373755  
  2.780000    0.17857300742571    0.12196373287533    0.01070209040711    0.18732383769190    0.21709197055946  
  2.790000    0.17785826527749    0.12172289230318    0.01365719095867    0.18298626259897    0.21581800551188  
  2.800000    0.17714101633742    0.12147440104487    0.01658277586706    0.17860542433520    0.21452706910056  
  2.810000    0.17642267639492    0.12121922945148    0.01947798634102    0.17418655474236    0.21322044200522  
  2.820000    0.17570466130675    0.12095834245748    0.02234197836857    0.16973503123088    0.21189957117529  
  2.830000    0.17498837270331    0.12069269136531    0.02517393019175    0.16525634631134    0.21056605430259  
  2.840000    0.17427518391242    0.12042320577555    0.02797304945716    0.16075607564905    0.20922162284142  
  2.850000    0.17356642624024    0.12015078574273    0.03073857997466    0.15623984496550    0.20786812376039  
  2.860000    0.17286337574503    0.11987629423474    0.03346980802168    0.15171329612028    0.20650750022203  
  2.870000    0.17216724063347    0.11960054997000    0.03616606813465    0.14718205271325    0.20514177139612  
  2.880000    0.17147914940285    0.11932432070270    0.03882674833510    0.14265168554940    0.20377301162035  
  2.890000    0.17080013984413    0.11904831702159    0.04145129474336    0.13812767830825    0.20240332912716  
  2.900000    0.17013114901189    0.11877318672243    0.04403921553948    0.13361539375535    0.20103484455882  
  2.910000    0.16947300425706    0.11849950980812    0.04659008423739    0.12912004082619    0.19966966949378  
  2.920000    0.16882641540722    0.11822779416434    0.04910354224542    0.12464664290195    0.19830988520552  
  2.930000    0.16819196816747    0.11795847195117    0.05157930069357    0.12020000758272    0.19695752187183  
  2.940000    0.16757011880225    0.11769189674435    0.05401714151523    0.11578469824729    0.19561453844617  
  2.950000    0.16696119014566    0.11742834145182    0.05641691777844    0.11140500766881    0.19428280339486  
  2.960000    0.16636536897416    0.11716799702356    0.05877855326948    0.10706493393389    0.19296407649382  
  2.970000    0.16578270476179    0.11691097196495    0.06110204133889    0.10276815888829    0.19165999186628  
  2.980000    0.16521310982434    0.11665729265524    0.06338744302727    0.09851802930613    0.19037204242924  
  2.990000    0.16465636084477    0.11640690446553    0.06563488449548    0.09431754095139    0.18910156590094  
  3.000000    0.16411210175860    0.11615967366193    0.06784455379063    0.09016932567112    0.18784973250463  
  3.010000    0.16357984796448    0.11591539007235    0.07001669698577    0.08607564162905    0.18661753448546  
  3.020000    0.16305899181188    0.11567377048758    0.07215161373730    0.08203836675701    0.18540577753835  
  3.030000    0.16254880930567    0.11543446276029    0.07424965230987    0.07805899546927    0.18421507422402  
  3.040000    0.16204846795495    0.11519705055849    0.07631120412357    0.07413863865329    0.18304583942960  
  3.050000    0.16155703568295    0.11496105872411    0.07833669788298    0.07027802691780    0.18189828790880  
  3.060000    0.16107349070402    0.11472595918092    0.08032659335150    0.06647751704811    0.18077243391489  
  3.070000    0.16059673226477    0.11449117733137    0.08228137483785    0.06273710158733    0.17966809291807  
  3.080000    0.16012559213823    0.11425609887676    0.08420154446427    0.05905642143274    0.17858488537727  
  3.090000    0.15965884675254    0.11402007699147    0.08608761528793    0.05543478130810    0.17752224251540  
  3.100000    0.15919522983020    0.11378243977872    0.08794010434853    0.05187116794583    0.17647941402661  
  3.110000    0.15873344540891    0.11354249793251    0.08975952571520    0.04836427078817    0.17545547762440  
  3.120000    0.15827218111207    0.11329955252902    0.09154638360624    0.04491250499369    0.17444935032099  
  3.130000    0.15781012153478    0.11305290286932    0.09330116565369    0.04151403651478    0.17345980131104  
  3.140000    0.15734596161061    0.11280185429535    0.09502433638373    0.03816680899406    0.17248546631661  
  3.150000    0.15687841982524    0.11254572590137    0.09671633098110    0.03486857221198    0.17152486323626  
  3.160000    0.15640625114484    0.11228385806469    0.09837754940294    0.03161691180533    0.17057640892798  
  3.170000    0.15592825953082    0.11201561972126    0.10000835090392    0.02840927996680    0.16963843694538  
  3.180000    0.15544330991654    0.11174041531473    0.10160904903014    0.02524302682866    0.16870921603698  
  3.190000    0.15495033952829    0.11145769135095    0.10317990713436    0.02211543223004    0.16778696921196  
  3.200000    0.15444836843885    0.11116694249405    0.10472113446017    0.01902373756614    0.16686989317058  
  3.210000    0.15393650925088    0.11086771714513    0.10623288283648    0.01596517742025    0.16595617789484  
  3.220000    0.15341397581589    0.11055962244974    0.10771524401785    0.01293701068404    0.16504402619421  
  3.230000    0.15288009090470    0.11024232868643    0.10916824769937    0.00993655087979    0.16413167300275  
  3.240000    0.15233429275613    0.10991557299468    0.11059186022826    0.00696119540870    0.16321740422763  
  3.250000    0.15177614044210    0.10957916240768    0.11198598402695    0.00400845346275    0.16229957495438  
  3.260000    0.15120531799915    0.10923297616186    0.11335045773566    0.00107597235316    0.16137662682226  
  3.270000    0.15062163728936    0.10887696726295    0.11468505707479   -0.00183843797349    0.16044710439219  
  3.280000    0.15002503956593    0.10851116329548    0.11598949642058   -0.00473678244038    0.15950967034138  
  3.290000    0.14941559573214    0.10813566647022    0.11726343107997   -0.00762086055383    0.15856311933141  
  3.300000    0.14879350529521    0.10775065291191    0.11850646024379   -0.01049224848842    0.15760639041131  
  3.310000    0.14815909402998    0.10735637119686    0.11971813059048   -0.01335228368261    0.15663857783292  
  3.320000    0.14751281037963    0.10695314015770    0.12089794050591   -0.01620205205727    0.15565894017280  
  3.330000    0.14685522063389    0.10654134597973    0.12204534487884   -0.01904237794320    0.15466690767333  
  3.340000    0.14618700293665    0.10612143862025    0.12315976042551   -0.02187381677578    0.15366208773411  
  3.350000    0.14550894018683    0.10569392758902    0.12424057149171   -0.02469665058756    0.15264426850491  
  3.360000    0.14482191190714    0.10525937713408    0.12528713627572   -0.02751088630187    0.15161342055074  
  3.370000    0.14412688516527    0.10481840088324    0.12629879341123   -0.03031625680269    0.15056969658040  
  3.380000    0.14342490464170    0.10437165599643    0.12727486884569   -0.03311222472975    0.14951342924966  
  3.390000    0.14271708194594    0.10391983688934    0.12821468294662   -0.03589798892115    0.14844512707040  
  3.400000    0.14200458429095    0.10346366859221    0.12911755776569   -0.03867249340089    0.14736546847663  
  3.410000    0.14128862264094    0.10300389981192    0.12998282438917   -0.04143443878520    0.14627529411725  
  3.420000    0.14057043945316    0.10254129576741    0.13080983030197   -0.04418229595881    0.14517559746359  
  3.430000    0.13985129613775    0.10207663087126    0.13159794669244   -0.04691432185213    0.14406751383701  
  3.440000    0.13913246036220    0.10161068133123    0.13234657562548   -0.04962857713152    0.14295230797799  
  3.450000    0.13841519332836    0.10114421774612    0.13305515701281   -0.05232294559831    0.14183136029245  
  3.460000    0.13770073714968    0.10067799777046    0.13372317531084   -0.05499515507784    0.14070615192485  
  3.470000    0.13699030245506    0.10021275892132    0.13435016587959   -0.05764279956786    0.13957824881894  
  3.480000    0.13628505634307    0.09974921159915    0.13493572093879   -0.06026336240612    0.13844928493680  
  3.490000    0.13558611080662    0.09928803239221    0.13547949506171   -0.06285424020978    0.13732094481551  
  3.500000    0.13489451174290    0.09882985773098    0.13598121015118   -0.06541276733493    0.13619494564637  
  3.510000    0.13421122865740    0.09837527795548    0.13644065984763   -0.06793624060258    0.13507301906633  
  3.520000    0.13353714516369    0.09792483185416    0.13685771332438   -0.07042194403820    0.13395689285341  
  3.530000    0.13287305037218    0.09747900172784    0.13723231843108   -0.07286717337485    0.13284827271822  
  3.540000    0.13221963125217    0.09703820902729    0.13756450415300   -0.07526926007608    0.13174882438203  
  3.550000    0.13157746604152    0.09660281060690    0.13785438235998   -0.07762559464244    0.13066015612816  
  3.560000    0.13094701876751    0.09617309563055    0.13810214882627   -0.07993364897604    0.12958380200786  
  3.570000    0.13032863493133    0.09574928315962    0.13830808350905   -0.08219099759020    0.12852120587442  
  3.580000    0.12972253839675    0.09533152044564    0.13847255008120   -0.08439533746568    0.12747370641001  
  3.590000    0.12912882951157    0.09491988194346    0.13859599472064   -0.08654450637145    0.12644252329889  
  3.600000    0.12854748447774    0.09451436905338    0.13867894416616   -0.08863649948617    0.12542874468799  
  3.610000    0.12797835597391    0.09411491059330    0.13872200305669   -0.09066948417587    0.12443331606229  
  3.620000    0.12742117502122    0.09372136399491    0.13872585057796   -0.09264181280442    0.12345703064692  
  3.630000    0.12687555407114    0.09333351721041    0.13869123644732   -0.09455203347511    0.12250052143186  
  3.640000    0.12634099128161    0.09295109130951    0.13861897627387   -0.09639889862418    0.12156425489782  
  3.650000    0.12581687593614    0.09257374373928    0.13850994633734   -0.09818137141063    0.12064852650376  
  3.660000    0.12530249494912    0.09220107221306    0.13836507783464   -0.09989862986997    0.11975345797836  
  3.670000    0.12479704038991    0.09183261918842    0.13818535064846   -0.10155006882316    0.11887899643819  
  3.680000    0.12429961794801    0.09146787688813    0.13797178669684   -0.10313529955572    0.11802491533692  
  3.690000    0.12380925625263    0.09110629281310    0.13772544292683   -0.10465414730454    0.11719081723014  
  3.700000    0.12332491695134    0.09074727569114    0.13744740401878   -0.10610664661286    0.11637613832204  
  3.710000    0.12284550544529    0.09039020180118    0.13713877487099   -0.10749303463501    0.11558015474139  
  3.720000    0.12236988217191    0.09003442160917    0.13680067293607   -0.10881374249326    0.11480199047645  
  3.730000    0.12189687432077    0.08967926664851    0.13643422048260   -0.11006938480817    0.11404062688142  
  3.740000    0.12142528786435    0.08932405657577    0.13604053685573   -0.11126074754153    0.11329491365088  
  3.750000    0.12095391978207    0.08896810633087    0.13562073081103   -0.11238877430743    0.11256358114368  
  3.760000    0.12048157035477    0.08861073332964    0.13517589299484   -0.11345455132082    0.11184525392391  
  3.770000    0.12000705540580    0.08825126461684    0.13470708864328   -0.11445929116584    0.11113846537435  
  3.780000    0.11952921836598    0.08788904390795    0.13421535056980   -0.11540431557625    0.11044167322711  
  3.790000    0.11904694204143    0.08752343844935    0.13370167250856   -0.11629103742884    0.10975327584669  
  3.800000    0.11855915996650    0.08715384562851    0.13316700287738   -0.11712094215664    0.10907162909380  
  3.810000    0.11806486722845    0.08677969926816    0.13261223902017   -0.11789556879273    0.10839506359212  
  3.820000    0.11756313065571    0.08640047554193    0.13203822198382   -0.11861649085710    0.10772190221697  
  3.830000    0.11705309826840    0.08601569845261    0.13144573187976   -0.11928529729839    0.10705047762249  
  3.840000    0.11653400789703    0.08562494481870    0.13083548387442   -0.11990357369953    0.10637914962455  
  3.850000    0.11600519488389    0.08522784871987    0.13020812484690   -0.12047288395136    0.10570632225808  
  3.860000    0.11546609879096    0.08482410535747    0.12956423074574   -0.12099475259118    0.10503046033156  
  3.870000    0.11491626904800    0.08441347429198    0.12890430466968   -0.12147064799405    0.10435010530726  
  3.880000    0.11435536948537    0.08399578202578    0.12822877569068   -0.12190196659387    0.10366389034283  
  3.890000    0.11378318170731    0.08357092390592    0.12753799842970   -0.12229001829816    0.10297055433936  
  3.900000    0.11319960727291    0.08313886532854    0.12683225338913   -0.12263601324637    0.10226895485157  
  3.910000    0.11260466866410    0.08269964223365    0.12611174803763   -0.12294105004555    0.10155807972790  
  3.920000    0.11199850903219    0.08225336088587    0.12537661863650   -0.12320610560012    0.10083705736205  
  3.930000    0.11138139072651    0.08180019694399    0.12462693278908   -0.12343202663419    0.10010516545197  
  3.940000    0.11075369262101    0.08134039382940    0.12386269268770   -0.12361952298570    0.09936183817820  
  3.950000    0.11011590626669    0.08087426041006    0.12308383902608   -0.12376916273201    0.09860667173021  
  3.960000    0.10946863090949    0.08040216802409    0.12229025553820   -0.12388136918597    0.09783942812650  
  3.970000    0.10881256742430    0.07992454687299    0.12148177411907   -0.12395641978109    0.09706003729234  
  3.980000    0.10814851122698    0.07944188182125    0.12065818047662   -0.12399444684380    0.09626859737711  
  3.990000    0.10747734423600    0.07895470764480    0.11981922025897   -0.12399544023011    0.09546537331161  
  4.000000    0.10680002596523    0.07846360377619    0.11896460559671   -0.12395925178422    0.09465079362396  
  4.010000    0.10611758383749    0.07796918859954    0.11809402199565   -0.12388560155674    0.09382544555089  
  4.020000    0.10543110281674    0.07747211335259    0.11720713551195   -0.12377408570183    0.09299006849885  
  4.030000    0.10474171446310    0.07697305569722    0.11630360013891   -0.12362418595438    0.09214554592639  
  4.040000    0.10405058552099    0.07647271302296    0.11538306533249   -0.12343528057235    0.09129289573555  
  4.050000    0.10335890615489    0.07597179555072    0.11444518360118   -0.12320665661341    0.09043325927547  
  4.060000    0.10266787795099    0.07547101930593    0.11348961808522   -0.12293752340196    0.08956788907542  
  4.070000    0.10197870180523    0.07497109903151    0.11251605005011   -0.12262702702982    0.08869813543767  
  4.080000    0.10129256581907    0.07447274111183    0.11152418622030   -0.12227426572380    0.08782543203223  
  4.090000    0.10061063332472    0.07397663657828    0.11051376588016   -0.12187830590470    0.08695128064530  
  4.100000    0.09993403115955    0.07348345426690    0.10948456767169   -0.12143819875535    0.08607723524227  
  4.110000    0.09926383830762    0.07299383419633    0.10843641602144   -0.12095299711100    0.08520488551252  
  4.120000    0.09860107502189    0.07250838123246    0.10736918713231   -0.12042177248212    0.08433584006864  
  4.130000    0.09794669253636    0.07202765910340    0.10628281448032   -0.11984363201947    0.08347170947580  
  4.140000    0.09730156347121    0.07155218482459    0.10517729376123   -0.11921773523235    0.08261408928860  
  4.150000    0.09666647302721    0.07108242358997    0.10405268723696   -0.11854331027432    0.08176454327219  
  4.160000    0.09604211105764    0.07061878418048    0.10290912743770   -0.11781966961616    0.08092458698240  
  4.170000    0.09542906509748    0.07016161493602    0.10174682018187   -0.11704622493263    0.08009567187544  
  4.180000    0.09482781441966    0.06971120033118    0.10056604688254   -0.11622250103926    0.07927917011207  
  4.190000    0.09423872517839    0.06926775818945    0.09936716611596   -0.11534814872531    0.07847636021352  
  4.200000    0.09366204668834    0.06883143756378    0.09815061443490   -0.11442295634207    0.07768841371740  
  4.210000    0.09309790887743    0.06840231730517    0.09691690641691   -0.11344686001893    0.07691638297128  
  4.220000    0.09254632093902    0.06798040533383    0.09566663394499   -0.11241995239507    0.07616119018937  
  4.230000    0.09200717119760    0.06756563862053    0.09440046472573   -0.11134248977045    0.07542361788458  
  4.240000    0.09148022818980    0.06715788387884    0.09311914005724   -0.11021489759740    0.07470430077374  
  4.250000    0.09096514295041    0.06675693896159    0.09182347186666   -0.10903777425166    0.07400371923815  
  4.260000    0.09046145248133    0.06636253494815    0.09051433904414   -0.10781189304051    0.07332219440562  
  4.270000    0.08996858436915    0.06597433890218    0.08919268310705   -0.10653820242450    0.07265988490279  
  4.280000    0.08948586250607    0.06559195727259    0.08785950323470   -0.10521782444846    0.07201678530957  
  4.290000    0.08901251385746    0.06521493990436    0.08651585072018   -0.10385205139654    0.07139272632936  
  4.300000    0.08854767620910    0.06484278461963    0.08516282289158   -0.10244234070512    0.07078737667109  
  4.310000    0.08809040681738    0.06447494232374    0.08380155655998   -0.10099030818567    0.07020024662127  
  4.320000    0.08763969187647    0.06411082258558    0.08243322105665   -0.09949771962798    0.06963069326664  
  4.330000    0.08719445670855    0.06374979963725    0.08105901092554   -0.09796648087100    0.06907792731099  
  4.340000    0.08675357657570    0.06339121873316    0.07968013834109   -0.09639862644485    0.06854102141310  
  4.350000    0.08631588800595    0.06303440280570    0.07829782532363   -0.09479630690265    0.06801891995704  
  4.360000    0.08588020052064    0.06267865935131    0.07691329582740   -0.09316177497463    0.06751045015143  
  4.370000    0.08544530864622    0.06232328747827    0.07552776777689   -0.09149737068920    0.06701433434023  
  4.380000    0.08501000409074    0.06196758504634    0.07414244512847   -0.08980550561681    0.06652920339552  
  4.390000    0.08457308796332    0.06161085582686    0.07275851003368   -0.08808864640113    0.06605361105139  
  4.400000    0.08413338291464    0.06125241661200    0.07137711518006   -0.08634929774992    0.06558604902835  
  4.410000    0.08368974507683    0.06089160420213    0.06999937638364   -0.08458998506341    0.06512496278997  
  4.420000    0.08324107568322    0.06052778220145    0.06862636550489   -0.08281323688153    0.06466876776653  
  4.430000    0.08278633225144    0.06016034755371    0.06725910375709   -0.08102156733355    0.06421586587609  
  4.440000    0.08232453921726    0.05978873675261    0.06589855547228   -0.07921745877312    0.06376466217044  
  4.450000    0.08185479791245    0.05941243166434    0.06454562238553   -0.07740334477996    0.06331358143205  
  4.460000    0.08137629578569    0.05903096490361    0.06320113849381   -0.07558159370535    0.06286108454888  
  4.470000    0.08088831477333    0.05864392470884    0.06186586553957   -0.07375449293290    0.06240568449645  
  4.480000    0.08039023873506    0.05825095926710    0.06054048916395   -0.07192423401817    0.06194596176066  
  4.490000    0.07988155987851    0.05785178044464    0.05922561576752   -0.07009289886189    0.06148057904072  
  4.500000    0.07936188410704    0.05744616688495    0.05792177011004   -0.06826244706008    0.06100829507933  
  4.510000    0.07883093523518    0.05703396644205    0.05662939367340   -0.06643470456234    0.06052797747631  
  4.520000    0.07828855802773    0.05661509792376    0.05534884380483   -0.06461135375550    0.06003861435243  
  4.530000    0.07773472002965    0.05618955212600    0.05408039364957   -0.06279392507512    0.05953932474242  
  4.540000    0.07716951216642    0.05575739214658    0.05282423287479   -0.06098379023079    0.05902936760920  
  4.550000    0.07659314810595    0.05531875297370    0.05158046917901   -0.05918215711476    0.05850814938599  
  4.560000    0.07600596238606    0.05487384035169    0.05034913057313   -0.05739006644515    0.05797522996795  
  4.570000    0.07540840732340    0.05442292893388    0.04913016841236   -0.05560839017722    0.05743032709154  
  4.580000    0.07480104873180    0.05396635973907    0.04792346115032   -0.05383783169727    0.05687331905629  
  4.590000    0.07418456049004    0.05350453693544    0.04672881878006   -0.05207892779516    0.05630424576089  
  4.600000    0.07355971801040    0.05303792398231    0.04554598791964   -0.05033205239263    0.05572330804330  
  4.610000    0.07292739067026    0.05256703916635    0.04437465749369   -0.04859742198612    0.05513086533187  
  4.620000    0.07228853327958    0.05209245057522    0.04321446495651   -0.04687510274490    0.05452743163223  
  4.630000    0.07164417666668    0.05161477055708    0.04206500299675   -0.04516501918748    0.05391366989193  
  4.640000    0.07099541747354    0.05113464971961    0.04092582665894   -0.04346696434316    0.05329038480153  
  4.650000    0.07034340726012    0.05065277052690    0.03979646081302   -0.04178061128919    0.05265851410729  
  4.660000    0.06968934102400    0.05016984055672    0.03867640789917   -0.04010552594017    0.05201911852599  
  4.670000    0.06903444524782    0.04968658548389    0.03756515587273   -0.03844118095232    0.05137337036672  
  4.680000    0.06837996559187    0.04920374185894    0.03646218627157   -0.03678697059391    0.05072254097829  
  4.690000    0.06772715435300    0.04872204975259    0.03536698232686   -0.03514222642229    0.05006798715281  
  4.700000    0.06707725781368    0.04824224533903    0.03427903703775   -0.03350623359971    0.04941113662696  
  4.710000    0.06643150360635    0.04776505349096    0.03319786113026   -0.03187824767270    0.04875347283192  
  4.720000    0.06579108821847    0.04729118045992    0.03212299082186   -0.03025751163488    0.04809651905071  
  4.730000    0.06515716476257    0.04682130671474    0.03105399531445   -0.02864327308954    0.04744182214782  
  4.740000    0.06453083113354    0.04635608000939    0.02999048394134   -0.02703480132713    0.04679093604079  
  4.750000    0.06391311867148    0.04589610874970    0.02893211289632   -0.02543140413291    0.04614540508571  
  4.760000    0.06330498144452    0.04544195572556    0.02787859147734   -0.02383244414285    0.04550674755010  
  4.770000    0.06270728625945    0.04499413227189    0.02682968778108   -0.02223735456969    0.04487643934542  
  4.780000    0.06212080350189    0.04455309291756    0.02578523379043   -0.02064565412751    0.04425589818907  
  4.790000    0.06154619889947    0.04411923057709    0.02474512980203   -0.01905696099083    0.04364646836138  
  4.800000    0.06098402629283    0.04369287233446    0.02370934814758   -0.01747100563405    0.04304940621703  
  4.810000    0.06043472148977    0.04327427586303    0.02267793616881   -0.01588764240799    0.04246586660271  
  4.820000    0.05989859726736    0.04286362651934    0.02165101841369   -0.01430685972331    0.04189689032346  
  4.830000    0.05937583957579    0.04246103514222    0.02062879802805   -0.01272878872438    0.04134339278950  
  4.840000    0.05886650498629    0.04206653658161    0.01961155732515   -0.01115371035255    0.04080615396339  
  4.850000    0.05837051941335    0.04168008897488    0.01859965752311   -0.00958206071427    0.04028580971365  
  4.860000    0.05788767812900    0.04130157378063    0.01759353764819   -0.00801443468658    0.03978284466709  
  4.870000    0.05741764707466    0.04093079657326    0.01659371261012   -0.00645158771065    0.03929758663620  
  4.880000    0.05695996546304    0.04056748859359    0.01560077046326   -0.00489443574257    0.03883020268211  
  4.890000    0.05651404965030    0.04021130904389    0.01461536887568   -0.00334405334948    0.03838069685668  
  4.900000    0.05607919824593    0.03986184810810    0.01363823083566   -0.00180166995831    0.03794890965008  
  4.910000    0.05565459841595    0.03951863067111    0.01267013963262   -0.00026866428346    0.03753451915252  
  4.920000    0.05523933332293    0.03918112070386    0.01171193315665    0.00125344302142    0.03713704392124  
  4.930000    0.05483239063527    0.03884872627477    0.01076449756757    0.00276299842386    0.03675584752640  
  4.940000    0.05443267202741    0.03852080514125    0.00982876039054    0.00425822620362    0.03639014473185  
  4.950000    0.05403900358288    0.03819667086987    0.00890568310126    0.00573724067578    0.03603900925005  
  4.960000    0.05365014700264    0.03787559942799    0.00799625326873    0.00719805983093    0.03570138299432  
  4.970000    0.05326481151349    0.03755683618489    0.00710147632822    0.00863862026264    0.03537608673555  
  4.980000    0.05288166636349    0.03723960325664    0.00622236706102    0.01005679323855    0.03506183205642  
  4.990000    0.05249935378582    0.03692310712474    0.00535994086054    0.01145040175886    0.03475723448231  
  5.000000    0.05211650230699    0.03660654645615    0.00451520486708    0.01281723843553    0.03446082765600  
  5.010000    0.05173174027165    0.03628912004988    0.00368914905480    0.01415508401585    0.03417107841213  
  5.020000    0.05134370945384    0.03597003483363    0.00288273735581    0.01546172636682    0.03388640259800  
  5.030000    0.05095107862258    0.03564851383349    0.00209689890605    0.01673497973113    0.03360518147924  
  5.040000    0.05055255693026    0.03532380403939    0.00133251949705    0.01797270406169    0.03332577856274  
  5.050000    0.05014690699275    0.03499518408967    0.00059043331611    0.01917282423978    0.03304655666426  
  5.060000    0.04973295753316    0.03466197169976   -0.00012858494472    0.02033334898204    0.03276589504585  
  5.070000    0.04930961546425    0.03432353076163   -0.00082382753366    0.02145238924359    0.03248220644635  
  5.080000    0.04887587728975    0.03397927804421   -0.00149466056470    0.02252817592850    0.03219395382980  
  5.090000    0.04843083971064    0.03362868942759   -0.00214053035471    0.02355907672460    0.03189966667825  
  5.100000    0.04797370932948    0.03327130560883   -0.00276096910805    0.02454361188757    0.03159795666044  
  5.110000    0.04750381135430    0.03290673722132   -0.00335559989088    0.02548046880859    0.03128753251325  
  5.120000    0.04702059721235    0.03253466931533   -0.00392414084320    0.02636851521089    0.03096721398068  
  5.130000    0.04652365099415    0.03215486515311   -0.00446640858382    0.02720681083355    0.03063594466451  
  5.140000    0.04601269465919    0.03176716927814   -0.00498232077058    0.02799461747484    0.03029280365105  
  5.150000    0.04548759194588    0.03137150982499   -0.00547189778582    0.02873140728313    0.02993701579099  
  5.160000    0.04494835094055    0.03096790004318   -0.00593526352518    0.02941686919980    0.02956796052235  
  5.170000    0.04439512527283    0.03055643901586   -0.00637264527590    0.03005091347657    0.02918517914132  
  5.180000    0.04382821391756    0.03013731156143   -0.00678437267921    0.03063367420793    0.02878838044097  
  5.190000    0.04324805959659    0.02971078731431   -0.00717087577992    0.03116550983865    0.02837744465447  
  5.200000    0.04265524578701    0.02927721898837   -0.00753268217467    0.03164700162604    0.02795242565613  
  5.210000    0.04205049235551    0.02883703983445   -0.00787041327875    0.03207895005621    0.02751355139133  
  5.220000    0.04143464985181    0.02839076031114   -0.00818477973974    0.03246236923410    0.02706122252398  
  5.230000    0.04080869250677    0.02793896399527   -0.00847657603399    0.03279847928640    0.02659600930829  
  5.240000    0.04017370999314    0.02748230276598   -0.00874667429000    0.03308869683632    0.02611864670953  
  5.250000    0.03953089801919    0.02702149130316   -0.00899601738975    0.03333462362816    0.02563002781599  
  5.260000    0.03888154783632    0.02655730094759   -0.00922561140629    0.03353803339803    0.02513119560193  
  5.270000    0.03822703475262    0.02609055297651   -0.00943651744197    0.03370085710444    0.02462333311779  
  5.280000    0.03756880575408    0.02562211135385   -0.00962984293771    0.03382516664902    0.02410775220015  
  5.290000    0.03690836634385    0.02515287501958   -0.00980673252886    0.03391315723295    0.02358588080890  
  5.300000    0.03624726671804    0.02468376978732   -0.00996835852778    0.03396712850829    0.02305924911318  
  5.310000    0.03558708740292    0.02421573992316   -0.01011591111686    0.03398946469610    0.02252947446053  
  5.320000    0.03492942448446    0.02374973948216   -0.01025058833912    0.03398261385379    0.02199824537526  
  5.330000    0.03427587456517    0.02328672348123   -0.01037358597556    0.03394906648321    0.02146730474204  
  5.340000    0.03362801958647    0.02282763898929   -0.01048608739985    0.03389133367824    0.02093843233943  
  5.350000    0.03298741165692    0.02237341621660   -0.01058925350178    0.03381192501581    0.02041342689486  
  5.360000    0.03235555802662    0.02192495968531   -0.01068421277067    0.03371332639783    0.01989408783784  
  5.370000    0.03173390634800    0.02148313956308   -0.01077205162855    0.03359797805237    0.01938219693173  
  5.380000    0.03112383036039    0.02104878324019   -0.01085380510163    0.03346825290212    0.01887949996572  
  5.390000    0.03052661613278    0.02062266722860   -0.01093044791517    0.03332643550479    0.01838768868880  
  5.400000    0.02994344899367    0.02020550945837   -0.01100288609371    0.03317470176533    0.01790838316524  
  5.410000    0.02937540127113    0.01979796204324   -0.01107194914393    0.03301509961226    0.01744311472681  
  5.420000    0.02882342095772    0.01940060458245   -0.01113838289198    0.03284953082087    0.01699330969157  
  5.430000    0.02828832140573    0.01901393806022   -0.01120284304077    0.03267973415367    0.01656027401049  
  5.440000    0.02777077214682    0.01863837939749   -0.01126588950543    0.03250726997368    0.01614517899364  
  5.450000    0.02727129091684    0.01827425670287   -0.01132798157618    0.03233350646787    0.01574904825537  
  5.460000    0.02679023695071    0.01792180525989   -0.01138947394803    0.03215960759649    0.01537274600342  
  5.470000    0.02632780559415    0.01758116427671   -0.01145061364480    0.03198652285782    0.01501696678027  
  5.480000    0.02588402425638    0.01725237441100   -0.01151153785077    0.03181497892642    0.01468222674495  
  5.490000    0.02545874970224    0.01693537606678   -0.01157227264649    0.03164547318505    0.01436885656074  
  5.500000    0.02505166665000    0.01663000844034   -0.01163273262494    0.03147826912433    0.01407699592723  
  5.510000    0.02466228760364    0.01633600926994   -0.01169272133929    0.03131339352845    0.01380658976378  
  5.520000    0.02428995380295    0.01605301521556   -0.01175193250364    0.03115063529797    0.01355738601470  
  5.530000    0.02393383712105    0.01578056276306   -0.01180995183203    0.03098954568094    0.01332893500355  
  5.540000    0.02359294267709    0.01551808950921   -0.01186625935789    0.03082943958943    0.01312059021437  
  5.550000    0.02326611186076    0.01526493564140   -0.01192023202692    0.03066939757174    0.01293151032072  
  5.560000    0.02295202538917    0.01502034538080   -0.01197114630075    0.03050826789315    0.01276066222024  
  5.570000    0.02264920593730    0.01478346811092   -0.01201818045012    0.03034466805626    0.01260682476411  
  5.580000    0.02235601981009    0.01455335887186   -0.01206041615923    0.03017698497660    0.01246859280163  
  5.590000    0.02207067706693    0.01432897786916   -0.01209683901426    0.03000337293710    0.01234438109550  
  5.600000    0.02179122948490    0.01410918863638   -0.01212633742100    0.02982174839983    0.01223242761479  
  5.610000    0.02151556577583    0.01389275451397   -0.01214769950314    0.02962978078782    0.01213079569151  
  5.620000    0.02124140358116    0.01367833318039   -0.01215960759349    0.02942487850235    0.01203737455427  
  5.630000    0.02096627798692    0.01346446911145   -0.01216063006767    0.02920416975821    0.01194987784926  
  5.640000    0.02068752665986    0.01324958406975   -0.01214921050667    0.02896447834811    0.01186583995130  
  5.650000    0.02040227223431    0.01303196605277   -0.01212365453398    0.02870229523112    0.01178261018238  
  5.660000    0.02010740329427    0.01280975756629   -0.01208211517040    0.02841374790777    0.01169734551360  
  5.670000    0.01979955620132    0.01258094463894   -0.01202257819004    0.02809457090061    0.01160700294231  
  5.680000    0.01947510108875    0.01234334863635   -0.01194284972966    0.02774008226739    0.01150833350550  
  5.690000    0.01913013651840    0.01209462363301   -0.01184054926112    0.02734517284582    0.01139788078397  
  5.700000    0.01876049847364    0.01183226279121   -0.01171311191126    0.02690431670796    0.01127198770777  
  5.710000    0.01836179038883    0.01155361778821   -0.01155780489743    0.02641161286254    0.01112681638988  
  5.720000    0.01792944159463    0.01125593570607   -0.01137176339933    0.02586086928668    0.01095838645030  
  5.730000    0.01745880165595    0.01093641781378   -0.01115205133712    0.02524574054344    0.01076263766619  
  5.740000    0.01694527734564    0.01059230418282   -0.01089575209143    0.02455992917388    0.01053552259238  
  5.750000    0.01638451720103    0.01022098694923   -0.01060009300765    0.02379745839329    0.01027313383404  
  5.760000    0.01577264557894    0.00982015317111   -0.01026260544444    0.02295301910852    0.00997186874604  
  5.770000    0.01510654379227    0.00938795559616   -0.00988131909667    0.02202238780997    0.00962863137556  
  5.780000    0.01438417036987    0.00892320631359   -0.00945498540305    0.02100290361159    0.00924106746635  
  5.790000    0.01360490602030    0.00842558439556   -0.00898332023597    0.01989398304787    0.00880782346644  
  5.800000    0.01276990200857    0.00789584454722   -0.00846725112425    0.01869764095077    0.00832881506896  
  5.810000    0.01188240409766    0.00733600991510   -0.00790914949371    0.01741897590337    0.00780548539746  
  5.820000    0.01094801885972    0.00674952908709   -0.00731302446793    0.01606657074298    0.00724102821645  
  5.830000    0.00997488601303    0.00614137553769   -0.00668465236504    0.01465275384006    0.00664054830300  
  5.840000    0.00897372044618    0.00551806789311   -0.00603161584896    0.01319366684108    0.00601113016974  
  5.850000    0.00795769153139    0.00488759186657   -0.00536322931796    0.01170909040037    0.00536178839134  
  5.860000    0.00694211564946    0.00425920979646   -0.00469033287270    0.01022199180329    0.00470327832311  
  5.870000    0.00594395051786    0.00364315137726   -0.00402494609403    0.00875777725477    0.00404775511442  
  5.880000    0.00498109632205    0.00305018902896   -0.00337978445709    0.00734325606482    0.00340828124774  
  5.890000    0.00407152757913    0.00249111266950   -0.00276765465276    0.00600535218668    0.00279819750205  
  5.900000    0.00323229933894    0.00197613037475   -0.00220075912052    0.00476962790866    0.00223038789401  
  5.910000    0.00247848957224    0.00151423223395   -0.00168995316370    0.00365871171893    0.00171648406032  
  5.920000    0.00182215406722    0.00111256324598   -0.00124400844328    0.00269074395950    0.00126606679748  
  5.930000    0.00127137864606    0.00077585604823   -0.00086894284498    0.00187796657230    0.00088593021657  
  5.940000    0.00082951427937    0.00050597460011   -0.00056747743030    0.00122558441585    0.00057947568506  
  5.950000    0.00049467273708    0.00030161508641   -0.00033867570132    0.00073101383377    0.00034629749519  
  5.960000    0.00025954377352    0.00015820027810   -0.00017780872214    0.00038360939357    0.00018200989942  
  5.970000    0.00011157059560    0.00006798904921   -0.00007647251418    0.00016492361401    0.00007834656829  
  5.980000    0.00003349063681    0.00002040497414   -0.00002296309006    0.00004951023724    0.00002354030880  
  5.990000    0.00000421642077    0.00000256868413   -0.00000289162032    0.00000623359371    0.00000296540377  
  6.000000    0.00000000000000    0.00000000000000    0.00000000000000    0.00000000000000   -0.00000000000000  
