<Coefficient>
	 5 Total number of radial orbitals.
	Type	L	Zeta-Orbital
	  N 	0	    1
	  -0.19697602662624
	  -0.37636103843682
	  -0.34843938262041
	  -0.22112157199532
	  -0.09680508204341
	  -0.00480976283594
	   0.04700567019001
	   0.07027553294414
	   0.07123540116749
	   0.06284723161505
	   0.04657046701783
	   0.03272174599840
	   0.01800956649415
	   0.01050991419233
	   0.00244408579928
	   0.00192559433041
	  -0.00194047774328
	   0.00153603519243
	  -0.00384831951859
	Type	L	Zeta-Orbital
	  N 	0	    2
	   0.72363617629768
	   0.14278919117713
	  -0.35949182702187
	  -0.63555018951623
	  -0.38024128868451
	  -0.10739887626404
	   0.19724804037330
	   0.32873354171272
	   0.37994539723011
	   0.27725829753132
	   0.23199724358368
	   0.11358875255461
	   0.10029910159133
	   0.00874024394667
	   0.04381563408468
	  -0.03123508766568
	   0.03905798550343
	  -0.04975591830699
	   0.09912904164960
	Type	L	Zeta-Orbital
	  N 	1	    1
	  -0.20961252334538
	  -0.40180084148096
	  -0.48592153578250
	  -0.47781901288504
	  -0.44375412843382
	  -0.38236810950679
	  -0.32889861737971
	  -0.26562500613025
	  -0.21895873672158
	  -0.16577142563237
	  -0.12987120899439
	  -0.08715543250422
	  -0.06396178166007
	  -0.03267863891466
	  -0.02385960903646
	  -0.00340041804910
	  -0.00765535592017
	   0.00749950920748
	  -0.02600009619973
	Type	L	Zeta-Orbital
	  N 	1	    2
	  -0.79486226731104
	  -0.43582551484354
	   0.06660133635947
	   0.51620991411047
	   0.69624161958869
	   0.84670474773027
	   0.73166888988905
	   0.64997929413087
	   0.44132120149054
	   0.37478376385190
	   0.22371502293454
	   0.20651270844435
	   0.06966679758167
	   0.09171114516170
	  -0.03203025834873
	   0.03956252278250
	  -0.07697246506497
	   0.04841943493238
	  -0.28442337316287
	Type	L	Zeta-Orbital
	  N 	2	    1
	   0.16732441222079
	   1.01635602831591
	   1.19231067197342
	   1.25365888853969
	   1.13291540165888
	   1.04909884012669
	   0.84470278714498
	   0.63872643479991
	   0.35099690287668
	   0.24705850326384
	   0.10698016193270
	   0.11103928633649
	   0.02032828362118
	   0.06556906629309
	  -0.01687132052066
	   0.04595442652156
	  -0.03717731186977
	  -0.00369527137606
	  -0.48235848314818
</Coefficient>
<Mkb>
Left spillage = 1.4252471414e-03
</Mkb>
