  0.000000    0.09792169370546   -0.78397420196660    0.00000000000000    0.00000000000000    0.00000000000000  
  0.010000    0.09798168643171   -0.78380636891401   -0.00454093913861    0.00469232677539   -0.00015664608137  
  0.020000    0.09816161894654   -0.78330304574455   -0.00907970681469    0.00938620640958   -0.00062637727948  
  0.030000    0.09846135430158   -0.78246475987950   -0.01361414270904    0.01408317528473   -0.00140857235260  
  0.040000    0.09888066439420   -0.78129238854532   -0.01814210870259    0.01878473696226   -0.00250219555808  
  0.050000    0.09941923018466   -0.77978715607110   -0.02266149976110    0.02349234610288   -0.00390579616307  
  0.060000    0.10007664200053   -0.77795063012727   -0.02717025456334    0.02820739277994   -0.00561750780046  
  0.070000    0.10085239992862   -0.77578471692718   -0.03166636579063    0.03293118731199   -0.00763504770989  
  0.080000    0.10174591429495   -0.77329165541972   -0.03614788999827    0.03766494573625   -0.00995571591494  
  0.090000    0.10275650623321   -0.77047401050650   -0.04061295699304    0.04240977603901   -0.01257639439712  
  0.100000    0.10388340834228   -0.76733466532284   -0.04505977864491    0.04716666525287   -0.01549354633698  
  0.110000    0.10512576543342   -0.76387681262716   -0.04948665706570    0.05193646752328   -0.01870321550082  
  0.120000    0.10648263536762   -0.76010394534818   -0.05389199209291    0.05671989323874   -0.02220102585927  
  0.130000    0.10795298998394   -0.75601984634392   -0.05827428802239    0.06151749931010   -0.02598218153017  
  0.140000    0.10953571611919   -0.75162857743083   -0.06263215953983    0.06632968067471   -0.03004146714379  
  0.150000    0.11122961671961   -0.74693446774513   -0.06696433680776    0.07115666309100   -0.03437324873229  
  0.160000    0.11303341204493   -0.74194210150171   -0.07126966967144    0.07599849727807   -0.03897147524828  
  0.170000    0.11494574096523   -0.73665630521889   -0.07554713095446    0.08085505444388   -0.04382968081896  
  0.180000    0.11696516235074   -0.73108213447993   -0.07979581882227    0.08572602323377   -0.04894098784212  
  0.190000    0.11909015655466   -0.72522486030370   -0.08401495819929    0.09061090811932   -0.05429811102953  
  0.200000    0.12131912698891   -0.71908995519880   -0.08820390123347    0.09550902923564   -0.05989336250022  
  0.210000    0.12365040179240   -0.71268307897592   -0.09236212680923    0.10041952366289   -0.06571865802253  
  0.220000    0.12608223559135   -0.70601006439393   -0.09648923911799    0.10534134813618   -0.07176552449808  
  0.230000    0.12861281135069   -0.69907690271481   -0.10058496530300    0.11027328315588   -0.07802510877452  
  0.240000    0.13124024231552   -0.69188972924195   -0.10464915220230    0.11521393845897   -0.08448818786577  
  0.250000    0.13396257404121   -0.68445480891539   -0.10868176222142    0.12016175980096   -0.09114518064936  
  0.260000    0.13677778651034   -0.67677852203552   -0.11268286837402    0.12511503698684   -0.09798616110026  
  0.270000    0.13968379633437   -0.66886735018514   -0.11665264853520    0.13007191307978   -0.10500087310918  
  0.280000    0.14267845903768   -0.66072786241662   -0.12059137895893    0.13503039470642   -0.11217874692123  
  0.290000    0.14575957142113   -0.65236670176850   -0.12449942711614    0.13998836336871   -0.11950891721755  
  0.300000    0.14892487400189   -0.64379057217192   -0.12837724391581    0.14494358766470   -0.12698024284891  
  0.310000    0.15217205352608   -0.63500622580374   -0.13222535537583    0.14989373631276   -0.13458132821566  
  0.320000    0.15549874555017   -0.62602045093906   -0.13604435381474    0.15483639186806   -0.14230054627398  
  0.330000    0.15890253708691   -0.61684006035124   -0.13983488863872    0.15976906501448   -0.15012606313266  
  0.340000    0.16238096931094   -0.60747188030280   -0.14359765680149    0.16468920931092   -0.15804586419001  
  0.350000    0.16593154031920   -0.59792274016580   -0.14733339301660    0.16959423626774   -0.16604778174461  
  0.360000    0.16955170794049   -0.58819946270477   -0.15104285980355    0.17448153062689   -0.17411952399875  
  0.370000    0.17323889258861   -0.57830885505018   -0.15472683744961    0.17934846571804   -0.18224870535858  
  0.380000    0.17699048015289   -0.56825770038488   -0.15838611396987    0.18419241876322   -0.19042287792017  
  0.390000    0.18080382491972   -0.55805275036031   -0.16202147514710    0.18901078600340   -0.19862956401724  
  0.400000    0.18467625251851   -0.54770071825389   -0.16563369473211    0.19380099752264   -0.20685628969299  
  0.410000    0.18860506288510   -0.53720827287328   -0.16922352488328    0.19856053164869   -0.21509061894605  
  0.420000    0.19258753323559   -0.52658203320768   -0.17279168692147    0.20328692881296   -0.22332018858957  
  0.430000    0.19662092104332   -0.51582856382105   -0.17633886247327    0.20797780475834   -0.23153274355200  
  0.440000    0.20070246701150   -0.50495437097670   -0.17986568507203    0.21263086298897   -0.23971617243947  
  0.450000    0.20482939803418   -0.49396589947761   -0.18337273228159    0.21724390636365   -0.24785854317170  
  0.460000    0.20899893013786   -0.48286953020207   -0.18686051840285    0.22181484774196   -0.25594813849754  
  0.470000    0.21320827139625   -0.47167157830915   -0.19032948781811    0.22634171960088   -0.26397349119119  
  0.480000    0.21745462481063   -0.46037829208482   -0.19378000902231    0.23082268254906   -0.27192341872738  
  0.490000    0.22173519114854   -0.44899585239461   -0.19721236938416    0.23525603267550   -0.27978705723173  
  0.500000    0.22604717173320   -0.43753037270566   -0.20062677067372    0.23964020767980   -0.28755389450330  
  0.510000    0.23038777117688   -0.42598789963723   -0.20402332538643    0.24397379174195   -0.29521380190747  
  0.520000    0.23475420005109   -0.41437441399568   -0.20740205388643    0.24825551910048   -0.30275706494120  
  0.530000    0.23914367748707   -0.40269583224777   -0.21076288238510    0.25248427631919   -0.31017441227758  
  0.540000    0.24355343370025   -0.39095800838320   -0.21410564176367    0.25665910323388   -0.31745704310362  
  0.550000    0.24798071243273   -0.37916673611627   -0.21743006724144    0.26077919258212   -0.32459665257318  
  0.560000    0.25242277330825   -0.36732775137459   -0.22073579888403    0.26484388833007   -0.33158545520738  
  0.570000    0.25687689409448   -0.35544673502235   -0.22402238293923    0.26885268272175   -0.33841620608572  
  0.580000    0.26134037286809   -0.34352931576471   -0.22728927398086    0.27280521208688   -0.34508221968442  
  0.590000    0.26581053007841   -0.33158107318025   -0.23053583783475    0.27670125145383   -0.35157738623209  
  0.600000    0.27028471050609   -0.31960754082854   -0.23376135525413    0.28054070802437   -0.35789618546868  
  0.610000    0.27476028511380   -0.30761420938076   -0.23696502630622    0.28432361357624   -0.36403369770947  
  0.620000    0.27923465278649   -0.29560652972263   -0.24014597542555    0.28805011586861   -0.36998561213365  
  0.630000    0.28370524195946   -0.28358991598032   -0.24330325708483    0.29172046913333   -0.37574823223488  
  0.640000    0.28816951213294   -0.27156974842203   -0.24643586202895    0.29533502374264   -0.38131847839010  
  0.650000    0.29262495527276   -0.25955137619056   -0.24954272401384    0.29889421515040   -0.38669388752214  
  0.660000    0.29706909709706   -0.24754011982420   -0.25262272698771    0.30239855220947   -0.39187260985129  
  0.670000    0.30149949824992   -0.23554127352694   -0.25567471264960    0.30584860497296   -0.39685340275097  
  0.680000    0.30591375536309   -0.22356010715165   -0.25869748831698    0.30924499209063   -0.40163562174215  
  0.690000    0.31030950200797   -0.21160186786373   -0.26168983503269    0.31258836791465   -0.40621920868132  
  0.700000    0.31468440954038   -0.19967178145607   -0.26465051583980    0.31587940943084   -0.41060467721580  
  0.710000    0.31903618784127   -0.18777505329033   -0.26757828415245    0.31911880313207   -0.41479309559944  
  0.720000    0.32336258595733   -0.17591686884324   -0.27047189215066    0.32230723195077   -0.41878606697972  
  0.730000    0.32766139264556   -0.16410239384089   -0.27333009912745    0.32544536236566   -0.42258570728519  
  0.740000    0.33193043682688   -0.15233677396810   -0.27615167971796    0.32853383179624   -0.42619462085833  
  0.750000    0.33616758795400   -0.14062513414409   -0.27893543194198    0.33157323639492   -0.42961587399468  
  0.760000    0.34037075629927   -0.12897257735994   -0.28168018499355    0.33456411934292   -0.43285296656352  
  0.770000    0.34453789316870   -0.11738418307743   -0.28438480671425    0.33750695975077   -0.43590980189787  
  0.780000    0.34866699104875   -0.10586500519300   -0.28704821069036    0.34040216225866   -0.43879065515373  
  0.790000    0.35275608369249   -0.09442006957451   -0.28966936291764    0.34325004742514   -0.44150014034809  
  0.800000    0.35680324615235   -0.08305437118231   -0.29224728798231    0.34605084298516   -0.44404317629377  
  0.810000    0.36080659476662   -0.07177287078989   -0.29478107471109    0.34880467605090   -0.44642495165595  
  0.820000    0.36476428710714   -0.06058049132287   -0.29726988124884    0.35151156631950   -0.44865088936006  
  0.830000    0.36867452189553   -0.04948211383829   -0.29971293952735    0.35417142034358   -0.45072661058414  
  0.840000    0.37253553889554   -0.03848257316926   -0.30210955909482    0.35678402691007   -0.45265789856991  
  0.850000    0.37634561878889   -0.02758665326291   -0.30445913028144    0.35934905356368   -0.45445066248657  
  0.860000    0.38010308304204   -0.01679908224185   -0.30676112668258    0.36186604430072   -0.45611090157913  
  0.870000    0.38380629377088   -0.00612452722174   -0.30901510694737    0.36433441844922   -0.45764466982884  
  0.880000    0.38745365361050    0.00443241108065   -0.31122071586656    0.36675347074041   -0.45905804134786  
  0.890000    0.39104360559666    0.01486720391275   -0.31337768475997    0.36912237256681   -0.46035707672253  
  0.900000    0.39457463306535    0.02517540018788   -0.31548583116993    0.37144017441170   -0.46154779051080  
  0.910000    0.39804525957637    0.03535263228497   -0.31754505787309    0.37370580942486   -0.46263612008846  
  0.920000    0.40145404886663    0.04539462190772   -0.31955535122911    0.37591809810967   -0.46362789602699  
  0.930000    0.40479960483817    0.05529718596420   -0.32151677889007    0.37807575407750   -0.46452881417230  
  0.940000    0.40808057158561    0.06505624242803   -0.32342948690022    0.38017739081634   -0.46534440957882  
  0.950000    0.41129563346686    0.07466781614282   -0.32529369622033    0.38222152941217   -0.46608003243783  
  0.960000    0.41444351522084    0.08412804453206   -0.32710969871603    0.38420660715409   -0.46674082612220  
  0.970000    0.41752298213476    0.09343318317778   -0.32887785265355    0.38613098694677   -0.46733170745183  
  0.980000    0.42053284026344    0.10257961123277   -0.33059857775023    0.38799296744786   -0.46785734926630  
  0.990000    0.42347193670193    0.11156383663247   -0.33227234983073    0.38979079384182   -0.46832216537214  
  1.000000    0.42633915991258    0.12038250107476   -0.33389969514243    0.39152266915738   -0.46873029791308  
  1.010000    0.42913344010655    0.12903238473764   -0.33548118438642    0.39318676603155   -0.46908560719266  
  1.020000    0.43185374967932    0.13751041070746   -0.33701742652178    0.39478123882007   -0.46939166395879  
  1.030000    0.43449910369906    0.14581364909247   -0.33850906240270    0.39630423595210   -0.46965174414096  
  1.040000    0.43706856044596    0.15393932079928   -0.33995675830840    0.39775391242560   -0.46986882601202  
  1.050000    0.43956122199996    0.16188480095258   -0.34136119942619    0.39912844233952   -0.47004558972757  
  1.060000    0.44197623487375    0.16964762194121   -0.34272308334767    0.40042603135930   -0.47018441917867  
  1.070000    0.44431279068727    0.17722547607683   -0.34404311363727    0.40164492901404   -0.47028740607624  
  1.080000    0.44657012687917    0.18461621785417   -0.34532199353063    0.40278344072536   -0.47035635616933  
  1.090000    0.44874752745046    0.19181786580511   -0.34656041981895    0.40383993947176   -0.47039279748437  
  1.100000    0.45084432373465    0.19882860394165   -0.34775907697241    0.40481287699583   -0.47039799045842  
  1.110000    0.45285989518863    0.20564678278609   -0.34891863155353    0.40570079446661   -0.47037293982673  
  1.120000    0.45479367019764    0.21227091998934   -0.35003972696739    0.40650233251472   -0.47031840811335  
  1.130000    0.45664512688772    0.21869970054133   -0.35112297859269    0.40721624056416   -0.47023493056379  
  1.140000    0.45841379393833    0.22493197658030   -0.35216896933279    0.40784138539116   -0.47012283134986  
  1.150000    0.46009925138790    0.23096676681021   -0.35317824562215    0.40837675884809   -0.46998224087031  
  1.160000    0.46170113142446    0.23680325553804   -0.35415131391859    0.40882148469779   -0.46981311396514  
  1.170000    0.46321911915366    0.24244079134511   -0.35508863770694    0.40917482451202   -0.46961524885822  
  1.180000    0.46465295333626    0.24787888540864   -0.35599063503477    0.40943618259627   -0.46938830664019  
  1.190000    0.46600242708708    0.25311720949157   -0.35685767659544    0.40960510991162   -0.46913183110397  
  1.200000    0.46726738852749    0.25815559362069   -0.35769008436864    0.40968130697345   -0.46884526874563  
  1.210000    0.46844774138364    0.26299402347419   -0.35848813082307    0.40966462571552   -0.46852798874692  
  1.220000    0.46954344552267    0.26763263750139   -0.35925203868083    0.40955507031721   -0.46817930275955  
  1.230000    0.47055451741941    0.27207172379811   -0.35998198123750    0.40935279700012   -0.46779848431765  
  1.240000    0.47148103054640    0.27631171676217   -0.36067808322722    0.40905811280943   -0.46738478771181  
  1.250000    0.47232311568033    0.28035319355380   -0.36134042221648    0.40867147340357   -0.46693746616696  
  1.260000    0.47308096111828    0.28419687038628   -0.36196903050622    0.40819347988405   -0.46645578917616  
  1.270000    0.47375481279791    0.28784359867194   -0.36256389751666    0.40762487470509   -0.46593905885354  
  1.280000    0.47434497431577    0.29129436104858   -0.36312497262548    0.40696653671008   -0.46538662518146  
  1.290000    0.47485180683886    0.29455026731104   -0.36365216842578    0.40621947534861   -0.46479790004029  
  1.300000    0.47527572890487    0.29761255027174   -0.36414536436676    0.40538482413436   -0.46417236992282  
  1.310000    0.47561721610735    0.30048256157354   -0.36460441073677    0.40446383340948   -0.46350960724967  
  1.320000    0.47587680066239    0.30316176747691   -0.36502913294567    0.40345786248651   -0.46280928021714  
  1.330000    0.47605507085453    0.30565174464239   -0.36541933606102    0.40236837124282   -0.46207116112426  
  1.340000    0.47615267035987    0.30795417592792   -0.36577480955074    0.40119691124643   -0.46129513314121  
  1.350000    0.47617029744538    0.31007084621899   -0.36609533218336    0.39994511649487   -0.46048119549693  
  1.360000    0.47610870404394    0.31200363830812   -0.36638067703606    0.39861469385068   -0.45962946707935  
  1.370000    0.47596869470551    0.31375452883821   -0.36663061656022    0.39720741325867   -0.45874018845687  
  1.380000    0.47575112542557    0.31532558432272   -0.36684492765410    0.39572509783045   -0.45781372234485  
  1.390000    0.47545690235251    0.31671895725354   -0.36702339669274    0.39416961388136   -0.45685055255518  
  1.400000    0.47508698037671    0.31793688230554   -0.36716582446617    0.39254286100435   -0.45585128148108  
  1.410000    0.47464236160453    0.31898167264497   -0.36727203097832    0.39084676226300   -0.45481662618223  
  1.420000    0.47412409372106    0.31985571634667   -0.36734186006074    0.38908325458387   -0.45374741314791  
  1.430000    0.47353326824647    0.32056147292342   -0.36737518375766    0.38725427942481   -0.45264457182689  
  1.440000    0.47287101869110    0.32110146996854   -0.36737190644140    0.38536177379234   -0.45150912702338  
  1.450000    0.47213851861526    0.32147829991141   -0.36733196862006    0.38340766167650   -0.45034219026736  
  1.460000    0.47133697960019    0.32169461688341   -0.36725535040293    0.38139384596667   -0.44914495027584  
  1.470000    0.47046764913709    0.32175313369046   -0.36714207459239    0.37932220090629   -0.44791866262808  
  1.480000    0.46953180844181    0.32165661888673   -0.36699220937519    0.37719456513842   -0.44666463878347  
  1.490000    0.46853077020306    0.32140789394250   -0.36680587058987    0.37501273538772   -0.44538423457480  
  1.500000    0.46746587627238    0.32100983049813   -0.36658322355151    0.37277846081775   -0.44407883831239  
  1.510000    0.46633849530447    0.32046534769486   -0.36632448441933    0.37049343809535   -0.44274985863592  
  1.520000    0.46515002035689    0.31977740957223   -0.36602992109706    0.36815930718694   -0.44139871225105  
  1.530000    0.46390186645799    0.31894902252116   -0.36569985366079    0.36577764790410   -0.44002681168618  
  1.540000    0.46259546815251    0.31798323278110   -0.36533465431336    0.36334997720840   -0.43863555320264  
  1.550000    0.46123227703402    0.31688312396932   -0.36493474686896    0.36087774727836   -0.43722630498712  
  1.560000    0.45981375927366    0.31565181463003   -0.36450060577607    0.35836234433391   -0.43580039575067  
  1.570000    0.45834139315441    0.31429245579122   -0.36403275469120    0.35580508820661   -0.43435910385173  
  1.580000    0.45681666662014    0.31280822851704   -0.36353176462003    0.35320723263726   -0.43290364705389  
  1.590000    0.45524107484856    0.31120234144385   -0.36299825164655    0.35056996627553   -0.43143517302028  
  1.600000    0.45361611785685    0.30947802828891   -0.36243287427465    0.34789441435038   -0.42995475063776  
  1.610000    0.45194329814869    0.30763854532080   -0.36183633040979    0.34518164097357   -0.42846336225366  
  1.620000    0.45022411841083    0.30568716878198   -0.36120935401207    0.34243265203387   -0.42696189689738  
  1.630000    0.44846007926726    0.30362719225465   -0.36055271145425    0.33964839863385   -0.42545114454789  
  1.640000    0.44665267709840    0.30146192396210   -0.35986719762138    0.33682978101716   -0.42393179149638  
  1.650000    0.44480340193246    0.29919468399917   -0.35915363179045    0.33397765293036   -0.42240441684132  
  1.660000    0.44291373541541    0.29682880148673   -0.35841285333034    0.33109282635963   -0.42086949014092  
  1.670000    0.44098514886567    0.29436761164637   -0.35764571726376    0.32817607658071   -0.41932737023565  
  1.680000    0.43901910141906    0.29181445279318   -0.35685308973379    0.32522814745781   -0.41777830524114  
  1.690000    0.43701703826872    0.28917266324604   -0.35603584341805    0.32224975692618   -0.41622243369968  
  1.700000    0.43498038900442    0.28644557815631   -0.35519485293381    0.31924160259226   -0.41465978686667  
  1.710000    0.43291056605490    0.28363652625767   -0.35433099027689    0.31620436738534   -0.41309029209668  
  1.720000    0.43080896323611    0.28074882654129   -0.35344512033671    0.31313872519500   -0.41151377728321  
  1.730000    0.42867695440798    0.27778578486218   -0.35253809652838    0.31004534643027   -0.40992997629531  
  1.740000    0.42651589224110    0.27475069048428   -0.35161075658165    0.30692490343779   -0.40833853534506  
  1.750000    0.42432710709466    0.27164681257324   -0.35066391852434    0.30377807571919   -0.40673902021053  
  1.760000    0.42211190600592    0.26847739664733   -0.34969837689584    0.30060555489054   -0.40513092423121  
  1.770000    0.41987157179107    0.26524566099836   -0.34871489922374    0.29740804933034   -0.40351367698540  
  1.780000    0.41760736225658    0.26195479309581   -0.34771422279369    0.29418628846676   -0.40188665355334  
  1.790000    0.41532050951975    0.25860794598827   -0.34669705173976    0.29094102665892   -0.40024918426451  
  1.800000    0.41301221943632    0.25520823471772   -0.34566405447887    0.28767304663215   -0.39860056482358  
  1.810000    0.41068367113278    0.25175873276281   -0.34461586150980    0.28438316243226   -0.39694006670686  
  1.820000    0.40833601664018    0.24826246852806   -0.34355306359316    0.28107222186924   -0.39526694771907  
  1.830000    0.40597038062605    0.24472242189651   -0.34247621032526    0.27774110842678   -0.39358046259986  
  1.840000    0.40358786022034    0.24114152086395   -0.34138580911459    0.27439074261952   -0.39187987357004  
  1.850000    0.40118952493120    0.23752263827264   -0.34028232456596    0.27102208278632   -0.39016446070895  
  1.860000    0.39877641664572    0.23386858866303   -0.33916617827320    0.26763612531360   -0.38843353205747  
  1.870000    0.39634954971062    0.23018212526143   -0.33803774901739    0.26423390428901   -0.38668643334453  
  1.880000    0.39390991108779    0.22646593712152   -0.33689737336375    0.26081649059165   -0.38492255724028  
  1.890000    0.39145846057880    0.22272264643701   -0.33574534664665    0.25738499043087   -0.38314135204430  
  1.900000    0.38899613111304    0.21895480604210   -0.33458192432829    0.25394054335142   -0.38134232972422  
  1.910000    0.38652382909347    0.21516489711554   -0.33340732371329    0.25048431972811   -0.37952507322732  
  1.920000    0.38404243479407    0.21135532710315   -0.33222172599833    0.24701751777841   -0.37768924299584  
  1.930000    0.38155280280314    0.20752842787238   -0.33102527863244    0.24354136012609   -0.37583458262561  
  1.940000    0.37905576250646    0.20368645411134   -0.32981809796138    0.24005708995362   -0.37396092361667  
  1.950000    0.37655211860443    0.19983158198311   -0.32860027212649    0.23656596678491   -0.37206818917444  
  1.960000    0.37404265165743    0.19596590804460   -0.32737186418657    0.23306926194382   -0.37015639703010  
  1.970000    0.37152811865375    0.19209144843779   -0.32613291542933    0.22956825373656   -0.36822566125884  
  1.980000    0.36900925359465    0.18821013835893   -0.32488344883743    0.22606422240908   -0.36627619308553  
  1.990000    0.36648676809121    0.18432383180998   -0.32362347267298    0.22255844493242   -0.36430830067727  
  2.000000    0.36396135196814    0.18043430163405   -0.32235298414345    0.21905218967037   -0.36232238793301  
  2.010000    0.36143367386956    0.17654323983532   -0.32107197311176    0.21554671098506   -0.36031895229045  
  2.020000    0.35890438186261    0.17265225818125   -0.31978042581287    0.21204324383612   -0.35829858158016  
  2.030000    0.35637410403459    0.16876288908333   -0.31847832853975    0.20854299842905   -0.35626194996669  
  2.040000    0.35384344907993    0.16487658675058   -0.31716567126212    0.20504715496785   -0.35420981302489  
  2.050000    0.35131300687360    0.16099472860788   -0.31584245114242    0.20155685856513   -0.35214300200870  
  2.060000    0.34878334902804    0.15711861696937   -0.31450867591469    0.19807321436195   -0.35006241737695  
  2.070000    0.34625502943080    0.15324948095544   -0.31316436709383    0.19459728290633   -0.34796902164797  
  2.080000    0.34372858476087    0.14938847863994   -0.31180956298455    0.19113007583759   -0.34586383166117  
  2.090000    0.34120453498161    0.14553669941250   -0.31044432146166    0.18767255191941   -0.34374791032892  
  2.100000    0.33868338380914    0.14169516653952   -0.30906872249576    0.18422561346186   -0.34162235796679  
  2.110000    0.33616561915485    0.13786483990571   -0.30768287040111    0.18079010316767   -0.33948830329388  
  2.120000    0.33365171354154    0.13404661891703   -0.30628689578567    0.17736680143438   -0.33734689419724  
  2.130000    0.33114212449275    0.13024134554451   -0.30488095718584    0.17395642413889   -0.33519928835652  
  2.140000    0.32863729489543    0.12644980748759   -0.30346524237242    0.17055962092639   -0.33304664382533  
  2.150000    0.32613765333626    0.12267274143492   -0.30203996931696    0.16717697402021   -0.33089010966568  
  2.160000    0.32364361441232    0.11891083639968   -0.30060538681168    0.16380899756421   -0.32873081673040  
  2.170000    0.32115557901716    0.11516473710637   -0.29916177473925    0.16045613750404   -0.32656986868637  
  2.180000    0.31867393460339    0.11143504740546   -0.29770944399240    0.15711877200794   -0.32440833336824  
  2.190000    0.31619905542342    0.10772233369268   -0.29624873604673    0.15379721242291   -0.32224723454807  
  2.200000    0.31373130275003    0.10402712830934   -0.29478002219348    0.15049170475653   -0.32008754420162  
  2.210000    0.31127102507864    0.10034993290099   -0.29330370244244    0.14720243166961   -0.31793017534641  
  2.220000    0.30881855831327    0.09669122171176   -0.29182020410819    0.14392951496025   -0.31577597551997  
  2.230000    0.30637422593855    0.09305144479285   -0.29032998009603    0.14067301851469   -0.31362572096011  
  2.240000    0.30393833917989    0.08943103110427   -0.28883350690683    0.13743295169625   -0.31148011154105  
  2.250000    0.30151119715414    0.08583039149017   -0.28733128238248    0.13420927313953   -0.30933976651136  
  2.260000    0.29909308701325    0.08224992150922   -0.28582382321636    0.13100189491293   -0.30720522107114  
  2.270000    0.29668428408314    0.07869000410299   -0.28431166225499    0.12781068700953   -0.30507692381702  
  2.280000    0.29428505200017    0.07515101208672   -0.28279534561927    0.12463548212314   -0.30295523507449  
  2.290000    0.29189564284755    0.07163331044857   -0.28127542967508    0.12147608066396   -0.30084042612799  
  2.300000    0.28951629729380    0.06813725844522   -0.27975247788436    0.11833225596592   -0.29873267934989  
  2.310000    0.28714724473536    0.06466321148345   -0.27822705756882    0.11520375963652   -0.29663208922043  
  2.320000    0.28478870344538    0.06121152277938   -0.27669973661887    0.11209032699868   -0.29453866422154  
  2.330000    0.28244088073046    0.05778254478885   -0.27517108018097    0.10899168257337   -0.29245232957891  
  2.340000    0.28010397309683    0.05437663040483   -0.27364164735633    0.10590754555211   -0.29037293081800  
  2.350000    0.27777816642771    0.05099413391924   -0.27211198794367    0.10283763520820   -0.28830023809186  
  2.360000    0.27546363617278    0.04763541174925   -0.27058263925813    0.09978167619715   -0.28623395123099  
  2.370000    0.27316054755097    0.04430082292953   -0.26905412305734    0.09673940369741   -0.28417370545834  
  2.380000    0.27086905576727    0.04099072937460   -0.26752694260452    0.09371056834498   -0.28211907770664  
  2.390000    0.26858930624419    0.03770549591685   -0.26600157989677    0.09069494091731   -0.28006959346896  
  2.400000    0.26632143486816    0.03444549012795   -0.26447849308511    0.08769231672482   -0.27802473410906  
  2.410000    0.26406556825094    0.03121108193322   -0.26295811411052    0.08470251967142   -0.27598394455353  
  2.420000    0.26182182400593    0.02800264303010   -0.26144084657814    0.08172540594882   -0.27394664128465  
  2.430000    0.25959031103900    0.02482054612363   -0.25992706388918    0.07876086733318   -0.27191222055018  
  2.440000    0.25737112985321    0.02166516399317   -0.25841710764745    0.07580883405686   -0.26988006670507  
  2.450000    0.25516437286659    0.01853686840597   -0.25691128635452    0.07286927723206   -0.26784956059885  
  2.460000    0.25297012474208    0.01543602889453   -0.25540987440485    0.06994221080779   -0.26582008792308  
  2.470000    0.25078846272817    0.01236301141544   -0.25391311138877    0.06702769304642   -0.26379104743391  
  2.480000    0.24861945700914    0.00931817690847   -0.25242120170853    0.06412582751030   -0.26176185896696  
  2.490000    0.24646317106307    0.00630187977531   -0.25093431450916    0.06123676355440   -0.25973197116416  
  2.500000    0.24431966202617    0.00331446629762   -0.24945258392303    0.05836069632515   -0.25770086883601  
  2.510000    0.24218898106143    0.00035627301480   -0.24797610962384    0.05549786627094   -0.25566807988663  
  2.520000    0.24007117372984   -0.00257237491847   -0.24650495768250    0.05264855817397   -0.25363318173432  
  2.530000    0.23796628036199   -0.00547116537460   -0.24503916171490    0.04981309971809   -0.25159580716562  
  2.540000    0.23587433642825   -0.00833980087544   -0.24357872430837    0.04699185961149   -0.24955564956730  
  2.550000    0.23379537290524   -0.01117800017523   -0.24212361871102    0.04418524528731   -0.24751246748744  
  2.560000    0.23172941663666   -0.01398549978507   -0.24067379076592    0.04139370020908   -0.24546608848374  
  2.570000    0.22967649068631   -0.01676205542097   -0.23922916106938    0.03861770081177   -0.24341641222512  
  2.580000    0.22763661468131   -0.01950744335832   -0.23778962733087    0.03585775311229   -0.24136341282010  
  2.590000    0.22560980514358   -0.02222146167666   -0.23635506691013    0.03311438902634   -0.23930714035390  
  2.600000    0.22359607580762   -0.02490393138003   -0.23492533950523    0.03038816243112   -0.23724772162429  
  2.610000    0.22159543792286   -0.02755469737948   -0.23350028996456    0.02767964501545   -0.23518536007422  
  2.620000    0.21960790053894   -0.03017362932575   -0.23207975119395    0.02498942196078   -0.23312033492799  
  2.630000    0.21763347077226   -0.03276062228191   -0.23066354713014    0.02231808749768   -0.23105299954518  
  2.640000    0.21567215405260   -0.03531559722709   -0.22925149575061    0.01966624038330   -0.22898377901509  
  2.650000    0.21372395434847   -0.03783850138470   -0.22784341209028    0.01703447934587   -0.22691316702153  
  2.660000    0.21178887437031   -0.04032930836967   -0.22643911123523    0.01442339854193   -0.22484172201524  
  2.670000    0.20986691575058   -0.04278801815183   -0.22503841126419    0.01183358307173   -0.22277006273822  
  2.680000    0.20795807920016   -0.04521465683362   -0.22364113610941    0.00926560459730   -0.22069886315025  
  2.690000    0.20606236464074   -0.04760927624294   -0.22224711830916    0.00672001710596   -0.21862884681376  
  2.700000    0.20417977131288   -0.04997195334317   -0.22085620162574    0.00419735286077   -0.21656078079862  
  2.710000    0.20231029785982   -0.05230278946459   -0.21946824350400    0.00169811857672   -0.21449546917236  
  2.720000    0.20045394238724   -0.05460190936301   -0.21808311734752   -0.00077720814071   -0.21243374614579  
  2.730000    0.19861070249948   -0.05686946011317   -0.21670071459119   -0.00322818206118   -0.21037646894638  
  2.740000    0.19678057531280   -0.05910560984606   -0.21532094655133   -0.00565439326893   -0.20832451049460  
  2.750000    0.19496355744658   -0.06131054634087   -0.21394374603669   -0.00805546974919   -0.20627875195961  
  2.760000    0.19315964499349   -0.06348447548360   -0.21256906870625   -0.01043107959849   -0.20424007527140  
  2.770000    0.19136883346990   -0.06562761960574   -0.21119689416218   -0.01278093283971   -0.20220935566665  
  2.780000    0.18959111774789   -0.06774021571748   -0.20982722676932   -0.01510478282682   -0.20018745434441  
  2.790000    0.18782649197046   -0.06982251365102   -0.20846009619490   -0.01740242722847   -0.19817521130627  
  2.800000    0.18607494945159   -0.07187477413031   -0.20709555766552   -0.01967370858397   -0.19617343845321  
  2.810000    0.18433648256305   -0.07389726678427   -0.20573369194075   -0.02191851442944   -0.19418291300813  
  2.820000    0.18261108260984   -0.07589026812109   -0.20437460500598   -0.02413677699637   -0.19220437132943  
  2.830000    0.18089873969625   -0.07785405948151   -0.20301842748962   -0.02632847248889   -0.19023850317643  
  2.840000    0.17919944258471   -0.07978892498927   -0.20166531381258   -0.02849361995059   -0.18828594648233  
  2.850000    0.17751317854948   -0.08169514951674   -0.20031544108061   -0.03063227973539   -0.18634728268495  
  2.860000    0.17583993322741   -0.08357301668378   -0.19896900773249   -0.03274455160118   -0.18442303265937  
  2.870000    0.17417969046777   -0.08542280690742   -0.19762623195952   -0.03483057244837   -0.18251365329002  
  2.880000    0.17253243218357   -0.08724479551948   -0.19628734991386   -0.03689051372917   -0.18061953471314  
  2.890000    0.17089813820611   -0.08903925096861   -0.19495261372526   -0.03892457855620   -0.17874099825320  
  2.900000    0.16927678614515   -0.09080643312231   -0.19362228934766   -0.04093299854235   -0.17687829506971  
  2.910000    0.16766835125643   -0.09254659168378   -0.19229665425853   -0.04291603040580   -0.17503160552350  
  2.920000    0.16607280631845   -0.09425996473700   -0.19097599503525   -0.04487395237677   -0.17320103926374  
  2.930000    0.16449012152040   -0.09594677743252   -0.18966060483391   -0.04680706044383   -0.17138663603007  
  2.940000    0.16292026436258   -0.09760724082494   -0.18835078079676   -0.04871566447936   -0.16958836715626  
  2.950000    0.16136319957111   -0.09924155087168   -0.18704682141500   -0.05060008428468   -0.16780613775525  
  2.960000    0.15981888902798   -0.10084988760113   -0.18574902387404   -0.05246064559556   -0.16603978955803  
  2.970000    0.15828729171763   -0.10243241445666   -0.18445768140824   -0.05429767608958   -0.16428910437259  
  2.980000    0.15676836369118   -0.10398927782124   -0.18317308069205   -0.05611150143594   -0.16255380812278  
  2.990000    0.15526205804876   -0.10552060672602   -0.18189549929370   -0.05790244142813   -0.16083357542128  
  3.000000    0.15376832494082   -0.10702651274402   -0.18062520321724   -0.05967080623840   -0.15912803462552  
  3.010000    0.15228711158857   -0.10850709006902   -0.17936244455715   -0.06141689283184   -0.15743677332094  
  3.020000    0.15081836232372   -0.10996241577724   -0.17810745928902   -0.06314098157584   -0.15575934417155  
  3.030000    0.14936201864756   -0.11139255026858   -0.17686046521800   -0.06484333307855   -0.15409527107471  
  3.040000    0.14791801930902   -0.11279753788171   -0.17562166010495   -0.06652418528761   -0.15244405555391  
  3.050000    0.14648630040134   -0.11417740767646   -0.17439121998880   -0.06818375087729   -0.15080518332149  
  3.060000    0.14506679547656   -0.11553217437484   -0.17316929772086   -0.06982221494951   -0.14917813094183  
  3.070000    0.14365943567716   -0.11686183945097   -0.17195602172534   -0.07143973307061   -0.14756237252479  
  3.080000    0.14226414988362   -0.11816639235882   -0.17075149499751   -0.07303642966229   -0.14595738637944  
  3.090000    0.14088086487692   -0.11944581188513   -0.16955579434858   -0.07461239676146   -0.14436266155874  
  3.100000    0.13950950551449   -0.12070006761432   -0.16836896990412   -0.07616769316009   -0.14277770422757  
  3.110000    0.13814999491812   -0.12192912149065   -0.16719104485997   -0.07770234393192   -0.14120204378837  
  3.120000    0.13680225467235   -0.12313292946257   -0.16602201549699   -0.07921634034925   -0.13963523870197  
  3.130000    0.13546620503146   -0.12431144319309   -0.16486185145383   -0.08070964018891   -0.13807688194430  
  3.140000    0.13414176513334   -0.12546461181982   -0.16371049625362   -0.08218216842256   -0.13652660604383  
  3.150000    0.13282885321836   -0.12659238374768   -0.16256786807864   -0.08363381828273   -0.13498408764952  
  3.160000    0.13152738685124   -0.12769470845734   -0.16143386078411   -0.08506445269213   -0.13344905158371  
  3.170000    0.13023728314399   -0.12877153831204   -0.16030834514016   -0.08647390604013   -0.13192127434031  
  3.180000    0.12895845897802   -0.12982283034599   -0.15919117028860   -0.08786198628703   -0.13040058699451  
  3.190000    0.12769083122321   -0.13084854801741   -0.15808216539924   -0.08922847737329   -0.12888687749634  
  3.200000    0.12643431695229   -0.13184866290997   -0.15698114150836   -0.09057314190809   -0.12738009232713  
  3.210000    0.12518883364838   -0.13282315636683   -0.15588789352046   -0.09189572410881   -0.12588023750455  
  3.220000    0.12395429940396   -0.13377202104225   -0.15480220235252   -0.09319595296047   -0.12438737892859  
  3.230000    0.12273063310957   -0.13469526235664   -0.15372383719905   -0.09447354556248   -0.12290164206796  
  3.240000    0.12151775463042   -0.13559289984172   -0.15265255789480   -0.09572821062768   -0.12142321099288  
  3.250000    0.12031558496955   -0.13646496836386   -0.15158811735129   -0.09695965209788   -0.11995232676732  
  3.260000    0.11912404641599   -0.13731151921471   -0.15053026404274   -0.09816757283864   -0.11848928522001  
  3.270000    0.11794306267676   -0.13813262105941   -0.14947874451628   -0.09935167837556   -0.11703443412003  
  3.280000    0.11677255899157   -0.13892836073440   -0.14843330590170   -0.10051168063407   -0.11558816978878  
  3.290000    0.11561246222931   -0.13969884388809   -0.14739369839562   -0.10164730164476   -0.11415093318583  
  3.300000    0.11446270096544   -0.14044419545907   -0.14635967769567   -0.10275827717691   -0.11272320551139  
  3.310000    0.11332320554003   -0.14116455998846   -0.14533100736069   -0.10384436026345   -0.11130550337282  
  3.320000    0.11219390809564   -0.14186010176417   -0.14430746107387   -0.10490532458231   -0.10989837356726  
  3.330000    0.11107474259527   -0.14253100479676   -0.14328882478690   -0.10594096766002   -0.10850238753568  
  3.340000    0.10996564482005   -0.14317747262795   -0.14227489872431   -0.10695111386612   -0.10711813554717  
  3.350000    0.10886655234714   -0.14379972797464   -0.14126549922886   -0.10793561716828   -0.10574622067464  
  3.360000    0.10777740450804   -0.14439801221252   -0.14026046043029   -0.10889436362142   -0.10438725262514  
  3.370000    0.10669814232803   -0.14497258470518   -0.13925963572195   -0.10982727356611   -0.10304184148891  
  3.380000    0.10562870844742   -0.14552372198580   -0.13826289903127   -0.11073430351508   -0.10171059147228  
  3.390000    0.10456904702561   -0.14605171679998   -0.13727014587279   -0.11161544770960   -0.10039409467898  
  3.400000    0.10351910362906   -0.14655687701947   -0.13628129417409   -0.11247073933092   -0.09909292500400  
  3.410000    0.10247882510435   -0.14703952443777   -0.13529628486772   -0.11330025135541   -0.09780763220242  
  3.420000    0.10144815943790   -0.14749999345953   -0.13431508224439   -0.11410409704579   -0.09653873619386  
  3.430000    0.10042705560366   -0.14793862969681   -0.13333767406506   -0.11488243007434   -0.09528672166013  
  3.440000    0.09941546340066   -0.14835578848567   -0.13236407143211   -0.11563544427779   -0.09405203299083  
  3.450000    0.09841333328191   -0.14875183333779   -0.13139430842210   -0.11636337304705   -0.09283506962754  
  3.460000    0.09742061617665   -0.14912713434176   -0.13042844148500   -0.11706648835899   -0.09163618185301  
  3.470000    0.09643726330772   -0.14948206652946   -0.12946654861711   -0.11774509946052   -0.09045566706702  
  3.480000    0.09546322600603   -0.14981700822304   -0.12850872831712   -0.11839955121899   -0.08929376658542  
  3.490000    0.09449845552400   -0.15013233937806   -0.12755509833685   -0.11903022215608   -0.08815066299331  
  3.500000    0.09354290285004   -0.15042843993832   -0.12660579424020   -0.11963752218545   -0.08702647807740  
  3.510000    0.09259651852577   -0.15070568821771   -0.12566096778580   -0.12022189007730   -0.08592127135679  
  3.520000    0.09165925246821   -0.15096445932400   -0.12472078515045   -0.12078379067551   -0.08483503922499  
  3.530000    0.09073105379841   -0.15120512363906   -0.12378542501194   -0.12132371189564   -0.08376771470965  
  3.540000    0.08981187067860   -0.15142804536917   -0.12285507651121   -0.12184216153382   -0.08271916785039  
  3.550000    0.08890165015937   -0.15163358117865   -0.12192993711503   -0.12233966391860   -0.08168920668839  
  3.560000    0.08800033803852   -0.15182207891870   -0.12101021040097   -0.12281675643899   -0.08067757885555  
  3.570000    0.08710787873302   -0.15199387646286   -0.12009610378754   -0.12327398598335   -0.07968397374469  
  3.580000    0.08622421516547   -0.15214930065878   -0.11918782623245   -0.12371190532409   -0.07870802523645  
  3.590000    0.08534928866614   -0.15228866640544   -0.11828558592238   -0.12413106948401   -0.07774931495304  
  3.600000    0.08448303889171   -0.15241227586317   -0.11738958797756   -0.12453203211972   -0.07680737600372  
  3.610000    0.08362540376153   -0.15252041780275   -0.11650003219421   -0.12491534195749   -0.07588169718183  
  3.620000    0.08277631941208   -0.15261336709835   -0.11561711084744   -0.12528153931617   -0.07497172756909  
  3.630000    0.08193572017015   -0.15269138436783   -0.11474100657646   -0.12563115275072   -0.07407688149866  
  3.640000    0.08110353854504   -0.15275471576214   -0.11387189037311   -0.12596469584860   -0.07319654382499  
  3.650000    0.08027970523996   -0.15280359290436   -0.11300991969349   -0.12628266420953   -0.07233007544592  
  3.660000    0.07946414918251   -0.15283823297747   -0.11215523671124   -0.12658553263734   -0.07147681901973  
  3.670000    0.07865679757399   -0.15285883895812   -0.11130796672945   -0.12687375257005   -0.07063610481844  
  3.680000    0.07785757595718   -0.15286559999284   -0.11046821676670   -0.12714774977216   -0.06980725665737  
  3.690000    0.07706640830194   -0.15285869191120   -0.10963607433054   -0.12740792231026   -0.06898959784063  
  3.700000    0.07628321710777   -0.15283827786949   -0.10881160639021   -0.12765463882999   -0.06818245706209  
  3.710000    0.07550792352250   -0.15280450911701   -0.10799485855815   -0.12788823714956   -0.06738517420248  
  3.720000    0.07474044747595   -0.15275752587611   -0.10718585448763   -0.12810902318161   -0.06659710596427  
  3.730000    0.07398070782721   -0.15269745832587   -0.10638459549182   -0.12831727019181   -0.06581763128814  
  3.740000    0.07322862252436   -0.15262442767847   -0.10559106038727   -0.12851321839947   -0.06504615649736  
  3.750000    0.07248410877489   -0.15253854733626   -0.10480520556250   -0.12869707492149   -0.06428212011932  
  3.760000    0.07174708322538   -0.15243992411723   -0.10402696527023   -0.12886901405809   -0.06352499733712  
  3.770000    0.07101746214864   -0.15232865953531   -0.10325625213940   -0.12902917791478   -0.06277430402817  
  3.780000    0.07029516163661   -0.15220485112220   -0.10249295790101   -0.12917767735223   -0.06202960035109  
  3.790000    0.06958009779712   -0.15206859377641   -0.10173695431980   -0.12931459325190   -0.06129049384718  
  3.800000    0.06887218695273   -0.15191998112555   -0.10098809432148   -0.12943997808256   -0.06055664202764  
  3.810000    0.06817134583966   -0.15175910688748   -0.10024621330368   -0.12955385774970   -0.05982775442353  
  3.820000    0.06747749180509   -0.15158606621613   -0.09951113061645   -0.12965623370715   -0.05910359408061  
  3.830000    0.06679054300080   -0.15140095701808   -0.09878265119721   -0.12974708530752   -0.05838397848744  
  3.840000    0.06611041857147   -0.15120388122629   -0.09806056734282   -0.12982637236592   -0.05766877993064  
  3.850000    0.06543703883572   -0.15099494601780   -0.09734466060061   -0.12989403790937   -0.05695792527740  
  3.860000    0.06477032545841   -0.15077426496297   -0.09663470375906   -0.12995001108243   -0.05625139519107  
  3.870000    0.06411020161230   -0.15054195909443   -0.09593046291747   -0.12999421017833   -0.05554922279138  
  3.880000    0.06345659212792   -0.15029815788486   -0.09523169961387   -0.13002654576343   -0.05485149177683  
  3.890000    0.06280942362987   -0.15004300012364   -0.09453817298941   -0.13004692386253   -0.05415833403178  
  3.900000    0.06216862465869   -0.14977663468337   -0.09384964196734   -0.13005524917143   -0.05346992674633  
  3.910000    0.06153412577682   -0.14949922116861   -0.09316586742482   -0.13005142826359   -0.05278648908172  
  3.920000    0.06090585965804   -0.14921093044009   -0.09248661433555   -0.13003537275764   -0.05210827841870  
  3.930000    0.06028376115925   -0.14891194500925   -0.09181165386205   -0.13000700241287   -0.05143558623014  
  3.940000    0.05966776737431   -0.14860245929895   -0.09114076537651   -0.12996624812124   -0.05076873362319  
  3.950000    0.05905781766921   -0.14828267976776   -0.09047373839046   -0.12991305476493   -0.05010806659908  
  3.960000    0.05845385369843   -0.14795282489659   -0.08981037437392   -0.12984738391047   -0.04945395108168  
  3.970000    0.05785581940247   -0.14761312503764   -0.08915048844643   -0.12976921631190   -0.04880676776773  
  3.980000    0.05726366098647   -0.14726382212726   -0.08849391092328   -0.12967855419783   -0.04816690685364  
  3.990000    0.05667732688036   -0.14690516926543   -0.08784048870194   -0.12957542331904   -0.04753476269419  
  4.000000    0.05609676768090   -0.14653743016612   -0.08719008647548   -0.12945987473627   -0.04691072844953  
  4.010000    0.05552193607636   -0.14616087848381   -0.08654258776127   -0.12933198633028   -0.04629519077624  
  4.020000    0.05495278675442   -0.14577579702305   -0.08589789573537   -0.12919186401910   -0.04568852461760  
  4.030000    0.05438927629456   -0.14538247683852   -0.08525593386495   -0.12903964267076   -0.04509108814718  
  4.040000    0.05383136304570   -0.14498121623489   -0.08461664633306   -0.12887548670236   -0.04450321791751  
  4.050000    0.05327900699064   -0.14457231967594   -0.08397999825234   -0.12869959036020   -0.04392522426376  
  4.060000    0.05273216959853   -0.14415609661393   -0.08334597566618   -0.12851217767826   -0.04335738700904  
  4.070000    0.05219081366678   -0.14373286025074   -0.08271458533814   -0.12831350211630   -0.04279995151488  
  4.080000    0.05165490315419   -0.14330292624280   -0.08208585433255   -0.12810384588145   -0.04225312511648  
  4.090000    0.05112440300678   -0.14286661136275   -0.08145982939125   -0.12788351894081   -0.04171707397822  
  4.100000    0.05059927897818   -0.14242423213075   -0.08083657611344   -0.12765285773552   -0.04119192040052  
  4.110000    0.05007949744628   -0.14197610342906   -0.08021617794768   -0.12741222360971   -0.04067774060392  
  4.120000    0.04956502522794   -0.14152253711338   -0.07959873500683   -0.12716200097071   -0.04017456301182  
  4.130000    0.04905582939373   -0.14106384063452   -0.07898436271846   -0.12690259519952   -0.03968236704733  
  4.140000    0.04855187708427   -0.14060031568390   -0.07837319032507   -0.12663443033302   -0.03920108245495  
  4.150000    0.04805313533022   -0.14013225687616   -0.07776535924954   -0.12635794654166   -0.03873058915172  
  4.160000    0.04755957087750   -0.13965995048162   -0.07716102134298   -0.12607359742845   -0.03827071760748  
  4.170000    0.04707115001955   -0.13918367322108   -0.07656033703294   -0.12578184717658   -0.03782124974803  
  4.180000    0.04658783843819   -0.13870369113458   -0.07596347339104   -0.12548316757493   -0.03738192036970  
  4.190000    0.04610960105468   -0.13822025853509   -0.07537060213984   -0.12517803495132   -0.03695241904872  
  4.200000    0.04563640189235   -0.13773361705741   -0.07478189761917   -0.12486692704461   -0.03653239252348  
  4.210000    0.04516820395219   -0.13724399481133   -0.07419753473271   -0.12455031984727   -0.03612144752310  
  4.220000    0.04470496910254   -0.13675160564726   -0.07361768689554   -0.12422868445005   -0.03571915401132  
  4.230000    0.04424665798394   -0.13625664854151   -0.07304252400344   -0.12390248392054   -0.03532504881023  
  4.240000    0.04379322993010   -0.13575930710686   -0.07247221044431   -0.12357217024677   -0.03493863956491  
  4.250000    0.04334464290556   -0.13525974923330   -0.07190690317177   -0.12323818137651   -0.03455940900652  
  4.260000    0.04290085346086   -0.13475812686222   -0.07134674986013   -0.12290093838168   -0.03418681946834  
  4.270000    0.04246181670537   -0.13425457589601   -0.07079188715915   -0.12256084277611   -0.03382031760719  
  4.280000    0.04202748629818   -0.13374921624402   -0.07024243906590   -0.12221827401317   -0.03345933928030  
  4.290000    0.04159781445703   -0.13324215200410   -0.06969851542983   -0.12187358718798   -0.03310331452663  
  4.300000    0.04117275198515   -0.13273347177784   -0.06916021060581   -0.12152711096691   -0.03275167260057  
  4.310000    0.04075224831568   -0.13222324911640   -0.06862760226822   -0.12117914576434   -0.03240384700570  
  4.320000    0.04033625157325   -0.13171154309221   -0.06810075039762   -0.12082996218475   -0.03205928047657  
  4.330000    0.03992470865207   -0.13119839899106   -0.06757969644989   -0.12047979974490   -0.03171742985695  
  4.340000    0.03951756530964   -0.13068384911749   -0.06706446271543   -0.12012886588834   -0.03137777082473  
  4.350000    0.03911476627521   -0.13016791370563   -0.06655505187467   -0.11977733530146   -0.03103980241494  
  4.360000    0.03871625537186   -0.12965060192638   -0.06605144675359   -0.11942534953728   -0.03070305129502  
  4.370000    0.03832197565095   -0.12913191298107   -0.06555361028133   -0.11907301694990   -0.03036707574908  
  4.380000    0.03793186953759   -0.12861183727076   -0.06506148564964   -0.11872041293963   -0.03003146933107  
  4.390000    0.03754587898569   -0.12809035762977   -0.06457499667212   -0.11836758050560   -0.02969586415043  
  4.400000    0.03716394564103   -0.12756745061119   -0.06409404833899   -0.11801453109943   -0.02935993375764  
  4.410000    0.03678601101070   -0.12704308781195   -0.06361852756138   -0.11766124577097   -0.02902339560156  
  4.420000    0.03641201663723   -0.12651723722432   -0.06314830409698   -0.11730767659354   -0.02868601303478  
  4.430000    0.03604190427568   -0.12598986460067   -0.06268323164739   -0.11695374835397   -0.02834759684810  
  4.440000    0.03567561607199   -0.12546093481825   -0.06222314911548   -0.11659936048983   -0.02800800632028  
  4.450000    0.03531309474069   -0.12493041323054   -0.06176788200986   -0.11624438925359   -0.02766714977398  
  4.460000    0.03495428374029   -0.12439826699209   -0.06131724398164   -0.11588869008180   -0.02732498463450  
  4.470000    0.03459912744468   -0.12386446634397   -0.06087103847793   -0.11553210014470   -0.02698151699242  
  4.480000    0.03424757130868   -0.12332898584728   -0.06042906049485   -0.11517444105047   -0.02663680067700  
  4.490000    0.03389956202624   -0.12279180555286   -0.05999109841226   -0.11481552167653   -0.02629093585180  
  4.500000    0.03355504767969   -0.12225291209572   -0.05955693589150   -0.11445514109921   -0.02594406714917  
  4.510000    0.03321397787856   -0.12171229970385   -0.05912635381669   -0.11409309159211   -0.02559638136470  
  4.520000    0.03287630388658   -0.12116997111138   -0.05869913226006   -0.11372916166305   -0.02524810473757  
  4.530000    0.03254197873568   -0.12062593836769   -0.05827505245144   -0.11336313909894   -0.02489949984646  
  4.540000    0.03221095732578   -0.12008022353436   -0.05785389873184   -0.11299481398803   -0.02455086215501  
  4.550000    0.03188319650946   -0.11953285926358   -0.05743546047170   -0.11262398168945   -0.02420251624389  
  4.560000    0.03155865516067   -0.11898388925249   -0.05701953393436   -0.11225044572020   -0.02385481177006  
  4.570000    0.03123729422673   -0.11843336856910   -0.05660592406632   -0.11187402053100   -0.02350811919606  
  4.580000    0.03091907676325   -0.11788136384705   -0.05619444619610   -0.11149453414349   -0.02316282533465  
  4.590000    0.03060396795148   -0.11732795334722   -0.05578492762511   -0.11111183062256   -0.02281932875582  
  4.600000    0.03029193509804   -0.11677322688610   -0.05537720909462   -0.11072577235969   -0.02247803510429  
  4.610000    0.02998294761694   -0.11621728563168   -0.05497114611426   -0.11033624214469   -0.02213935237646  
  4.620000    0.02967697699416   -0.11566024176915   -0.05456661013917   -0.10994314500591   -0.02180368620600  
  4.630000    0.02937399673505   -0.11510221803989   -0.05416348958418   -0.10954640980086   -0.02147143520698  
  4.640000    0.02907398229518   -0.11454334715858   -0.05376169066524   -0.10914599054221   -0.02114298642249  
  4.650000    0.02877691099513   -0.11398377111432   -0.05336113806000   -0.10874186744652   -0.02081871092574  
  4.660000    0.02848276192027   -0.11342364036286   -0.05296177538136   -0.10833404769602   -0.02049895961845  
  4.670000    0.02819151580643   -0.11286311291804   -0.05256356545968   -0.10792256590667   -0.02018405926943  
  4.680000    0.02790315491246   -0.11230235335182   -0.05216649043121   -0.10750748429869   -0.01987430883349  
  4.690000    0.02761766288113   -0.11174153171254   -0.05177055163238   -0.10708889256869   -0.01956997608756  
  4.700000    0.02733502458960   -0.11118082237267   -0.05137576930143   -0.10666690746576   -0.01927129461783  
  4.710000    0.02705522599095   -0.11062040281732   -0.05098218209096   -0.10624167207658   -0.01897846118757  
  4.720000    0.02677825394832   -0.11006045238567   -0.05058984639662   -0.10581335482779   -0.01869163351138  
  4.730000    0.02650409606329   -0.10950115097801   -0.05019883550933   -0.10538214821650   -0.01841092845728  
  4.740000    0.02623274050020   -0.10894267774115   -0.04980923859989   -0.10494826728269   -0.01813642069362  
  4.750000    0.02596417580796   -0.10838520974550   -0.04942115954663   -0.10451194783977   -0.01786814179268  
  4.760000    0.02569839074143   -0.10782892066683   -0.04903471561848   -0.10407344448188   -0.01760607979871  
  4.770000    0.02543537408364   -0.10727397948608   -0.04865003602686   -0.10363302838905   -0.01735017926258  
  4.780000    0.02517511447107   -0.10672054922014   -0.04826726036149   -0.10319098495279   -0.01710034174084  
  4.790000    0.02491760022326   -0.10616878569618   -0.04788653692620   -0.10274761124711   -0.01685642675195  
  4.800000    0.02466281917872   -0.10561883638205   -0.04750802099167   -0.10230321337090   -0.01661825317777  
  4.810000    0.02441075853854   -0.10507083928428   -0.04713187298310   -0.10185810368926   -0.01638560109370  
  4.820000    0.02416140471931   -0.10452492192480   -0.04675825662117   -0.10141259800207   -0.01615821400664  
  4.830000    0.02391474321671   -0.10398120040674   -0.04638733703529   -0.10096701266891   -0.01593580147556  
  4.840000    0.02367075848116   -0.10343977857875   -0.04601927886813   -0.10052166171991   -0.01571804208579  
  4.850000    0.02342943380666   -0.10290074730620   -0.04565424439087   -0.10007685398186   -0.01550458674428  
  4.860000    0.02319075123391   -0.10236418385689   -0.04529239164797   -0.09963289024915   -0.01529506226025  
  4.870000    0.02295469146863   -0.10183015140743   -0.04493387265028   -0.09919006052829   -0.01508907517231  
  4.880000    0.02272123381591   -0.10129869867556   -0.04457883163474   -0.09874864138408   -0.01488621578116  
  4.890000    0.02249035613109   -0.10076985968223   -0.04422740340798   -0.09830889341434   -0.01468606234471  
  4.900000    0.02226203478776   -0.10024365364627   -0.04387971179055   -0.09787105887904   -0.01448818539098  
  4.910000    0.02203624466307   -0.09972008501271   -0.04353586817733   -0.09743535950758   -0.01429215210312  
  4.920000    0.02181295914051   -0.09919914361521   -0.04319597022827   -0.09700199450669   -0.01409753073023  
  4.930000    0.02159215013007   -0.09868080497105   -0.04286010070279   -0.09657113878888   -0.01390389497765  
  4.940000    0.02137378810564   -0.09816503070621   -0.04252832644898   -0.09614294143948   -0.01371082833060  
  4.950000    0.02115784215910   -0.09765176910687   -0.04220069755791   -0.09571752443752   -0.01351792826613  
  4.960000    0.02094428007071   -0.09714095579210   -0.04187724669095   -0.09529498164354   -0.01332481030946  
  4.970000    0.02073306839497   -0.09663251450166   -0.04155798858688   -0.09487537806425   -0.01313111189265  
  4.980000    0.02052417256106   -0.09612635799143   -0.04124291975331   -0.09445874940148   -0.01293649597582  
  4.990000    0.02031755698701   -0.09562238902818   -0.04093201834514   -0.09404510188987   -0.01274065439360  
  5.000000    0.02011318520617   -0.09512050147423   -0.04062524423109   -0.09363441242475   -0.01254331089253  
  5.010000    0.01991102000502   -0.09462058145178   -0.04032253924727   -0.09322662897887   -0.01234422382869  
  5.020000    0.01971102357065   -0.09412250857580   -0.04002382763474   -0.09282167130367   -0.01214318849809  
  5.030000    0.01951315764668   -0.09362615724380   -0.03972901665651   -0.09241943190777   -0.01194003907658  
  5.040000    0.01931738369581   -0.09313139797028   -0.03943799738734   -0.09201977730291   -0.01173465015019  
  5.050000    0.01912366306765   -0.09263809875292   -0.03915064566797   -0.09162254950446   -0.01152693782086  
  5.060000    0.01893195716984   -0.09214612645771   -0.03886682321395   -0.09122756777145   -0.01131686037752  
  5.070000    0.01874222764105   -0.09165534820955   -0.03858637886757   -0.09083463056838   -0.01110441852640  
  5.080000    0.01855443652385   -0.09116563277524   -0.03830914997989   -0.09044351772905   -0.01088965517966  
  5.090000    0.01836854643599   -0.09067685192538   -0.03803496390872   -0.09005399280055   -0.01067265480577  
  5.100000    0.01818452073807   -0.09018888176233   -0.03776363961717   -0.08966580554372   -0.01045354234955  
  5.110000    0.01800232369624   -0.08970160400136   -0.03749498935646   -0.08927869456498   -0.01023248173458  
  5.120000    0.01782192063800   -0.08921490719283   -0.03722882041568   -0.08889239005288   -0.01000967396458  
  5.130000    0.01764327809979   -0.08872868787349   -0.03696493692077   -0.08850661659210   -0.00978535484497  
  5.140000    0.01746636396463   -0.08824285163608   -0.03670314166444   -0.08812109602637   -0.00955979234927  
  5.150000    0.01729114758864   -0.08775731410674   -0.03644323794826   -0.08773555034173   -0.00933328365903  
  5.160000    0.01711759991506   -0.08727200182101   -0.03618503141841   -0.08734970454127   -0.00910615190900  
  5.170000    0.01694569357453   -0.08678685298996   -0.03592833187637   -0.08696328948235   -0.00887874267245  
  5.180000    0.01677540297082   -0.08630181814903   -0.03567295504629   -0.08657604464818   -0.00865142022400  
  5.190000    0.01660670435090   -0.08581686068354   -0.03541872428106   -0.08618772082587   -0.00842456361969  
  5.200000    0.01643957585872   -0.08533195722562   -0.03516547219005   -0.08579808266435   -0.00819856263569  
  5.210000    0.01627399757216   -0.08484709791896   -0.03491304217186   -0.08540691108657   -0.00797381360842  
  5.220000    0.01610995152268   -0.08436228654877   -0.03466128983688   -0.08501400553208   -0.00775071521991  
  5.230000    0.01594742169749   -0.08387754053578   -0.03441008430518   -0.08461918600773   -0.00752966427235  
  5.240000    0.01578639402410   -0.08339289079439   -0.03415930936685   -0.08422229492605   -0.00731105149624  
  5.250000    0.01562685633743   -0.08290838145638   -0.03390886449304   -0.08382319871335   -0.00709525743550  
  5.260000    0.01546879832976   -0.08242406946296   -0.03365866568774   -0.08342178917159   -0.00688264845262  
  5.270000    0.01531221148385   -0.08194002402909   -0.03340864617168   -0.08301798458072   -0.00667357289484  
  5.280000    0.01515708899008   -0.08145632598541   -0.03315875689176   -0.08261173053086   -0.00646835746132  
  5.290000    0.01500342564806   -0.08097306700416   -0.03290896685081   -0.08220300047624   -0.00626730380831  
  5.300000    0.01485121775399   -0.08049034871664   -0.03265926325471   -0.08179179600587   -0.00607068542731  
  5.310000    0.01470046297453   -0.08000828173095   -0.03240965147539   -0.08137814682851   -0.00587874482797  
  5.320000    0.01455116020858   -0.07952698455947   -0.03216015483029   -0.08096211047259   -0.00569169105431  
  5.330000    0.01440330943819   -0.07904658246661   -0.03191081418079   -0.08054377170447   -0.00550969755915  
  5.340000    0.01425691157007   -0.07856720624820   -0.03166168735357   -0.08012324167138   -0.00533290045807  
  5.350000    0.01411196826923   -0.07808899095423   -0.03141284839126   -0.07970065677795   -0.00516139718002  
  5.360000    0.01396848178631   -0.07761207456766   -0.03116438663974   -0.07927617730821   -0.00499524552745  
  5.370000    0.01382645478029   -0.07713659665209   -0.03091640568175   -0.07884998580706   -0.00483446315477  
  5.380000    0.01368589013838   -0.07666269698160   -0.03066902212761   -0.07842228523820   -0.00467902746927  
  5.390000    0.01354679079464   -0.07619051416612   -0.03042236427537   -0.07799329693709   -0.00452887595446  
  5.400000    0.01340915954929   -0.07572018428587   -0.03017657065410   -0.07756325838011   -0.00438390691116  
  5.410000    0.01327299889035   -0.07525183954828   -0.02993178846523   -0.07713242079258   -0.00424398060741  
  5.420000    0.01313831081944   -0.07478560698052   -0.02968817193763   -0.07670104662003   -0.00410892082415  
  5.430000    0.01300509668327   -0.07432160717052   -0.02944588061325   -0.07626940688847   -0.00397851677925  
  5.440000    0.01287335701273   -0.07385995306903   -0.02920507758077   -0.07583777848047   -0.00385252540874  
  5.450000    0.01274309137086   -0.07340074886425   -0.02896592767508   -0.07540644135463   -0.00373067398047  
  5.460000    0.01261429821150   -0.07294408894043   -0.02872859566085   -0.07497567573678   -0.00361266301181  
  5.470000    0.01248697474967   -0.07249005693067   -0.02849324441868   -0.07454575931116   -0.00349816946007  
  5.480000    0.01236111684533   -0.07203872487328   -0.02826003315213   -0.07411696444020   -0.00338685015148  
  5.490000    0.01223671890132   -0.07159015248017   -0.02802911563376   -0.07368955544081   -0.00327834541222  
  5.500000    0.01211377377678   -0.07114438652464   -0.02780063850798   -0.07326378594494   -0.00317228286280  
  5.510000    0.01199227271670   -0.07070146035472   -0.02757473966784   -0.07283989637081   -0.00306828133579  
  5.520000    0.01187220529846   -0.07026139353705   -0.02735154672210   -0.07241811153048   -0.00296595487534  
  5.530000    0.01175355939586   -0.06982419163495   -0.02713117556815   -0.07199863839785   -0.00286491677654  
  5.540000    0.01163632116093   -0.06938984612320   -0.02691372908517   -0.07158166405952   -0.00276478362196  
  5.550000    0.01152047502386   -0.06895833444049   -0.02669929596065   -0.07116735386917   -0.00266517927334  
  5.560000    0.01140600371101   -0.06852962017940   -0.02648794966216   -0.07075584982401   -0.00256573877648  
  5.570000    0.01129288828086   -0.06810365341220   -0.02627974756468   -0.07034726917964   -0.00246611213861  
  5.580000    0.01118110817752   -0.06768037114957   -0.02607473024236   -0.06994170331703   -0.00236596793919  
  5.590000    0.01107064130144   -0.06725969792815   -0.02587292093170   -0.06953921687326   -0.00226499673628  
  5.600000    0.01096146409652   -0.06684154652119   -0.02567432517161   -0.06913984714437   -0.00216291423370  
  5.610000    0.01085355165287   -0.06642581876586   -0.02547893062398   -0.06874360376645   -0.00205946417592  
  5.620000    0.01074687782421   -0.06601240649918   -0.02528670707643   -0.06835046867796   -0.00195442094127  
  5.630000    0.01064141535883   -0.06560119259384   -0.02509760662725   -0.06796039636360   -0.00184759180681  
  5.640000    0.01053713604275   -0.06519205208382   -0.02491156405061   -0.06757331437710   -0.00173881886191  
  5.650000    0.01043401085388   -0.06478485336920   -0.02472849733821   -0.06718912413760   -0.00162798055125  
  5.660000    0.01033201012546   -0.06437945948844   -0.02454830841205   -0.06680770199145   -0.00151499283193  
  5.670000    0.01023110371745   -0.06397572944597   -0.02437088400089   -0.06642890052849   -0.00139980993338  
  5.680000    0.01013126119396   -0.06357351958216   -0.02419609667163   -0.06605255013962   -0.00128242471297  
  5.690000    0.01003245200517   -0.06317268497254   -0.02402380600504   -0.06567846079967   -0.00116286860451  
  5.700000    0.00993464567195   -0.06277308084259   -0.02385385990408   -0.06530642405754   -0.00104121116097  
  5.710000    0.00983781197122   -0.06237456398433   -0.02368609602143   -0.06493621521337   -0.00091755919726  
  5.720000    0.00974192112051   -0.06197699416102   -0.02352034329179   -0.06456759566078   -0.00079205554267  
  5.730000    0.00964694395960   -0.06158023548617   -0.02335642355353   -0.06420031537034   -0.00066487741708  
  5.740000    0.00955285212769   -0.06118415776338   -0.02319415324317   -0.06383411548919   -0.00053623444865  
  5.750000    0.00945961823428   -0.06078863777381   -0.02303334514557   -0.06346873103037   -0.00040636635451  
  5.760000    0.00936721602202   -0.06039356049871   -0.02287381018216   -0.06310389362484   -0.00027554030952  
  5.770000    0.00927562051996   -0.05999882026489   -0.02271535921902   -0.06273933430813   -0.00014404803126  
  5.780000    0.00918480818569   -0.05960432180174   -0.02255780487665   -0.06237478631352   -0.00001220261245  
  5.790000    0.00909475703492   -0.05920998119928   -0.02240096332289   -0.06200998784344    0.00011966486549  
  5.800000    0.00900544675718   -0.05881572675783   -0.02224465603111   -0.06164468479102    0.00025120890188  
  5.810000    0.00891685881653   -0.05842149972039   -0.02208871148562   -0.06127863338438    0.00038207329131  
  5.820000    0.00882897653617   -0.05802725488069   -0.02193296681713   -0.06091160272657    0.00051189494405  
  5.830000    0.00874178516618   -0.05763296106034   -0.02177726935172   -0.06054337720583    0.00064030777215  
  5.840000    0.00865527193355   -0.05723860145022   -0.02162147805752   -0.06017375875143    0.00076694660027  
  5.850000    0.00856942607406   -0.05684417381245   -0.02146546487447   -0.05980256891236    0.00089145106017  
  5.860000    0.00848423884560   -0.05644969054042   -0.02130911591372   -0.05942965073777    0.00101346942811  
  5.870000    0.00839970352271   -0.05605517857607   -0.02115233251430   -0.05905487044009    0.00113266236502  
  5.880000    0.00831581537246   -0.05566067918468   -0.02099503214651   -0.05867811882389    0.00124870652024  
  5.890000    0.00823257161163   -0.05526624758906   -0.02083714915270   -0.05829931246590    0.00136129796152  
  5.900000    0.00814997134579   -0.05487195246612   -0.02067863531784   -0.05791839463423    0.00147015539542  
  5.910000    0.00806801549058   -0.05447787531048   -0.02051946026413   -0.05753533593738    0.00157502314482  
  5.920000    0.00798670667609   -0.05408410967079   -0.02035961166547   -0.05715013469625    0.00167567385264  
  5.930000    0.00790604913511   -0.05369076026577   -0.02019909527954   -0.05676281703532    0.00177191088397  
  5.940000    0.00782604857630   -0.05329794198829   -0.02003793479708   -0.05637343669198    0.00186357040200  
  5.950000    0.00774671204343   -0.05290577880674   -0.01987617150973   -0.05598207454562    0.00195052309624  
  5.960000    0.00766804776216   -0.05251440257401   -0.01971386379977   -0.05558883787129    0.00203267554592  
  5.970000    0.00759006497554   -0.05212395175541   -0.01955108645666   -0.05519385932515    0.00210997120450  
  5.980000    0.00751277377005   -0.05173457008758   -0.01938792982731   -0.05479729567183    0.00218239099580  
  5.990000    0.00743618489370   -0.05134640518119   -0.01922449880847   -0.05439932626646    0.00224995351609  
  6.000000    0.00736030956792   -0.05095960708078   -0.01906091169136   -0.05400015130650    0.00231271484070  
  6.010000    0.00728515929512   -0.05057432679563   -0.01889729887005   -0.05359998987083    0.00237076793764  
  6.020000    0.00721074566369   -0.05019071481569   -0.01873380142663   -0.05319907776593    0.00242424169532  
  6.030000    0.00713708015239   -0.04980891962713   -0.01857056960732   -0.05279766520053    0.00247329957490  
  6.040000    0.00706417393596   -0.04942908624160   -0.01840776120484   -0.05239601431232    0.00251813790213  
  6.050000    0.00699203769389   -0.04905135475377   -0.01824553986332   -0.05199439657153    0.00255898381718  
  6.060000    0.00692068142416   -0.04867585894115   -0.01808407332288   -0.05159309008742    0.00259609290437  
  6.070000    0.00685011426386   -0.04830272491979   -0.01792353162150   -0.05119237684497    0.00262974652742  
  6.080000    0.00678034431834   -0.04793206986931   -0.01776408527232   -0.05079253989959    0.00266024889826  
  6.090000    0.00671137850063   -0.04756400083961   -0.01760590343492   -0.05039386055808    0.00268792391094  
  6.100000    0.00664322238274   -0.04719861365132   -0.01744915209886   -0.04999661557447    0.00271311177390  
  6.110000    0.00657588006030   -0.04683599190091   -0.01729399229805   -0.04960107438902    0.00273616547652  
  6.120000    0.00650935403187   -0.04647620608043   -0.01714057837391   -0.04920749643827    0.00275744712704  
  6.130000    0.00644364509418   -0.04611931282089   -0.01698905630506   -0.04881612856363    0.00277732420067  
  6.140000    0.00637875225434   -0.04576535426707   -0.01683956212040   -0.04842720254451    0.00279616573727  
  6.150000    0.00631467266000   -0.04541435759032   -0.01669222041188   -0.04804093278138    0.00281433852871  
  6.160000    0.00625140154807   -0.04506633464449   -0.01654714296190   -0.04765751415214    0.00283220333587  
  6.170000    0.00618893221269   -0.04472128176905   -0.01640442749962   -0.04727712006379    0.00285011117512  
  6.180000    0.00612725599275   -0.04437917974174   -0.01626415659882   -0.04689990071935    0.00286839971295  
  6.190000    0.00606636227921   -0.04403999388186   -0.01612639672857   -0.04652598161774    0.00288738980675  
  6.200000    0.00600623854215   -0.04370367430379   -0.01599119746668   -0.04615546230232    0.00290738222778  
  6.210000    0.00594687037748   -0.04337015631890   -0.01585859088407   -0.04578841537078    0.00292865460047  
  6.220000    0.00588824157275   -0.04303936098254   -0.01572859110642   -0.04542488575707    0.00295145859012  
  6.230000    0.00583033419167   -0.04271119578144   -0.01560119405805   -0.04506489029291    0.00297601736809  
  6.240000    0.00577312867652   -0.04238555545552   -0.01547637739069   -0.04470841755367    0.00300252338095  
  6.250000    0.00571660396748   -0.04206232294657   -0.01535410059824   -0.04435542799080    0.00303113644655  
  6.260000    0.00566073763790   -0.04174137046533   -0.01523430531672   -0.04400585434988    0.00306198219682  
  6.270000    0.00560550604413   -0.04142256066709   -0.01511691580661   -0.04365960237047    0.00309515088312  
  6.280000    0.00555088448864   -0.04110574792493   -0.01500183961308   -0.04331655176139    0.00313069655652  
  6.290000    0.00549684739481   -0.04079077968870   -0.01488896839778   -0.04297655744179    0.00316863663107  
  6.300000    0.00544336849182   -0.04047749791706   -0.01477817893396   -0.04263945103630    0.00320895183434  
  6.310000    0.00539042100776   -0.04016574056903   -0.01466933425545   -0.04230504260937    0.00325158654544  
  6.320000    0.00533797786935   -0.03985534314088   -0.01456228494782   -0.04197312262193    0.00329644951646  
  6.330000    0.00528601190608   -0.03954614023378   -0.01445687056932   -0.04164346409097    0.00334341496955  
  6.340000    0.00523449605701   -0.03923796713724   -0.01435292118722   -0.04131582493074    0.00339232405760  
  6.350000    0.00518340357822   -0.03893066141304   -0.01425025901448   -0.04098995045229    0.00344298667303  
  6.360000    0.00513270824875   -0.03862406446440   -0.01414870013033   -0.04066557599645    0.00349518358523  
  6.370000    0.00508238457323   -0.03831802307526   -0.01404805626751   -0.04034242967403    0.00354866888388  
  6.380000    0.00503240797905   -0.03801239090451   -0.01394813664844   -0.04002023518588    0.00360317270239  
  6.390000    0.00498275500627   -0.03770702992069   -0.01384874985176   -0.03969871469449    0.00365840419237  
  6.400000    0.00493340348819   -0.03740181176288   -0.01374970569049   -0.03937759171836    0.00371405471779  
  6.410000    0.00488433272111   -0.03709661901447   -0.01365081708294   -0.03905659401999    0.00376980123501  
  6.420000    0.00483552362119   -0.03679134637681   -0.01355190189739   -0.03873545645849    0.00382530982290  
  6.430000    0.00478695886714   -0.03648590173123   -0.01345278475192   -0.03841392377785    0.00388023932602  
  6.440000    0.00473862302711   -0.03618020707835   -0.01335329875114   -0.03809175330273    0.00393424507210  
  6.450000    0.00469050266852   -0.03587419934509   -0.01325328714206   -0.03776871751440    0.00398698262492  
  6.460000    0.00464258644966   -0.03556783105090   -0.01315260487230   -0.03744460648054    0.00403811153285  
  6.470000    0.00459486519212   -0.03526107082597   -0.01305112003453   -0.03711923011414    0.00408729903367  
  6.480000    0.00454733193311   -0.03495390377569   -0.01294871518247   -0.03679242023825    0.00413422367658  
  6.490000    0.00449998195726   -0.03464633168692   -0.01284528850461   -0.03646403243540    0.00417857882327  
  6.500000    0.00445281280726   -0.03433837307325   -0.01274075484364   -0.03613394766235    0.00422007599127  
  6.510000    0.00440582427319   -0.03403006305780   -0.01263504655069   -0.03580207361343    0.00425844800421  
  6.520000    0.00435901836064   -0.03372145309389   -0.01252811416545   -0.03546834581794    0.00429345191600  
  6.530000    0.00431239923756   -0.03341261052514   -0.01241992691470   -0.03513272845994    0.00432487167803  
  6.540000    0.00426597316042   -0.03310361798840   -0.01231047302377   -0.03479521491123    0.00435252052129  
  6.550000    0.00421974838015   -0.03279457266422   -0.01219975983719   -0.03445582797148    0.00437624302836  
  6.560000    0.00417373502870   -0.03248558538117   -0.01208781374663   -0.03411461981201    0.00439591687338  
  6.570000    0.00412794498717   -0.03217677958161   -0.01197467992651   -0.03377167162313    0.00441145421168  
  6.580000    0.00408239173659   -0.03186829015811   -0.01186042187897   -0.03342709296738    0.00442280270421  
  6.590000    0.00403709019280   -0.03156026217066   -0.01174512079246   -0.03308102084449    0.00442994616615  
  6.600000    0.00399205652677   -0.03125284945638   -0.01162887471959   -0.03273361847620    0.00443290483254  
  6.610000    0.00394730797211   -0.03094621314419   -0.01151179758204   -0.03238507382260    0.00443173523817  
  6.620000    0.00390286262144   -0.03064052008811   -0.01139401801173   -0.03203559784354    0.00442652971273  
  6.630000    0.00385873921347   -0.03033594123356   -0.01127567803957   -0.03168542252201    0.00441741549646  
  6.640000    0.00381495691292   -0.03003264993194   -0.01115693164426   -0.03133479866830    0.00440455348544  
  6.650000    0.00377153508511   -0.02973082021910   -0.01103794317518   -0.03098399352621    0.00438813661947  
  6.660000    0.00372849306751   -0.02943062507389   -0.01091888566494   -0.03063328820456    0.00436838792940  
  6.670000    0.00368584994033   -0.02913223467343   -0.01079993904781   -0.03028297495908    0.00434555826418  
  6.680000    0.00364362429830   -0.02883581466143   -0.01068128830183   -0.02993335435140    0.00431992372144  
  6.690000    0.00360183402592   -0.02854152444637   -0.01056312153276   -0.02958473231290    0.00429178280833  
  6.700000    0.00356049607825   -0.02824951554580   -0.01044562801890   -0.02923741714268    0.00426145336240  
  6.710000    0.00351962626937   -0.02795992999298   -0.01032899623625   -0.02889171646915    0.00422926926460  
  6.720000    0.00347923907059   -0.02767289882127   -0.01021341188357   -0.02854793420565    0.00419557697899  
  6.730000    0.00343934742049   -0.02738854064138   -0.01009905592738   -0.02820636753030    0.00416073195521  
  6.740000    0.00339996254840   -0.02710696032557   -0.00998610268621   -0.02786730392045    0.00412509493160  
  6.750000    0.00336109381347   -0.02682824781221   -0.00987471797368   -0.02753101827151    0.00408902817762  
  6.760000    0.00332274856060   -0.02655247704268   -0.00976505731915   -0.02719777012918    0.00405289171510  
  6.770000    0.00328493199500   -0.02627970504199   -0.00965726428399   -0.02686780106320    0.00401703955803  
  6.780000    0.00324764707646   -0.02600997115268   -0.00955146889081   -0.02654133220938    0.00398181601041  
  6.790000    0.00321089443473   -0.02574329643049   -0.00944778618174   -0.02621856200506    0.00394755206125  
  6.800000    0.00317467230672   -0.02547968320890   -0.00934631492082   -0.02589966414142    0.00391456191452  
  6.810000    0.00313897649641   -0.02521911483775   -0.00924713645398   -0.02558478575403    0.00388313969109  
  6.820000    0.00310380035801   -0.02496155560003   -0.00915031373885   -0.02527404587052    0.00385355633707  
  6.830000    0.00306913480270   -0.02470695080886   -0.00905589055468   -0.02496753413216    0.00382605677182  
  6.840000    0.00303496832895   -0.02445522708537   -0.00896389090125   -0.02466530980314    0.00380085730559  
  6.850000    0.00300128707655   -0.02420629281621   -0.00887431859359   -0.02436740107891    0.00377814335452  
  6.860000    0.00296807490377   -0.02396003878806   -0.00878715705743   -0.02407380470160    0.00375806747751  
  6.870000    0.00293531348728   -0.02371633899442   -0.00870236932850   -0.02378448588805    0.00374074775598  
  6.880000    0.00290298244399   -0.02347505160888   -0.00861989825667   -0.02349937857255    0.00372626653429  
  6.890000    0.00287105947387   -0.02323602011689   -0.00853966691387   -0.02321838596346    0.00371466953465  
  6.900000    0.00283952052254   -0.02299907459700   -0.00846157920280   -0.02294138140971    0.00370596535645  
  6.910000    0.00280833996232   -0.02276403314088   -0.00838552066156   -0.02266820957028    0.00370012536616  
  6.920000    0.00277749079017   -0.02253070340001   -0.00831135945696   -0.02239868787660    0.00369708397970  
  6.930000    0.00274694484076   -0.02229888424585   -0.00823894755796   -0.02213260827488    0.00369673933508  
  6.940000    0.00271667301290   -0.02206836752905   -0.00816812207841   -0.02186973923277    0.00369895434925  
  6.950000    0.00268664550722   -0.02183893992214   -0.00809870677672   -0.02160982799189    0.00370355814886  
  6.960000    0.00265683207308   -0.02161038482963   -0.00803051369858   -0.02135260304533    0.00371034786090  
  6.970000    0.00262720226246   -0.02138248434818   -0.00796334494721   -0.02109777681710    0.00371909074529  
  6.980000    0.00259772568839   -0.02115502125930   -0.00789699456443   -0.02084504851811    0.00372952664791  
  6.990000    0.00256837228586   -0.02092778103662   -0.00783125050450   -0.02059410715179    0.00374137074943  
  7.000000    0.00253911257246   -0.02070055384915   -0.00776589668205   -0.02034463464053    0.00375431658174  
  7.010000    0.00250991790663   -0.02047313654228   -0.00770071507403   -0.02009630904309    0.00376803928135  
  7.020000    0.00248076074092   -0.02024533457803   -0.00763548785559   -0.01984880783197    0.00378219904635  
  7.030000    0.00245161486790   -0.02001696391644   -0.00756999954891   -0.01960181119894    0.00379644476159  
  7.040000    0.00242245565658   -0.01978785282035   -0.00750403916408   -0.01935500535675    0.00381041775443  
  7.050000    0.00239326027672   -0.01955784356640   -0.00743740231081   -0.01910808580465    0.00382375564272  
  7.060000    0.00236400790922   -0.01932679404578   -0.00736989326028   -0.01886076052563    0.00383609623485  
  7.070000    0.00233467994030   -0.01909457923913   -0.00730132693638   -0.01861275308402    0.00384708144161  
  7.080000    0.00230526013764   -0.01886109255106   -0.00723153081672   -0.01836380559251    0.00385636115911  
  7.090000    0.00227573480669   -0.01862624699093   -0.00716034672390   -0.01811368151916    0.00386359708237  
  7.100000    0.00224609292549   -0.01838997618764   -0.00708763248924   -0.01786216830599    0.00386846640968  
  7.110000    0.00221632625671   -0.01815223522797   -0.00701326347152   -0.01760907977280    0.00387066539884  
  7.120000    0.00218642943547   -0.01791300130905   -0.00693713391538   -0.01735425828158    0.00386991273798  
  7.130000    0.00215640003211   -0.01767227419748   -0.00685915813477   -0.01709757663899    0.00386595269533  
  7.140000    0.00212623858906   -0.01743007648924   -0.00677927150909   -0.01683893971710    0.00385855801443  
  7.150000    0.00209594863115   -0.01718645366618   -0.00669743128089   -0.01657828577482    0.00384753252405  
  7.160000    0.00206553664916   -0.01694147394665   -0.00661361714621   -0.01631558746563    0.00383271343458  
  7.170000    0.00203501205633   -0.01669522792995   -0.00652783163036   -0.01605085251967    0.00381397329621  
  7.180000    0.00200438711826   -0.01644782803560   -0.00644010024414   -0.01578412409185    0.00379122159716  
  7.190000    0.00197367685621   -0.01619940774090   -0.00635047141744   -0.01551548077035    0.00376440598427  
  7.200000    0.00194289892478   -0.01595012062142   -0.00625901620933   -0.01524503624330    0.00373351309178  
  7.210000    0.00191207346462   -0.01570013920141   -0.00616582779598   -0.01497293862475    0.00369856896829  
  7.220000    0.00188122293126   -0.01544965362252   -0.00607102073967   -0.01469936944398    0.00365963909579  
  7.230000    0.00185037190153   -0.01519887014096   -0.00597473004452   -0.01442454230584    0.00361682799906  
  7.240000    0.00181954685890   -0.01494800946494   -0.00587711000647   -0.01414870123259    0.00357027844754  
  7.250000    0.00178877595955   -0.01469730494555   -0.00577833286702   -0.01387211870107    0.00352017025641  
  7.260000    0.00175808878116   -0.01444700063584   -0.00567858728231   -0.01359509339178    0.00346671869729  
  7.270000    0.00172751605622   -0.01419734923384   -0.00557807662082   -0.01331794766932    0.00341017253322  
  7.280000    0.00169708939245   -0.01394860992673   -0.00547701710473   -0.01304102481636    0.00335081169642  
  7.290000    0.00166684098235   -0.01370104615405   -0.00537563581146   -0.01276468604563    0.00328894463095  
  7.300000    0.00163680330452   -0.01345492330891   -0.00527416855352   -0.01248930731657    0.00322490532597  
  7.310000    0.00160700881929   -0.01321050639668   -0.00517285765574   -0.01221527598545    0.00315905006836  
  7.320000    0.00157748966124   -0.01296805767116   -0.00507194965040   -0.01194298731925    0.00309175394658  
  7.330000    0.00154827733131   -0.01272783426876   -0.00497169291124   -0.01167284090513    0.00302340714020  
  7.340000    0.00151940239113   -0.01249008586093   -0.00487233524849   -0.01140523698830    0.00295441103171  
  7.350000    0.00149089416231   -0.01225505234556   -0.00477412148713   -0.01114057277214    0.00288517417926  
  7.360000    0.00146278043340   -0.01202296159745   -0.00467729105097   -0.01087923871458    0.00281610819056  
  7.370000    0.00143508717697   -0.01179402729774   -0.00458207557550   -0.01062161485522    0.00274762353894  
  7.380000    0.00140783827946   -0.01156844686146   -0.00448869657168   -0.01036806720716    0.00268012536387  
  7.390000    0.00138105528618   -0.01134639948164   -0.00439736316316   -0.01011894424725    0.00261400929788  
  7.400000    0.00135475716375   -0.01112804430726   -0.00430826991804   -0.00987457353743    0.00254965736205  
  7.410000    0.00132896008210   -0.01091351877115   -0.00422159479618   -0.00963525850843    0.00248743397160  
  7.420000    0.00130367721793   -0.01070293708233   -0.00413749723125   -0.00940127543569    0.00242768209186  
  7.430000    0.00127891858132   -0.01049638889533   -0.00405611636592   -0.00917287063500    0.00237071958364  
  7.440000    0.00125469086694   -0.01029393816705   -0.00397756945644   -0.00895025790290    0.00231683577484  
  7.450000    0.00123099733071   -0.01009562220853   -0.00390195046130   -0.00873361622356    0.00226628829288  
  7.460000    0.00120783769282   -0.00990145093611   -0.00382932882606   -0.00852308776034    0.00221930018942  
  7.470000    0.00118520806689   -0.00971140632189   -0.00375974847368   -0.00831877614534    0.00217605738555  
  7.480000    0.00116310091491   -0.00952544203878   -0.00369322700641   -0.00812074507513    0.00213670646130  
  7.490000    0.00114150502650   -0.00934348328845   -0.00362975512150   -0.00792901721384    0.00210135280893  
  7.500000    0.00112040552021   -0.00916542679328   -0.00356929623784   -0.00774357339729    0.00207005916356  
  7.510000    0.00109978386317   -0.00899114092324   -0.00351178632553   -0.00756435212207    0.00204284451840  
  7.520000    0.00107961790419   -0.00882046591732   -0.00345713392301   -0.00739124929248    0.00201968342433  
  7.530000    0.00105988191342   -0.00865321414499   -0.00340522031901   -0.00722411818492    0.00200050566450  
  7.540000    0.00104054661973   -0.00848917033753   -0.00335589986668   -0.00706276957457    0.00198519628431  
  7.550000    0.00102157923493   -0.00832809170119   -0.00330900038704   -0.00690697195232    0.00197359594511  
  7.560000    0.00100294345112   -0.00816970780592   -0.00326432360725   -0.00675645174259    0.00196550155608  
  7.570000    0.00098459939589   -0.00801372012575   -0.00322164556700   -0.00661089341501    0.00196066712389  
  7.580000    0.00096650352745   -0.00785980109267   -0.00318071691516   -0.00646993936777    0.00195880474334  
  7.590000    0.00094860845131   -0.00770759251836   -0.00314126300919   -0.00633318945006    0.00195958563653  
  7.600000    0.00093086264032   -0.00755670324280   -0.00310298372552   -0.00620019998915    0.00196264113461  
  7.610000    0.00091321004238   -0.00740670589016   -0.00306555289120   -0.00607048220023    0.00196756348690  
  7.620000    0.00089558956597   -0.00725713265929   -0.00302861726202   -0.00594349988833    0.00197390638246  
  7.630000    0.00087793444324   -0.00710747015410   -0.00299179500170   -0.00581866641018    0.00198118508209  
  7.640000    0.00086017148489   -0.00695715337647   -0.00295467366758   -0.00569534095469    0.00198887609175  
  7.650000    0.00084222026149   -0.00680555916552   -0.00291680778403   -0.00557282433035    0.00199641636569  
  7.660000    0.00082399227170   -0.00665199957428   -0.00287771618797   -0.00545035461954    0.00200320211674  
  7.670000    0.00080539018976   -0.00649571592479   -0.00283687946405   -0.00532710327216    0.00200858743455  
  7.680000    0.00078630732005   -0.00633587456401   -0.00279373794475   -0.00520217245755    0.00201188307150  
  7.690000    0.00076662742430   -0.00617156563587   -0.00274769092694   -0.00507459475895    0.00201235594648  
  7.700000    0.00074622512197   -0.00600180645743   -0.00269809793478   -0.00494333655378    0.00200923012616  
  7.710000    0.00072496709187   -0.00582555129775   -0.00264428301785   -0.00480730664017    0.00200169025236  
  7.720000    0.00070271431671   -0.00564170945491   -0.00258554318422   -0.00466537180008    0.00198888856378  
  7.730000    0.00067932560360   -0.00544917345093   -0.00252116209504   -0.00451638097943    0.00196995677053  
  7.740000    0.00065466257688   -0.00524685886002   -0.00245043005296   -0.00435919955967    0.00194402403850  
  7.750000    0.00062859626633   -0.00503375670147   -0.00237267106523   -0.00419275474423    0.00191024217909  
  7.760000    0.00060101530233   -0.00480899843653   -0.00228727732620   -0.00401609234989    0.00186781877775  
  7.770000    0.00057183557732   -0.00457193240704   -0.00219375083048   -0.00382844426702    0.00181605840496  
  7.780000    0.00054101104700   -0.00432220908528   -0.00209175100907   -0.00362930455975    0.00175441123008  
  7.790000    0.00050854513445   -0.00405987085783   -0.00198114631611   -0.00341851068593    0.00168252733203  
  7.800000    0.00047450198572   -0.00378544038385   -0.00186206665783   -0.00319632474901    0.00160031383683  
  7.810000    0.00043901662811   -0.00350000003774   -0.00173495255513   -0.00296350821464    0.00150799082200  
  7.820000    0.00040230293269   -0.00320525379139   -0.00160059609998   -0.00272138234120    0.00140614085682  
  7.830000    0.00036465820988   -0.00290356234657   -0.00146016825466   -0.00247186590774    0.00129574627046  
  7.840000    0.00032646329903   -0.00259794261145   -0.00131522699663   -0.00221748189124    0.00117820793588  
  7.850000    0.00028817717184   -0.00229202389198   -0.00116770135363   -0.00196132572101    0.00105533968806  
  7.860000    0.00025032536525   -0.00198995551478   -0.00101984757614   -0.00170698971748    0.00092933357194  
  7.870000    0.00021348198670   -0.00169626397192   -0.00087417555851   -0.00145844129293    0.00080269297522  
  7.880000    0.00017824557152   -0.00141566189757   -0.00073334606228   -0.00121985630831    0.00067813327694  
  7.890000    0.00014520967694   -0.00115281593021   -0.00060004213550   -0.00099541336041    0.00055845275917  
  7.900000    0.00011492971372   -0.00091208533461   -0.00047682109772   -0.00078905930895    0.00044637990096  
  7.910000    0.00008788807567   -0.00069724762413   -0.00036595624327   -0.00060426054494    0.00034440643035  
  7.920000    0.00006446005935   -0.00051123077755   -0.00026927965036   -0.00044375781267    0.00025461823672  
  7.930000    0.00004488330315   -0.00035587347238   -0.00018803883221   -0.00030934432619    0.00017853803193  
  7.940000    0.00002923346793   -0.00023173466491   -0.00012278015781   -0.00020168706643    0.00011699415605  
  7.950000    0.00001740860186   -0.00013797162946   -0.00007327084736   -0.00012020928646    0.00007002893660  
  7.960000    0.00000912408482   -0.00007230125587   -0.00003846890135   -0.00006304838842    0.00003685748775  
  7.970000    0.00000391926769   -0.00003105328048   -0.00001654671142   -0.00002709771902    0.00001588393209  
  7.980000    0.00000117597751   -0.00000931671948   -0.00000496963889   -0.00000813394702    0.00000477709033  
  7.990000    0.00000014804172   -0.00000117280280   -0.00000062598147   -0.00000102421586    0.00000060221995  
  8.000000   -0.00000000000000   -0.00000000000000    0.00000000000000   -0.00000000000000   -0.00000000000000  
