0	0.035148857279594624
1	0.03144476657458337
2	0.028632167017759214
3	0.026473884091093053
4	0.024757389722174547
5	0.023319183199465066
6	0.02205157998490031
7	0.020885867253127004
8	0.01976349955201419
9	0.018636427287701943
10	0.017487307990714823
11	0.01632237193092977
12	0.015158108834072266
13	0.01401656806667082
14	0.012923856295573431
15	0.01190517814283256
16	0.010977643746193883
17	0.010151513643391258
18	0.009429427736691073
19	0.008804882356623281
20	0.008267331899248526
21	0.0078048994395095855
22	0.0074053489293023755
23	0.00705820068239008
24	0.006754940528215803
25	0.006488941471789462
26	0.006255222771450334
27	0.006048722241772304
28	0.005865123818888031
29	0.0057015059508009076
30	0.005555293141670093
31	0.005424367199604056
32	0.005307426590477568
33	0.005203534058396886
34	0.005112112163425705
35	0.005032784967394581
36	0.00496474441120479
37	0.004906597731408966
38	0.0048565572041689474
39	0.004812611823145772
40	0.004772884353942722
41	0.004735932154110958
42	0.004700727695116236
43	0.004666596647258452
44	0.00463322740348776
45	0.004600583040440292
46	0.004568737998030564
47	0.00453780821102698
48	0.004508016590832902
49	0.004479745395614148
50	0.004453464572794212
51	0.0044296039004386905
52	0.0044084194684966115
53	0.004389922911165265
54	0.00437395451469641
55	0.004360271125685822
56	0.004348577251284906
57	0.0043385854640638835
58	0.004330043123870804
59	0.004322716776951622
60	0.004316424656808439
61	0.004311030349861979
62	0.004306389244777364
63	0.004302354667968299
64	0.004298787260729867
65	0.004295539761888244
66	0.00429246084583102
67	0.004289395698688319
68	0.0042862094120077986
69	0.004282834382837086
70	0.004279272518867415
71	0.004275570424086812
72	0.004271802656822927
73	0.0042680531968394
74	0.004264402982502137
75	0.004260921932254887
76	0.004257658590955867
77	0.004254637022865654
78	0.0042518634428926365
79	0.004249333418274637
80	0.004247033072719317
81	0.004244941010524169
82	0.004243033609124599
83	0.0042412906299198585
84	0.004239698178462506
85	0.004238242538926249
86	0.004236906477103966
87	0.004235674018071767
88	0.004234531105834045
89	0.004233465321939294
90	0.004232466154973678
91	0.004231524265970214
92	0.004230634019977776
93	0.004229793145992993
94	0.004229000953878985
95	0.0042282589658489194
96	0.0042275702908407395
97	0.004226939288646694
98	0.0042263697509357795
99	0.00422586188367328
100	0.0042254124640137
101	0.004225016296641099
102	0.004224667256546878
103	0.004224358985626506
104	0.0042240854526616415
105	0.004223841503274529
106	0.004223622753087752
107	0.004223425072548447
108	0.004223244692009634
109	0.0042230788605144304
110	0.0042229258760848685
111	0.004222784836299526
112	0.004222655222020911
113	0.0042225365671953105
114	0.0042224286691181934
115	0.004222331362571652
116	0.004222244313176493
117	0.004222167010032854
118	0.004222098823487134
119	0.004222039211115032
120	0.004221987595996065
121	0.00422194341222869
122	0.004221906106947285
123	0.004221874965397855
124	0.004221849112281345
125	0.004221827589629952
126	0.0042218095481585255
127	0.0042217943287952316
128	0.004221781398082605
129	0.00422177027263313
130	0.004221760496769907
131	0.004221751694306561
132	0.004221743607874919
133	0.004221736072631017
134	0.004221729002071116
135	0.004221722360533157
136	0.004221716115928492
137	0.004221710250559411
138	0.004221704759595397
139	0.004221699656196815
140	0.004221694944018619
141	0.004221690606610762
142	0.004221686623065938
143	0.004221682975601704
144	0.004221679663412595
145	0.004221676677244867
146	0.004221673994208807
147	0.004221671582475397
148	0.004221669407127839
149	0.004221667433951116
150	0.0042216656300767845
151	0.004221663967582215
152	0.0042216624203448095
153	0.0042216609667570255
154	0.004221659596136468
155	0.004221658309936968
156	0.004221657118836939
157	0.00422165603422023
158	0.004221655063912159
159	0.0042216542131406016
160	0.004221653481686838
161	0.004221652863078481
162	0.004221652345450543
163	0.004221651917060552
164	0.004221651566263431
165	0.004221651282781261
166	0.004221651057754804
167	0.004221650882131454
168	0.004221650745103677
169	0.0042216506341529285
170	0.004221650538307139
171	0.004221650449939524
172	0.0042216503650145875
173	0.004221650282007678
174	0.0042216502015400776
175	0.004221650125332154
176	0.00422165005491716
177	0.004221649991877201
178	0.0042216499377673465
179	0.004221649893391162
180	0.004221649858380292
181	0.004221649831785232
182	0.004221649812616783
183	0.0042216497998103985
184	0.004221649792303604
185	0.004221649788975272
186	0.004221649788731567
187	0.004221649790173279
188	0.004221649791866149
189	0.004221649792558283
190	0.004221649791307941
191	0.0042216497875393775
192	0.00422164978130533
193	0.004221649773158278
194	0.004221649763746519
195	0.004221649753607724
196	0.004221649743147268
197	0.00422164973268894
198	0.004221649722453382
199	0.00422164971257317
200	0.004221649703097432
201	0.004221649693998853
202	0.0042216496852256445
203	0.004221649676790244
204	0.004221649668745218
205	0.004221649661090234
206	0.004221649653794871
207	0.004221649646828654
208	0.004221649640175829
209	0.004221649633821824
210	0.004221649627778487
211	0.0042216496220821315
212	0.004221649616804516
213	0.0042216496120286665
214	0.004221649607827767
215	0.004221649604224025
216	0.004221649601183428
217	0.004221649598643286
218	0.0042216495965375946
219	0.004221649594798899
220	0.0042216495933673276
221	0.004221649592192551
222	0.004221649591237472
223	0.004221649590470075
224	0.004221649589854465
225	0.004221649589358802
226	0.004221649588951391
227	0.0042216495886043285
228	0.004221649588302636
229	0.004221649588035081
230	0.004221649587797355
231	0.00422164958758953
232	0.004221649587417601
233	0.004221649587283283
234	0.004221649587187324
235	0.004221649587123735
236	0.004221649587085197
237	0.004221649587064495
238	0.004221649587055692
239	0.00422164958705587
240	0.0042216495870606935
241	0.00422164958706552
242	0.004221649587066173
243	0.0042216495870595495
244	0.004221649587043855
245	0.004221649587021054
246	0.004221649586992515
247	0.004221649586959318
248	0.004221649586923926
249	0.004221649586888213
250	0.004221649586853435
251	0.004221649586820627
252	0.0042216495867908
253	0.004221649586763517
254	0.004221649586738626
255	0.004221649586715488
256	0.004221649586692766
257	0.0042216495866706704
258	0.004221649586648475
259	0.004221649586626575
260	0.004221649586605161
261	0.004221649586583684
262	0.0042216495865633665
263	0.004221649586544692
264	0.004221649586528637
265	0.0042216495865137205
266	0.004221649586501777
267	0.004221649586490791
268	0.00422164958648182
269	0.004221649586474724
270	0.004221649586468637
271	0.004221649586462557
272	0.0042216495864586335
273	0.004221649586454749
274	0.004221649586452185
275	0.004221649586448236
276	0.004221649586445362
277	0.0042216495864426246
278	0.0042216495864403625
279	0.004221649586438439
280	0.004221649586436287
281	0.004221649586434344
282	0.004221649586432665
283	0.004221649586431817
284	0.004221649586430847
285	0.004221649586429287
286	0.004221649586428857
287	0.004221649586428313
288	0.004221649586427505
289	0.004221649586426518
290	0.004221649586425836
291	0.004221649586426329
292	0.004221649586425794
293	0.004221649586425016
294	0.004221649586424097
295	0.004221649586424207
296	0.004221649586423775
297	0.004221649586423435
298	0.004221649586422785
299	0.004221649586422899
300	0.004221649586422302
301	0.0042216495864223985
302	0.004221649586421793
303	0.00422164958642229
304	0.004221649586422173
305	0.004221649586421488
306	0.004221649586421617
307	0.004221649586421638
308	0.0042216495864216925
309	0.00422164958642147
310	0.004221649586421483
311	0.004221649586420987
312	0.004221649586421771
313	0.004221649586421252
314	0.004221649586420726
315	0.004221649586421057
316	0.004221649586420993
317	0.004221649586421019
318	0.004221649586420928
319	0.004221649586420698
320	0.00422164958642095
321	0.0042216495864208815
322	0.004221649586420879
323	0.004221649586421042
324	0.0042216495864209865
325	0.0042216495864207376
326	0.004221649586421184
327	0.004221649586420721
328	0.004221649586420896
329	0.004221649586420989
330	0.004221649586420985
331	0.004221649586421169
332	0.004221649586420803
333	0.004221649586421037
334	0.004221649586421474
335	0.004221649586421412
336	0.004221649586421319
337	0.004221649586421088
338	0.004221649586420546
339	0.004221649586420749
340	0.004221649586420728
341	0.004221649586420902
342	0.004221649586420843
343	0.004221649586420859
344	0.004221649586420721
345	0.004221649586420442
346	0.004221649586420974
347	0.004221649586420943
348	0.0042216495864202935
349	0.004221649586420708
350	0.004221649586420758
351	0.00422164958642065
352	0.004221649586421223
353	0.00422164958642069
354	0.004221649586421106
355	0.004221649586420724
356	0.004221649586420937
357	0.004221649586421027
358	0.0042216495864207185
359	0.004221649586420722
360	0.004221649586421154
361	0.004221649586420391
362	0.004221649586420865
363	0.004221649586420692
364	0.004221649586420739
365	0.004221649586421276
366	0.004221649586420506
367	0.0042216495864212545
368	0.004221649586420706
369	0.004221649586420945
370	0.004221649586420641
371	0.004221649586420971
372	0.004221649586421159
373	0.004221649586420609
374	0.004221649586420674
375	0.004221649586421383
376	0.004221649586420849
377	0.004221649586420741
378	0.004221649586420688
379	0.00422164958642043
380	0.004221649586420656
381	0.0042216495864209795
382	0.004221649586420534
383	0.004221649586421069
384	0.004221649586420562
385	0.004221649586420731
386	0.004221649586421104
387	0.004221649586420552
388	0.0042216495864206656
389	0.004221649586420427
390	0.004221649586420662
391	0.004221649586421207
392	0.004221649586421259
393	0.004221649586420394
394	0.0042216495864206595
395	0.004221649586421035
396	0.0042216495864209665
397	0.004221649586420993
398	0.004221649586420725
399	0.004221649586420844
