0	0.011071594370911195
1	0.01059515952210326
2	0.010313104683389822
3	0.010095079770297366
4	0.009931823320369166
5	0.009809204834707397
6	0.00970217153548864
7	0.009595112895770048
8	0.009490579633318239
9	0.009397009294101998
10	0.009314452129801597
11	0.00923688476932701
12	0.009162449800708839
13	0.009094035085686427
14	0.00903308025967656
15	0.008975819656689381
16	0.008917490642125787
17	0.008858441578055173
18	0.00880166447552537
19	0.008746163962746143
20	0.00868911675119153
21	0.00863241873151066
22	0.008580044797085379
23	0.008531562986086842
24	0.008484981315906852
25	0.008442880443339214
26	0.008406457824081707
27	0.00837266026525438
28	0.008342756929924961
29	0.008318918859025578
30	0.008298114836415946
31	0.008280632998268691
32	0.008266404188550826
33	0.008251409644877321
34	0.008236030559375548
35	0.008219115225867435
36	0.008199111831166362
37	0.008177935177055288
38	0.00815581579939735
39	0.008133346298647858
40	0.008112491513988507
41	0.00809342417163305
42	0.008076320259398232
43	0.00806189650285528
44	0.008049734648097853
45	0.008039330094296615
46	0.008030749840533636
47	0.00802358707993051
48	0.008017319622354309
49	0.008011921452317307
50	0.00800728351923613
51	0.008003060605309
52	0.007999164633061096
53	0.00799561803103251
54	0.00799224007096384
55	0.00798889413867953
56	0.007985627983407911
57	0.0079824339800787
58	0.007979236074882623
59	0.007976082056082797
60	0.007973066474461195
61	0.007970186607913357
62	0.007967439151142496
63	0.007964882242240286
64	0.007962522493359813
65	0.007960305252052364
66	0.007958214785355229
67	0.007956252248346977
68	0.007954373253165028
69	0.007952536189843472
70	0.007950738214127583
71	0.007948966344328826
72	0.007947187137224454
73	0.00794538932082293
74	0.007943577863874859
75	0.007941743119509223
76	0.007939876209639533
77	0.007937988190381865
78	0.007936090762247616
79	0.007934184152230864
80	0.007932271973930424
81	0.00793036383917416
82	0.007928461650546456
83	0.007926560142634289
84	0.007924658562934173
85	0.007922760858523805
86	0.00792086895640329
87	0.007918984885947215
88	0.007917115598658677
89	0.007915269332574436
90	0.00791345085203712
91	0.007911664061158449
92	0.007909916182513561
93	0.007908216734365574
94	0.007906574270638107
95	0.007904995524875877
96	0.00790348513208748
97	0.007902044645736772
98	0.00790067386352252
99	0.00789937374319893
100	0.007898145713868902
101	0.007896987094903348
102	0.007895890500439528
103	0.007894849306271125
104	0.007893858489147402
105	0.00789290819432094
106	0.007891985784454353
107	0.00789108561868875
108	0.00789020327149966
109	0.007889328604598272
110	0.007888456304375048
111	0.007887579912371585
112	0.007886688537633591
113	0.007885779875102267
114	0.007884845304805755
115	0.007883874978202324
116	0.007882861417244074
117	0.00788179224697857
118	0.007880662567639167
119	0.007879465223761775
120	0.0078781988263919
121	0.007876867618758603
122	0.007875479750656413
123	0.007874052200616096
124	0.00787260412787718
125	0.007871158450077902
126	0.007869738329895596
127	0.00786836306781273
128	0.00786704905109357
129	0.00786580721069248
130	0.007864642929987547
131	0.00786355784519669
132	0.007862550327688173
133	0.0078616165061484
134	0.007860751862325722
135	0.007859951804211077
136	0.007859211655806251
137	0.007858527059109305
138	0.007857894017346802
139	0.007857308630609806
140	0.007856766795050419
141	0.00785626426004894
142	0.007855796582410892
143	0.007855359091333116
144	0.007854946892662201
145	0.007854555090550613
146	0.007854178986924167
147	0.007853814236580766
148	0.00785345693631
149	0.007853103735783882
150	0.007852751915902047
151	0.007852399398949111
152	0.007852044696655415
153	0.007851686837998327
154	0.007851325305547496
155	0.00785095995284201
156	0.007850590917523624
157	0.007850218532264107
158	0.007849843269045358
159	0.007849465691262648
160	0.007849086419810873
161	0.007848706092252213
162	0.007848325341343504
163	0.007847944778428083
164	0.007847564987693996
165	0.007847186508818856
166	0.007846809825909618
167	0.007846435358743931
168	0.007846063465210922
169	0.007845694438288118
170	0.007845328505819392
171	0.007844965831166673
172	0.007844606522770066
173	0.007844250642853635
174	0.007843898216085962
175	0.007843549235744932
176	0.007843203672917121
177	0.007842861485058573
178	0.007842522622280803
179	0.007842187030258331
180	0.007841854652939583
181	0.007841525435356413
182	0.007841199324523507
183	0.007840876269224934
184	0.007840556219480117
185	0.007840239127845837
186	0.00783992495000316
187	0.00783961364537306
188	0.007839305177105363
189	0.00783899951391427
190	0.007838696631353942
191	0.007838396512670749
192	0.007838099148212976
193	0.007837804535526658
194	0.007837512678872052
195	0.007837223588014976
196	0.007836937276013029
197	0.007836653757200628
198	0.007836373045329607
199	0.007836095151518363
200	0.007835820082317261
201	0.007835547838365107
202	0.007835278413909037
203	0.007835011796429677
204	0.007834747966744538
205	0.007834486899562362
206	0.007834228564573248
207	0.007833972927446566
208	0.007833719950746448
209	0.007833469594862492
210	0.007833221818915617
211	0.007832976581315342
212	0.007832733839991597
213	0.007832493552579457
214	0.00783225567646252
215	0.007832020168723088
216	0.00783178698601256
217	0.007831556084554566
218	0.007831327420199364
219	0.007831100948504576
220	0.007830876624889333
221	0.007830654404866013
222	0.007830434244295257
223	0.007830216099618993
224	0.007829999928085179
225	0.007829785687936396
226	0.00782957333855032
227	0.00782936284050569
228	0.007829154155647763
229	0.007828947247077073
230	0.007828742079154688
231	0.00782853861748933
232	0.007828336828956194
233	0.007828136681670586
234	0.007827938145012285
235	0.007827741189648137
236	0.007827545787543994
237	0.007827351911970745
238	0.007827159537529823
239	0.007826968640152978
240	0.007826779197099058
241	0.007826591186934208
242	0.00782640458954039
243	0.00782621938608939
244	0.007826035559022374
245	0.007825853092064437
246	0.007825671970183126
247	0.007825492179601677
248	0.007825313707782732
249	0.007825136543394886
250	0.007824960676319097
251	0.007824786097603337
252	0.007824612799439445
253	0.007824440775119988
254	0.007824270018985901
255	0.007824100526390867
256	0.007823932293631835
257	0.007823765317911631
258	0.007823599597297504
259	0.00782343513063543
260	0.007823271917551064
261	0.007823109958346355
262	0.007822949253984765
263	0.007822789806034125
264	0.007822631616604455
265	0.007822474688312103
266	0.007822319024220585
267	0.007822164627792448
268	0.007822011502838672
269	0.007821859653476733
270	0.00782170908407496
271	0.007821559799214233
272	0.007821411803629311
273	0.007821265102199843
274	0.00782111969987134
275	0.007820975601648584
276	0.007820832812543553
277	0.007820691337547512
278	0.00782055118159336
279	0.007820412349520085
280	0.007820274846063405
281	0.007820138675786315
282	0.007820003843093696
283	0.007819870352178633
284	0.007819738207011345
285	0.007819607411305139
286	0.007819477968505396
287	0.007819349881770273
288	0.007819223153935002
289	0.007819097787521441
290	0.00781897378470144
291	0.007818851147299393
292	0.007818729876768911
293	0.007818609974189077
294	0.007818491440248657
295	0.00781837427524214
296	0.007818258479058387
297	0.007818144051184094
298	0.007818030990687086
299	0.007817919296217508
300	0.007817808966012637
301	0.007817699997879022
302	0.00781759238920372
303	0.007817486136960514
304	0.007817381237689672
305	0.007817277687523065
306	0.00781717548217108
307	0.007817074616935527
308	0.007816975086709916
309	0.007816876885990368
310	0.007816780008874915
311	0.007816684449066929
312	0.007816590199899193
313	0.007816497254319668
314	0.007816405604917497
315	0.007816315243921632
316	0.007816226163214153
317	0.007816138354332265
318	0.007816051808498335
319	0.007815966516601547
320	0.00781588246923263
321	0.007815799656679178
322	0.007815718068956024
323	0.007815637695781962
324	0.007815558526639083
325	0.007815480550733797
326	0.00781540375705194
327	0.007815328134341186
328	0.007815253671140531
329	0.007815180355783335
330	0.007815108176415371
331	0.00781503712100027
332	0.007814967177337075
333	0.007814898333069099
334	0.007814830575697778
335	0.007814763892594712
336	0.00781469827101514
337	0.007814633698098936
338	0.007814570160900744
339	0.007814507646389253
340	0.007814446141450935
341	0.007814385632924662
342	0.007814326107587461
343	0.007814267552179352
344	0.007814209953414768
345	0.007814153297978795
346	0.007814097572556057
347	0.007814042763828043
348	0.007813988858482886
349	0.007813935843229173
350	0.00781388370479807
351	0.007813832429969171
352	0.007813782005546738
353	0.007813732418405201
354	0.007813683655464539
355	0.007813635703719604
356	0.007813588550242032
357	0.007813542182172277
358	0.007813496586748299
359	0.007813451751302018
360	0.007813407663250529
361	0.00781336431013451
362	0.007813321679592186
363	0.007813279759384548
364	0.007813238537384196
365	0.007813198001590853
366	0.00781315814013907
367	0.00781311894128666
368	0.007813080393430611
369	0.007813042485102895
370	0.00781300520498591
371	0.007812968541899822
372	0.007812932484809836
373	0.007812897022835743
374	0.007812862145248277
375	0.007812827841465957
376	0.007812794101071609
377	0.007812760913787036
378	0.007812728269509805
379	0.007812696158283979
380	0.007812664570314924
381	0.007812633495964555
382	0.007812602925760682
383	0.007812572850380938
384	0.00781254326067077
385	0.007812514147629923
386	0.00781248550241352
387	0.007812457316344146
388	0.00781242958089607
389	0.007812402287697048
390	0.007812375428534506
391	0.007812348995352832
392	0.007812322980242475
393	0.0078122973754558575
394	0.007812272173380564
395	0.00781224736657188
396	0.007812222947724162
397	0.007812198909673091
398	0.007812175245405446
399	0.007812151948048168
400	0.0078121290108665135
401	0.007812106427266462
402	0.007812084190795309
403	0.0078120622951289125
404	0.007812040734072405
405	0.0078120195015711795
406	0.0078119985916938915
407	0.007811977998634242
408	0.007811957716712151
409	0.007811937740364119
410	0.0078119180641598165
411	0.007811898682768167
412	0.007811879590987151
413	0.007811860783721322
414	0.007811842255989321
415	0.007811824002911601
416	0.0078118060197212465
417	0.0078117883017574845
418	0.00781177084445101
419	0.00781175364334458
420	0.0078117366940659815
421	0.007811719992345372
422	0.007811703534008058
423	0.0078116873149625815
424	0.00781167133121057
425	0.007811655578844624
426	0.007811640054032928
427	0.007811624753034291
428	0.007811609672180727
429	0.007811594807892404
430	0.007811580156657179
431	0.007811565715043662
432	0.0078115514796884295
433	0.007811537447302093
434	0.007811523614665178
435	0.007811509978626613
436	0.007811496536093832
437	0.007811483284050836
438	0.007811470219533196
439	0.007811457339639203
440	0.007811444641533179
441	0.007811432122426388
442	0.007811419779598422
443	0.0078114076103711055
444	0.007811395612129589
445	0.0078113837823037685
446	0.007811372118381212
447	0.007811360617889449
448	0.007811349278407086
449	0.007811338097567384
450	0.007811327073037029
451	0.007811316202535462
452	0.007811305483815419
453	0.007811294914680049
454	0.007811284492971676
455	0.007811274216567945
456	0.0078112640833901984
457	0.007811254091393306
458	0.007811244238573324
459	0.0078112345229517524
460	0.007811224942596294
461	0.007811215495601735
462	0.007811206180099985
463	0.0078111969942483
464	0.007811187936243731
465	0.007811179004304962
466	0.007811170196683913
467	0.007811161511667666
468	0.007811152947557442
469	0.007811144502699265
470	0.007811136175448107
471	0.00781112796419447
472	0.007811119867360103
473	0.00781111188337647
474	0.007811104010716054
475	0.0078110962478603555
476	0.007811088593319907
477	0.007811081045630907
478	0.007811073603351816
479	0.007811066265054305
480	0.007811059029338198
481	0.007811051894824498
482	0.007811044860149927
483	0.0078110379239722996
484	0.007811031084974479
485	0.007811024341846764
486	0.007811017693311936
487	0.007811011138095337
488	0.007811004674957225
489	0.007810998302661337
490	0.00781099201999195
491	0.007810985825755733
492	0.0078109797187692525
493	0.007810973697866419
494	0.007810967761899516
495	0.007810961909737298
496	0.007810956140257725
497	0.007810950452359048
498	0.007810944844955429
499	0.007810939316964653
500	0.007810933867332985
501	0.007810928495010313
502	0.007810923198969912
503	0.007810917978184687
504	0.007810912831652997
505	0.007810907758381113
506	0.00781090275739114
507	0.007810897827711443
508	0.007810892968393146
509	0.0078108881784867195
510	0.0078108834570638505
511	0.007810878803208709
512	0.007810874216008852
513	0.00781086969457521
514	0.007810865238013904
515	0.007810860845461292
516	0.0078108565160532805
517	0.007810852248934695
518	0.00781084804326941
519	0.0078108438982282345
520	0.007810839812991683
521	0.007810835786757266
522	0.007810831818739461
523	0.007810827908177057
524	0.007810824054385624
525	0.007810820256817365
526	0.007810816515301703
527	0.007810812830678586
528	0.007810809206453435
529	0.007810805653383799
530	0.007810802201802402
531	0.007810798933727015
532	0.007810796057200816
533	0.0078107940104889684
534	0.007810793229301461
535	0.007810792331906265
536	0.007810787100913472
537	0.007810779297174332
538	0.007810776857301636
539	0.007810776650967252
540	0.007810771403106503
541	0.007810766573483903
542	0.007810765953095003
543	0.007810762477271621
544	0.007810757749078755
545	0.007810756486844079
546	0.007810753539147398
547	0.007810749387813999
548	0.0078107478363632805
549	0.007810744974802577
550	0.007810741399385427
551	0.007810739718286145
552	0.007810736853506293
553	0.007810733780941316
554	0.007810732004357986
555	0.007810729171591051
556	0.00781072651247196
557	0.007810724641817292
558	0.007810721906909088
559	0.0078107195643757395
560	0.007810717611519284
561	0.007810715028596224
562	0.007810712910700115
563	0.007810710905912318
564	0.007810708502044254
565	0.007810706534243248
566	0.007810704517672785
567	0.007810702294074007
568	0.007810700425224257
569	0.007810698435580626
570	0.007810696376563579
571	0.007810694577633797
572	0.007810692644733891
573	0.007810690727583602
574	0.0078106889859913715
575	0.007810687128512421
576	0.007810685330640426
577	0.007810683643650126
578	0.007810681870433909
579	0.007810680173052458
580	0.007810678542433309
581	0.0078106768553264806
582	0.007810675244406496
583	0.007810673672998161
584	0.007810672069710958
585	0.007810670535429859
586	0.007810669025431932
587	0.007810667501695305
588	0.007810666037353656
589	0.007810664589752001
590	0.007810663140693886
591	0.007810661741646584
592	0.0078106603562324494
593	0.007810658977101084
594	0.007810657639928151
595	0.007810656315580144
596	0.007810655002050459
597	0.007810653723994016
598	0.007810652458975145
599	0.007810651207203485
600	0.0078106499858513825
601	0.007810648778079481
602	0.007810647584663029
603	0.007810646417775565
604	0.0078106452649857085
605	0.00781064412690269
606	0.00781064301231569
607	0.007810641912199446
608	0.007810640826704865
609	0.00781063976231949
610	0.007810638712588485
611	0.0078106376771704044
612	0.007810636660928854
613	0.007810635659341576
614	0.007810634671669859
615	0.007810633701569519
616	0.007810632745972326
617	0.007810631803856304
618	0.007810630877955806
619	0.007810629966276167
620	0.007810629067647951
621	0.007810628184059952
622	0.00781062731431921
623	0.007810626457214488
624	0.007810625614122768
625	0.007810624784421719
626	0.007810623966962581
627	0.007810623162617896
628	0.007810622371156165
629	0.007810621591549783
630	0.0078106208242688935
631	0.007810620069321827
632	0.007810619325853706
633	0.007810618594016731
634	0.007810617873943797
635	0.007810617164971123
636	0.007810616467024619
637	0.007810615780261214
638	0.007810615104210272
639	0.007810614438658004
640	0.007810613783716691
641	0.007810613139088158
642	0.007810612504478025
643	0.007810611879943254
644	0.007810611265298907
645	0.0078106106602501115
646	0.007810610064766717
647	0.007810609478746096
648	0.007810608901916514
649	0.007810608334185489
650	0.007810607775487654
651	0.0078106072256024835
652	0.00781060668438286
653	0.007810606151766659
654	0.007810605627593096
655	0.007810605111692446
656	0.007810604603984687
657	0.007810604104346301
658	0.007810603612615966
659	0.007810603128690635
660	0.007810602652471254
661	0.007810602183813593
662	0.00781060172259411
663	0.007810601268724359
664	0.007810600822083011
665	0.007810600382541741
666	0.007810599950006999
667	0.0078105995243735555
668	0.007810599105520089
669	0.007810598693348823
670	0.007810598287761784
671	0.00781059788865271
672	0.007810597495917722
673	0.007810597109459675
674	0.007810596729186055
675	0.0078105963549942835
676	0.007810595986793217
677	0.0078105956244946245
678	0.007810595267995651
679	0.007810594917213268
680	0.007810594572061019
681	0.007810594232443044
682	0.007810593898279002
683	0.007810593569483589
684	0.007810593245973576
685	0.007810592927663916
686	0.007810592614472876
687	0.007810592306323562
688	0.007810592003135959
689	0.007810591704835691
690	0.007810591411337767
691	0.007810591122574822
692	0.007810590838473096
693	0.007810590558950923
694	0.007810590283946688
695	0.007810590013385916
696	0.007810589747195233
697	0.007810589485311617
698	0.007810589227663808
699	0.007810588974186574
700	0.007810588724814201
701	0.007810588479483527
702	0.007810588238128056
703	0.0078105880006865075
704	0.007810587767099256
705	0.00781058753730438
706	0.007810587311241623
707	0.0078105870888474935
708	0.007810586870076337
709	0.007810586654858708
710	0.007810586443144103
711	0.007810586234875535
712	0.00781058602999841
713	0.007810585828462774
714	0.007810585630213888
715	0.007810585435198195
716	0.007810585243363059
717	0.007810585054661836
718	0.00781058486904529
719	0.0078105846864598115
720	0.007810584506860071
721	0.0078105843301976095
722	0.007810584156427815
723	0.0078105839855058135
724	0.007810583817382979
725	0.007810583652015771
726	0.007810583489360661
727	0.0078105833293759495
728	0.007810583172016682
729	0.007810583017241749
730	0.007810582865007937
731	0.00781058271528411
732	0.007810582568017168
733	0.00781058242317722
734	0.007810582280720398
735	0.007810582140610636
736	0.007810582002808243
737	0.007810581867281466
738	0.0078105817339884955
739	0.00781058160290185
740	0.007810581473974329
741	0.007810581347180908
742	0.007810581222480658
743	0.007810581099845377
744	0.007810580979238486
745	0.007810580860629971
746	0.007810580743985844
747	0.007810580629274667
748	0.0078105805164676275
749	0.007810580405532649
750	0.0078105802964386906
751	0.007810580189157278
752	0.0078105800836556424
753	0.0078105799799120185
754	0.0078105798778936196
755	0.007810579777573637
756	0.007810579678923047
757	0.007810579581917764
758	0.0078105794865271855
759	0.007810579392730306
760	0.0078105793004970715
761	0.007810579209807978
762	0.007810579120632137
763	0.007810579032945569
764	0.007810578946725002
765	0.007810578861949689
766	0.007810578778592927
767	0.0078105786966320145
768	0.007810578616046917
769	0.0078105785368108175
770	0.0078105784589064045
771	0.0078105783823099895
772	0.00781057830699964
773	0.007810578232955735
774	0.007810578160157603
775	0.007810578088583189
776	0.007810578018215338
777	0.0078105779490306075
778	0.007810577881013901
779	0.0078105778141433525
780	0.007810577748400758
781	0.007810577683769162
782	0.00781057762022991
783	0.007810577557763162
784	0.007810577496352916
785	0.007810577435983462
786	0.007810577376634782
787	0.0078105773182916465
788	0.007810577260940005
789	0.007810577204558846
790	0.007810577149135925
791	0.0078105770946533815
792	0.007810577041096353
793	0.0078105769884476255
794	0.007810576936696727
795	0.00781057688582934
796	0.007810576835825823
797	0.007810576786672918
798	0.007810576738356445
799	0.007810576690869843
800	0.00781057664419224
801	0.0078105765983105145
802	0.007810576553211191
803	0.007810576508887274
804	0.007810576465322386
805	0.007810576422497366
806	0.00781057638040953
807	0.007810576339045482
808	0.007810576298388832
809	0.007810576258428724
810	0.00781057621915556
811	0.007810576180558428
812	0.007810576142624405
813	0.007810576105342913
814	0.007810576068704011
815	0.007810576032696419
816	0.007810575997308568
817	0.007810575962533745
818	0.00781057592835252
819	0.007810575894767274
820	0.007810575861760155
821	0.00781057582932573
822	0.007810575797449938
823	0.007810575766127056
824	0.007810575735347065
825	0.007810575705100574
826	0.0078105756753789335
827	0.0078105756461731455
828	0.007810575617474547
829	0.007810575589273226
830	0.007810575561563449
831	0.007810575534336143
832	0.007810575507584249
833	0.0078105754812951384
834	0.007810575455466672
835	0.007810575430088296
836	0.007810575405152061
837	0.00781057538065058
838	0.007810575356579808
839	0.0078105753329300665
840	0.0078105753096924906
841	0.007810575286862222
842	0.007810575264431676
843	0.007810575242396565
844	0.007810575220747924
845	0.007810575199477425
846	0.0078105751785818986
847	0.007810575158052972
848	0.0078105751378838885
849	0.0078105751180719205
850	0.007810575098609428
851	0.007810575079490714
852	0.007810575060706442
853	0.007810575042254695
854	0.007810575024129536
855	0.00781057500632568
856	0.007810574988834408
857	0.007810574971655742
858	0.007810574954779441
859	0.007810574938202766
860	0.007810574921917819
861	0.007810574905925698
862	0.007810574890214611
863	0.0078105748747840965
864	0.007810574859626991
865	0.007810574844739356
866	0.007810574830117002
867	0.0078105748157557475
868	0.007810574801653497
869	0.007810574787798244
870	0.007810574774194207
871	0.007810574760829157
872	0.007810574747705473
873	0.0078105747348153134
874	0.007810574722158776
875	0.007810574709729276
876	0.007810574697517916
877	0.007810574685528369
878	0.007810574673753509
879	0.007810574662191219
880	0.007810574650837503
881	0.007810574639684499
882	0.007810574628736161
883	0.0078105746179846485
884	0.007810574607424976
885	0.007810574597056733
886	0.0078105745868765845
887	0.007810574576878995
888	0.007810574567064394
889	0.007810574557424858
890	0.007810574547959198
891	0.007810574538667318
892	0.007810574529546368
893	0.007810574520585464
894	0.007810574511790592
895	0.007810574503156292
896	0.007810574494674667
897	0.007810574486349807
898	0.0078105744781768556
899	0.007810574470152495
900	0.0078105744622766005
901	0.007810574454541602
902	0.007810574446949327
903	0.007810574439494882
904	0.007810574432178097
905	0.0078105744249926095
906	0.007810574417940322
907	0.007810574411019227
908	0.007810574404222192
909	0.007810574397551189
910	0.007810574391003778
911	0.007810574384574288
912	0.007810574378264865
913	0.007810574372071411
914	0.007810574365990792
915	0.007810574360021845
916	0.007810574354163826
917	0.007810574348413861
918	0.007810574342770405
919	0.0078105743372310285
920	0.007810574331796077
921	0.007810574326460888
922	0.007810574321223312
923	0.007810574316080183
924	0.007810574311038559
925	0.007810574306088579
926	0.007810574301228063
927	0.007810574296460931
928	0.007810574291779808
929	0.007810574287186219
930	0.007810574282679524
931	0.007810574278257864
932	0.0078105742739160424
933	0.007810574269654286
934	0.00781057426547842
935	0.007810574261376274
936	0.0078105742573486405
937	0.007810574253401393
938	0.007810574249527613
939	0.007810574245724048
940	0.007810574241991172
941	0.007810574238330591
942	0.007810574234739455
943	0.007810574231212467
944	0.007810574227755232
945	0.007810574224361078
946	0.007810574221033982
947	0.0078105742177652995
948	0.007810574214560208
949	0.007810574211418112
950	0.00781057420833349
951	0.007810574205305129
952	0.00781057420233724
953	0.007810574199425303
954	0.0078105741965676075
955	0.007810574193764382
956	0.007810574191016689
957	0.0078105741883191864
958	0.007810574185678274
959	0.007810574183087505
960	0.007810574180557854
961	0.007810574178090399
962	0.007810574175709815
963	0.007810574173463328
964	0.007810574171440853
965	0.007810574169869691
966	0.007810574169254309
967	0.0078105741707165995
968	0.007810574176849779
969	0.007810574193557208
970	0.007810574234363325
971	0.0078105743301076684
972	0.0078105745496305405
973	0.0078105750382457895
974	0.007810576056994343
975	0.00781057788058665
976	0.007810580100804183
977	0.007810580554372614
978	0.007810577437163483
979	0.0078105742974107
980	0.007810575287400695
981	0.007810577590748715
982	0.007810576565748917
983	0.007810574267486864
984	0.007810575008816544
985	0.007810576422605125
986	0.0078105752005747705
987	0.0078105741382576725
988	0.0078105752434673
989	0.007810575489506442
990	0.0078105743037377535
991	0.007810574431104897
992	0.007810575178437683
993	0.00781057458894565
994	0.0078105741378672955
995	0.00781057472318202
996	0.0078105746898368515
997	0.007810574138460466
998	0.007810574369326535
999	0.007810574617668057
1000	0.007810574228369406
1001	0.00781057417458543
1002	0.007810574463135255
1003	0.0078105742983206675
1004	0.007810574108198232
1005	0.007810574304440198
1006	0.00781057431326089
1007	0.007810574114939277
1008	0.007810574185439791
1009	0.007810574279790235
1010	0.0078105741457170875
1011	0.007810574118851235
1012	0.007810574221271339
1013	0.007810574168959024
1014	0.007810574096517779
1015	0.007810574161826944
1016	0.007810574171798942
1017	0.007810574100496198
1018	0.007810574117716106
1019	0.007810574155849317
1020	0.007810574112369898
1021	0.007810574094508796
1022	0.0078105741305411775
1023	0.007810574119395049
1024	0.007810574088700873
1025	0.0078105741064324295
1026	0.007810574116827288
1027	0.007810574091991208
1028	0.007810574090396524
1029	0.00781057410668701
1030	0.007810574096090287
1031	0.007810574083792853
1032	0.007810574094339699
1033	0.007810574096133109
1034	0.007810574083581354
1035	0.007810574084694539
1036	0.00781057409162391
1037	0.0078105740851333195
1038	0.007810574079835603
1039	0.00781057408504177
1040	0.007810574085029182
1041	0.007810574078782442
1042	0.00781057407940013
1043	0.0078105740824180895
1044	0.0078105740790160045
1045	0.007810574076257677
1046	0.007810574078530422
1047	0.0078105740784467845
1048	0.0078105740752336915
1049	0.007810574075138292
1050	0.007810574076505267
1051	0.00781057407487886
1052	0.007810574073168879
1053	0.007810574073952593
1054	0.0078105740740028635
1055	0.007810574072315136
1056	0.007810574071827458
1057	0.0078105740723965825
1058	0.007810574071691541
1059	0.007810574070556238
1060	0.0078105740706121245
1061	0.00781057407068462
1062	0.007810574069817139
1063	0.007810574069228301
1064	0.007810574069344177
1065	0.007810574069063829
1066	0.007810574068336441
1067	0.007810574068069013
1068	0.007810574068062202
1069	0.0078105740676357085
1070	0.007810574067118116
1071	0.007810574066977058
1072	0.007810574066837849
1073	0.007810574066410324
1074	0.007810574066055063
1075	0.007810574065935194
1076	0.0078105740657147295
1077	0.007810574065342883
1078	0.007810574065091842
1079	0.007810574064954637
1080	0.007810574064707625
1081	0.007810574064399762
1082	0.007810574064202276
1083	0.007810574064045155
1084	0.0078105740638032065
1085	0.007810574063549875
1086	0.00781057406337544
1087	0.0078105740632092155
1088	0.007810574062985226
1089	0.007810574062774756
1090	0.007810574062613997
1091	0.007810574062445359
1092	0.0078105740622475064
1093	0.007810574062063487
1094	0.007810574061911829
1095	0.007810574061750381
1096	0.007810574061573219
1097	0.007810574061408148
1098	0.007810574061264736
1099	0.0078105740611163245
1100	0.007810574060956059
1101	0.007810574060808397
1102	0.007810574060674433
1103	0.0078105740605382895
1104	0.007810574060393304
1105	0.0078105740602582244
1106	0.007810574060132589
1107	0.007810574060005496
1108	0.007810574059875026
1109	0.0078105740597511205
1110	0.0078105740596362445
1111	0.007810574059519577
1112	0.007810574059400525
1113	0.007810574059288837
1114	0.007810574059180758
1115	0.007810574059072851
1116	0.00781057405896526
1117	0.00781057405886529
1118	0.007810574058762358
1119	0.007810574058664663
1120	0.007810574058567354
1121	0.007810574058470747
1122	0.007810574058380506
1123	0.007810574058289887
1124	0.007810574058202425
1125	0.0078105740581147646
1126	0.007810574058029557
1127	0.007810574057948799
1128	0.0078105740578662515
1129	0.007810574057785683
1130	0.007810574057708674
1131	0.007810574057632737
1132	0.007810574057557621
1133	0.007810574057485551
1134	0.007810574057412519
1135	0.007810574057345131
1136	0.007810574057276859
1137	0.0078105740572108765
1138	0.0078105740571464055
1139	0.007810574057082149
1140	0.0078105740570196015
1141	0.007810574056960474
1142	0.007810574056899039
1143	0.007810574056840821
1144	0.007810574056785134
1145	0.007810574056728739
1146	0.0078105740566719985
1147	0.007810574056620025
1148	0.007810574056568105
1149	0.007810574056517666
1150	0.0078105740564676784
1151	0.007810574056417958
1152	0.007810574056369493
1153	0.007810574056322508
1154	0.007810574056276012
1155	0.007810574056234672
1156	0.007810574056189724
1157	0.0078105740561454935
1158	0.007810574056104544
1159	0.00781057405606623
1160	0.0078105740560259025
1161	0.007810574055983673
1162	0.007810574055948405
1163	0.0078105740559102355
1164	0.007810574055871366
1165	0.0078105740558374725
1166	0.007810574055802776
1167	0.007810574055767837
1168	0.00781057405573542
1169	0.007810574055701217
1170	0.00781057405567075
1171	0.007810574055640371
1172	0.007810574055608812
1173	0.007810574055580061
1174	0.007810574055547975
1175	0.007810574055521275
1176	0.007810574055493267
1177	0.00781057405546789
1178	0.007810574055439009
1179	0.007810574055412232
1180	0.007810574055388132
1181	0.007810574055362068
1182	0.007810574055338828
1183	0.007810574055314348
1184	0.007810574055292016
1185	0.007810574055269442
1186	0.007810574055246885
1187	0.007810574055224008
1188	0.007810574055203844
1189	0.007810574055184304
1190	0.007810574055161613
1191	0.007810574055143234
1192	0.0078105740551230336
1193	0.007810574055103799
1194	0.007810574055084613
1195	0.007810574055066768
1196	0.007810574055049304
1197	0.007810574055033697
1198	0.00781057405501563
1199	0.007810574054997944
1200	0.00781057405498337
1201	0.007810574054965807
1202	0.007810574054950487
1203	0.007810574054935447
1204	0.0078105740549206165
1205	0.007810574054909072
1206	0.00781057405489365
1207	0.007810574054879892
1208	0.007810574054867117
1209	0.007810574054851725
1210	0.007810574054839092
1211	0.007810574054827733
1212	0.00781057405481564
1213	0.0078105740548053
1214	0.007810574054791302
1215	0.007810574054779397
1216	0.007810574054769636
1217	0.007810574054757018
1218	0.0078105740547488815
1219	0.007810574054737452
1220	0.00781057405472855
1221	0.00781057405471726
1222	0.007810574054709906
1223	0.007810574054696978
1224	0.0078105740546915055
1225	0.007810574054678968
1226	0.00781057405467218
1227	0.007810574054662976
1228	0.007810574054656634
1229	0.007810574054646583
1230	0.007810574054638509
1231	0.0078105740546306575
1232	0.007810574054622432
1233	0.00781057405461514
1234	0.007810574054610258
1235	0.007810574054600106
1236	0.007810574054594611
1237	0.007810574054586509
1238	0.007810574054580346
1239	0.0078105740545739485
1240	0.007810574054567502
1241	0.007810574054562294
1242	0.007810574054556554
1243	0.0078105740545503476
1244	0.007810574054544554
1245	0.007810574054539909
1246	0.007810574054533479
1247	0.007810574054525935
1248	0.007810574054522638
1249	0.007810574054516665
1250	0.007810574054511404
1251	0.007810574054505406
1252	0.0078105740545017874
1253	0.007810574054496979
1254	0.007810574054493971
1255	0.007810574054489468
1256	0.00781057405448388
1257	0.007810574054480173
1258	0.007810574054477104
1259	0.007810574054471837
1260	0.00781057405446956
1261	0.007810574054462905
1262	0.00781057405446032
1263	0.00781057405445734
1264	0.007810574054452255
1265	0.007810574054449942
1266	0.007810574054447796
1267	0.0078105740544420765
1268	0.0078105740544393044
1269	0.007810574054437349
1270	0.007810574054433802
1271	0.007810574054432606
1272	0.007810574054428496
1273	0.007810574054426587
1274	0.007810574054421669
1275	0.00781057405441797
1276	0.007810574054416156
1277	0.007810574054414024
1278	0.007810574054413731
1279	0.007810574054410035
1280	0.007810574054406912
1281	0.0078105740544034625
1282	0.007810574054401377
1283	0.007810574054400136
1284	0.007810574054397648
1285	0.007810574054395704
1286	0.007810574054392128
1287	0.007810574054392372
1288	0.007810574054388002
1289	0.007810574054386859
1290	0.007810574054383442
1291	0.007810574054383407
1292	0.0078105740543798485
1293	0.007810574054377926
1294	0.0078105740543783575
1295	0.007810574054375851
1296	0.0078105740543751925
1297	0.007810574054372883
1298	0.007810574054373781
1299	0.0078105740543689415
1300	0.007810574054367388
1301	0.007810574054367062
1302	0.007810574054365273
1303	0.007810574054362612
1304	0.007810574054363644
1305	0.007810574054361509
1306	0.007810574054359946
1307	0.0078105740543588245
1308	0.0078105740543564055
1309	0.007810574054357011
1310	0.007810574054355265
1311	0.007810574054353708
1312	0.007810574054352634
1313	0.007810574054352972
1314	0.0078105740543504085
1315	0.007810574054350033
1316	0.007810574054348969
1317	0.007810574054347365
1318	0.007810574054348084
1319	0.007810574054345593
1320	0.0078105740543432545
1321	0.007810574054344428
1322	0.007810574054343218
1323	0.007810574054342586
1324	0.007810574054341143
1325	0.0078105740543413125
1326	0.007810574054340118
1327	0.007810574054340307
1328	0.0078105740543395075
1329	0.0078105740543383565
1330	0.007810574054335901
1331	0.007810574054336068
1332	0.007810574054337008
1333	0.007810574054335694
1334	0.00781057405433336
1335	0.0078105740543322625
1336	0.007810574054334445
1337	0.0078105740543331
1338	0.0078105740543324715
1339	0.007810574054332197
1340	0.007810574054330643
1341	0.007810574054331335
1342	0.007810574054330357
1343	0.007810574054330413
1344	0.007810574054328986
1345	0.00781057405432971
1346	0.007810574054328809
1347	0.007810574054328633
1348	0.007810574054328131
1349	0.007810574054327171
1350	0.007810574054329066
1351	0.007810574054326215
1352	0.007810574054325729
1353	0.007810574054325555
1354	0.007810574054326322
1355	0.007810574054324728
1356	0.007810574054323378
1357	0.007810574054324134
1358	0.007810574054323364
1359	0.007810574054324855
1360	0.007810574054325047
1361	0.007810574054323022
1362	0.007810574054321757
1363	0.0078105740543228976
1364	0.007810574054320591
1365	0.007810574054321513
1366	0.0078105740543218454
1367	0.007810574054321267
1368	0.007810574054319657
1369	0.007810574054321549
1370	0.007810574054321907
1371	0.007810574054321744
1372	0.007810574054320484
1373	0.007810574054319024
1374	0.007810574054319014
1375	0.00781057405432
1376	0.00781057405431719
1377	0.007810574054319654
1378	0.0078105740543200205
1379	0.007810574054318043
1380	0.007810574054317179
1381	0.007810574054319257
1382	0.007810574054318443
1383	0.007810574054316689
1384	0.0078105740543184055
1385	0.00781057405431887
1386	0.00781057405431846
1387	0.007810574054321817
1388	0.007810574054325823
1389	0.007810574054335492
1390	0.0078105740543536264
1391	0.007810574054392525
1392	0.007810574054470934
1393	0.0078105740546330965
1394	0.007810574054965323
1395	0.007810574055653722
1396	0.007810574057096107
1397	0.007810574060124969
1398	0.00781057406653548
1399	0.007810574080169349
1400	0.007810574109296108
1401	0.0078105741716932055
1402	0.007810574305214257
1403	0.0078105745881005524
1404	0.0078105751711988
1405	0.0078105762939984814
1406	0.007810578148765434
1407	0.007810580266932397
1408	0.007810580794622325
1409	0.007810578205471342
1410	0.00781057502808135
1411	0.007810574848829448
1412	0.0078105765472328455
1413	0.007810576750571525
1414	0.007810575410938353
1415	0.00781057511145518
1416	0.007810575716169402
1417	0.007810575305126447
1418	0.007810574509522508
1419	0.007810574933385917
1420	0.007810575534258391
1421	0.007810574845271284
1422	0.007810574092689611
1423	0.007810574587185567
1424	0.007810575126986224
1425	0.007810574604672659
1426	0.0078105740773761825
1427	0.007810574399766552
1428	0.007810574699047369
1429	0.007810574389621658
1430	0.007810574153897185
1431	0.007810574328024959
1432	0.007810574391372824
1433	0.007810574218276125
1434	0.007810574197284459
