0	0.029498651573761456
1	0.026452742750708018
2	0.02350269867174645
3	0.021061826957193438
4	0.019696480659463857
5	0.019729589307428734
6	0.02027525184441905
7	0.02030592703060258
8	0.01987485233476401
9	0.019288488851630876
10	0.018773564101459698
11	0.018435024404000553
12	0.018273949199000033
13	0.018233254930255755
14	0.018245186669358315
15	0.018258251638655233
16	0.018243120032345284
17	0.018188544807975555
18	0.01809562268056612
19	0.01797329864462113
20	0.017835139984183773
21	0.01769662905012882
22	0.01757237891131138
23	0.017473195680537016
24	0.017403537744685216
25	0.017360354000170185
26	0.0173341417241131
27	0.017312203399287754
28	0.017282937191002417
29	0.017239403821935697
30	0.017180837370313905
31	0.01711183913823869
32	0.01703996199106218
33	0.016972820615681453
34	0.016915764442381055
35	0.016870729885577054
36	0.016836364954780005
37	0.016809087845216803
38	0.016784536563013038
39	0.01675890429555176
40	0.0167298387452641
41	0.01669678851021743
42	0.01666083182501095
43	0.016624114268703322
44	0.01658907571959969
45	0.016557678375522366
46	0.01653084794600294
47	0.01650828659171827
48	0.016488701285074542
49	0.016470345530607267
50	0.01645165839845943
51	0.016431759915740727
52	0.016410638277652653
53	0.01638900111231975
54	0.016367893943867076
55	0.016348260556299246
56	0.01633061340029257
57	0.01631491368101257
58	0.016300667593849297
59	0.016287166909867902
60	0.016273764492026305
61	0.01626008311241803
62	0.016246096548972678
63	0.01623207516058806
64	0.016218435051692223
65	0.01620555742222286
66	0.016193646712750337
67	0.016182674205228818
68	0.01617241691819807
69	0.01616256445767272
70	0.016152843564724486
71	0.01614310963167068
72	0.01613337444234186
73	0.01612376913876513
74	0.01611446729887223
75	0.016105604925469665
76	0.01609722937742808
77	0.016089292443894024
78	0.016081682669876377
79	0.01607427730351519
80	0.016066989803334784
81	0.01605979469495329
82	0.016052723652544156
83	0.016045839232463787
84	0.016039200690411315
85	0.01603283726362879
86	0.016026738807487
87	0.016020864874356736
88	0.01601516534148362
89	0.01600960182417705
90	0.016004160459566926
91	0.015998851890689413
92	0.015993700551390114
93	0.015988729727462996
94	0.015983949696575066
95	0.01597935370709567
96	0.01597492230083028
97	0.015970632683581936
98	0.01596646812483925
99	0.015962423162699
100	0.015958502948509045
101	0.015954717967299997
102	0.015951077262917317
103	0.015947583484811848
104	0.01594423172688663
105	0.015941012085127475
106	0.015937914156960376
107	0.0159349310788315
108	0.015932061284813403
109	0.0159293075163623
110	0.01592667397488788
111	0.015924163239887927
112	0.01592177442733591
113	0.0159195032428443
114	0.015917343585322867
115	0.015915289680086764
116	0.01591333763553973
117	0.015911485772480798
118	0.015909733769168228
119	0.015908081228977206
120	0.015906526459332854
121	0.0159050660216017
122	0.015903695147105497
123	0.0159024086779777
124	0.015901201992313787
125	0.01590007147126261
126	0.01589901436596227
127	0.01589802824395063
128	0.015897110374175676
129	0.01589625737956188
130	0.015895465295049867
131	0.015894729940116214
132	0.015894047370476862
133	0.01589341417322535
134	0.015892827489129683
135	0.015892284804296927
136	0.015891783663541978
137	0.015891321470952367
138	0.015890895468321044
139	0.01589050287256113
140	0.015890141072078257
141	0.015889807767409687
142	0.01588950098996089
143	0.015889219008130288
144	0.015888960188060876
145	0.015888722888804312
146	0.015888505439490462
147	0.015888306193685756
148	0.015888123615064503
149	0.015887956339337143
150	0.015887803179827104
151	0.015887663080622786
152	0.015887535049518748
153	0.01588741810885433
154	0.0158873112863179
155	0.01588721364213591
156	0.015887124309549982
157	0.015887042522039933
158	0.015886967612689505
159	0.015886898989223616
160	0.01588683610133787
161	0.015886778418488453
162	0.01588672542737185
163	0.015886676645624598
164	0.015886631639636533
165	0.015886590034052517
166	0.015886551507386614
167	0.015886515777095392
168	0.015886482582958508
169	0.015886451677127596
170	0.015886422824003227
171	0.01588639580696029
172	0.015886370435541877
173	0.015886346547634236
174	0.015886324005080794
175	0.015886302685389264
176	0.015886282474108518
177	0.01588626326135606
178	0.01588624494302465
179	0.01588622742442564
180	0.015886210623150626
181	0.015886194469027018
182	0.015886178901220842
183	0.01588616386429612
184	0.01588614930540043
185	0.015886135173728857
186	0.015886121421887625
187	0.015886108007725698
188	0.015886094895194776
189	0.015886082053673718
190	0.015886069456234785
191	0.0158860570779231
192	0.015886044894929296
193	0.01588603288484466
194	0.015886021027494653
195	0.015886009305594907
196	0.01588599770471217
197	0.015885986212561196
198	0.015885974818076895
199	0.0158859635107814
200	0.015885952280692832
201	0.01588594111864837
202	0.015885930016683265
203	0.015885918968142225
204	0.01588590796743633
205	0.01588589700960398
206	0.015885886089944515
207	0.015885875203899245
208	0.015885864347177158
209	0.015885853515967448
210	0.01588584270705564
211	0.015885831917761828
212	0.01588582114574957
213	0.015885810388832668
214	0.015885799644889967
215	0.01588578891191049
216	0.015885778188102485
217	0.015885767471970923
218	0.015885756762309362
219	0.015885746058109364
220	0.015885735358459344
221	0.015885724662483072
222	0.015885713969350606
223	0.015885703278325575
224	0.015885692588810483
225	0.015885681900346095
226	0.015885671212571253
227	0.015885660525168942
228	0.015885649837829762
229	0.015885639150251606
230	0.015885628462162026
231	0.015885617773341743
232	0.015885607083628978
233	0.01588559639290279
234	0.015885585701057664
235	0.01588557500798466
236	0.015885564313570834
237	0.015885553617712066
238	0.01588554292032382
239	0.015885532221345575
240	0.015885521520734254
241	0.015885510818451354
242	0.015885500114455775
243	0.015885489408702533
244	0.01588547870114904
245	0.015885467991761524
246	0.015885457280516595
247	0.01588544656739773
248	0.01588543585238899
249	0.015885425135471337
250	0.015885414416623313
251	0.015885403695824304
252	0.01588539297305681
253	0.015885382248308568
254	0.015885371521568607
255	0.015885360792826493
256	0.015885350062069425
257	0.015885339329283262
258	0.015885328594454295
259	0.015885317857571368
260	0.015885307118625847
261	0.015885296377610148
262	0.015885285634517625
263	0.015885274889340693
264	0.015885264142071927
265	0.015885253392705086
266	0.015885242641235364
267	0.01588523188766042
268	0.015885221131978707
269	0.015885210374189884
270	0.01588519961429297
271	0.01588518885228841
272	0.015885178088177077
273	0.015885167321961012
274	0.015885156553643733
275	0.015885145783229575
276	0.015885135010722626
277	0.01588512423612793
278	0.01588511345945024
279	0.015885102680695533
280	0.01588509189986953
281	0.015885081116979474
282	0.015885070332031327
283	0.015885059545032703
284	0.015885048755989888
285	0.015885037964910028
286	0.015885027171800147
287	0.015885016376666904
288	0.015885005579517077
289	0.015884994780357854
290	0.01588498397919508
291	0.015884973176035187
292	0.015884962370883722
293	0.01588495156374605
294	0.015884940754627406
295	0.01588492994353224
296	0.015884919130464872
297	0.015884908315428662
298	0.015884897498426392
299	0.0158848866794607
300	0.015884875858533046
301	0.015884865035644555
302	0.015884854210795506
303	0.015884843383985804
304	0.015884832555213873
305	0.015884821724478013
306	0.015884810891775528
307	0.015884800057102647
308	0.015884789220455012
309	0.015884778381827565
310	0.015884767541214023
311	0.015884756698607044
312	0.015884745853999026
313	0.015884735007380985
314	0.015884724158742827
315	0.015884713308073912
316	0.015884702455362325
317	0.01588469160059537
318	0.015884680743758983
319	0.01588466988483839
320	0.015884659023817877
321	0.01588464816068049
322	0.015884637295408233
323	0.015884626427981965
324	0.01588461555838164
325	0.01588460468658607
326	0.015884593812572928
327	0.015884582936318902
328	0.01588457205779947
329	0.01588456117698861
330	0.015884550293860007
331	0.015884539408385627
332	0.015884528520536383
333	0.015884517630282022
334	0.015884506737591227
335	0.01588449584243117
336	0.015884484944768497
337	0.015884474044567883
338	0.01588446314179355
339	0.01588445223640788
340	0.015884441328372273
341	0.015884430417647255
342	0.015884419504191553
343	0.015884408587962875
344	0.01588439766891803
345	0.01588438674701203
346	0.015884375822198996
347	0.015884364894431756
348	0.015884353963661543
349	0.01588434302983872
350	0.015884332092911964
351	0.015884321152829443
352	0.015884310209537077
353	0.01588429926297992
354	0.01588428831310158
355	0.01588427735984468
356	0.01588426640315019
357	0.0158842554429578
358	0.015884244479206226
359	0.015884233511831873
360	0.015884222540771053
361	0.01588421156595808
362	0.015884200587325658
363	0.015884189604805286
364	0.015884178618327475
365	0.015884167627821154
366	0.015884156633213593
367	0.015884145634430708
368	0.01588413463139775
369	0.015884123624037256
370	0.0158841126122713
371	0.015884101596020474
372	0.015884090575203555
373	0.01588407954973795
374	0.015884068519539902
375	0.01588405748452407
376	0.015884046444603277
377	0.01588403539968981
378	0.015884024349693195
379	0.01588401329452239
380	0.01588400223408484
381	0.0158839911682861
382	0.015883980097030258
383	0.01588396902021999
384	0.015883957937756918
385	0.015883946849540066
386	0.01588393575546796
387	0.01588392465543695
388	0.015883913549341957
389	0.01588390243707654
390	0.015883891318532475
391	0.01588388019360001
392	0.015883869062168016
393	0.015883857924123182
394	0.015883846779351275
395	0.01588383562773593
396	0.015883824469159608
397	0.015883813303502532
398	0.015883802130643995
399	0.015883790950461177
400	0.015883779762829533
401	0.015883768567623052
402	0.01588375736471399
403	0.015883746153972884
404	0.015883734935268554
405	0.015883723708468404
406	0.01588371247343761
407	0.015883701230039987
408	0.015883689978137362
409	0.015883678717589802
410	0.015883667448256054
411	0.015883656169992662
412	0.015883644882654195
413	0.015883633586094088
414	0.01588362228016337
415	0.01588361096471157
416	0.015883599639586205
417	0.015883588304633215
418	0.015883576959696624
419	0.015883565604617882
420	0.01588355423923771
421	0.015883542863394218
422	0.01588353147692389
423	0.015883520079661
424	0.01588350867143815
425	0.01588349725208613
426	0.015883485821433337
427	0.015883474379306782
428	0.015883462925530695
429	0.01588345145992845
430	0.015883439982320353
431	0.01588342849252522
432	0.01588341699035987
433	0.015883405475638813
434	0.015883393948174826
435	0.01588338240777827
436	0.015883370854257575
437	0.015883359287419307
438	0.015883347707067494
439	0.015883336113004604
440	0.015883324505030143
441	0.0158833128829426
442	0.01588330124653713
443	0.01588328959560726
444	0.015883277929944498
445	0.015883266249338016
446	0.015883254553574287
447	0.01588324284243832
448	0.0158832311157121
449	0.015883219373176025
450	0.015883207614607854
451	0.015883195839782923
452	0.015883184048474323
453	0.015883172240453203
454	0.015883160415487794
455	0.015883148573344427
456	0.015883136713786515
457	0.01588312483657557
458	0.01588311294147026
459	0.015883101028227188
460	0.015883089096600436
461	0.015883077146341653
462	0.015883065177199226
463	0.015883053188920245
464	0.015883041181248326
465	0.015883029153925185
466	0.01588301710668942
467	0.015883005039277392
468	0.015882992951422828
469	0.01588298084285664
470	0.015882968713307345
471	0.015882956562500463
472	0.01588294439015934
473	0.015882932196004174
474	0.015882919979752493
475	0.015882907741119043
476	0.015882895479816247
477	0.01588288319555333
478	0.015882870888036624
479	0.015882858556969994
480	0.015882846202054143
481	0.01588283382298701
482	0.015882821419463705
483	0.015882808991176535
484	0.01588279653781432
485	0.015882784059063865
486	0.015882771554607787
487	0.015882759024126655
488	0.01588274646729776
489	0.01588273388379517
490	0.01588272127329001
491	0.015882708635450105
492	0.01588269596994056
493	0.015882683276422734
494	0.01588267055455544
495	0.015882657803994144
496	0.015882645024390674
497	0.015882632215394044
498	0.01588261937664978
499	0.01588260650779999
500	0.015882593608483812
501	0.015882580678336925
502	0.01588256771699119
503	0.015882554724075803
504	0.015882541699215748
505	0.015882528642033378
506	0.01588251555214692
507	0.01588250242917109
508	0.015882489272717376
509	0.015882476082393494
510	0.01588246285780369
511	0.01588244959854852
512	0.015882436304224652
513	0.01588242297442525
514	0.015882409608740152
515	0.015882396206754707
516	0.015882382768050894
517	0.01588236929220682
518	0.01588235577879674
519	0.01588234222739099
520	0.01588232863755615
521	0.015882315008854564
522	0.015882301340844587
523	0.015882287633081353
524	0.01588227388511486
525	0.015882260096491973
526	0.015882246266754517
527	0.01588223239544091
528	0.01588221848208496
529	0.015882204526216637
530	0.015882190527361412
531	0.015882176485040648
532	0.01588216239877103
533	0.015882148268065423
534	0.015882134092431825
535	0.015882119871374053
536	0.01588210560439166
537	0.01588209129097892
538	0.015882076930626546
539	0.01588206252282007
540	0.015882048067040383
541	0.015882033562764106
542	0.015882019009463157
543	0.015882004406604047
544	0.015881989753649125
545	0.015881975050055973
546	0.015881960295277157
547	0.01588194548876006
548	0.01588193062994732
549	0.01588191571827679
550	0.015881900753181275
551	0.015881885734088205
552	0.01588187066042042
553	0.015881855531594633
554	0.015881840347023498
555	0.01588182510611394
556	0.015881809808267262
557	0.015881794452880026
558	0.0158817790393428
559	0.015881763567041525
560	0.015881748035355664
561	0.01588173244366022
562	0.015881716791323747
563	0.015881701077709597
564	0.015881685302175444
565	0.015881669464073177
566	0.015881653562748746
567	0.01588163759754274
568	0.01588162156778963
569	0.015881605472817622
570	0.015881589311949693
571	0.01588157308450185
572	0.015881556789784975
573	0.015881540427103182
574	0.015881523995754876
575	0.015881507495031717
576	0.015881490924219508
577	0.015881474282597383
578	0.015881457569438297
579	0.01588144078400876
580	0.015881423925568485
581	0.015881406993370782
582	0.015881389986662397
583	0.01588137290468348
584	0.015881355746667197
585	0.015881338511839843
586	0.015881321199421157
587	0.01588130380862369
588	0.015881286338653412
589	0.015881268788708526
590	0.01588125115798067
591	0.015881233445654213
592	0.015881215650906187
593	0.01588119777290632
594	0.01588117981081698
595	0.015881161763793217
596	0.015881143630982208
597	0.01588112541152426
598	0.01588110710455135
599	0.015881088709187863
600	0.01588107022455104
601	0.015881051649749272
602	0.015881032983883957
603	0.015881014226047846
604	0.015880995375325935
605	0.015880976430795318
606	0.01588095739152427
607	0.01588093825657345
608	0.015880919024994555
609	0.01588089969583166
610	0.015880880268119246
611	0.015880860740884076
612	0.01588084111314437
613	0.015880821383908863
614	0.015880801552177755
615	0.015880781616943188
616	0.015880761577186854
617	0.01588074143188251
618	0.01588072117999469
619	0.015880700820478013
620	0.015880680352278832
621	0.015880659774333207
622	0.01588063908556852
623	0.01588061828490172
624	0.015880597371240875
625	0.015880576343484158
626	0.015880555200519862
627	0.01588053394122612
628	0.015880512564471844
629	0.015880491069115002
630	0.015880469454003905
631	0.015880447717976844
632	0.015880425859861186
633	0.015880403878474163
634	0.015880381772622527
635	0.015880359541102083
636	0.015880337182698788
637	0.015880314696186337
638	0.01588029208032911
639	0.015880269333879437
640	0.015880246455579027
641	0.01588022344415801
642	0.01588020029833564
643	0.01588017701681951
644	0.0158801535983056
645	0.015880130041478896
646	0.015880106345011774
647	0.015880082507565528
648	0.015880058527789166
649	0.015880034404320096
650	0.015880010135783027
651	0.015879985720791034
652	0.01587996115794421
653	0.015879936445830745
654	0.015879911583025926
655	0.015879886568092763
656	0.015879861399580825
657	0.015879836076027474
658	0.015879810595957184
659	0.0158797849578801
660	0.015879759160294687
661	0.015879733201684877
662	0.015879707080522065
663	0.015879680795263324
664	0.01587965434435215
665	0.01587962772621876
666	0.015879600939278857
667	0.015879573981934597
668	0.015879546852573184
669	0.015879519549568354
670	0.015879492071279176
671	0.01587946441604965
672	0.01587943658220991
673	0.015879408568074693
674	0.01587938037194437
675	0.015879351992103326
676	0.015879323426822193
677	0.015879294674354998
678	0.01587926573294074
679	0.01587923660080313
680	0.015879207276150064
681	0.01587917775717333
682	0.015879148042049443
683	0.0158791181289379
684	0.015879088015982555
685	0.015879057701311095
686	0.015879027183034373
687	0.015878996459246255
688	0.015878965528024747
689	0.015878934387430037
690	0.015878903035506032
691	0.0158788714702791
692	0.01587883968975824
693	0.01587880769193528
694	0.015878775474784158
695	0.0158787430362611
696	0.015878710374304796
697	0.01587867748683557
698	0.015878644371755592
699	0.01587861102694922
700	0.015878577450281404
701	0.015878543639599604
702	0.015878509592731984
703	0.015878475307487674
704	0.01587844078165716
705	0.015878406013011687
706	0.015878370999302942
707	0.015878335738263617
708	0.015878300227606217
709	0.015878264465024258
710	0.015878228448190427
711	0.01587819217475822
712	0.01587815564236047
713	0.015878118848609752
714	0.015878081791098553
715	0.015878044467397986
716	0.015878006875059292
717	0.015877969011611866
718	0.015877930874565103
719	0.01587789246140617
720	0.015877853769601543
721	0.01587781479659589
722	0.01587777553981228
723	0.01587773599665228
724	0.015877696164495164
725	0.015877656040698143
726	0.01587761562259668
727	0.01587757490750313
728	0.01587753389270821
729	0.015877492575479237
730	0.015877450953061326
731	0.015877409022675773
732	0.015877366781522437
733	0.0158773242267765
734	0.0158772813555901
735	0.015877238165092324
736	0.01587719465238836
737	0.01587715081456002
738	0.015877106648664843
739	0.015877062151736322
740	0.015877017320783976
741	0.01587697215279357
742	0.01587692664472566
743	0.015876880793516894
744	0.015876834596078943
745	0.015876788049298887
746	0.015876741150039026
747	0.01587669389513654
748	0.015876646281403665
749	0.01587659830562715
750	0.01587654996456901
751	0.01587650125496556
752	0.01587645217352696
753	0.015876402716939027
754	0.015876352881860987
755	0.015876302664926602
756	0.015876252062743394
757	0.01587620107189347
758	0.01587614968893248
759	0.01587609791039007
760	0.01587604573276955
761	0.01587599315254857
762	0.015875940166177348
763	0.01587588677008074
764	0.015875832960656592
765	0.015875778734276376
766	0.01587572408728487
767	0.015875669016000824
768	0.015875613516715403
769	0.015875557585693964
770	0.015875501219174644
771	0.015875444413369275
772	0.015875387164462552
773	0.015875329468612646
774	0.015875271321951188
775	0.01587521272058238
776	0.01587515366058516
777	0.01587509413800978
778	0.01587503414888158
779	0.01587497368919832
780	0.015874912754931393
781	0.015874851342025636
782	0.015874789446399327
783	0.015874727063945025
784	0.015874664190527743
785	0.015874600821987255
786	0.01587453695413665
787	0.01587447258276334
788	0.015874407703628562
789	0.01587434231246737
790	0.01587427640499033
791	0.01587420997688113
792	0.01587414302379901
793	0.015874075541377555
794	0.015874007525225935
795	0.015873938970927686
796	0.01587386987404195
797	0.015873800230104346
798	0.015873730034625038
799	0.015873659283091226
800	0.0158735879709663
801	0.01587351609368981
802	0.015873443646678895
803	0.01587337062532738
804	0.015873297025006956
805	0.015873222841067056
806	0.015873148068835476
807	0.015873072703618554
808	0.01587299674070158
809	0.0158729201753493
810	0.015872843002806364
811	0.015872765218297693
812	0.01587268681702858
813	0.015872607794185867
814	0.01587252814493837
815	0.015872447864436524
816	0.01587236694781397
817	0.015872285390187507
818	0.015872203186657764
819	0.015872120332310214
820	0.015872036822215104
821	0.01587195265142898
822	0.015871867814994375
823	0.015871782307940976
824	0.01587169612528684
825	0.01587160926203846
826	0.01587152171319167
827	0.015871433473732516
828	0.015871344538638314
829	0.01587125490287811
830	0.01587116456141382
831	0.01587107350920108
832	0.01587098174119017
833	0.015870889252327262
834	0.015870796037554518
835	0.015870702091812305
836	0.015870607410039594
837	0.015870511987175304
838	0.015870415818159005
839	0.015870318897932504
840	0.01587022122144076
841	0.015870122783633908
842	0.015870023579466798
843	0.01586992360390255
844	0.015869822851911748
845	0.015869721318475336
846	0.01586961899858524
847	0.015869515887245823
848	0.01586941197947608
849	0.01586930727031027
850	0.015869201754799885
851	0.015869095428015213
852	0.01586898828504731
853	0.01586888032100857
854	0.015868771531036174
855	0.015868661910292146
856	0.015868551453965977
857	0.015868440157276863
858	0.01586832801547469
859	0.015868215023842287
860	0.015868101177698008
861	0.01586798647239662
862	0.015867870903332304
863	0.015867754465940694
864	0.01586763715569999
865	0.015867518968134365
866	0.015867399898815943
867	0.01586727994336664
868	0.015867159097460816
869	0.015867037356827447
870	0.015866914717252777
871	0.015866791174582742
872	0.01586666672472502
873	0.015866541363652842
874	0.015866415087405814
875	0.015866287892093992
876	0.015866159773899977
877	0.01586603072908181
878	0.01586590075397544
879	0.015865769844998403
880	0.015865637998651507
881	0.015865505211522576
882	0.01586537148028949
883	0.015865236801722422
884	0.015865101172688093
885	0.01586496459015127
886	0.015864827051179625
887	0.01586468855294574
888	0.0158645490927306
889	0.015864408667926964
890	0.015864267276042888
891	0.01586412491470448
892	0.01586398158166042
893	0.015863837274783316
894	0.015863691992075785
895	0.015863545731671133
896	0.01586339849183994
897	0.015863250270990843
898	0.015863101067675515
899	0.01586295088059203
900	0.015862799708589073
901	0.015862647550668234
902	0.015862494405988546
903	0.015862340273870817
904	0.015862185153800046
905	0.015862029045429844
906	0.015861871948586563
907	0.015861713863272023
908	0.0158615547896684
909	0.015861394728141437
910	0.015861233679243858
911	0.01586107164372036
912	0.01586090862251001
913	0.015860744616751073
914	0.015860579627784536
915	0.015860413657157225
916	0.015860246706627064
917	0.015860078778164765
918	0.015859909873959445
919	0.015859739996421252
920	0.01585956914818553
921	0.015859397332116318
922	0.015859224551309538
923	0.015859050809097504
924	0.015858876109051748
925	0.015858700454986257
926	0.015858523850962546
927	0.015858346301290453
928	0.015858167810533726
929	0.01585798838351202
930	0.0158578080253049
931	0.015857626741254367
932	0.015857444536968045
933	0.015857261418322267
934	0.01585707739146468
935	0.015856892462817945
936	0.015856706639080988
937	0.015856519927232537
938	0.015856332334533728
939	0.015856143868529682
940	0.015855954537052564
941	0.015855764348223146
942	0.01585557331045342
943	0.01585538143244744
944	0.015855188723204638
945	0.015854995192019432
946	0.015854800848484948
947	0.015854605702491763
948	0.01585440976423141
949	0.015854213044196173
950	0.015854015553179352
951	0.015853817302277903
952	0.015853618302889946
953	0.015853418566718066
954	0.015853218105767355
955	0.015853016932346482
956	0.015852815059066057
957	0.01585261249883983
958	0.015852409264882485
959	0.015852205370709995
960	0.01585200083013723
961	0.01585179565727795
962	0.015851589866542372
963	0.01585138347263517
964	0.01585117649055455
965	0.015850968935588926
966	0.01585076082331554
967	0.015850552169596445
968	0.01585034299057668
969	0.015850133302681015
970	0.015849923122609612
971	0.0158497124673359
972	0.015849501354101105
973	0.015849289800411143
974	0.015849077824032293
975	0.015848865442985947
976	0.015848652675544264
977	0.015848439540224978
978	0.015848226055786115
979	0.01584801224122015
980	0.015847798115748872
981	0.015847583698816357
982	0.015847369010084055
983	0.015847154069422494
984	0.015846938896906533
985	0.015846723512807238
986	0.015846507937584783
987	0.01584629219188108
988	0.015846076296513266
989	0.015845860272463964
990	0.015845644140874946
991	0.015845427923038422
992	0.015845211640388636
993	0.01584499531449308
994	0.015844778967044164
995	0.01584456261985029
996	0.015844346294826412
997	0.01584413001398523
998	0.015843913799428018
999	0.015843697673334253
1000	0.015843481657953087
1001	0.01584326577559304
1002	0.015843050048612008
1003	0.01584283449940794
1004	0.01584261915040831
1005	0.015842404024059814
1006	0.015842189142819273
1007	0.01584197452914185
1008	0.015841760205471962
1009	0.01584154619423229
1010	0.01584133251781429
1011	0.015841119198566584
1012	0.015840906258785273
1013	0.015840693720703944
1014	0.01584048160648248
1015	0.015840269938197354
1016	0.01584005873783069
1017	0.01583984802726107
1018	0.015839637828251974
1019	0.015839428162443103
1020	0.01583921905133895
1021	0.0158390105162996
1022	0.015838802578531538
1023	0.01583859525907611
1024	0.015838388578802026
1025	0.015838182558393733
1026	0.015837977218344058
1027	0.01583777257894348
1028	0.015837568660272236
1029	0.01583736548219059
1030	0.01583716306433083
1031	0.015836961426088248
1032	0.01583676058661304
1033	0.015836560564802354
1034	0.015836361379292202
1035	0.01583616304844995
1036	0.015835965590366402
1037	0.015835769022849826
1038	0.015835573363417208
1039	0.01583537862928854
1040	0.0158351848373807
1041	0.015834992004300604
1042	0.015834800146338535
1043	0.015834609279464344
1044	0.01583441941932016
1045	0.01583423058121597
1046	0.01583404278012488
1047	0.015833856030677676
1048	0.01583367034715975
1049	0.01583348574350582
1050	0.015833302233296126
1051	0.015833119829753876
1052	0.015832938545741075
1053	0.01583275839375566
1054	0.015832579385929357
1055	0.015832401534024137
1056	0.01583222484943175
1057	0.01583204934316957
1058	0.015831875025881233
1059	0.015831701907833583
1060	0.01583152999891666
1061	0.015831359308642025
1062	0.015831189846143377
1063	0.01583102162017431
1064	0.015830854639110714
1065	0.015830688910948902
1066	0.015830524443306963
1067	0.015830361243424938
1068	0.015830199318167433
1069	0.015830038674021368
1070	0.015829879317101118
1071	0.015829721253147428
1072	0.015829564487530375
1073	0.015829409025251078
1074	0.015829254870944255
1075	0.015829102028879483
1076	0.015828950502965553
1077	0.015828800296751735
1078	0.015828651413431597
1079	0.015828503855845368
1080	0.015828357626484407
1081	0.015828212727493535
1082	0.0158280691606747
1083	0.015827926927491597
1084	0.015827786029073067
1085	0.015827646466216566
1086	0.01582750823939326
1087	0.015827371348751885
1088	0.015827235794123002
1089	0.01582710157502325
1090	0.015826968690661154
1091	0.015826837139939928
1092	0.01582670692146429
1093	0.015826578033544068
1094	0.015826450474199057
1095	0.0158263242411648
1096	0.015826199331897706
1097	0.01582607574357879
1098	0.01582595347312077
1099	0.01582583251717234
1100	0.015825712872123775
1101	0.015825594534111247
1102	0.015825477499024517
1103	0.015825361762510117
1104	0.015825247319977625
1105	0.015825134166605744
1106	0.015825022297346364
1107	0.015824911706931653
1108	0.015824802389878725
1109	0.01582469434049472
1110	0.015824587552883823
1111	0.015824482020951266
1112	0.015824377738409327
1113	0.015824274698783197
1114	0.015824172895416596
1115	0.015824072321475997
1116	0.015823972969957658
1117	0.015823874833692374
1118	0.015823777905350504
1119	0.015823682177447916
1120	0.01582358764235141
1121	0.0158234942922834
1122	0.015823402119327964
1123	0.015823311115435435
1124	0.015823221272428196
1125	0.015823132582005135
1126	0.015823045035747885
1127	0.0158229586251245
1128	0.015822873341495302
1129	0.015822789176118186
1130	0.015822706120152383
1131	0.015822624164664834
1132	0.01582254330063404
1133	0.015822463518953826
1134	0.015822384810441098
1135	0.01582230716583706
1136	0.015822230575814007
1137	0.015822155030979473
1138	0.015822080521879448
1139	0.01582200703900453
1140	0.01582193457279293
1141	0.01582186311363568
1142	0.01582179265187966
1143	0.01582172317783356
1144	0.015821654681769715
1145	0.01582158715392973
1146	0.015821520584527952
1147	0.01582145496375524
1148	0.01582139028178279
1149	0.01582132652876529
1150	0.01582126369484604
1151	0.015821201770158857
1152	0.01582114074483272
1153	0.015821080608994575
1154	0.015821021352772982
1155	0.01582096296630122
1156	0.01582090543972105
1157	0.015820848763184903
1158	0.015820792926859555
1159	0.015820737920929372
1160	0.015820683735598598
1161	0.015820630361094327
1162	0.015820577787670063
1163	0.015820526005606916
1164	0.015820475005218285
1165	0.01582042477685012
1166	0.0158203753108858
1167	0.015820326597746077
1168	0.01582027862789372
1169	0.015820231391833996
1170	0.015820184880118084
1171	0.015820139083344974
1172	0.0158200939921627
1173	0.015820049597271173
1174	0.015820005889424574
1175	0.015819962859431734
1176	0.015819920498159314
1177	0.015819878796532506
1178	0.015819837745537725
1179	0.01581979733622356
1180	0.015819757559701872
1181	0.01581971840715059
1182	0.01581967986981388
1183	0.01581964193900397
1184	0.01581960460610259
1185	0.015819567862561994
1186	0.01581953169990605
1187	0.015819496109731487
1188	0.015819461083708807
1189	0.015819426613583543
1190	0.01581939269117677
1191	0.015819359308386283
1192	0.01581932645718747
1193	0.015819294129633635
1194	0.01581926231785724
1195	0.01581923101406998
1196	0.01581920021056412
1197	0.015819169899712077
1198	0.01581914007396817
1199	0.015819110725867957
1200	0.0158190818480289
1201	0.015819053433151067
1202	0.015819025474017062
1203	0.0158189979634929
1204	0.0158189708945274
1205	0.01581894426015268
1206	0.015818918053484232
1207	0.015818892267721672
1208	0.015818866896147702
1209	0.01581884193212917
1210	0.015818817369115654
1211	0.015818793200641126
1212	0.015818769420322554
1213	0.015818746021860394
1214	0.015818722999037898
1215	0.015818700345721578
1216	0.015818678055860524
1217	0.01581865612348612
1218	0.015818634542711766
1219	0.01581861330773284
1220	0.01581859241282592
1221	0.01581857185234871
1222	0.015818551620739755
1223	0.015818531712517195
1224	0.0158185121222796
1225	0.015818492844704032
1226	0.015818473874547018
1227	0.01581845520664272
1228	0.01581843683590301
1229	0.01581841875731687
1230	0.015818400965949952
1231	0.015818383456943766
1232	0.01581836622551461
1233	0.015818349266953947
1234	0.015818332576626928
1235	0.015818316149971784
1236	0.01581829998250014
1237	0.015818284069794415
1238	0.01581826840750881
1239	0.01581825299136834
1240	0.015818237817167527
1241	0.015818222880768975
1242	0.015818208178104986
1243	0.015818193705174483
1244	0.01581817945804368
1245	0.015818165432843697
1246	0.015818151625772322
1247	0.015818138033090543
1248	0.015818124651123762
1249	0.0158181114762593
1250	0.015818098504947524
1251	0.015818085733699198
1252	0.015818073159086364
1253	0.015818060777739507
1254	0.01581804858634904
1255	0.015818036581662788
1256	0.015818024760485914
1257	0.015818013119680088
1258	0.01581800165616208
1259	0.015817990366904205
1260	0.0158179792489324
1261	0.015817968299325386
1262	0.015817957515214996
1263	0.01581794689378419
1264	0.01581793643226665
1265	0.015817926127946465
1266	0.01581791597815636
1267	0.015817905980278407
1268	0.01581789613174126
1269	0.01581788643002132
1270	0.015817876872640555
1271	0.015817867457166623
1272	0.015817858181211727
1273	0.015817849042431973
1274	0.015817840038526324
1275	0.015817831167236476
1276	0.01581782242634548
1277	0.01581781381367765
1278	0.015817805327097235
1279	0.015817796964507982
1280	0.01581778872385296
1281	0.015817780603112758
1282	0.015817772600305226
1283	0.015817764713485925
1284	0.015817756940745654
1285	0.01581774928021089
1286	0.015817741730043015
1287	0.015817734288437753
1288	0.015817726953623466
1289	0.015817719723862297
1290	0.0158177125974483
1291	0.015817705572706856
1292	0.015817698647994795
1293	0.01581769182169968
1294	0.015817685092238108
1295	0.015817678458056584
1296	0.015817671917630047
1297	0.015817665469461898
1298	0.015817659112082907
1299	0.015817652844050782
1300	0.01581764666395028
1301	0.01581764057039173
1302	0.01581763456201103
1303	0.015817628637469314
1304	0.015817622795452103
1305	0.01581761703466878
1306	0.01581761135385223
1307	0.01581760575175906
1308	0.01581760022716749
1309	0.015817594778878712
1310	0.015817589405714975
1311	0.015817584106520403
1312	0.015817578880159753
1313	0.015817573725517765
1314	0.015817568641499684
1315	0.0158175636270303
1316	0.015817558681053362
1317	0.015817553802531394
1318	0.015817548990445535
1319	0.015817544243795268
1320	0.01581753956159712
1321	0.015817534942885316
1322	0.015817530386711014
1323	0.01581752589214156
1324	0.015817521458261638
1325	0.015817517084170677
1326	0.01581751276898439
1327	0.015817508511833764
1328	0.015817504311864523
1329	0.01581750016823745
1330	0.015817496080127218
1331	0.015817492046723076
1332	0.015817488067227957
1333	0.01581748414085816
1334	0.01581748026684325
1335	0.015817476444425875
1336	0.01581747267286151
1337	0.015817468951418116
1338	0.015817465279375685
1339	0.01581746165602609
1340	0.01581745808067313
1341	0.015817454552632237
1342	0.015817451071229928
1343	0.015817447635803988
1344	0.015817444245702278
1345	0.015817440900284214
1346	0.015817437598919362
1347	0.015817434340987216
1348	0.015817431125877197
1349	0.015817427952988867
1350	0.01581742482173136
1351	0.01581742173152311
1352	0.015817418681791807
1353	0.015817415671974158
1354	0.015817412701515647
1355	0.01581740976987109
1356	0.01581740687650303
1357	0.01581740402088296
1358	0.01581740120249028
1359	0.015817398420812402
1360	0.015817395675345246
1361	0.015817392965591908
1362	0.015817390291062907
1363	0.0158173876512773
1364	0.015817385045760274
1365	0.01581738247404488
1366	0.01581737993567109
1367	0.01581737743018609
1368	0.015817374957143165
1369	0.01581737251610311
1370	0.01581737010663284
1371	0.01581736772830575
1372	0.015817365380701574
1373	0.015817363063406406
1374	0.015817360776012312
1375	0.015817358518117462
1376	0.015817356289325797
1377	0.015817354089247063
1378	0.01581735191749686
1379	0.015817349773696303
1380	0.01581734765747181
1381	0.015817345568455574
1382	0.01581734350628454
1383	0.01581734147060148
1384	0.015817339461053723
1385	0.015817337477294274
1386	0.015817335518980374
1387	0.015817333585774654
1388	0.015817331677344726
1389	0.01581732979336184
1390	0.01581732793350307
1391	0.015817326097449444
1392	0.01581732428488681
1393	0.01581732249550479
1394	0.015817320728998076
1395	0.015817318985065075
1396	0.015817317263408927
1397	0.01581731556373622
1398	0.01581731388575831
1399	0.01581731222918973
1400	0.015817310593750033
1401	0.015817308979161417
1402	0.01581730738515096
1403	0.01581730581144872
1404	0.015817304257788874
1405	0.015817302723909386
1406	0.015817301209551198
1407	0.015817299714459082
1408	0.015817298238381263
1409	0.015817296781069856
1410	0.015817295342279332
1411	0.015817293921768352
1412	0.015817292519298486
1413	0.015817291134634565
1414	0.015817289767544356
1415	0.015817288417799388
1416	0.015817287085173087
1417	0.015817285769443867
1418	0.01581728447039073
1419	0.015817283187797352
1420	0.01581728192144966
1421	0.015817280671136507
1422	0.015817279436649623
1423	0.01581727821778312
1424	0.015817277014334472
1425	0.01581727582610362
1426	0.015817274652892878
1427	0.015817273494507296
1428	0.015817272350754707
1429	0.01581727122144534
1430	0.015817270106391848
1431	0.01581726900540955
1432	0.01581726791831613
1433	0.015817266844931257
1434	0.015817265785077667
1435	0.015817264738579962
1436	0.015817263705265216
1437	0.015817262684962766
1438	0.015817261677503986
1439	0.01581726068272259
1440	0.015817259700454504
1441	0.015817258730537992
1442	0.015817257772813186
1443	0.015817256827121935
1444	0.015817255893308804
1445	0.015817254971220253
1446	0.01581725406070434
1447	0.015817253161611644
1448	0.015817252273794238
1449	0.015817251397106415
1450	0.01581725053140412
1451	0.015817249676545395
1452	0.015817248832389667
1453	0.01581724799879899
1454	0.015817247175636685
1455	0.015817246362767746
1456	0.015817245560059045
1457	0.01581724476737956
1458	0.01581724398459924
1459	0.01581724321159027
1460	0.015817242448226295
1461	0.01581724169438265
1462	0.01581724094993619
1463	0.015817240214765268
1464	0.015817239488750322
1465	0.015817238771772726
1466	0.015817238063715863
1467	0.015817237364463974
1468	0.015817236673903737
1469	0.015817235991922328
1470	0.015817235318409114
1471	0.015817234653254353
1472	0.015817233996350308
1473	0.015817233347589856
1474	0.015817232706868144
1475	0.015817232074080926
1476	0.015817231449125575
1477	0.015817230831900873
1478	0.015817230222306997
1479	0.015817229620244913
1480	0.015817229025617517
1481	0.01581722843832831
1482	0.015817227858282854
1483	0.015817227285386797
1484	0.015817226719548348
1485	0.015817226160675695
1486	0.015817225608678976
1487	0.015817225063469144
1488	0.01581722452495822
1489	0.015817223993059813
1490	0.015817223467688366
1491	0.015817222948759084
1492	0.015817222436188896
1493	0.015817221929895382
1494	0.015817221429797464
1495	0.015817220935814783
1496	0.01581722044786812
1497	0.015817219965879405
1498	0.01581721948977168
1499	0.01581721901946876
1500	0.01581721855489543
1501	0.015817218095977477
1502	0.015817217642641733
1503	0.015817217194816206
1504	0.01581721675242897
1505	0.01581721631541004
1506	0.015817215883689915
1507	0.015817215457199833
1508	0.015817215035872148
1509	0.015817214619639964
1510	0.0158172142084371
1511	0.015817213802198936
1512	0.01581721340086098
1513	0.015817213004359454
1514	0.01581721261263209
1515	0.015817212225617026
1516	0.015817211843253316
1517	0.015817211465480405
1518	0.01581721109223889
1519	0.015817210723470452
1520	0.015817210359116842
1521	0.0158172099991212
1522	0.015817209643426623
1523	0.015817209291977833
1524	0.01581720894471982
1525	0.01581720860159804
1526	0.015817208262559238
1527	0.015817207927550425
1528	0.0158172075965196
1529	0.015817207269414952
1530	0.01581720694618556
1531	0.015817206626782158
1532	0.015817206311154047
1533	0.015817205999253407
1534	0.015817205691031046
1535	0.01581720538643989
1536	0.015817205085433154
1537	0.015817204787963994
1538	0.01581720449398682
1539	0.015817204203456565
1540	0.01581720391632843
1541	0.015817203632558584
1542	0.01581720335210365
1543	0.0158172030749205
1544	0.015817202800967087
1545	0.015817202530201642
1546	0.01581720226258278
1547	0.015817201998069824
1548	0.015817201736623043
1549	0.015817201478202203
1550	0.01581720122276875
1551	0.01581720097028392
1552	0.015817200720709496
1553	0.015817200474008055
1554	0.015817200230142353
1555	0.015817199989075936
1556	0.01581719975077268
1557	0.01581719951519683
1558	0.015817199282313413
1559	0.015817199052087384
1560	0.015817198824484548
1561	0.015817198599471307
1562	0.015817198377014226
1563	0.015817198157080166
1564	0.015817197939636853
1565	0.015817197724652246
1566	0.015817197512094382
1567	0.01581719730193235
1568	0.01581719709413514
1569	0.015817196888672166
1570	0.01581719668551403
1571	0.015817196484630328
1572	0.01581719628599238
1573	0.015817196089570957
1574	0.015817195895338004
1575	0.015817195703265036
1576	0.01581719551332446
1577	0.01581719532548911
1578	0.015817195139731614
1579	0.015817194956025515
1580	0.015817194774344727
1581	0.015817194594662923
1582	0.0158171944169548
1583	0.015817194241195015
1584	0.015817194067358542
1585	0.015817193895420672
1586	0.015817193725357732
1587	0.015817193557145
1588	0.015817193390759238
1589	0.015817193226177216
1590	0.01581719306337552
1591	0.015817192902331828
1592	0.015817192743023616
1593	0.01581719258542867
1594	0.01581719242952533
1595	0.015817192275291728
1596	0.01581719212270704
1597	0.01581719197175032
1598	0.01581719182240043
1599	0.01581719167463745
1600	0.015817191528440792
1601	0.015817191383790796
1602	0.01581719124066808
1603	0.01581719109905283
1604	0.01581719095892629
1605	0.01581719082026979
1606	0.015817190683064246
1607	0.01581719054729154
1608	0.015817190412933536
1609	0.01581719027997269
1610	0.015817190148390982
1611	0.015817190018171317
1612	0.015817189889296288
1613	0.015817189761749
1614	0.01581718963551303
1615	0.01581718951057169
1616	0.015817189386908865
1617	0.01581718926450836
1618	0.0158171891433543
1619	0.015817189023431252
1620	0.01581718890472365
1621	0.015817188787216514
1622	0.015817188670894662
1623	0.01581718855574358
1624	0.015817188441748002
1625	0.015817188328894352
1626	0.015817188217167863
1627	0.015817188106554487
1628	0.015817187997040825
1629	0.01581718788861314
1630	0.01581718778125756
1631	0.015817187674961108
1632	0.015817187569710664
1633	0.015817187465493238
1634	0.015817187362296065
1635	0.01581718726010631
1636	0.015817187158912272
1637	0.01581718705870122
1638	0.01581718695946087
1639	0.01581718686117949
1640	0.015817186763845387
1641	0.01581718666744669
1642	0.015817186571972428
1643	0.01581718647741091
1644	0.015817186383751146
1645	0.015817186290982055
1646	0.01581718619909242
1647	0.01581718610807252
1648	0.015817186017910705
1649	0.015817185928597335
1650	0.015817185840121643
1651	0.015817185752473463
1652	0.01581718566564335
1653	0.015817185579620918
1654	0.01581718549439639
1655	0.01581718540996045
1656	0.01581718532630334
1657	0.015817185243416042
1658	0.01581718516128883
1659	0.015817185079913067
1660	0.015817184999279702
1661	0.015817184919379525
1662	0.015817184840203967
1663	0.015817184761744558
1664	0.015817184683992735
1665	0.01581718460694001
1666	0.015817184530577885
1667	0.015817184454898506
1668	0.01581718437989392
1669	0.01581718430555573
1670	0.01581718423187636
1671	0.01581718415884788
1672	0.01581718408646297
1673	0.015817184014713864
1674	0.01581718394359303
1675	0.015817183873093228
1676	0.015817183803207333
1677	0.015817183733928215
1678	0.015817183665248515
1679	0.015817183597161555
1680	0.015817183529660394
1681	0.015817183462738256
1682	0.015817183396388428
1683	0.015817183330604175
1684	0.01581718326537934
1685	0.015817183200707307
1686	0.01581718313658188
1687	0.015817183072996538
1688	0.015817183009945387
1689	0.015817182947422067
1690	0.01581718288542096
1691	0.015817182823935943
1692	0.01581718276296104
1693	0.0158171827024907
1694	0.015817182642518975
1695	0.0158171825830407
1696	0.01581718252404998
1697	0.015817182465541556
1698	0.015817182407509713
1699	0.01581718234994964
1700	0.015817182292855572
1701	0.015817182236222478
1702	0.015817182180045606
1703	0.015817182124319422
1704	0.015817182069039603
1705	0.015817182014200543
1706	0.015817181959797692
1707	0.015817181905826046
1708	0.015817181852281398
1709	0.015817181799158808
1710	0.01581718174645373
1711	0.015817181694161304
1712	0.01581718164227734
1713	0.015817181590797785
1714	0.01581718153971769
1715	0.01581718148903318
1716	0.015817181438739704
1717	0.015817181388833312
1718	0.01581718133930977
1719	0.01581718129016497
1720	0.015817181241395008
1721	0.01581718119299564
1722	0.01581718114496352
1723	0.015817181097294238
1724	0.015817181049984325
1725	0.01581718100302957
1726	0.015817180956426688
1727	0.015817180910172087
1728	0.01581718086426182
1729	0.01581718081869246
1730	0.01581718077346061
1731	0.015817180728562488
1732	0.015817180683994986
1733	0.01581718063975455
1734	0.015817180595837914
1735	0.015817180552241634
1736	0.015817180508962504
1737	0.015817180465997546
1738	0.01581718042334332
1739	0.0158171803809967
1740	0.01581718033895485
1741	0.015817180297214482
1742	0.01581718025577268
1743	0.01581718021462651
1744	0.015817180173772816
1745	0.01581718013320905
1746	0.015817180092932197
1747	0.015817180052939223
1748	0.015817180013227673
1749	0.015817179973794625
1750	0.015817179934637316
1751	0.01581717989575327
1752	0.015817179857139905
1753	0.015817179818794172
1754	0.015817179780713935
1755	0.01581717974289643
1756	0.015817179705339128
1757	0.01581717966803942
1758	0.015817179630995257
1759	0.015817179594204093
1760	0.01581717955766358
1761	0.015817179521370933
1762	0.015817179485324444
1763	0.015817179449521192
1764	0.01581717941395935
1765	0.015817179378636637
1766	0.015817179343550807
1767	0.01581717930869974
1768	0.01581717927408095
1769	0.015817179239692655
1770	0.01581717920553257
1771	0.015817179171598774
1772	0.015817179137888968
1773	0.015817179104401474
1774	0.01581717907113389
1775	0.015817179038084727
1776	0.01581717900525154
1777	0.01581717897263266
1778	0.01581717894022622
1779	0.015817178908030343
1780	0.015817178876042896
1781	0.015817178844262345
1782	0.015817178812686815
1783	0.01581717878131461
1784	0.015817178750143657
1785	0.015817178719172546
1786	0.01581717868839923
1787	0.015817178657822353
1788	0.01581717862743997
1789	0.01581717859725072
1790	0.01581717856725245
1791	0.015817178537443827
1792	0.01581717850782354
1793	0.015817178478389534
1794	0.015817178449140445
1795	0.0158171784200748
1796	0.015817178391190997
1797	0.01581717836248759
1798	0.015817178333962928
1799	0.015817178305615527
1800	0.015817178277444187
1801	0.015817178249447207
1802	0.01581717822162322
1803	0.01581717819397123
1804	0.015817178166489077
1805	0.01581717813917603
1806	0.01581717811203052
1807	0.01581717808505108
1808	0.015817178058236545
1809	0.015817178031585603
1810	0.015817178005096875
1811	0.01581717797876923
1812	0.015817177952601052
1813	0.0158171779265916
1814	0.015817177900739204
1815	0.015817177875042783
1816	0.015817177849501176
1817	0.015817177824113248
1818	0.0158171777988778
1819	0.015817177773793573
1820	0.015817177748859487
1821	0.015817177724074028
1822	0.015817177699436837
1823	0.015817177674945893
1824	0.01581717765060085
1825	0.015817177626400232
1826	0.015817177602343094
1827	0.015817177578428404
1828	0.01581717755465502
1829	0.015817177531021763
1830	0.015817177507527886
1831	0.015817177484171975
1832	0.015817177460953576
1833	0.01581717743787101
1834	0.01581717741492404
1835	0.015817177392111078
1836	0.015817177369431543
1837	0.0158171773468841
1838	0.01581717732446819
1839	0.015817177302182572
1840	0.01581717728002645
1841	0.015817177257999103
1842	0.015817177236099267
1843	0.015817177214326326
1844	0.01581717719267924
1845	0.015817177171157173
1846	0.01581717714975902
1847	0.01581717712848446
1848	0.01581717710733216
1849	0.015817177086301436
1850	0.01581717706539155
1851	0.015817177044601498
1852	0.01581717702393062
1853	0.01581717700337796
1854	0.015817176982942594
1855	0.01581717696262435
1856	0.015817176942421737
1857	0.0158171769223344
1858	0.01581717690236134
1859	0.015817176882501796
1860	0.015817176862755303
1861	0.015817176843120714
1862	0.015817176823597533
1863	0.01581717680418504
1864	0.01581717678488247
1865	0.015817176765689025
1866	0.01581717674660407
1867	0.015817176727626753
1868	0.01581717670875663
1869	0.015817176689992985
1870	0.01581717667133484
1871	0.015817176652781775
1872	0.015817176634332897
1873	0.015817176615988096
1874	0.01581717659774584
1875	0.015817176579606164
1876	0.015817176561568305
1877	0.015817176543631604
1878	0.015817176525794927
1879	0.015817176508058365
1880	0.01581717649042096
1881	0.015817176472882007
1882	0.0158171764554411
1883	0.015817176438097505
1884	0.015817176420850697
1885	0.015817176403700013
1886	0.01581717638664504
1887	0.015817176369684632
1888	0.015817176352818943
1889	0.015817176336047057
1890	0.015817176319368315
1891	0.015817176302782274
1892	0.015817176286288363
1893	0.015817176269886095
1894	0.015817176253574972
1895	0.015817176237353965
1896	0.015817176221223028
1897	0.01581717620518154
1898	0.015817176189228947
1899	0.015817176173364478
1900	0.015817176157587994
1901	0.015817176141898717
1902	0.015817176126296354
1903	0.01581717611078009
1904	0.015817176095349834
1905	0.01581717608000465
1906	0.015817176064744125
1907	0.015817176049568088
1908	0.015817176034475713
1909	0.015817176019466653
1910	0.015817176004540377
1911	0.015817175989696553
1912	0.015817175974934372
1913	0.01581717596025371
1914	0.01581717594565398
1915	0.015817175931134613
1916	0.01581717591669528
1917	0.015817175902335605
1918	0.015817175888054875
1919	0.015817175873852982
1920	0.015817175859728905
1921	0.015817175845682784
1922	0.01581717583171408
1923	0.01581717581782228
1924	0.015817175804006864
1925	0.01581717579026732
1926	0.015817175776603496
1927	0.015817175763014977
1928	0.01581717574950129
1929	0.015817175736062252
1930	0.0158171757226977
1931	0.01581717570940806
1932	0.015817175696194532
1933	0.01581717568306041
1934	0.01581717567001408
1935	0.015817175657074103
1936	0.01581717564428377
1937	0.0158171756317432
1938	0.0158171756196822
1939	0.01581717560863352
1940	0.0158171755998348
1941	0.015817175596173506
1942	0.015817175604411413
1943	0.015817175640408784
1944	0.015817175741272074
1945	0.015817175992778446
1946	0.015817176586079083
1947	0.015817177907665545
1948	0.01581718054238042
1949	0.015817184594322787
1950	0.015817187520006305
1951	0.015817184363690517
1952	0.015817177251117823
1953	0.015817176037054605
1954	0.015817180670787002
1955	0.015817181225220026
1956	0.015817176564194006
1957	0.01581717603664224
1958	0.015817179282926284
1959	0.015817178239732818
1960	0.015817175417228307
1961	0.01581717685715284
1962	0.015817178103222234
1963	0.01581717598074396
1964	0.015817175637657346
1965	0.01581717720310767
1966	0.01581717635972713
1967	0.015817175284856322
1968	0.015817176328166312
1969	0.015817176374504402
1970	0.015817175299035348
1971	0.015817175719945988
1972	0.01581717616619712
1973	0.015817175395973417
1974	0.015817175370227855
1975	0.01581717588014795
1976	0.01581717546022531
1977	0.015817175202363653
1978	0.015817175605028495
1979	0.015817175463505993
1980	0.0158171751404307
1981	0.015817175381400445
1982	0.0158171754141956
1983	0.015817175128000183
1984	0.015817175219504317
1985	0.015817175332264257
1986	0.015817175128985717
1987	0.015817175113372942
1988	0.01581717523769423
1989	0.01581717512386281
1990	0.015817175049756223
1991	0.015817175145965635
1992	0.015817175104970112
1993	0.01581717501369235
1994	0.01581717506667284
1995	0.015817175072356977
1996	0.015817174991754092
1997	0.015817175003830154
1998	0.015817175030241035
1999	0.015817174973842087
2000	0.015817174956977896
2001	0.01581717498425378
2002	0.01581717495380051
2003	0.01581717492273775
2004	0.01581717493948015
2005	0.015817174929129162
2006	0.015817174896484074
2007	0.015817174899292744
2008	0.015817174900108498
2009	0.015817174873774913
2010	0.015817174864989868
2011	0.015817174868603186
2012	0.01581717485134091
2013	0.01581717483606792
2014	0.015817174836900465
2015	0.01581717482748745
2016	0.01581717481092221
2017	0.0158171748068089
2018	0.015817174801973404
2019	0.015817174787657564
2020	0.01581717477920116
2021	0.015817174775514507
2022	0.01581717476475455
2023	0.0158171747540084
2024	0.01581717474915506
2025	0.015817174741419488
2026	0.01581717473053961
2027	0.015817174723739984
2028	0.015817174717579572
2029	0.015817174707934898
2030	0.015817174699633292
2031	0.015817174693626423
2032	0.015817174685540596
2033	0.015817174676725373
2034	0.015817174670064174
2035	0.015817174663088344
2036	0.015817174654631234
2037	0.015817174647233413
2038	0.015817174640655487
2039	0.01581717463295141
2040	0.015817174625201876
2041	0.015817174618489527
2042	0.015817174611453197
2043	0.015817174603821253
2044	0.015817174596812332
2045	0.01581717459011315
2046	0.01581717458287312
2047	0.015817174575708054
2048	0.015817174569043625
2049	0.015817174562202295
2050	0.015817174555120796
2051	0.015817174548371886
2052	0.015817174541772658
2053	0.015817174534933184
2054	0.015817174528155842
2055	0.015817174521636015
2056	0.015817174515052174
2057	0.015817174508370172
2058	0.01581717450186191
2059	0.015817174495452068
2060	0.015817174488948125
2061	0.015817174482481707
2062	0.01581717447615975
2063	0.015817174469836486
2064	0.015817174463477482
2065	0.015817174457211744
2066	0.01581717445102193
2067	0.01581717444480905
2068	0.01581717443862021
2069	0.015817174432519385
2070	0.015817174426447037
2071	0.015817174420370245
2072	0.01581717441434741
2073	0.01581717440838579
2074	0.015817174402436067
2075	0.01581717439650629
2076	0.0158171743906346
2077	0.01581717438480157
2078	0.01581717437898264
2079	0.015817174373199752
2080	0.015817174367465887
2081	0.01581717436176006
2082	0.015817174356076293
2083	0.015817174350433554
2084	0.01581717434483078
2085	0.015817174339252518
2086	0.015817174333703603
2087	0.015817174328194527
2088	0.01581717432271871
2089	0.01581717431726874
2090	0.01581717431185176
2091	0.01581717430647116
2092	0.01581717430112047
2093	0.015817174295797713
2094	0.015817174290508537
2095	0.015817174285252814
2096	0.01581717428002571
2097	0.01581717427482779
2098	0.01581717426966304
2099	0.015817174264529325
2100	0.015817174259423982
2101	0.015817174254348584
2102	0.015817174249304813
2103	0.01581717424429069
2104	0.015817174239305
2105	0.015817174234348932
2106	0.015817174229423348
2107	0.015817174224526647
2108	0.015817174219658135
2109	0.015817174214819263
2110	0.015817174210009208
2111	0.015817174205227692
2112	0.015817174200474075
2113	0.01581717419574914
2114	0.015817174191052566
2115	0.01581717418638366
2116	0.01581717418174238
2117	0.015817174177129318
2118	0.015817174172543635
2119	0.015817174167985237
2120	0.015817174163453986
2121	0.015817174158949995
2122	0.015817174154473104
2123	0.015817174150022723
2124	0.015817174145599203
2125	0.015817174141202168
2126	0.015817174136831612
2127	0.01581717413248721
2128	0.0158171741281689
2129	0.015817174123876655
2130	0.01581717411961033
2131	0.015817174115369342
2132	0.015817174111154176
2133	0.015817174106964524
2134	0.015817174102799845
2135	0.01581717409866038
2136	0.015817174094546013
2137	0.01581717409045654
2138	0.015817174086391855
2139	0.01581717408235163
2140	0.01581717407833582
2141	0.01581717407434467
2142	0.015817174070377516
2143	0.015817174066434448
2144	0.015817174062515288
2145	0.015817174058619897
2146	0.0158171740547485
2147	0.015817174050900665
2148	0.0158171740470759
2149	0.015817174043274644
2150	0.01581717403949658
2151	0.015817174035741465
2152	0.015817174032009433
2153	0.015817174028300254
2154	0.015817174024613495
2155	0.015817174020949547
2156	0.01581717401730784
2157	0.01581717401368868
2158	0.015817174010091615
2159	0.015817174006516378
2160	0.015817174002963508
2161	0.015817173999432155
2162	0.0158171739959227
2163	0.015817173992434742
2164	0.015817173988968262
2165	0.015817173985523143
2166	0.015817173982099177
2167	0.015817173978696503
2168	0.01581717397531475
2169	0.015817173971953997
2170	0.015817173968613964
2171	0.015817173965294508
2172	0.01581717396199557
2173	0.015817173958717016
2174	0.015817173955459105
2175	0.01581717395222116
2176	0.015817173949003442
2177	0.01581717394580558
2178	0.01581717394262755
2179	0.015817173939469565
2180	0.015817173936330992
2181	0.015817173933212064
2182	0.01581717393011254
2183	0.01581717392703217
2184	0.015817173923971247
2185	0.0158171739209294
2186	0.01581717391790665
2187	0.015817173914902626
2188	0.01581717391191764
2189	0.015817173908950974
2190	0.015817173906003165
2191	0.0158171739030738
2192	0.01581717390016292
2193	0.01581717389727002
2194	0.015817173894395603
2195	0.015817173891539076
2196	0.015817173888700558
2197	0.015817173885879967
2198	0.015817173883077244
2199	0.01581717388029182
2200	0.015817173877524324
2201	0.015817173874774167
2202	0.01581717387204142
2203	0.015817173869326025
2204	0.015817173866627694
2205	0.015817173863946515
2206	0.01581717386128224
2207	0.01581717385863489
2208	0.01581717385600436
2209	0.01581717385339046
2210	0.01581717385079325
2211	0.01581717384821258
2212	0.01581717384564817
2213	0.01581717384310008
2214	0.015817173840568396
2215	0.01581717383805267
2216	0.01581717383555311
2217	0.01581717383306942
2218	0.015817173830601716
2219	0.015817173828149764
2220	0.015817173825713314
2221	0.015817173823292816
2222	0.015817173820887504
2223	0.015817173818497742
2224	0.015817173816123346
2225	0.015817173813763966
2226	0.015817173811419862
2227	0.015817173809090864
2228	0.015817173806776785
2229	0.01581717380447776
2230	0.015817173802193264
2231	0.015817173799923687
2232	0.015817173797668675
2233	0.015817173795428123
2234	0.015817173793202296
2235	0.01581717379099068
2236	0.01581717378879349
2237	0.015817173786610253
2238	0.015817173784441255
2239	0.0158171737822865
2240	0.015817173780145445
2241	0.015817173778018587
2242	0.01581717377590512
2243	0.01581717377380563
2244	0.015817173771719893
2245	0.015817173769647457
2246	0.015817173767588767
2247	0.01581717376554353
2248	0.015817173763511428
2249	0.01581717376149256
2250	0.015817173759486877
2251	0.015817173757494498
2252	0.015817173755514943
2253	0.015817173753548342
2254	0.015817173751594724
2255	0.015817173749653864
2256	0.01581717374772567
2257	0.015817173745810268
2258	0.01581717374390723
2259	0.015817173742016796
2260	0.015817173740138673
2261	0.015817173738273148
2262	0.015817173736419818
2263	0.015817173734578558
2264	0.015817173732749556
2265	0.015817173730932506
2266	0.01581717372912749
2267	0.015817173727334436
2268	0.015817173725553264
2269	0.01581717372378372
2270	0.015817173722025846
2271	0.015817173720279673
2272	0.015817173718545317
2273	0.015817173716822258
2274	0.015817173715110756
2275	0.015817173713410317
2276	0.01581717371172154
2277	0.015817173710043667
2278	0.015817173708376996
2279	0.01581717370672155
2280	0.01581717370507718
2281	0.01581717370344362
2282	0.015817173701820966
2283	0.01581717370020924
2284	0.015817173698608356
2285	0.015817173697017906
2286	0.0158171736954383
2287	0.015817173693869063
2288	0.01581717369231067
2289	0.015817173690762652
2290	0.015817173689224612
2291	0.015817173687697177
2292	0.01581717368618018
2293	0.01581717368467311
2294	0.015817173683176207
2295	0.01581717368168949
2296	0.015817173680212744
2297	0.015817173678745907
2298	0.0158171736772889
2299	0.01581717367584181
2300	0.015817173674404394
2301	0.01581717367297682
2302	0.015817173671558906
2303	0.01581717367015046
2304	0.01581717366875177
2305	0.015817173667362277
2306	0.015817173665982343
2307	0.015817173664611814
2308	0.015817173663250476
2309	0.015817173661898495
2310	0.015817173660555538
2311	0.015817173659221827
2312	0.015817173657897133
2313	0.01581717365658142
2314	0.01581717365527481
2315	0.015817173653977244
2316	0.01581717365268834
2317	0.015817173651408133
2318	0.01581717365013679
2319	0.01581717364887398
2320	0.015817173647620003
2321	0.015817173646374652
2322	0.01581717364513784
2323	0.015817173643909294
2324	0.01581717364268934
2325	0.01581717364147775
2326	0.015817173640274376
2327	0.01581717363907946
2328	0.015817173637892614
2329	0.015817173636713894
2330	0.015817173635543528
2331	0.015817173634381093
2332	0.01581717363322658
2333	0.015817173632080083
2334	0.01581717363094143
2335	0.01581717362981085
2336	0.015817173628688043
2337	0.0158171736275728
2338	0.015817173626465605
2339	0.015817173625365853
2340	0.0158171736242737
2341	0.015817173623189396
2342	0.015817173622112404
2343	0.015817173621042777
2344	0.015817173619980737
2345	0.015817173618926095
2346	0.01581717361787881
2347	0.015817173616838757
2348	0.015817173615805966
2349	0.015817173614780383
2350	0.015817173613761983
2351	0.015817173612750687
2352	0.015817173611746446
2353	0.015817173610749184
2354	0.01581717360975897
2355	0.01581717360877565
2356	0.015817173607799266
2357	0.01581717360682969
2358	0.01581717360586697
2359	0.01581717360491093
2360	0.015817173603961607
2361	0.015817173603019024
2362	0.015817173602083033
2363	0.015817173601153665
2364	0.015817173600230935
2365	0.015817173599314366
2366	0.015817173598404604
2367	0.01581717359750103
2368	0.01581717359660391
2369	0.015817173595713226
2370	0.015817173594829023
2371	0.01581717359395062
2372	0.015817173593078736
2373	0.01581717359221286
2374	0.015817173591353116
2375	0.015817173590499764
2376	0.015817173589652164
2377	0.01581717358881071
2378	0.01581717358797547
2379	0.015817173587145825
2380	0.01581717358632212
2381	0.015817173585504444
2382	0.015817173584692503
2383	0.015817173583886446
2384	0.015817173583086007
2385	0.015817173582291254
2386	0.015817173581502388
2387	0.01581717358071902
2388	0.01581717357994117
2389	0.015817173579168866
2390	0.015817173578402267
2391	0.01581717357764136
2392	0.01581717357688542
2393	0.015817173576135313
2394	0.015817173575390437
2395	0.01581717357465083
2396	0.015817173573916665
2397	0.01581717357318773
2398	0.01581717357246402
2399	0.015817173571745596
2400	0.015817173571032385
2401	0.0158171735703242
2402	0.015817173569621208
2403	0.015817173568923336
2404	0.015817173568230522
2405	0.0158171735675426
2406	0.015817173566859716
2407	0.015817173566181703
2408	0.015817173565508665
2409	0.015817173564840532
2410	0.015817173564177296
2411	0.01581717356351869
2412	0.01581717356286499
2413	0.01581717356221607
2414	0.015817173561571935
2415	0.015817173560932492
2416	0.015817173560297694
2417	0.015817173559667438
2418	0.0158171735590417
2419	0.015817173558420782
2420	0.015817173557804112
2421	0.015817173557192296
2422	0.015817173556584675
2423	0.015817173555981737
2424	0.015817173555382813
2425	0.01581717355478849
2426	0.01581717355419864
2427	0.01581717355361307
2428	0.015817173553031704
2429	0.015817173552454846
2430	0.015817173551881922
2431	0.015817173551313422
2432	0.01581717355074898
2433	0.015817173550188753
2434	0.01581717354963269
2435	0.015817173549080767
2436	0.015817173548532834
2437	0.015817173547988804
2438	0.01581717354744913
2439	0.01581717354691317
2440	0.015817173546381316
2441	0.01581717354585339
2442	0.015817173545329178
2443	0.015817173544809316
2444	0.0158171735442931
2445	0.01581717354378041
2446	0.015817173543271817
2447	0.01581717354276689
2448	0.015817173542265774
2449	0.015817173541768453
2450	0.01581717354127482
2451	0.015817173540784754
2452	0.015817173540298574
2453	0.015817173539815797
2454	0.015817173539336572
2455	0.015817173538861005
2456	0.01581717353838913
2457	0.015817173537920812
2458	0.01581717353745586
2459	0.01581717353699428
2460	0.01581717353653636
2461	0.015817173536081676
2462	0.015817173535630672
2463	0.01581717353518291
2464	0.015817173534738424
2465	0.015817173534297544
2466	0.01581717353385971
2467	0.015817173533425318
2468	0.015817173532994045
2469	0.0158171735325661
2470	0.015817173532141567
2471	0.01581717353172007
2472	0.015817173531301687
2473	0.0158171735308866
2474	0.01581717353047453
2475	0.015817173530065926
2476	0.015817173529660052
2477	0.01581717352925729
2478	0.01581717352885768
2479	0.015817173528461043
2480	0.015817173528067555
2481	0.015817173527676916
2482	0.01581717352728941
2483	0.015817173526904656
2484	0.0158171735265228
2485	0.015817173526143938
2486	0.015817173525767975
2487	0.01581717352539484
2488	0.015817173525024684
2489	0.015817173524657172
2490	0.015817173524292655
2491	0.015817173523930732
2492	0.01581717352357167
2493	0.015817173523215492
2494	0.01581717352286185
2495	0.015817173522511208
2496	0.015817173522163185
2497	0.015817173521817905
2498	0.015817173521475717
2499	0.015817173521137286
2500	0.015817173520802596
2501	0.015817173520473793
2502	0.015817173520154694
2503	0.01581717351985202
2504	0.015817173519581916
2505	0.01581717351937726
2506	0.015817173519309464
2507	0.015817173519531113
2508	0.01581717352037141
2509	0.015817173522545237
2510	0.015817173527606504
2511	0.015817173538956033
2512	0.01581717356405018
2513	0.015817173619258156
2514	0.01581717374038447
2515	0.015817174004633817
2516	0.01581717457239495
2517	0.015817175746405225
2518	0.015817177966316723
2519	0.01581718138014583
2520	0.015817184483743453
2521	0.015817183577398534
2522	0.01581717797632355
2523	0.015817173968658078
2524	0.015817175546577435
2525	0.01581717853213907
2526	0.015817177955720883
2527	0.01581717521819104
2528	0.01581717441297575
2529	0.01581717559184495
2530	0.015817176229054406
2531	0.015817175408792357
2532	0.015817174291249896
2533	0.01581717428868045
2534	0.015817175155807037
2535	0.015817175141041882
2536	0.015817174023768064
2537	0.015817173764069502
2538	0.01581717465468515
2539	0.015817174697584296
2540	0.01581717373992228
2541	0.015817173651725695
2542	0.015817174348839187
2543	0.0158171742402336
2544	0.015817173607196595
2545	0.015817173680033974
2546	0.015817174063791246
2547	0.015817173907555094
2548	0.015817173607895203
2549	0.015817173681609686
2550	0.01581717381319903
2551	0.0158171737371211
2552	0.01581717363921891
2553	0.015817173626801177
2554	0.015817173648565115
2555	0.01581717367221633
2556	0.015817173637756293
2557	0.01581717356001859
