0	0.0006542094886746426
1	0.0006121123541565079
2	0.0005991593098032766
3	0.0005946279164675428
4	0.0005847064039925784
5	0.0005729402688834137
6	0.0005622970664536607
7	0.0005538691089339715
8	0.0005473414170285799
9	0.0005417919908304523
10	0.0005364862260398864
11	0.0005311721467323766
12	0.0005259724302431851
13	0.0005211738471854328
14	0.0005170373475620694
15	0.0005136492173632602
16	0.0005108539946712007
17	0.0005083301002304199
18	0.0005057814174126725
19	0.0005030922299744122
20	0.0005003381779066468
21	0.000497690067982833
22	0.0004952983893571118
23	0.0004932191069038964
24	0.0004914032816604008
25	0.0004897399445329397
26	0.00048811832949883507
27	0.0004864741035997159
28	0.0004848027013222336
29	0.00048314343759517625
30	0.00048154848914268484
31	0.00048005227618723223
32	0.00047865392379751494
33	0.0004773194511545132
34	0.000476001100102295
35	0.0004746622473051502
36	0.00047329374590666305
37	0.000471913695213565
38	0.00047055299230102537
39	0.00046923658703964513
40	0.0004679713744032428
41	0.0004667466750132515
42	0.0004655456284928548
43	0.0004643598934249744
44	0.00046319889270166314
45	0.0004620885198000667
46	0.0004610602163257121
47	0.0004601365250003657
48	0.00045932119818207617
49	0.00045859944615254857
50	0.00045794773818253436
51	0.000457346331302315
52	0.00045678607982812354
53	0.00045626573445314383
54	0.000455783319087312
55	0.00045532929561392833
56	0.0004548869632999563
57	0.0004544392738479791
58	0.0004539764586478262
59	0.0004534990807237966
60	0.000453015233267345
61	0.00045253476992174755
62	0.0004520646872085459
63	0.0004516078718859629
64	0.0004511644788341937
65	0.0004507336732882836
66	0.0004503141537963251
67	0.0004499035826954207
68	0.00044949810608933073
69	0.0004490928931216808
70	0.00044868362352409267
71	0.0004482680488926239
72	0.0004478466879410505
73	0.0004474222997946799
74	0.0004469985320869693
75	0.00044657856786080275
76	0.0004461644642098738
77	0.00044575732128523867
78	0.00044535785244200437
79	0.00044496675382961807
80	0.00044458458978344966
81	0.0004442114162373437
82	0.00044384661595582223
83	0.00044348922130132675
84	0.0004431385598752389
85	0.0004427947739624323
86	0.000442458864313753
87	0.0004421322750827047
88	0.000441816347776024
89	0.00044151199192587635
90	0.00044121968222526567
91	0.0004409396308046833
92	0.0004406719109814358
93	0.0004404164401502979
94	0.00044017290564014335
95	0.0004399407745779599
96	0.0004397194379431992
97	0.00043950840478510926
98	0.00043930740852896153
99	0.00043911635256202057
100	0.00043893514230969045
101	0.00043876352521214385
102	0.0004386010360096412
103	0.0004384470547204312
104	0.00043830090852731347
105	0.00043816194349324535
106	0.00043802954511908875
107	0.0004379031388602519
108	0.00043778220601074184
109	0.0004376663148838481
110	0.00043755513666145587
111	0.0004374484226122606
112	0.00043734595472088656
113	0.0004372475072772613
114	0.00043715284795185034
115	0.00043706177253602304
116	0.0004369741405223958
117	0.0004368898812951766
118	0.0004368089674112341
119	0.0004367313766336755
120	0.0004366570681181297
121	0.00043658598147404106
122	0.00043651804887577853
123	0.00043645320491427116
124	0.0004363913877176268
125	0.00043633253562441233
126	0.0004362765859584547
127	0.00043622347637672264
128	0.00043617314354146234
129	0.0004361255158260375
130	0.0004360805035748712
131	0.0004360379950701375
132	0.00043599786310164086
133	0.0004359599789348346
134	0.0004359242249572506
135	0.0004358904987865622
136	0.0004358587083899224
137	0.00043582876359832
138	0.00043580057016177697
139	0.00043577402882431565
140	0.000435749038109963
141	0.0004357254981354847
142	0.0004357033140329247
143	0.000435682398656259
144	0.00043566267431151533
145	0.00043564407253491693
146	0.0004356265315017594
147	0.0004356099920249669
148	0.00043559439441004356
149	0.0004355796780196986
150	0.0004355657833702652
151	0.0004355526549581426
152	0.0004355402427168761
153	0.00043552850148667594
154	0.00043551738937506904
155	0.00043550686630645723
156	0.00043549689339487924
157	0.00043548743300397656
158	0.00043547844893032325
159	0.0004354699066457775
160	0.00043546177357857413
161	0.0004354540194473486
162	0.00043544661643670846
163	0.0004354395389242426
164	0.000435432762975486
165	0.0004354262659640636
166	0.0004354200265843294
167	0.00043541402517392877
168	0.00043540824395376884
169	0.0004354026669338956
170	0.00043539727954474496
171	0.0004353920683138285
172	0.00043538702074490446
173	0.00043538212539616546
174	0.00043537737196343556
175	0.0004353727512288221
176	0.0004353682549466213
177	0.00043536387566600967
178	0.00043535960661847693
179	0.00043535544157247456
180	0.000435351374746802
181	0.00043534740073719483
182	0.000435343514586601
183	0.0004353397118189912
184	0.0004353359884762915
185	0.00043533234102304067
186	0.00043532876621304935
187	0.00043532526095884516
188	0.000435321822325941
189	0.0004353184475629957
190	0.00043531513414937154
191	0.0004353118797983827
192	0.0004353086824495391
193	0.00043530554021306843
194	0.0004353024513453747
195	0.00043529941419712543
196	0.00043529642720491527
197	0.00043529348886449425
198	0.00043529059777126794
199	0.0004352877526130545
200	0.00043528495218250713
201	0.00043528219534446104
202	0.0004352794810268887
203	0.00043527680817483647
204	0.0004352741757659091
205	0.0004352715828300951
206	0.00043526902842795916
207	0.0004352665116596783
208	0.00043526403165566646
209	0.0004352615875780176
210	0.0004352591786117295
211	0.00043525680395663485
212	0.000435254462847157
213	0.0004352521545225546
214	0.0004352498782621398
215	0.0004352476333572732
216	0.00043524541913441474
217	0.0004352432349169954
218	0.00043524108006535875
219	0.00043523895395125567
220	0.0004352368559663787
221	0.0004352347855321132
222	0.00043523274207758766
223	0.00043523072505848525
224	0.0004352287339408244
225	0.00043522676820822624
226	0.00043522482736292584
227	0.0004352229109133393
228	0.00043522101839556725
229	0.00043521914935180245
230	0.0004352173033467555
231	0.00043521547994999693
232	0.00043521367874712274
233	0.0004352118993380514
234	0.0004352101413236585
235	0.00043520840433095497
236	0.0004352066879919646
237	0.000435204991948303
238	0.0004352033158529082
239	0.0004352016593749924
240	0.0004352000221831117
241	0.0004351984039567387
242	0.00043519680439258645
243	0.00043519522318685705
244	0.00043519366004992065
245	0.00043519211469827
246	0.0004351905868536971
247	0.0004351890762492467
248	0.000435187582619664
249	0.00043518610571435454
250	0.0004351846452761434
251	0.0004351832010696758
252	0.0004351817728495156
253	0.0004351803603910268
254	0.00043517896346216756
255	0.0004351775818447732
256	0.0004351762153179511
257	0.0004351748636703067
258	0.00043517352669878817
259	0.0004351722041904234
260	0.00043517089595365856
261	0.00043516960178672544
262	0.0004351683215019363
263	0.00043516705490713155
264	0.00043516580182055206
265	0.00043516456206069414
266	0.00043516333544809
267	0.00043516212180559264
268	0.0004351609209628183
269	0.0004351597327501641
270	0.0004351585570009925
271	0.0004351573935541266
272	0.00043515624224582975
273	0.0004351551029172494
274	0.00043515397541432247
275	0.00043515285958236553
276	0.0004351517552665581
277	0.0004351506623214317
278	0.00043514958060258816
279	0.00043514850996229765
280	0.0004351474502558013
281	0.00043514640134586694
282	0.0004351453630950658
283	0.00043514433536244213
284	0.0004351433180182663
285	0.0004351423109254182
286	0.0004351413139551082
287	0.0004351403269780259
288	0.00043513934986525837
289	0.00043513838249641763
290	0.00043513742474258707
291	0.00043513647648300044
292	0.0004351355375952612
293	0.0004351346079632442
294	0.00043513368746997167
295	0.0004351327759979626
296	0.0004351318734341366
297	0.0004351309796575078
298	0.0004351300945710158
299	0.000435129218057336
300	0.0004351283500056201
301	0.00043512749031326416
302	0.0004351266388714561
303	0.00043512579557836617
304	0.00043512496033283864
305	0.0004351241330277708
306	0.000435123313566592
307	0.00043512250185025533
308	0.0004351216977821425
309	0.00043512090126365723
310	0.000435120112203583
311	0.0004351193305013477
312	0.0004351185560705188
313	0.0004351177888196452
314	0.0004351170286549815
315	0.000435116275491811
316	0.00043511552924093344
317	0.0004351147898123552
318	0.0004351140571242954
319	0.0004351133310925429
320	0.0004351126116343084
321	0.00043511189866550043
322	0.0004351111921067776
323	0.00043511049187704967
324	0.000435109797900761
325	0.00043510911009839854
326	0.0004351084283907443
327	0.00043510775270327385
328	0.0004351070829664286
329	0.0004351064191035468
330	0.0004351057610410039
331	0.00043510510870515184
332	0.00043510446203487896
333	0.0004351038209536891
334	0.00043510318539094614
335	0.00043510255528193175
336	0.00043510193056278494
337	0.00043510131116687695
338	0.0004351006970277421
339	0.00043510008808044035
340	0.0004350994842650457
341	0.0004350988855189596
342	0.00043509829178056686
343	0.00043509770298770343
344	0.0004350971190850317
345	0.0004350965400148841
346	0.00043509596571363594
347	0.0004350953961282244
348	0.00043509483120578673
349	0.0004350942708850227
350	0.0004350937151174109
351	0.00043509316384387597
352	0.00043509261701421846
353	0.0004350920745810504
354	0.0004350915364856624
355	0.00043509100268188875
356	0.000435090473119598
357	0.000435089947748824
358	0.0004350894265247782
359	0.00043508890939601924
360	0.0004350883963177524
361	0.00043508788724401336
362	0.00043508738212880285
363	0.00043508688092572793
364	0.0004350863835943341
365	0.0004350858900915331
366	0.0004350854003716687
367	0.00043508491439448144
368	0.00043508443212009185
369	0.0004350839535057461
370	0.0004350834785091458
371	0.00043508300709406666
372	0.0004350825392242217
373	0.00043508207485630214
374	0.00043508161395405955
375	0.0004350811564816774
376	0.0004350807024043187
377	0.0004350802516802029
378	0.0004350798042783956
379	0.0004350793601656714
380	0.0004350789193026675
381	0.00043507848165638685
382	0.0004350780471974725
383	0.00043507761589212514
384	0.0004350771877040853
385	0.0004350767626079232
386	0.00043507634056832013
387	0.0004350759215542834
388	0.00043507550553876747
389	0.00043507509248508886
390	0.0004350746823721126
391	0.0004350742751677768
392	0.000435073870842932
393	0.00043507346936794177
394	0.0004350730707177239
395	0.0004350726748670761
396	0.000435072281786183
397	0.00043507189144645564
398	0.0004350715038248626
399	0.00043507111890010426
400	0.0004350707366397853
401	0.0004350703570218152
402	0.00043506998002448865
403	0.0004350696056190438
404	0.00043506923378805267
405	0.0004350688645020818
406	0.000435068497740024
407	0.00043506813348116963
408	0.00043506777170334763
409	0.00043506741238142244
410	0.0004350670554972881
411	0.0004350667010275484
412	0.00043506634895200077
413	0.0004350659992497109
414	0.00043506565190257977
415	0.0004350653068870128
416	0.0004350649641859036
417	0.0004350646237790401
418	0.0004350642856470834
419	0.0004350639497702668
420	0.00043506361613128734
421	0.0004350632847149042
422	0.0004350629554959685
423	0.0004350626284615595
424	0.0004350623035949462
425	0.0004350619808739602
426	0.00043506166028650894
427	0.0004350613418140357
428	0.00043506102544000675
429	0.00043506071114863447
430	0.000435060398920204
431	0.0004350600887461403
432	0.0004350597806022106
433	0.00043505947448122364
434	0.00043505917036187794
435	0.0004350588682313038
436	0.0004350585680749655
437	0.00043505826988035536
438	0.00043505797362646215
439	0.00043505767930751197
440	0.00043505738690326223
441	0.0004350570964008416
442	0.00043505680779049006
443	0.0004350565210522398
444	0.00043505623618029284
445	0.0004350559531560237
446	0.0004350556719678506
447	0.0004350553926030672
448	0.0004350551150475865
449	0.000435054839293959
450	0.00043505456532534213
451	0.0004350542931299665
452	0.0004350540226961965
453	0.00043505375401091487
454	0.00043505348706640714
455	0.0004350532218490114
456	0.0004350529583455269
457	0.0004350526965464028
458	0.00043505243643903553
459	0.0004350521780127289
460	0.00043505192125811655
461	0.00043505166616416717
462	0.0004350514127174109
463	0.0004350511609127983
464	0.0004350509107332907
465	0.0004350506621715444
466	0.0004350504152186294
467	0.00043505016986251856
468	0.00043504992609508437
469	0.0004350496839057647
470	0.0004350494432820013
471	0.0004350492042166695
472	0.0004350489666994909
473	0.00043504873072205144
474	0.00043504849627157787
475	0.0004350482633464388
476	0.0004350480319309345
477	0.0004350478020157834
478	0.0004350475735937628
479	0.00043504734665710394
480	0.00043504712119520907
481	0.0004350468971997441
482	0.00043504667466058653
483	0.0004350464535740344
484	0.00043504623392373625
485	0.0004350460157073247
486	0.00043504579891494126
487	0.00043504558353797115
488	0.0004350453695690342
489	0.0004350451569996661
490	0.0004350449458178668
491	0.0004350447360244773
492	0.0004350445275999052
493	0.0004350443205488767
494	0.0004350441148532878
495	0.0004350439105098653
496	0.00043504370751103926
497	0.00043504350584649775
498	0.00043504330551309093
499	0.00043504310649947344
500	0.0004350429088010378
501	0.00043504271240987503
502	0.00043504251731446103
503	0.00043504232351210904
504	0.0004350421309946997
505	0.00043504193975626613
506	0.00043504174978516554
507	0.00043504156107873496
508	0.0004350413736286631
509	0.00043504118742769717
510	0.0004350410024682289
511	0.000435040818746144
512	0.0004350406362523
513	0.0004350404549774583
514	0.0004350402749198093
515	0.00043504009607005554
516	0.0004350399184233998
517	0.00043503974197013867
518	0.00043503956670569856
519	0.0004350393926223506
520	0.00043503921971774196
521	0.00043503904798067707
522	0.00043503887740471486
523	0.00043503870798538197
524	0.00043503853971815136
525	0.0004350383725924736
526	0.0004350382066049604
527	0.00043503804174919845
528	0.0004350378780192274
529	0.00043503771540752374
530	0.0004350375539075372
531	0.00043503739351457936
532	0.0004350372342229742
533	0.00043503707602887334
534	0.0004350369189164043
535	0.0004350367628938189
536	0.0004350366079433485
537	0.0004350364540669168
538	0.0004350363012535121
539	0.00043503614949909813
540	0.0004350359988007168
541	0.00043503584914688005
542	0.0004350357005367187
543	0.00043503555296478384
544	0.0004350354064203051
545	0.00043503526090096626
546	0.0004350351164035178
547	0.00043503497291959856
548	0.000435034830441852
549	0.000435034688966902
550	0.0004350345484902431
551	0.0004350344090057018
552	0.00043503427050648586
553	0.00043503413298697684
554	0.00043503399644172143
555	0.00043503386086947383
556	0.000435033726260935
557	0.00043503359261020525
558	0.00043503345991480435
559	0.0004350333281677898
560	0.00043503319736430896
561	0.0004350330674982113
562	0.0004350329385637674
563	0.0004350328105600679
564	0.00043503268347786243
565	0.0004350325573097373
566	0.00043503243205948624
567	0.00043503230771107924
568	0.0004350321842675988
569	0.00043503206171984085
570	0.00043503194006520537
571	0.0004350318192968593
572	0.0004350316994101547
573	0.000435031580399396
574	0.00043503146226043805
575	0.00043503134499087224
576	0.0004350312285826438
577	0.0004350311130274377
578	0.00043503099833063505
579	0.0004350308844738254
580	0.0004350307714664322
581	0.00043503065929172255
582	0.00043503054795359535
583	0.0004350304374402047
584	0.0004350303277520095
585	0.00043503021888338547
586	0.0004350301108270789
587	0.00043503000357784883
588	0.00043502989713611645
589	0.0004350297914926627
590	0.0004350296866462155
591	0.00043502958258636535
592	0.0004350294793179015
593	0.00043502937682469506
594	0.0004350292751097842
595	0.0004350291741686578
596	0.0004350290739954219
597	0.0004350289745823034
598	0.0004350288759278586
599	0.00043502877803002285
600	0.000435028680878917
601	0.0004350285844730443
602	0.000435028488812851
603	0.00043502839388234336
604	0.0004350282996863502
605	0.00043502820621778846
606	0.00043502811346988427
607	0.00043502802144080216
608	0.0004350279301292667
609	0.00043502783952359994
610	0.000435027749628741
611	0.0004350276604289567
612	0.0004350275719326214
613	0.0004350274841236914
614	0.00043502739700486523
615	0.0004350273105714356
616	0.00043502722481746466
617	0.0004350271397395366
618	0.000435027055333948
619	0.00043502697159489095
620	0.0004350268885186762
621	0.0004350268061028362
622	0.0004350267243422578
623	0.0004350266432315931
624	0.000435026562769928
625	0.0004350264829509666
626	0.00043502640376977215
627	0.0004350263252246281
628	0.00043502624731012895
629	0.00043502617002323516
630	0.0004350260933581704
631	0.00043502601731324115
632	0.00043502594188052037
633	0.00043502586705996144
634	0.0004350257928490751
635	0.00043502571923901797
636	0.00043502564623012683
637	0.00043502557381362413
638	0.0004350255019941626
639	0.0004350254307570885
640	0.0004350253601080808
641	0.00043502529003902667
642	0.0004350252205434947
643	0.00043502515162346803
644	0.00043502508327190523
645	0.0004350250154855327
646	0.0004350249482597026
647	0.0004350248815911008
648	0.0004350248154803229
649	0.0004350247499167501
650	0.0004350246849003541
651	0.00043502462042788843
652	0.000435024556493736
653	0.0004350244930977801
654	0.0004350244302326467
655	0.0004350243678971961
656	0.0004350243060867272
657	0.00043502424479524636
658	0.00043502418402521873
659	0.00043502412376964617
660	0.0004350240640227085
661	0.0004350240047858842
662	0.0004350239460517154
663	0.00043502388781887667
664	0.00043502383008319005
665	0.00043502377283926485
666	0.00043502371608929895
667	0.0004350236598242628
668	0.0004350236040443326
669	0.0004350235487439668
670	0.0004350234939210037
671	0.0004350234395737979
672	0.0004350233856948426
673	0.000435023332281353
674	0.0004350232793338282
675	0.0004350232268466036
676	0.00043502317481515864
677	0.0004350231232398424
678	0.0004350230721119829
679	0.00043502302143546927
680	0.00043502297120220966
681	0.00043502292140801073
682	0.0004350228720540146
683	0.0004350228231351437
684	0.000435022774648197
685	0.00043502272658877615
686	0.00043502267895674166
687	0.00043502263174576884
688	0.0004350225849559957
689	0.00043502253858134236
690	0.00043502249262105026
691	0.0004350224470674799
692	0.00043502240192676945
693	0.00043502235718705475
694	0.0004350223128502433
695	0.00043502226891246605
696	0.0004350222253677134
697	0.0004350221822138879
698	0.00043502213945506227
699	0.00043502209707985297
700	0.00043502205509037906
701	0.0004350220134815118
702	0.00043502197225128757
703	0.0004350219313938195
704	0.0004350218909093984
705	0.0004350218507999543
706	0.0004350218110513194
707	0.00043502177166935977
708	0.0004350217326474622
709	0.00043502169398664556
710	0.0004350216556794383
711	0.0004350216177265697
712	0.0004350215801224485
713	0.00043502154286762114
714	0.0004350215059566832
715	0.0004350214693917854
716	0.00043502143316511164
717	0.0004350213972742512
718	0.0004350213617186332
719	0.0004350213264938687
720	0.00043502129160082206
721	0.00043502125703391727
722	0.00043502122279030623
723	0.00043502118886916185
724	0.00043502115526741227
725	0.00043502112198332113
726	0.000435021089010137
727	0.0004350210563497381
728	0.00043502102400121834
729	0.0004350209919576197
730	0.00043502096022016363
731	0.0004350209287823651
732	0.00043502089764391904
733	0.0004350208668019897
734	0.00043502083625833
735	0.00043502080600460176
736	0.0004350207760428969
737	0.00043502074636574416
738	0.00043502071697405694
739	0.00043502068786892094
740	0.00043502065904238907
741	0.0004350206304962062
742	0.00043502060222361347
743	0.00043502057422416116
744	0.00043502054649822254
745	0.00043502051904235244
746	0.0004350204918508811
747	0.0004350204649279087
748	0.0004350204382649779
749	0.00043502041186394664
750	0.00043502038572130363
751	0.0004350203598342508
752	0.00043502033420228373
753	0.00043502030882370423
754	0.00043502028369372123
755	0.0004350202588112219
756	0.00043502023417356654
757	0.00043502020978182726
758	0.00043502018563042416
759	0.0004350201617186453
760	0.00043502013804755813
761	0.00043502011460784567
762	0.0004350200914045212
763	0.00043502006842961245
764	0.00043502004568826995
765	0.0004350200231720184
766	0.0004350200008830645
767	0.00043501997881478755
768	0.0004350199569735126
769	0.0004350199353480669
770	0.0004350199139408215
771	0.00043501989275124525
772	0.00043501987177356407
773	0.00043501985101263496
774	0.0004350198304607542
775	0.0004350198101158399
776	0.00043501978997869273
777	0.00043501977004688837
778	0.0004350197503181513
779	0.00043501973078943697
780	0.00043501971146409513
781	0.00043501969233178986
782	0.0004350196734000152
783	0.00043501965466144347
784	0.00043501963611599715
785	0.00043501961775881847
786	0.0004350195995937357
787	0.0004350195816167722
788	0.00043501956382452876
789	0.00043501954621667495
790	0.0004350195287913371
791	0.0004350195115479889
792	0.0004350194944816156
793	0.00043501947759416965
794	0.00043501946088435583
795	0.00043501944434882084
796	0.0004350194279843908
797	0.00043501941179354
798	0.00043501939577189445
799	0.0004350193799179136
800	0.00043501936423145335
801	0.00043501934871139703
802	0.0004350193333532819
803	0.0004350193181575401
804	0.0004350193031227775
805	0.0004350192882461649
806	0.0004350192735293935
807	0.00043501925896696937
808	0.0004350192445586918
809	0.000435019230306975
810	0.0004350192162049649
811	0.0004350192022549359
812	0.00043501918845097334
813	0.000435019174798702
814	0.0004350191612909288
815	0.0004350191479303486
816	0.00043501913471030116
817	0.0004350191216335221
818	0.0004350191086989561
819	0.00043501909590114475
820	0.0004350190832436228
821	0.0004350190707234147
822	0.00043501905833915515
823	0.0004350190460874776
824	0.0004350190339725223
825	0.000435019021983349
826	0.0004350190101289368
827	0.00043501899840581713
828	0.0004350189868069144
829	0.0004350189753368725
830	0.0004350189639900612
831	0.0004350189527712615
832	0.00043501894166941867
833	0.0004350189306961386
834	0.000435018919841794
835	0.00043501890910631444
836	0.0004350188984906267
837	0.0004350188879908545
838	0.00043501887760799454
839	0.00043501886733874717
840	0.0004350188571839987
841	0.0004350188471450062
842	0.0004350188372155066
843	0.00043501882739473515
844	0.00043501881768618944
845	0.0004350188080842424
846	0.0004350187985891395
847	0.0004350187892045811
848	0.00043501877992337503
849	0.0004350187707423737
850	0.0004350187616691985
851	0.0004350187526963388
852	0.0004350187438243387
853	0.00043501873505103183
854	0.00043501872637792603
855	0.0004350187178044361
856	0.00043501870932803
857	0.0004350187009453341
858	0.00043501869265891223
859	0.00043501868446688867
860	0.00043501867636842797
861	0.00043501866836305133
862	0.0004350186604482286
863	0.000435018652621616
864	0.0004350186448863805
865	0.00043501863723959834
866	0.00043501862968117007
867	0.0004350186222067172
868	0.00043501861482178844
869	0.0004350186075204472
870	0.0004350186003032056
871	0.00043501859317007877
872	0.00043501858611684496
873	0.0004350185791488481
874	0.0004350185722569408
875	0.0004350185654467204
876	0.0004350185587181552
877	0.0004350185520648986
878	0.0004350185454901044
879	0.0004350185389930172
880	0.0004350185325707766
881	0.00043501852622134353
882	0.00043501851994839246
883	0.0004350185137497013
884	0.00043501850762079177
885	0.0004350185015660576
886	0.0004350184955821073
887	0.0004350184896670179
888	0.000435018483823034
889	0.00043501847804690394
890	0.0004350184723400957
891	0.0004350184667022373
892	0.0004350184611273115
893	0.000435018455619555
894	0.00043501845018011553
895	0.0004350184448022785
896	0.0004350184394885819
897	0.00043501843423871217
898	0.00043501842905136227
899	0.0004350184239245727
900	0.0004350184188626419
901	0.00043501841385833726
902	0.00043501840891466863
903	0.0004350184040289029
904	0.00043501839920628637
905	0.00043501839443471526
906	0.0004350183897254921
907	0.00043501838507137297
908	0.000435018380472283
909	0.00043501837593143774
910	0.00043501837144280253
911	0.00043501836700951795
912	0.0004350183626311926
913	0.00043501835830438433
914	0.000435018354029286
915	0.0004350183498092444
916	0.0004350183456391268
917	0.0004350183415202762
918	0.00043501833744944297
919	0.0004350183334289147
920	0.00043501832945878736
921	0.00043501832553818686
922	0.000435018321661206
923	0.0004350183178350716
924	0.00043501831405438836
925	0.0004350183103220516
926	0.0004350183066365513
927	0.0004350183029943204
928	0.00043501829939800873
929	0.00043501829584442764
930	0.0004350182923366373
931	0.00043501828887144365
932	0.0004350182854510273
933	0.0004350182820689758
934	0.0004350182787319719
935	0.0004350182754351134
936	0.00043501827217944463
937	0.0004350182689663101
938	0.00043501826579115885
939	0.0004350182626568738
940	0.0004350182595598243
941	0.00043501825650414303
942	0.00043501825348373337
943	0.000435018250504231
944	0.0004350182475610919
945	0.0004350182446521733
946	0.00043501824178438105
947	0.00043501823894939154
948	0.0004350182361541082
949	0.00043501823339019613
950	0.0004350182306620036
951	0.00043501822797071014
952	0.0004350182253089722
953	0.00043501822268334666
954	0.0004350182200912157
955	0.00043501821753154813
956	0.00043501821500699757
957	0.0004350182125116872
958	0.0004350182100489829
959	0.0004350182076188894
960	0.0004350182052173712
961	0.0004350182028511665
962	0.0004350182005087389
963	0.00043501819820118676
964	0.00043501819591973287
965	0.0004350181936712956
966	0.0004350181914509156
967	0.0004350181892556962
968	0.0004350181870928032
969	0.0004350181849570263
970	0.0004350181828477068
971	0.00043501818076559337
972	0.00043501817871047823
973	0.00043501817668220523
974	0.0004350181746799746
975	0.00043501817270519846
976	0.00043501817075488643
977	0.00043501816883069553
978	0.0004350181669311106
979	0.00043501816505654055
980	0.00043501816320687793
981	0.00043501816137884075
982	0.00043501815957440904
983	0.0004350181577975696
984	0.0004350181560415665
985	0.0004350181543114109
986	0.0004350181526004503
987	0.00043501815091299316
988	0.0004350181492469833
989	0.00043501814760164327
990	0.0004350181459825053
991	0.0004350181443842182
992	0.0004350181428064537
993	0.00043501814124737704
994	0.0004350181397102434
995	0.0004350181381927303
996	0.00043501813669722604
997	0.0004350181352176582
998	0.0004350181337615277
999	0.0004350181323227408
1000	0.0004350181309055617
1001	0.00043501812950579255
1002	0.00043501812812384206
1003	0.00043501812676136124
1004	0.00043501812541614954
1005	0.00043501812409009417
1006	0.00043501812278159345
1007	0.0004350181214895012
1008	0.00043501812021500875
1009	0.00043501811895996505
1010	0.00043501811771983774
1011	0.0004350181164981524
1012	0.00043501811529143765
1013	0.0004350181140991862
1014	0.00043501811292595257
1015	0.00043501811176746243
1016	0.0004350181106267923
1017	0.00043501810949672756
1018	0.00043501810838528324
1019	0.00043501810729034047
1020	0.0004350181062084473
1021	0.0004350181051424556
1022	0.0004350181040893088
1023	0.00043501810304958917
1024	0.0004350181020270406
1025	0.0004350181010165233
1026	0.00043501810002078236
1027	0.00043501809903649343
1028	0.0004350180980678067
1029	0.0004350180971125968
1030	0.0004350180961676227
1031	0.000435018095240226
1032	0.0004350180943227039
1033	0.00043501809341752986
1034	0.0004350180925283185
1035	0.0004350180916465031
1036	0.0004350180907818562
1037	0.00043501808992690524
1038	0.00043501808907928417
1039	0.0004350180882492017
1040	0.00043501808742873245
1041	0.0004350180866187728
1042	0.0004350180858234929
1043	0.00043501808503595984
1044	0.0004350180842587144
1045	0.00043501808349562514
1046	0.00043501808274005614
1047	0.00043501808199807463
1048	0.0004350180812639049
1049	0.00043501808054296646
1050	0.000435018079827326
1051	0.00043501807912358346
1052	0.0004350180784330902
1053	0.0004350180777489979
1054	0.0004350180770757599
1055	0.00043501807641056826
1056	0.000435018075755557
1057	0.0004350180751102908
1058	0.00043501807447382773
1059	0.00043501807384696014
1060	0.0004350180732289911
1061	0.00043501807261862977
1062	0.0004350180720176471
1063	0.0004350180714248957
1064	0.00043501807084152315
1065	0.00043501807026367423
1066	0.0004350180696973469
1067	0.00043501806913583786
1068	0.00043501806858540495
1069	0.000435018068040786
1070	0.0004350180675055834
1071	0.000435018066977503
1072	0.00043501806645568353
1073	0.00043501806594304976
1074	0.00043501806543639926
1075	0.00043501806493844363
1076	0.0004350180644456817
1077	0.0004350180639608198
1078	0.00043501806348364967
1079	0.0004350180630130215
1080	0.00043501806254758095
1081	0.00043501806209346266
1082	0.0004350180616405739
1083	0.0004350180611978878
1084	0.0004350180607582876
1085	0.0004350180603280834
1086	0.00043501805990082206
1087	0.00043501805948520334
1088	0.0004350180590713782
1089	0.00043501805866296545
1090	0.00043501805826277504
1091	0.000435018057868829
1092	0.0004350180574815706
1093	0.0004350180570957075
1094	0.00043501805671684326
1095	0.0004350180563455076
1096	0.0004350180559773068
1097	0.00043501805561515567
1098	0.00043501805525875353
1099	0.00043501805490935204
1100	0.0004350180545611853
1101	0.00043501805422268994
1102	0.0004350180538867844
1103	0.00043501805355313877
1104	0.0004350180532280776
1105	0.00043501805290519847
1106	0.0004350180525891035
1107	0.0004350180522792762
1108	0.00043501805197264625
1109	0.00043501805166723973
1110	0.0004350180513706494
1111	0.0004350180510768678
1112	0.00043501805078633164
1113	0.0004350180505003887
1114	0.0004350180502202622
1115	0.0004350180499453516
1116	0.00043501804967174503
1117	0.00043501804940233776
1118	0.00043501804913702536
1119	0.00043501804887838773
1120	0.0004350180486209559
1121	0.00043501804836707176
1122	0.0004350180481186868
1123	0.00043501804787379663
1124	0.00043501804763247247
1125	0.0004350180473922939
1126	0.0004350180471602101
1127	0.00043501804692870464
1128	0.0004350180467005633
1129	0.00043501804647751613
1130	0.0004350180462571255
1131	0.00043501804603846234
1132	0.0004350180458228609
1133	0.0004350180456111709
1134	0.0004350180454067565
1135	0.00043501804520244955
1136	0.0004350180450018271
1137	0.00043501804480307
1138	0.00043501804460638853
1139	0.000435018044415248
1140	0.00043501804422567533
1141	0.00043501804403851964
1142	0.0004350180438558176
1143	0.00043501804367391004
1144	0.00043501804349643005
1145	0.00043501804332055495
1146	0.00043501804314886254
1147	0.00043501804298098576
1148	0.00043501804281069186
1149	0.0004350180426477321
1150	0.00043501804248459046
1151	0.0004350180423257257
1152	0.0004350180421669915
1153	0.00043501804201193664
1154	0.00043501804185923354
1155	0.00043501804170878374
1156	0.00043501804156325556
1157	0.0004350180414147594
1158	0.00043501804127359843
1159	0.00043501804113234294
1160	0.00043501804099447465
1161	0.0004350180408560486
1162	0.0004350180407221724
1163	0.00043501804058664647
1164	0.0004350180404571515
1165	0.00043501804032949307
1166	0.00043501804020333704
1167	0.00043501804007912493
1168	0.00043501803995666993
1169	0.00043501803983472153
1170	0.00043501803971739085
1171	0.0004350180395976622
1172	0.00043501803948529753
1173	0.0004350180393718363
1174	0.00043501803926033057
1175	0.0004350180391502886
1176	0.00043501803904206614
1177	0.00043501803893550105
1178	0.0004350180388307649
1179	0.00043501803872615836
1180	0.0004350180386285622
1181	0.00043501803852735016
1182	0.0004350180384313122
1183	0.0004350180383339399
1184	0.00043501803823723024
1185	0.00043501803814485085
1186	0.0004350180380531882
1187	0.0004350180379602234
1188	0.0004350180378732754
1189	0.00043501803778600215
1190	0.00043501803769873786
1191	0.00043501803761223723
1192	0.0004350180375288412
1193	0.0004350180374463968
1194	0.0004350180373656286
1195	0.00043501803728718247
1196	0.00043501803720671255
1197	0.00043501803712966015
1198	0.0004350180370562216
1199	0.0004350180369796353
1200	0.00043501803690569423
1201	0.00043501803683164983
1202	0.00043501803676117615
1203	0.00043501803669227467
1204	0.00043501803662293506
1205	0.0004350180365562996
1206	0.00043501803648866817
1207	0.000435018036424433
1208	0.0004350180363583275
1209	0.0004350180362944005
1210	0.0004350180362322223
1211	0.00043501803617134556
1212	0.0004350180361099457
1213	0.00043501803605141756
1214	0.0004350180359918602
1215	0.0004350180359349282
1216	0.0004350180358784878
1217	0.00043501803582369114
1218	0.00043501803576693836
1219	0.00043501803571440844
1220	0.0004350180356605416
1221	0.00043501803560991206
1222	0.000435018035558045
1223	0.00043501803550712227
1224	0.00043501803545791976
1225	0.00043501803540707627
1226	0.00043501803535983107
1227	0.00043501803531305913
1228	0.0004350180352671206
1229	0.00043501803522161383
1230	0.00043501803517672656
1231	0.00043501803512972336
1232	0.0004350180350885673
1233	0.00043501803504552634
1234	0.0004350180350017088
1235	0.0004350180349614105
1236	0.0004350180349218168
1237	0.0004350180348805426
1238	0.00043501803484122665
1239	0.00043501803480170716
1240	0.000435018034765526
1241	0.0004350180347281636
1242	0.00043501803469146873
1243	0.00043501803465669495
1244	0.0004350180346187879
1245	0.0004350180345825183
1246	0.0004350180345489026
1247	0.0004350180345161299
1248	0.0004350180344815122
1249	0.0004350180344511596
1250	0.000435018034415331
1251	0.00043501803438616705
1252	0.00043501803435274126
1253	0.00043501803432376585
1254	0.0004350180342944591
1255	0.000435018034264818
1256	0.0004350180342341801
1257	0.00043501803420662247
1258	0.0004350180341779475
1259	0.0004350180341515523
1260	0.0004350180341240962
1261	0.00043501803409717134
1262	0.00043501803407128704
1263	0.00043501803404447006
1264	0.0004350180340203504
1265	0.0004350180339930193
1266	0.00043501803397151637
1267	0.0004350180339464905
1268	0.00043501803392293544
1269	0.0004350180338980886
1270	0.00043501803387518246
1271	0.0004350180338558107
1272	0.0004350180338322556
1273	0.0004350180338095398
1274	0.00043501803378837527
1275	0.0004350180337665346
1276	0.0004350180337461966
1277	0.00043501803372645784
1278	0.0004350180337041582
1279	0.0004350180336889048
1280	0.0004350180336687671
1281	0.0004350180336492519
1282	0.00043501803363182363
1283	0.00043501803361120075
1284	0.0004350180335942458
1285	0.0004350180335749135
1286	0.0004350180335573876
1287	0.0004350180335431106
1288	0.0004350180335265197
1289	0.0004350180335071942
1290	0.00043501803349249194
1291	0.00043501803347720144
1292	0.0004350180334615151
1293	0.00043501803344621413
1294	0.000435018033431442
1295	0.0004350180334159637
1296	0.00043501803339900824
1297	0.00043501803338617866
1298	0.000435018033372929
1299	0.0004350180333577383
1300	0.0004350180333447085
1301	0.0004350180333319634
1302	0.0004350180333194618
1303	0.00043501803330729633
1304	0.00043501803329245664
1305	0.00043501803328051866
1306	0.0004350180332680933
1307	0.0004350180332572106
1308	0.0004350180332456024
1309	0.0004350180332343258
1310	0.0004350180332224543
1311	0.0004350180332111832
1312	0.0004350180331996591
1313	0.0004350180331886759
1314	0.00043501803317748936
1315	0.00043501803316963237
1316	0.0004350180331569502
1317	0.00043501803314847443
1318	0.00043501803313642824
1319	0.0004350180331286931
1320	0.0004350180331196752
1321	0.0004350180331075133
1322	0.0004350180331002554
1323	0.00043501803309160965
1324	0.00043501803308090034
1325	0.00043501803307277283
1326	0.0004350180330657682
1327	0.0004350180330573296
1328	0.0004350180330466435
1329	0.00043501803304163953
1330	0.00043501803303081714
1331	0.00043501803302469053
1332	0.0004350180330174046
1333	0.0004350180330071075
1334	0.00043501803300155723
1335	0.00043501803299326016
1336	0.00043501803298703396
1337	0.0004350180329806095
1338	0.00043501803297462776
1339	0.00043501803296702826
1340	0.00043501803296025075
1341	0.000435018032952135
1342	0.0004350180329469597
1343	0.00043501803294035494
1344	0.00043501803293351287
1345	0.0004350180329280919
1346	0.00043501803292303974
1347	0.0004350180329145389
1348	0.0004350180329083007
1349	0.000435018032903528
1350	0.00043501803289980166
1351	0.0004350180328928487
1352	0.00043501803288820075
1353	0.0004350180328845551
1354	0.00043501803287759736
1355	0.00043501803287271823
1356	0.0004350180328702103
1357	0.00043501803286304314
1358	0.00043501803285798935
1359	0.00043501803285094583
1360	0.00043501803285050667
1361	0.0004350180328444289
1362	0.0004350180328413614
1363	0.0004350180328368269
1364	0.0004350180328303309
1365	0.00043501803282683247
1366	0.00043501803282230815
1367	0.00043501803281877625
1368	0.00043501803281507576
1369	0.00043501803281003487
1370	0.0004350180328079981
1371	0.00043501803280353047
1372	0.0004350180328017101
1373	0.00043501803279699517
1374	0.00043501803279162566
1375	0.00043501803279060835
1376	0.0004350180327857259
1377	0.00043501803278108044
1378	0.0004350180327805525
1379	0.0004350180327773704
1380	0.0004350180327737841
1381	0.00043501803276874303
1382	0.00043501803276692574
1383	0.0004350180327639562
1384	0.0004350180327611275
1385	0.0004350180327575208
1386	0.00043501803275475357
1387	0.00043501803275395706
1388	0.0004350180327486075
1389	0.00043501803274769183
1390	0.00043501803274510764
1391	0.00043501803274040215
1392	0.0004350180327378936
1393	0.0004350180327355646
1394	0.00043501803273434303
1395	0.0004350180327316066
1396	0.0004350180327305523
1397	0.00043501803272817934
1398	0.0004350180327259376
1399	0.00043501803272444817
1400	0.00043501803272153416
1401	0.0004350180327201762
1402	0.0004350180327157789
1403	0.00043501803271541763
1404	0.0004350180327132683
1405	0.0004350180327093427
1406	0.00043501803270739795
1407	0.0004350180327071345
1408	0.0004350180327036766
1409	0.0004350180327010356
1410	0.0004350180327009043
1411	0.0004350180326998129
1412	0.00043501803269818044
1413	0.00043501803269709196
1414	0.00043501803269377376
1415	0.0004350180326918585
1416	0.00043501803269052684
1417	0.00043501803268885815
1418	0.0004350180326892728
1419	0.0004350180326866724
1420	0.00043501803268408847
1421	0.0004350180326822197
1422	0.0004350180326821315
1423	0.00043501803268079634
1424	0.0004350180326797003
1425	0.00043501803267633436
1426	0.0004350180326762297
1427	0.0004350180326758306
1428	0.00043501803267431195
1429	0.0004350180326733925
1430	0.00043501803267163776
1431	0.0004350180326705142
1432	0.0004350180326698917
1433	0.0004350180326688414
1434	0.0004350180326671882
1435	0.00043501803266561724
1436	0.0004350180326647237
1437	0.00043501803266406526
1438	0.0004350180326629684
1439	0.00043501803266141737
1440	0.0004350180326603118
1441	0.000435018032658721
1442	0.00043501803265671925
1443	0.00043501803265837006
1444	0.00043501803265917817
1445	0.0004350180326551605
1446	0.0004350180326567591
1447	0.0004350180326527257
1448	0.00043501803265279487
1449	0.00043501803265283596
1450	0.0004350180326519439
1451	0.0004350180326514985
1452	0.0004350180326501067
1453	0.0004350180326501417
1454	0.00043501803264895235
1455	0.0004350180326491716
1456	0.0004350180326457157
1457	0.00043501803264554004
1458	0.00043501803264633075
1459	0.00043501803264401587
1460	0.00043501803264681463
1461	0.0004350180326431548
1462	0.00043501803264400394
1463	0.0004350180326409463
1464	0.00043501803264113693
1465	0.0004350180326406404
1466	0.00043501803264157257
1467	0.00043501803264046603
1468	0.00043501803263880113
1469	0.0004350180326383996
1470	0.00043501803263616066
1471	0.0004350180326353846
1472	0.0004350180326374093
1473	0.00043501803263474556
1474	0.0004350180326357739
1475	0.00043501803263570963
1476	0.00043501803263454287
1477	0.00043501803263225195
1478	0.00043501803263292524
1479	0.00043501803263207463
1480	0.00043501803263329495
1481	0.0004350180326318922
1482	0.00043501803263097845
1483	0.00043501803263208704
1484	0.00043501803263035904
1485	0.0004350180326311735
1486	0.00043501803263081614
1487	0.0004350180326283396
1488	0.00043501803263025534
1489	0.0004350180326288883
1490	0.0004350180326279869
1491	0.0004350180326294786
1492	0.00043501803262770237
1493	0.0004350180326273097
1494	0.0004350180326292039
1495	0.0004350180326270912
1496	0.00043501803262773793
1497	0.0004350180326251404
1498	0.0004350180326244737
1499	0.00043501803262724787
1500	0.00043501803262673575
1501	0.00043501803262712704
1502	0.0004350180326257252
1503	0.0004350180326237826
1504	0.00043501803262577287
1505	0.00043501803262505285
1506	0.00043501803262486626
1507	0.0004350180326242811
1508	0.00043501803262457303
1509	0.00043501803262304057
1510	0.0004350180326228883
1511	0.00043501803262233513
1512	0.0004350180326238794
1513	0.00043501803262220855
1514	0.0004350180326223807
1515	0.00043501803262103837
1516	0.0004350180326222991
1517	0.00043501803262143844
1518	0.00043501803262015854
1519	0.00043501803261945674
1520	0.0004350180326209192
1521	0.0004350180326200381
1522	0.000435018032620426
1523	0.0004350180326218146
1524	0.0004350180326195973
1525	0.0004350180326179787
1526	0.0004350180326212811
1527	0.0004350180326194963
1528	0.0004350180326192118
1529	0.00043501803261867866
1530	0.0004350180326191821
1531	0.000435018032618876
1532	0.00043501803262030426
1533	0.00043501803261705344
1534	0.000435018032619379
1535	0.0004350180326167139
1536	0.00043501803261695744
1537	0.00043501803261739486
1538	0.0004350180326174238
1539	0.00043501803261808305
1540	0.00043501803261823175
1541	0.00043501803261700454
1542	0.0004350180326161848
1543	0.00043501803261735393
1544	0.0004350180326176247
1545	0.00043501803261752084
1546	0.0004350180326180149
1547	0.0004350180326160253
1548	0.00043501803261725196
1549	0.00043501803261919344
1550	0.000435018032618076
1551	0.0004350180326161326
1552	0.0004350180326156773
1553	0.0004350180326159669
1554	0.0004350180326154865
1555	0.0004350180326140485
1556	0.00043501803261701517
1557	0.0004350180326156542
1558	0.0004350180326158509
1559	0.00043501803261713655
1560	0.00043501803261495524
1561	0.00043501803261432965
1562	0.0004350180326161449
1563	0.0004350180326147728
1564	0.000435018032615067
1565	0.00043501803261463095
1566	0.0004350180326145399
1567	0.0004350180326141858
1568	0.0004350180326156643
1569	0.00043501803261459653
1570	0.00043501803261592327
1571	0.0004350180326162323
1572	0.00043501803261354735
1573	0.00043501803261373047
1574	0.0004350180326155109
1575	0.00043501803261507217
1576	0.00043501803261562495
1577	0.00043501803261332265
1578	0.00043501803261288674
1579	0.0004350180326134382
1580	0.00043501803261304656
1581	0.0004350180326135096
1582	0.000435018032614439
1583	0.0004350180326152759
1584	0.0004350180326129319
1585	0.0004350180326133721
1586	0.00043501803261539255
1587	0.0004350180326145684
1588	0.00043501803261237505
1589	0.0004350180326121203
1590	0.00043501803261339464
1591	0.0004350180326133468
1592	0.0004350180326130927
1593	0.00043501803261380533
1594	0.000435018032614023
1595	0.0004350180326136963
1596	0.0004350180326147734
1597	0.00043501803261314137
1598	0.0004350180326135726
1599	0.00043501803261258403
1600	0.00043501803261370374
1601	0.00043501803261165303
1602	0.00043501803261307724
1603	0.0004350180326146602
1604	0.0004350180326122986
1605	0.00043501803261416735
1606	0.00043501803261455024
1607	0.00043501803261273946
1608	0.000435018032612051
1609	0.0004350180326120032
1610	0.00043501803261306065
1611	0.00043501803261307697
1612	0.0004350180326127133
1613	0.0004350180326127756
1614	0.0004350180326108301
1615	0.00043501803261401843
1616	0.0004350180326112942
1617	0.0004350180326122237
1618	0.000435018032614189
1619	0.00043501803261264697
1620	0.0004350180326124629
1621	0.0004350180326127978
1622	0.0004350180326129384
1623	0.0004350180326130122
1624	0.0004350180326108241
1625	0.0004350180326144927
1626	0.000435018032612609
1627	0.0004350180326117562
1628	0.00043501803261161747
1629	0.00043501803261025403
1630	0.000435018032613131
1631	0.0004350180326122532
1632	0.00043501803261355364
1633	0.0004350180326121403
1634	0.000435018032612186
1635	0.00043501803261167043
1636	0.00043501803261305425
1637	0.00043501803261110887
1638	0.0004350180326126847
1639	0.0004350180326130639
1640	0.00043501803261175104
1641	0.0004350180326130255
1642	0.00043501803261221015
1643	0.0004350180326125379
1644	0.0004350180326109784
1645	0.00043501803261272764
1646	0.00043501803261193324
1647	0.0004350180326116377
1648	0.0004350180326120786
1649	0.00043501803261317953
1650	0.00043501803261298123
1651	0.0004350180326120976
1652	0.0004350180326115357
1653	0.0004350180326127401
1654	0.00043501803261330373
1655	0.0004350180326102343
1656	0.000435018032611616
1657	0.00043501803261161465
1658	0.0004350180326119575
1659	0.00043501803261084503
1660	0.0004350180326120302
1661	0.0004350180326115948
1662	0.0004350180326125681
1663	0.0004350180326138486
1664	0.00043501803261215214
1665	0.00043501803261255167
1666	0.00043501803261186326
1667	0.0004350180326112014
1668	0.0004350180326123018
1669	0.00043501803261099183
1670	0.00043501803261043493
1671	0.0004350180326106753
1672	0.000435018032612989
1673	0.0004350180326099946
1674	0.00043501803261115907
1675	0.0004350180326102851
1676	0.0004350180326118839
1677	0.00043501803261304715
1678	0.0004350180326112213
1679	0.0004350180326121718
1680	0.00043501803261197504
1681	0.00043501803261000493
1682	0.00043501803261215355
1683	0.0004350180326128513
1684	0.0004350180326135108
1685	0.0004350180326114985
1686	0.0004350180326111535
1687	0.00043501803261189015
1688	0.0004350180326132165
1689	0.0004350180326121932
1690	0.00043501803261181463
1691	0.00043501803261229287
1692	0.0004350180326116939
1693	0.0004350180326104215
1694	0.00043501803261388253
1695	0.00043501803261215377
1696	0.0004350180326133823
1697	0.0004350180326114165
1698	0.00043501803261138924
1699	0.0004350180326101996
1700	0.0004350180326116201
1701	0.0004350180326137434
1702	0.0004350180326113118
1703	0.00043501803261184515
1704	0.0004350180326122398
1705	0.0004350180326125172
1706	0.0004350180326119092
1707	0.00043501803261319607
1708	0.0004350180326117699
1709	0.0004350180326117425
1710	0.0004350180326097049
1711	0.000435018032610248
1712	0.0004350180326131345
1713	0.00043501803261140177
1714	0.00043501803261259504
1715	0.00043501803261313454
1716	0.0004350180326114686
1717	0.00043501803261323694
1718	0.0004350180326119009
1719	0.0004350180326102678
1720	0.00043501803261331923
1721	0.0004350180326131122
1722	0.00043501803261194907
1723	0.0004350180326120093
1724	0.00043501803261230057
1725	0.0004350180326124255
1726	0.00043501803261147495
1727	0.000435018032610404
1728	0.00043501803261293163
1729	0.0004350180326112911
1730	0.00043501803261199027
1731	0.00043501803261036446
1732	0.00043501803261125177
1733	0.0004350180326114815
1734	0.0004350180326121759
1735	0.0004350180326137639
1736	0.00043501803261205625
1737	0.0004350180326110848
1738	0.00043501803261216505
1739	0.0004350180326127168
1740	0.00043501803261147284
1741	0.00043501803261153344
1742	0.00043501803261115484
1743	0.0004350180326120807
1744	0.0004350180326126965
1745	0.0004350180326116786
1746	0.00043501803261168344
1747	0.00043501803261239967
1748	0.0004350180326127745
1749	0.0004350180326120709
1750	0.00043501803261149685
1751	0.0004350180326117648
1752	0.00043501803261254007
1753	0.0004350180326114918
1754	0.000435018032610337
1755	0.000435018032612539
1756	0.0004350180326123594
1757	0.0004350180326094168
1758	0.00043501803261102956
1759	0.0004350180326128384
1760	0.00043501803261183816
1761	0.00043501803261194766
1762	0.0004350180326112374
1763	0.000435018032611781
1764	0.00043501803261105336
1765	0.00043501803261055067
1766	0.00043501803261210037
1767	0.00043501803261085126
1768	0.00043501803261366764
1769	0.00043501803261029946
1770	0.0004350180326097791
1771	0.0004350180326105225
1772	0.000435018032612222
1773	0.00043501803261337626
1774	0.00043501803261323385
1775	0.0004350180326101212
1776	0.00043501803261239587
1777	0.00043501803261108106
1778	0.0004350180326117408
1779	0.00043501803261093914
1780	0.0004350180326126751
1781	0.0004350180326123441
1782	0.00043501803261063854
1783	0.0004350180326122845
1784	0.0004350180326119009
1785	0.00043501803261209
1786	0.0004350180326108977
1787	0.0004350180326116305
1788	0.00043501803261279627
1789	0.0004350180326109825
1790	0.0004350180326113095
1791	0.00043501803261157524
1792	0.0004350180326090494
1793	0.0004350180326117378
1794	0.00043501803261288024
1795	0.0004350180326114083
1796	0.00043501803261069823
1797	0.00043501803261225303
1798	0.0004350180326130747
1799	0.000435018032610923
1800	0.0004350180326103365
1801	0.00043501803261168523
1802	0.00043501803260970195
1803	0.0004350180326115024
1804	0.0004350180326110246
1805	0.00043501803261187784
1806	0.00043501803261250803
1807	0.00043501803261198827
1808	0.00043501803260954014
1809	0.00043501803261160587
1810	0.00043501803261315655
1811	0.00043501803261171434
1812	0.00043501803261066494
1813	0.00043501803261179446
1814	0.0004350180326130372
1815	0.0004350180326147499
1816	0.0004350180326109944
1817	0.0004350180326138203
1818	0.0004350180326119593
1819	0.00043501803261192484
1820	0.0004350180326107777
1821	0.0004350180326124823
1822	0.0004350180326139889
1823	0.0004350180326107351
1824	0.00043501803261150493
1825	0.00043501803261248906
1826	0.0004350180326123702
1827	0.00043501803261213366
1828	0.00043501803261060797
1829	0.00043501803261135753
1830	0.00043501803261234285
1831	0.0004350180326130155
1832	0.0004350180326115027
1833	0.0004350180326108303
1834	0.00043501803261090656
1835	0.0004350180326111663
1836	0.00043501803261093236
1837	0.0004350180326117945
1838	0.00043501803261247784
1839	0.00043501803261282695
1840	0.0004350180326125893
1841	0.00043501803261135563
1842	0.0004350180326098149
1843	0.0004350180326130275
