0	0.041654330636180195
1	0.03813484792812151
2	0.035300236798390006
3	0.032990414259396694
4	0.031121690310837287
5	0.029624612321142343
6	0.028431616018938566
7	0.02748139021750682
8	0.026722233872519496
9	0.02611251735712767
10	0.025619413488330404
11	0.02521720953862183
12	0.02488586266990716
13	0.024609887750503226
14	0.024377425180010542
15	0.02417942873308655
16	0.024009002310602053
17	0.023860873758740735
18	0.023730974195454217
19	0.023616114330678797
20	0.023513758025079302
21	0.023421866458000155
22	0.02333879584141481
23	0.023263235599106095
24	0.02319415339213511
25	0.023130735167203445
26	0.02307233794838404
27	0.023018456611894392
28	0.022968686437111762
29	0.022922688218215317
30	0.022880170584270245
31	0.022840879651771263
32	0.02280458860297903
33	0.022771093147521314
34	0.022740211731329257
35	0.022711784040531362
36	0.022685668861093883
37	0.022661740340179478
38	0.02263988149886978
39	0.022619979998438126
40	0.022601926565920503
41	0.022585611497122942
42	0.02257092199790458
43	0.02255774406569493
44	0.022545964243484706
45	0.02253546913595708
46	0.022526146263460785
47	0.02251788545632643
48	0.022510578502169233
49	0.022504118695479317
50	0.022498400948154574
51	0.02249332206976744
52	0.02248878200914232
53	0.0224846853712452
54	0.02248094278566738
55	0.022477473351786584
56	0.022474206867259382
57	0.022471084438725752
58	0.022468058951319383
59	0.02246509519562565
60	0.022462168480698555
61	0.022459262965359314
62	0.02245637024698384
63	0.022453487754636382
64	0.02245061740764295
65	0.02244776454259114
66	0.022444937063771816
67	0.02244214487318207
68	0.02243939900282066
69	0.022436710756959452
70	0.02243409113996453
71	0.022431550003592756
72	0.022429095346257092
73	0.022426733084681474
74	0.02242446685819602
75	0.022422298047547813
76	0.02242022603725322
77	0.022418248497987764
78	0.0224163616918339
79	0.022414560691646754
80	0.022412839642620454
81	0.02241119203658632
82	0.02240961088772958
83	0.022408089049704955
84	0.022406619534345754
85	0.022405195720016015
86	0.022403811583504248
87	0.02240246182131654
88	0.022401141859191755
89	0.02239984781066217
90	0.022398576401000674
91	0.02239732490498436
92	0.022396091075322908
93	0.02239487313241932
94	0.022393669770256246
95	0.022392480120526213
96	0.02239130373548834
97	0.02239014052505697
98	0.02238899066019096
99	0.022387854485750626
100	0.02238673243382584
101	0.022385624959265833
102	0.022384532494767115
103	0.02238345543701578
104	0.022382394134419354
105	0.02238134887468785
106	0.022380319884147473
107	0.022379307310246434
108	0.02237831121285503
109	0.022377331563830295
110	0.02237636824893372
111	0.02237542107970928
112	0.0223744898087637
113	0.02237357414568353
114	0.022372673766109102
115	0.022371788322871254
116	0.022370917451797798
117	0.022370060776226275
118	0.022369217917237914
119	0.0223683885010318
120	0.022367572168581037
121	0.022366768583656084
122	0.022365977437304247
123	0.022365198448067176
124	0.022364431360280497
125	0.022363675940283084
126	0.022362931971634182
127	0.02236219925344509
128	0.022361477597958375
129	0.02236076682994158
130	0.022360066786172375
131	0.02235937731379566
132	0.02235869826814516
133	0.022358029510185742
134	0.022357370903737867
135	0.02235672231308075
136	0.022356083601973057
137	0.022355454632528204
138	0.022354835265214347
139	0.022354225358763767
140	0.02235362476993154
141	0.0223530333534281
142	0.022352450961852698
143	0.022351877445760077
144	0.022351312654108137
145	0.022350756434941513
146	0.022350208635947742
147	0.02234966910528862
148	0.022349137692050734
149	0.02234861424676101
150	0.022348098621861757
151	0.02234759067216349
152	0.022347090255303965
153	0.022346597232186568
154	0.022346111467159042
155	0.022345632828035977
156	0.022345161185912198
157	0.022344696414783642
158	0.022344238391238364
159	0.022343786994141548
160	0.022343342104457566
161	0.022342903605155374
162	0.022342471381143675
163	0.022342045319182054
164	0.022341625307801843
165	0.02234121123715789
166	0.022340802998939265
167	0.02234040048628939
168	0.022340003593776032
169	0.022339612217397754
170	0.022339226254599713
171	0.02233884560428148
172	0.022338470166813104
173	0.022338099844036674
174	0.02233773453928719
175	0.022337374157422575
176	0.02233701860485245
177	0.02233666778956988
178	0.022336321621159175
179	0.02233598001078483
180	0.02233564287116802
181	0.022335310116547866
182	0.022334981662647586
183	0.022334657426639166
184	0.022334337327108614
185	0.022334021284022922
186	0.022333709218688554
187	0.022333401053711233
188	0.022333096712955722
189	0.022332796121508097
190	0.022332499205647963
191	0.022332205892826633
192	0.02233191611164836
193	0.022331629791855493
194	0.022331346864312023
195	0.022331067260985004
196	0.02233079091492826
197	0.02233051776026368
198	0.022330247732165798
199	0.02232998076684622
200	0.022329716801538554
201	0.022329455774483607
202	0.022329197624911423
203	0.022328942293025573
204	0.022328689719984723
205	0.022328439847884476
206	0.02232819261974027
207	0.022327947979468785
208	0.022327705871868858
209	0.02232746624260405
210	0.022327229038182288
211	0.022326994205937874
212	0.022326761694013365
213	0.022326531451341794
214	0.022326303427629268
215	0.022326077573338043
216	0.02232585383966921
217	0.022325632178545503
218	0.022325412542595194
219	0.02232519488513577
220	0.022324979160158298
221	0.022324765322312312
222	0.022324553326891258
223	0.022324343129816474
224	0.022324134687623197
225	0.022323927957445137
226	0.022323722896998886
227	0.022323519464570202
228	0.022323317618998594
229	0.022323117319663015
230	0.022322918526468033
231	0.022322721199829035
232	0.022322525300658543
233	0.02232233079035221
234	0.022322137630774966
235	0.022321945784247843
236	0.022321755213535313
237	0.02232156588183057
238	0.022321377752744644
239	0.02232119079029247
240	0.022321004958880515
241	0.022320820223295193
242	0.022320636548690105
243	0.022320453900573984
244	0.022320272244800023
245	0.022320091547553187
246	0.022319911775339474
247	0.02231973289497433
248	0.02231955487357177
249	0.02231937767853356
250	0.022319201277538735
251	0.02231902563853256
252	0.022318850729716438
253	0.02231867651953786
254	0.02231850297667977
255	0.022318330070051663
256	0.022318157768778782
257	0.022317986042193448
258	0.022317814859825234
259	0.022317644191392483
260	0.022317474006792404
261	0.022317304276093283
262	0.02231713496952566
263	0.022316966057473773
264	0.022316797510468108
265	0.0223166292991769
266	0.022316461394398985
267	0.022316293767056523
268	0.022316126388188168
269	0.022315959228941497
270	0.02231579226056772
271	0.022315625454414532
272	0.022315458781921378
273	0.02231529221461308
274	0.022315125724095133
275	0.022314959282049213
276	0.0223147928602284
277	0.0223146264304538
278	0.02231445996461061
279	0.022314293434645718
280	0.022314126812564557
281	0.022313960070429566
282	0.022313793180358865
283	0.022313626114524414
284	0.022313458845153445
285	0.02231329134452661
286	0.02231312358498134
287	0.022312955538911643
288	0.022312787178771346
289	0.022312618477077217
290	0.022312449406413234
291	0.022312279939434847
292	0.0223121100488748
293	0.022311939707550472
294	0.02231176888837094
295	0.022311597564345472
296	0.022311425708594124
297	0.022311253294357375
298	0.02231108029500975
299	0.02231090668407179
300	0.02231073243522564
301	0.02231055752233028
302	0.022310381919439598
303	0.02231020560082113
304	0.022310028540976162
305	0.02230985071466252
306	0.0223096720969174
307	0.022309492663083727
308	0.022309312388837238
309	0.022309131250215657
310	0.022308949223649933
311	0.022308766285997386
312	0.022308582414577074
313	0.02230839758720734
314	0.022308211782245225
315	0.022308024978628594
316	0.022307837155920485
317	0.022307648294355595
318	0.022307458374889465
319	0.02230726737925022
320	0.02230707528999195
321	0.022306882090552503
322	0.022306687765311573
323	0.022306492299652994
324	0.022306295680029273
325	0.0223060978940282
326	0.02230589893044215
327	0.022305698779340626
328	0.022305497432144283
329	0.022305294881701784
330	0.022305091122369624
331	0.022304886150092594
332	0.022304679962487573
333	0.022304472558929245
334	0.022304263940636903
335	0.02230405411076367
336	0.022303843074485234
337	0.022303630839092675
338	0.022303417414083516
339	0.022303202811254103
340	0.02230298704479224
341	0.022302770131369505
342	0.02230255209023315
343	0.022302332943296165
344	0.02230211271522644
345	0.02230189143353322
346	0.02230166912865159
347	0.022301445834023402
348	0.02230122158617314
349	0.022300996424781824
350	0.022300770392753085
351	0.022300543536274434
352	0.022300315904871835
353	0.022300087551456602
354	0.022299858532364714
355	0.022299628907385273
356	0.022299398739782057
357	0.022299168096301513
358	0.022298937047171473
359	0.022298705666086254
360	0.022298474030180163
361	0.02229824221998638
362	0.02229801031938169
363	0.02229777841551659
364	0.02229754659873006
365	0.022297314962446812
366	0.022297083603060812
367	0.022296852619799266
368	0.022296622114570695
369	0.02229639219179711
370	0.02229616295822598
371	0.022295934522729276
372	0.022295706996081046
373	0.022295480490722906
374	0.022295255120510407
375	0.022295031000446396
376	0.022294808246399008
377	0.022294586974806078
378	0.022294367302368195
379	0.022294149345730225
380	0.022293933221153417
381	0.02229371904418033
382	0.022293506929292536
383	0.02229329698956441
384	0.022293089336315144
385	0.022292884078758887
386	0.02229268132365868
387	0.022292481174981844
388	0.02229228373356372
389	0.022292089096777837
390	0.022291897358217464
391	0.022291708607389726
392	0.022291522929423192
393	0.022291340404794427
394	0.02229116110907104
395	0.022290985112675746
396	0.02229081248067251
397	0.022290643272576814
398	0.022290477542189456
399	0.022290315337457504
400	0.022290156700360893
401	0.022290001666827618
402	0.02228985026667536
403	0.022289702523583192
404	0.022289558455089377
405	0.02228941807261844
406	0.0222892813815347
407	0.02228914838122303
408	0.022289019065194968
409	0.022288893421220105
410	0.022288771431479126
411	0.022288653072741818
412	0.02228853831656132
413	0.022288427129490945
414	0.022288319473314465
415	0.02228821530529392
416	0.02228811457842793
417	0.02228801724172217
418	0.022287923240468216
419	0.022287832516529722
420	0.02228774500863203
421	0.02228766065265596
422	0.02228757938193143
423	0.02228750112753149
424	0.0222874258185614
425	0.022287353382446147
426	0.022287283745209843
427	0.022287216831749754
428	0.022287152566099887
429	0.022287090871687003
430	0.022287031671574812
431	0.0222869748886969
432	0.022286920446078093
433	0.022286868267041907
434	0.022286818275406597
435	0.022286770395665893
436	0.022286724553157243
437	0.022286680674215794
438	0.022286638686314773
439	0.02228659851819198
440	0.022286560099963916
441	0.022286523363225227
442	0.022286488241135896
443	0.02228645466849761
444	0.022286422581816123
445	0.022286391919352902
446	0.022286362621167784
447	0.022286334629148998
448	0.022286307887035166
449	0.022286282340428246
450	0.022286257936797366
451	0.022286234625476967
452	0.022286212357655395
453	0.022286191086359687
454	0.022286170766433303
455	0.02228615135450808
456	0.022286132808973617
457	0.022286115089942195
458	0.022286098159207582
459	0.022286081980205465
460	0.02228606651796785
461	0.022286051739076853
462	0.022286037611616807
463	0.022286024105125576
464	0.02228601119054395
465	0.0222859988401658
466	0.022285987027587006
467	0.022285975727655307
468	0.022285964916419758
469	0.022285954571081238
470	0.022285944669943495
471	0.022285935192364485
472	0.022285926118709998
473	0.022285917430307552
474	0.02228590910940121
475	0.02228590113910903
476	0.02228589350338004
477	0.02228588618695497
478	0.022285879175325724
479	0.02228587245469975
480	0.0222858660119618
481	0.022285859834640966
482	0.022285853910877246
483	0.022285848229389543
484	0.022285842779446723
485	0.022285837550837517
486	0.02228583253384398
487	0.022285827719216306
488	0.022285823098147015
489	0.02228581866224833
490	0.022285814403530238
491	0.022285810314379272
492	0.02228580638753907
493	0.0222858026160914
494	0.022285798993438716
495	0.022285795513287583
496	0.0222857921696328
497	0.022285788956742675
498	0.022285785869145196
499	0.022285782901614367
500	0.0222857800491582
501	0.02228577730700695
502	0.022285774670601815
503	0.022285772135585045
504	0.022285769697789094
505	0.022285767353228424
506	0.022285765098090396
507	0.022285762928726673
508	0.022285760841645137
509	0.022285758833504175
510	0.022285756901103397
511	0.0222857550413789
512	0.022285753251396204
513	0.022285751528344014
514	0.02228574986952941
515	0.022285748272372417
516	0.022285746734400053
517	0.02228574525324304
518	0.02228574382663012
519	0.022285742452384003
520	0.02228574112841754
521	0.022285739852729906
522	0.022285738623402194
523	0.022285737438594688
524	0.022285736296543124
525	0.022285735195555673
526	0.02228573413400947
527	0.022285733110348267
528	0.022285732123079396
529	0.022285731170770633
530	0.02228573025204848
531	0.02228572936559542
532	0.022285728510147446
533	0.022285727684491666
534	0.022285726887464916
535	0.022285726117951085
536	0.022285725374879075
537	0.022285724657221524
538	0.02228572396399264
539	0.022285723294246367
540	0.02228572264707496
541	0.022285722021607786
542	0.0222857214170089
543	0.022285720832476374
544	0.022285720267240544
545	0.022285719720562893
546	0.022285719191734714
547	0.02228571868007572
548	0.02228571818493332
549	0.02228571770568065
550	0.022285717241716598
551	0.022285716792464043
552	0.022285716357368927
553	0.022285715935899442
554	0.022285715527545054
555	0.02228571513181629
556	0.022285714748242532
557	0.022285714376372022
558	0.0222857140157718
559	0.02228571366602531
560	0.0222857133267332
561	0.022285712997511822
562	0.022285712677992828
563	0.022285712367822515
564	0.02228571206666157
565	0.02228571177418335
566	0.022285711490075064
567	0.022285711214035712
568	0.022285710945776593
569	0.022285710685020103
570	0.022285710431499763
571	0.022285710184959753
572	0.022285709945153956
573	0.022285709711846145
574	0.022285709484809468
575	0.022285709263825816
576	0.0222857090486857
577	0.022285708839187592
578	0.022285708635138384
579	0.022285708436351817
580	0.022285708242649496
581	0.022285708053859474
582	0.022285707869816533
583	0.022285707690362342
584	0.022285707515343978
585	0.02228570734461512
586	0.022285707178034377
587	0.022285707015466207
588	0.02228570685678047
589	0.0222857067018514
590	0.022285706550558584
591	0.022285706402785942
592	0.0222857062584217
593	0.022285706117358473
594	0.022285705979493108
595	0.02228570584472606
596	0.022285705712961443
597	0.022285705584107234
598	0.022285705458075
599	0.022285705334779058
600	0.022285705214137346
601	0.022285705096070696
602	0.022285704980502974
603	0.02228570486736059
604	0.02228570475657294
605	0.022285704648071926
606	0.02228570454179171
607	0.022285704437669314
608	0.022285704335643586
609	0.022285704235655793
610	0.022285704137649475
611	0.022285704041569942
612	0.02228570394736511
613	0.022285703854985118
614	0.022285703764384074
615	0.022285703675522826
616	0.022285703588378773
617	0.022285703502969722
618	0.022285703419427053
619	0.022285703338195403
620	0.022285703260605225
621	0.022285703190507305
622	0.022285703138949696
623	0.02228570313740304
624	0.02228570327349236
625	0.022285703772675053
626	0.02228570507905549
627	0.0222857073400343
628	0.022285708295742196
629	0.022285705081607446
630	0.022285702583679
631	0.022285704650508137
632	0.02228570539255741
633	0.022285702862218676
634	0.02228570295114577
635	0.022285704403183546
636	0.022285702922223073
637	0.022285702305216717
638	0.022285703559910067
639	0.022285702680941488
640	0.022285701991847533
641	0.022285702945394958
642	0.022285702351094415
643	0.022285701793456278
644	0.022285702472821342
645	0.022285702041650157
646	0.022285701627217387
647	0.02228570209701425
648	0.022285701777101572
649	0.0222857014649467
650	0.02228570179840684
651	0.02228570154472481
652	0.022285701311243408
653	0.022285701552462515
654	0.02228570133716019
655	0.022285701171462436
656	0.022285701337026814
657	0.022285701156681936
658	0.02228570103976227
659	0.022285701144423162
660	0.022285701000885665
661	0.02228570091033996
662	0.022285700974502175
663	0.02228570086118793
664	0.02228570078447622
665	0.02228570082421242
666	0.02228570073123115
667	0.02228570066545567
668	0.02228570068772444
669	0.022285700609724745
670	0.022285700553480118
671	0.02228570056116897
672	0.022285700496738895
673	0.02228570044678788
674	0.022285700443522117
675	0.02228570039102026
676	0.02228570034445805
677	0.02228570033433517
678	0.022285700290761642
679	0.022285700246757287
680	0.0222857002324354
681	0.022285700194973713
682	0.02228570015394401
683	0.022285700136445652
684	0.02228570010349443
685	0.02228570006568954
686	0.02228570004550274
687	0.022285700016274338
688	0.022285699981423653
689	0.022285699959245387
690	0.02228569993303158
691	0.02228569990075481
692	0.02228569987742999
693	0.022285699853394705
694	0.022285699823508365
695	0.022285699799725
696	0.02228569977710678
697	0.02228569974955741
698	0.02228569972575831
699	0.022285699704048794
700	0.022285699678723493
701	0.022285699655216318
702	0.02228569963414827
703	0.02228569961080107
704	0.022285699587864412
705	0.02228569956731144
706	0.02228569954561619
707	0.0222856995235088
708	0.022285699503415038
709	0.022285699483048756
710	0.022285699461962037
711	0.022285699442326758
712	0.02228569942301805
713	0.022285699403040107
714	0.02228569938391749
715	0.022285699365458995
716	0.02228569934657596
717	0.02228569932805948
718	0.02228569931030672
719	0.022285699292432817
720	0.022285699274620867
721	0.022285699257490067
722	0.02228569924050487
723	0.022285699223467917
724	0.02228569920692957
725	0.02228569919071191
726	0.02228569917447202
727	0.022285699158536804
728	0.022285699142987853
729	0.02228569912751875
730	0.022285699112214216
731	0.022285699097270236
732	0.022285699082512753
733	0.02228569906786021
734	0.022285699053492668
735	0.022285699039377594
736	0.022285699025375985
737	0.022285699011580444
738	0.022285698998048865
739	0.022285698984672513
740	0.022285698971452144
741	0.02228569895846601
742	0.02228569894567362
743	0.022285698933024387
744	0.02228569892056581
745	0.02228569890831459
746	0.022285698896218068
747	0.022285698884279937
748	0.022285698872536577
749	0.022285698860963772
750	0.02228569884953713
751	0.022285698838281093
752	0.022285698827200186
753	0.022285698816268542
754	0.022285698805487496
755	0.022285698794871935
756	0.02228569878441152
757	0.022285698774092717
758	0.022285698763924215
759	0.02228569875391009
760	0.022285698744036735
761	0.02228569873430169
762	0.022285698724712057
763	0.02228569871526361
764	0.022285698705947876
765	0.022285698696766935
766	0.02228569868772264
767	0.022285698678809338
768	0.02228569867002289
769	0.02228569866136558
770	0.022285698652836285
771	0.022285698644429856
772	0.022285698636144876
773	0.022285698627982495
774	0.022285698619940005
775	0.02228569861201375
776	0.022285698604203437
777	0.022285698596508512
778	0.022285698588926556
779	0.022285698581454974
780	0.02228569857409339
781	0.022285698566840647
782	0.02228569855969438
783	0.02228569855265298
784	0.02228569854571561
785	0.022285698538880936
786	0.02228569853214695
787	0.02228569852551236
788	0.02228569851897609
789	0.022285698512536773
790	0.02228569850619267
791	0.022285698499942646
792	0.022285698493785665
793	0.022285698487720246
794	0.02228569848174486
795	0.022285698475858436
796	0.022285698470059876
797	0.022285698464347737
798	0.022285698458720915
799	0.022285698453178217
800	0.02228569844771843
801	0.022285698442340414
802	0.022285698437043
803	0.022285698431824964
804	0.022285698426685506
805	0.02228569842162318
806	0.022285698416637096
807	0.022285698411725844
808	0.02228569840688885
809	0.022285698402124896
810	0.022285698397432833
811	0.022285698392811668
812	0.022285698388260347
813	0.02228569838377819
814	0.02228569837936377
815	0.022285698375016455
816	0.02228569837073501
817	0.022285698366518943
818	0.02228569836236698
819	0.02228569835827806
820	0.022285698354251728
821	0.022285698350286792
822	0.022285698346382526
823	0.022285698342537855
824	0.022285698338752005
825	0.022285698335024258
826	0.022285698331353767
827	0.02228569832773949
828	0.0222856983241808
829	0.022285698320676887
830	0.022285698317226946
831	0.02228569831383011
832	0.02228569831048578
833	0.022285698307193135
834	0.022285698303951322
835	0.022285698300759705
836	0.022285698297617545
837	0.022285698294524016
838	0.022285698291478695
839	0.02228569828848053
840	0.02228569828552901
841	0.022285698282623594
842	0.022285698279763348
843	0.02228569827694761
844	0.022285698274176004
845	0.022285698271447614
846	0.02228569826876217
847	0.0222856982661185
848	0.022285698263516278
849	0.022285698260955066
850	0.022285698258433913
851	0.022285698255952488
852	0.022285698253510174
853	0.022285698251106233
854	0.02228569824874032
855	0.022285698246411655
856	0.022285698244119773
857	0.02228569824186428
858	0.02228569823964439
859	0.022285698237459683
860	0.02228569823530973
861	0.022285698233193856
862	0.02228569823111172
863	0.022285698229062623
864	0.022285698227046267
865	0.022285698225061868
866	0.02228569822310929
867	0.022285698221187884
868	0.022285698219297084
869	0.0222856982174368
870	0.022285698215606112
871	0.022285698213804942
872	0.02228569821203245
873	0.022285698210288737
874	0.022285698208572964
875	0.02228569820688491
876	0.02228569820522385
877	0.022285698203589804
878	0.022285698201982052
879	0.02228569820040025
880	0.022285698198844142
881	0.0222856981973133
882	0.02228569819580712
883	0.022285698194325517
884	0.022285698192867937
885	0.022285698191434174
886	0.0222856981900236
887	0.02228569818863613
888	0.02228569818727128
889	0.022285698185928772
890	0.022285698184607974
891	0.022285698183308944
892	0.022285698182031233
893	0.022285698180774367
894	0.022285698179538196
895	0.02228569817832249
896	0.022285698177126497
897	0.022285698175950344
898	0.022285698174793544
899	0.022285698173655916
900	0.022285698172536707
901	0.0222856981714364
902	0.02228569817035423
903	0.022285698169289873
904	0.022285698168243145
905	0.022285698167213822
906	0.022285698166201656
907	0.022285698165206227
908	0.022285698164227402
909	0.022285698163264908
910	0.022285698162318485
911	0.02228569816138779
912	0.022285698160472687
913	0.02228569815957277
914	0.022285698158688066
915	0.022285698157818144
916	0.02228569815696279
917	0.02228569815612185
918	0.022285698155294985
919	0.022285698154481996
920	0.022285698153682802
921	0.022285698152896903
922	0.022285698152124486
923	0.02228569815136494
924	0.02228569815061836
925	0.02228569814988432
926	0.022285698149162834
927	0.022285698148453485
928	0.02228569814775622
929	0.02228569814707065
930	0.022285698146396922
931	0.022285698145734483
932	0.022285698145083598
933	0.02228569814444367
934	0.022285698143814668
935	0.022285698143196447
936	0.022285698142588708
937	0.022285698141991404
938	0.022285698141404332
939	0.022285698140827356
940	0.022285698140260286
941	0.02228569813970286
942	0.022285698139155166
943	0.022285698138616906
944	0.02228569813808786
945	0.022285698137568005
946	0.022285698137057088
947	0.022285698136555
948	0.022285698136061582
949	0.022285698135576716
950	0.022285698135100347
951	0.022285698134632128
952	0.022285698134172093
953	0.022285698133719996
954	0.022285698133275897
955	0.022285698132839506
956	0.022285698132410523
957	0.0222856981319892
958	0.02228569813157519
959	0.02228569813116852
960	0.02228569813076892
961	0.02228569813037625
962	0.022285698129990636
963	0.022285698129611564
964	0.022285698129239275
965	0.02228569812887352
966	0.02228569812851415
967	0.022285698128161228
968	0.02228569812781443
969	0.022285698127473882
970	0.02228569812713931
971	0.022285698126810624
972	0.022285698126487667
973	0.022285698126170466
974	0.022285698125858927
975	0.022285698125552936
976	0.022285698125252433
977	0.022285698124957135
978	0.022285698124667297
979	0.02228569812438243
980	0.022285698124102825
981	0.022285698123828083
982	0.022285698123558285
983	0.022285698123293306
984	0.022285698123033108
985	0.022285698122777566
986	0.02228569812252652
987	0.02228569812228014
988	0.022285698122038167
989	0.022285698121800444
990	0.02228569812156697
991	0.022285698121337957
992	0.022285698121112783
993	0.022285698120891817
994	0.022285698120674793
995	0.0222856981204618
996	0.022285698120252617
997	0.022285698120047222
998	0.022285698119845557
999	0.022285698119647344
1000	0.022285698119453107
1001	0.022285698119262252
1002	0.02228569811907477
1003	0.022285698118890862
1004	0.022285698118710125
1005	0.02228569811853282
1006	0.02228569811835874
1007	0.022285698118187883
1008	0.022285698118020128
1009	0.0222856981178554
1010	0.022285698117693636
1011	0.02228569811753491
1012	0.022285698117379266
1013	0.02228569811722618
1014	0.02228569811707617
1015	0.022285698116928813
1016	0.022285698116784214
1017	0.02228569811664229
1018	0.022285698116502866
1019	0.02228569811636618
1020	0.022285698116232072
1021	0.022285698116100275
1022	0.02228569811597101
1023	0.022285698115844153
1024	0.022285698115719666
1025	0.02228569811559744
1026	0.02228569811547758
1027	0.022285698115359923
1028	0.022285698115244286
1029	0.02228569811513098
1030	0.022285698115019778
1031	0.022285698114910688
1032	0.022285698114803555
1033	0.022285698114698486
1034	0.022285698114595385
1035	0.022285698114494188
1036	0.022285698114395014
1037	0.022285698114297606
1038	0.022285698114202033
1039	0.02228569811410821
1040	0.022285698114016345
1041	0.022285698113926392
1042	0.022285698113838303
1043	0.02228569811375251
1044	0.02228569811366927
1045	0.022285698113589814
1046	0.02228569811351655
1047	0.022285698113454676
1048	0.02228569811341513
1049	0.022285698113422008
1050	0.022285698113527805
1051	0.022285698113847823
1052	0.022285698114636883
1053	0.022285698116462842
1054	0.022285698120597098
1055	0.02228569812990356
1056	0.02228569815086074
1057	0.022285698198145805
1058	0.02228569830483733
1059	0.022285698544037818
1060	0.022285699068557978
1061	0.022285700154043284
1062	0.022285702107377764
1063	0.022285704617667608
1064	0.022285705599198288
1065	0.022285702751182794
1066	0.022285698771001408
1067	0.02228569877485616
1068	0.022285701546192804
1069	0.022285701608667954
1070	0.022285698818806356
1071	0.02228569845629014
1072	0.02228570039968563
1073	0.02228570006894024
1074	0.022285698291983173
1075	0.02228569871906148
1076	0.022285699784829284
1077	0.02228569893220523
1078	0.022285698144090656
1079	0.022285698938909783
1080	0.02228569914198556
1081	0.022285698258522627
1082	0.02228569833704059
1083	0.022285698912477808
1084	0.022285698482885585
1085	0.022285698126983604
1086	0.02228569854852542
1087	0.02228569856334218
1088	0.022285698159704756
1089	0.022285698265774444
1090	0.022285698489011255
1091	0.022285698256772575
1092	0.022285698132091428
1093	0.02228569834351445
1094	0.02228569831129861
1095	0.022285698117292033
1096	0.022285698210477566
1097	0.02228569829626524
1098	0.02228569815557428
1099	0.022285698133793864
