0	0.006755251723990106
1	0.006936322169617242
2	0.006544027516336106
3	0.006431586645114124
4	0.006483329431111808
5	0.006452849354148232
6	0.006359861840321855
7	0.006280895447131221
8	0.006258533381427093
9	0.006274690654040081
10	0.0062865146034001935
11	0.006273481021856653
12	0.006243137402495263
13	0.0062120528612084665
14	0.006190341066197746
15	0.006178869490632699
16	0.006174190851953525
17	0.006172815565475531
18	0.006172103357225598
19	0.006169952115477918
20	0.006165020724648834
21	0.00615733634228108
22	0.006148516391413422
23	0.006141123344426698
24	0.006137258742675513
25	0.006137193999345897
26	0.006139126796072849
27	0.006140420640344585
28	0.00613936080722941
29	0.006136021615637751
30	0.006131776650781752
31	0.006128110687805375
32	0.006125699038849191
33	0.00612427647388329
34	0.006123145727998999
35	0.00612177321119854
36	0.006120023558270268
37	0.006118004784134212
38	0.0061158148085154115
39	0.006113459506749165
40	0.006110959767720734
41	0.00610846223246824
42	0.006106191126955988
43	0.00610426744199258
44	0.006102575671392795
45	0.0061008264789530675
46	0.006098778252562022
47	0.0060964260908782965
48	0.006093995412841373
49	0.006091754864169358
50	0.006089815834128232
51	0.006088079303415855
52	0.006086348310849431
53	0.006084487999084475
54	0.006082501611892596
55	0.006080488156551654
56	0.006078549123614502
57	0.0060767307858101
58	0.006075030035841244
59	0.006073427998166198
60	0.006071906936211921
61	0.006070444964227875
62	0.006069015057656628
63	0.006067604184655237
64	0.00606623472949621
65	0.006064958680877155
66	0.006063821009525208
67	0.006062823082227788
68	0.006061920897327712
69	0.006061060751842945
70	0.006060219778194813
71	0.006059416255538119
72	0.0060586852190381135
73	0.00605804588995474
74	0.006057489437229233
75	0.006056991605172328
76	0.006056532343873425
77	0.006056104251592529
78	0.006055707885603938
79	0.0060553444450997095
80	0.006055013846621049
81	0.006054716263119904
82	0.006054451370537625
83	0.006054214912657333
84	0.006053997794456651
85	0.006053790704109607
86	0.006053590187741444
87	0.006053399485749499
88	0.0060532228712793755
89	0.0060530593384169286
90	0.006052902026853194
91	0.006052743403010527
92	0.006052580390671244
93	0.006052414528923565
94	0.006052247996052003
95	0.006052080187989162
96	0.006051907883410078
97	0.006051727775826042
98	0.006051538285735094
99	0.0060513393229485474
100	0.0060511311215841225
101	0.0060509136114283634
102	0.006050686437344352
103	0.006050448930368307
104	0.006050199906761684
105	0.0060499378513254485
106	0.00604966163723177
107	0.006049371041201184
108	0.006049066318322095
109	0.006048747154339623
110	0.0060484120974349034
111	0.006048059069666009
112	0.006047686368720972
113	0.006047293105849857
114	0.0060468787481924085
115	0.00604644239817027
116	0.006045982567278494
117	0.006045497522702452
118	0.006044985709220348
119	0.006044445852224184
120	0.006043876809544667
121	0.006043277444659584
122	0.00604264661769078
123	0.006041983197415416
124	0.006041286041781376
125	0.0060405540216715336
126	0.006039786132455673
127	0.006038981595422457
128	0.00603813982830696
129	0.00603726031811222
130	0.006036342554949814
131	0.006035386112754034
132	0.006034390786266089
133	0.00603335663774273
134	0.006032283927676038
135	0.006031173035509101
136	0.006030024465162527
137	0.0060288389154674145
138	0.006027617329911023
139	0.006026360884844
140	0.006025070949676493
141	0.006023749065206915
142	0.006022396945214372
143	0.006021016479144239
144	0.006019609726204982
145	0.006018178908708856
146	0.00601672640629117
147	0.0060152547408016425
148	0.006013766549471885
149	0.006012264562045471
150	0.006010751596583956
151	0.006009230566396749
152	0.006007704476303486
153	0.006006176399242967
154	0.0060046494469556955
155	0.00600312675214911
156	0.00600161146254547
157	0.006000106732820382
158	0.005998615704876395
159	0.00599714148092764
160	0.0059956870985917905
161	0.005994255510331807
162	0.005992849563224369
163	0.005991471975917113
164	0.005990125314296772
165	0.0059888119680011126
166	0.0059875341278035074
167	0.00598629376331806
168	0.005985092603168341
169	0.00598393212028312
170	0.005982813522641833
171	0.005981737747513577
172	0.005980705458462292
173	0.0059797170468080495
174	0.005978772639906028
175	0.005977872115947972
176	0.005977015122483869
177	0.005976201096291053
178	0.005975429284168157
179	0.005974698764969917
180	0.0059740084725898495
181	0.005973357218420943
182	0.005972743711919891
183	0.00597216657915308
184	0.005971624379515379
185	0.005971115620770932
186	0.00597063877257459
187	0.005970192278745492
188	0.005969774568877197
189	0.005969384069364968
190	0.005969019213843408
191	0.005968678452962878
192	0.005968360263762514
193	0.005968063158728179
194	0.00596778569443509
195	0.00596752647916449
196	0.005967284179374888
197	0.005967057524675667
198	0.005966845311745768
199	0.00596664640696716
200	0.0059664597478161895
201	0.00596628434295499
202	0.005966119271240675
203	0.0059659636798109076
204	0.005965816781609823
205	0.005965677852335642
206	0.0059655462271214765
207	0.005965421296958722
208	0.005965302505117943
209	0.0059651893435094545
210	0.0059650813491185055
211	0.0059649781004611525
212	0.005964879214301981
213	0.005964784342437452
214	0.005964693168661836
215	0.0059646054058692475
216	0.005964520793259134
217	0.0059644390938278944
218	0.005964360092035613
219	0.005964283591652377
220	0.005964209413808338
221	0.005964137395230597
222	0.005964067386667637
223	0.005963999251496996
224	0.005963932864457873
225	0.005963868110538944
226	0.00596380488401227
227	0.005963743087531345
228	0.0059636826313242755
229	0.005963623432480599
230	0.005963565414331382
231	0.005963508505848426
232	0.005963452641173381
233	0.00596339775915445
234	0.005963343802940474
235	0.0059632907196717645
236	0.00596323846014852
237	0.005963186978593982
238	0.005963136232413009
239	0.005963086182000934
240	0.005963036790545869
241	0.0059629880238528275
242	0.005962939850201148
243	0.005962892240174543
244	0.005962845166510601
245	0.005962798603975322
246	0.0059627525292068615
247	0.005962706920583621
248	0.005962661758117161
249	0.00596261702329475
250	0.005962572699035882
251	0.005962528769521831
252	0.00596248522013545
253	0.005962442037377747
254	0.005962399208758336
255	0.005962356722770047
256	0.005962314568764993
257	0.005962272736939768
258	0.005962231218250128
259	0.00596219000436054
260	0.005962149087594573
261	0.005962108460912173
262	0.005962068117818655
263	0.005962028052382216
264	0.005961988259148408
265	0.0059619487331321165
266	0.005961909469790145
267	0.005961870464954494
268	0.0059618317148554135
269	0.005961793216053468
270	0.005961754965438907
271	0.005961716960204481
272	0.005961679197802794
273	0.0059616416759527245
274	0.005961604392609463
275	0.005961567345948201
276	0.005961530534331455
277	0.005961493956330428
278	0.005961457610672107
279	0.005961421496251878
280	0.005961385612102431
281	0.005961349957394757
282	0.005961314531418801
283	0.005961279333588584
284	0.005961244363414398
285	0.005961209620484274
286	0.005961175104496369
287	0.005961140815191211
288	0.005961106752409531
289	0.005961072916014876
290	0.00596103930594414
291	0.005961005922166812
292	0.005960972764682354
293	0.005960939833534375
294	0.0059609071287708175
295	0.00596087465045878
296	0.00596084239868366
297	0.005960810373535888
298	0.0059607785750987845
299	0.005960747003448457
300	0.005960715658661623
301	0.005960684540796743
302	0.005960653649902136
303	0.005960622985989881
304	0.005960592549063405
305	0.005960562339082432
306	0.005960532355995923
307	0.005960502599710522
308	0.005960473070094481
309	0.00596044376697466
310	0.005960414690142706
311	0.005960385839357618
312	0.005960357214315775
313	0.0059603288146810795
314	0.005960300640054334
315	0.005960272690016983
316	0.005960244964067829
317	0.005960217461669676
318	0.005960190182243567
319	0.005960163125139529
320	0.005960136289662025
321	0.005960109675063803
322	0.005960083280545082
323	0.005960057105248822
324	0.0059600311482679025
325	0.0059600054086286726
326	0.005959979885325649
327	0.005959954577273833
328	0.005959929483363094
329	0.005959904602399564
330	0.005959879933163612
331	0.005959855474371481
332	0.0059598312246966914
333	0.005959807182746329
334	0.005959783347097061
335	0.005959759716264693
336	0.005959736288724413
337	0.005959713062902403
338	0.0059596900371766065
339	0.005959667209886957
340	0.005959644579328442
341	0.0059596221437582565
342	0.0059595999013867754
343	0.005959577850388275
344	0.005959555988887352
345	0.0059595343150122
346	0.005959512826804943
347	0.005959491522307115
348	0.0059594703995186245
349	0.005959449456410908
350	0.0059594286909159045
351	0.005959408100960378
352	0.005959387684420639
353	0.005959367439159518
354	0.00595934736303313
355	0.0059593274538376284
356	0.005959307709379224
357	0.005959288127439178
358	0.00595926870577504
359	0.00595924944213685
360	0.005959230334241151
361	0.005959211379822112
362	0.005959192576571023
363	0.005959173922191588
364	0.0059591554143653865
365	0.0059591370507701595
366	0.005959118829078785
367	0.005959100746948509
368	0.005959082802050142
369	0.005959064992036824
370	0.005959047314563645
371	0.005959029767293878
372	0.005959012347874057
373	0.005958995053963036
374	0.005958977883224952
375	0.005958960833330134
376	0.005958943901933404
377	0.0059589270867197695
378	0.005958910385362617
379	0.005958893795552048
380	0.0059588773149972865
381	0.005958860941396334
382	0.005958844672470248
383	0.005958828505941823
384	0.005958812439559764
385	0.005958796471075776
386	0.005958780598255119
387	0.005958764818881744
388	0.005958749130763814
389	0.005958733531702067
390	0.0059587180195378245
391	0.005958702592116449
392	0.00595868724730868
393	0.0059586719829976
394	0.005958656797100068
395	0.005958641687528368
396	0.005958626652244421
397	0.00595861168921541
398	0.005958596796437418
399	0.005958581971927671
400	0.0059585672137298365
401	0.005958552519910774
402	0.005958537888562503
403	0.005958523317809324
404	0.005958508805784094
405	0.005958494350684298
406	0.005958479950697049
407	0.005958465604062188
408	0.005958451309035887
409	0.0059584370639323425
410	0.005958422867049937
411	0.005958408716764124
412	0.005958394611469737
413	0.005958380549587599
414	0.005958366529578001
415	0.005958352549942449
416	0.0059583386092134285
417	0.005958324705970226
418	0.005958310838810585
419	0.005958297006398288
420	0.005958283207417325
421	0.005958269440602259
422	0.005958255704721149
423	0.005958241998602259
424	0.005958228321108909
425	0.005958214671136072
426	0.005958201047648352
427	0.005958187449640606
428	0.005958173876173843
429	0.005958160326337076
430	0.005958146799280672
431	0.005958133294213547
432	0.005958119810374996
433	0.005958106347080434
434	0.005958092903691465
435	0.00595807947961947
436	0.005958066074335747
437	0.005958052687375433
438	0.00595803931833009
439	0.005958025966836727
440	0.005958012632606357
441	0.00595799931540748
442	0.005957986015076381
443	0.005957972731495219
444	0.0059579594646230255
445	0.005957946214480109
446	0.005957932981146789
447	0.005957919764782558
448	0.005957906565592968
449	0.005957893383859628
450	0.005957880219937123
451	0.0059578670742349155
452	0.005957853947232623
453	0.005957840839481213
454	0.005957827751601917
455	0.005957814684269115
456	0.005957801638238818
457	0.005957788614332162
458	0.0059577756134262146
459	0.005957762636472923
460	0.005957749684492999
461	0.005957736758565076
462	0.00595772385982597
463	0.005957710989499699
464	0.005957698148848028
465	0.005957685339202396
466	0.005957672561951858
467	0.00595765981855087
468	0.005957647110504147
469	0.005957634439371105
470	0.005957621806764774
471	0.005957609214355168
472	0.005957596663850911
473	0.005957584157024412
474	0.005957571695668106
475	0.005957559281638349
476	0.0059575469168222945
477	0.005957534603136487
478	0.005957522342543012
479	0.005957510137029618
480	0.005957497988611163
481	0.005957485899330947
482	0.005957473871244861
483	0.005957461906436819
484	0.005957450006997688
485	0.005957438175028339
486	0.005957426412648322
487	0.005957414721965633
488	0.005957403105096814
489	0.00595739156414748
490	0.005957380101230892
491	0.005957368718430043
492	0.005957357417821363
493	0.005957346201462911
494	0.00595733507138381
495	0.005957324029594014
496	0.005957313078074229
497	0.005957302218751307
498	0.005957291453543141
499	0.005957280784308547
500	0.005957270212858174
501	0.005957259740960306
502	0.0059572493703441455
503	0.0059572391026593745
504	0.005957228939511826
505	0.005957218882447725
506	0.005957208932937349
507	0.005957199092399781
508	0.0059571893621793715
509	0.005957179743538578
510	0.005957170237684463
511	0.005957160845733405
512	0.0059571515687323546
513	0.005957142407643909
514	0.0059571333633534895
515	0.00595712443666487
516	0.005957115628294276
517	0.0059571069388853985
518	0.005957098368977255
519	0.005957089919042931
520	0.005957081589460093
521	0.005957073380523378
522	0.005957065292445107
523	0.005957057325342928
524	0.0059570494792664545
525	0.005957041754157828
526	0.005957034149895104
527	0.005957026666271356
528	0.005957019302993048
529	0.005957012059685287
530	0.005957004935901176
531	0.00595699793111466
532	0.005956991044724089
533	0.005956984276058159
534	0.005956977624374433
535	0.005956971088856545
536	0.005956964668620907
537	0.005956958362730528
538	0.005956952170176134
539	0.0059569460898964794
540	0.00595694012077386
541	0.00595693426162254
542	0.005956928511223371
543	0.005956922868306147
544	0.00595691733154733
545	0.005956911899579001
546	0.0059569065710048065
547	0.005956901344384971
548	0.0059568962182377705
549	0.005956891191070353
550	0.005956886261338309
551	0.005956881427483155
552	0.005956876687922786
553	0.005956872041053626
554	0.005956867485254
555	0.005956863018889509
556	0.005956858640303534
557	0.005956854347839173
558	0.00595685013983113
559	0.005956846014603652
560	0.005956841970482925
561	0.005956838005794788
562	0.005956834118857193
563	0.005956830308003332
564	0.005956826571564181
565	0.0059568229078826645
566	0.005956819315306201
567	0.005956815792191977
568	0.005956812336920484
569	0.005956808947873279
570	0.005956805623454081
571	0.0059568023620820846
572	0.0059567991621917995
573	0.005956796022242326
574	0.005956792940706175
575	0.0059567899160910005
576	0.005956786946906166
577	0.005956784031697784
578	0.005956781169035413
579	0.005956778357506135
580	0.0059567755957359286
581	0.005956772882359279
582	0.0059567702160506315
583	0.005956767595501513
584	0.005956765019438119
585	0.005956762486607172
586	0.005956759995790412
587	0.005956757545791096
588	0.005956755135445229
589	0.005956752763609439
590	0.005956750429178236
591	0.005956748131061203
592	0.005956745868208383
593	0.005956743639589064
594	0.005956741444204695
595	0.005956739281082065
596	0.005956737149271007
597	0.005956735047855633
598	0.005956732975939523
599	0.0059567309326649266
600	0.005956728917176774
601	0.0059567269286654664
602	0.005956724966345132
603	0.005956723029437315
604	0.005956721117211367
605	0.005956719228939884
606	0.00595671736392872
607	0.005956715521506072
608	0.005956713701020928
609	0.005956711901848504
610	0.005956710123369163
611	0.005956708365007345
612	0.005956706626192403
613	0.005956704906375748
614	0.005956703205027693
615	0.005956701521645351
616	0.005956699855729566
617	0.005956698206815153
618	0.005956696574440254
619	0.005956694958166333
620	0.005956693357569714
621	0.005956691772244113
622	0.005956690201795322
623	0.005956688645847451
624	0.005956687104038466
625	0.005956685576019537
626	0.005956684061448595
627	0.005956682560009941
628	0.005956681071385555
629	0.005956679595282444
630	0.005956678131410006
631	0.005956676679497185
632	0.00595667523927486
633	0.005956673810486054
634	0.005956672392898012
635	0.005956670986265038
636	0.005956669590359257
637	0.0059566682049790294
638	0.005956666829902674
639	0.005956665464937243
640	0.005956664109888158
641	0.0059566627645733184
642	0.005956661428816771
643	0.005956660102445884
644	0.005956658785304486
645	0.005956657477232023
646	0.005956656178075874
647	0.005956654887701867
648	0.005956653605956009
649	0.005956652332719242
650	0.005956651067859071
651	0.0059566498112519255
652	0.0059566485627889415
653	0.0059566473223427755
654	0.005956646089813587
655	0.0059566448650977604
656	0.005956643648092635
657	0.005956642438699263
658	0.005956641236825356
659	0.005956640042385678
660	0.005956638855290509
661	0.0059566376754615164
662	0.0059566365028155665
663	0.005956635337271787
664	0.0059566341787581495
665	0.005956633027207158
666	0.005956631882546139
667	0.005956630744718417
668	0.005956629613644798
669	0.005956628489268214
670	0.005956627371531777
671	0.005956626260373235
672	0.005956625155741666
673	0.005956624057583078
674	0.0059566229658389236
675	0.005956621880458061
676	0.005956620801398546
677	0.00595661972860515
678	0.005956618662031892
679	0.005956617601636445
680	0.005956616547372997
681	0.005956615499198231
682	0.0059566144570750695
683	0.005956613420955113
684	0.005956612390803997
685	0.005956611366579571
686	0.0059566103482503125
687	0.005956609335771872
688	0.005956608329110995
689	0.005956607328234284
690	0.005956606333102238
691	0.00595660534368629
692	0.005956604359954216
693	0.005956603381867865
694	0.005956602409403337
695	0.005956601442516661
696	0.0059566004811887775
697	0.005956599525386946
698	0.005956598575076383
699	0.005956597630234201
700	0.0059565966908257115
701	0.005956595756829589
702	0.005956594828210748
703	0.005956593904944762
704	0.005956592987005546
705	0.005956592074364014
706	0.005956591166993816
707	0.005956590264872102
708	0.005956589367964762
709	0.005956588476254963
710	0.005956587589709341
711	0.005956586708312492
712	0.00595658583202895
713	0.005956584960841524
714	0.005956584094722862
715	0.005956583233648309
716	0.005956582377593096
717	0.005956581526534229
718	0.005956580680448855
719	0.0059565798393140645
720	0.005956579003100249
721	0.005956578171791789
722	0.0059565773453642955
723	0.005956576523789024
724	0.0059565757070463585
725	0.005956574895118687
726	0.005956574087977525
727	0.005956573285599901
728	0.00595657248796848
729	0.005956571695052628
730	0.005956570906838069
731	0.005956570123300884
732	0.005956569344420248
733	0.005956568570168332
734	0.005956567800527607
735	0.005956567035477966
736	0.005956566274990877
737	0.0059565655190567755
738	0.0059565647676407115
739	0.0059565640207319215
740	0.005956563278302812
741	0.0059565625403353965
742	0.005956561806804168
743	0.005956561077697874
744	0.005956560352985669
745	0.005956559632651579
746	0.0059565589166689584
747	0.005956558205020203
748	0.005956557497688856
749	0.005956556794648711
750	0.005956556095886107
751	0.005956555401364897
752	0.005956554711085122
753	0.005956554025011647
754	0.005956553343128313
755	0.0059565526654166
756	0.005956551991854655
757	0.005956551322421359
758	0.005956550657096285
759	0.005956549995860595
760	0.005956549338697055
761	0.0059565486855788
762	0.005956548036491386
763	0.005956547391414536
764	0.005956546750327276
765	0.005956546113210455
766	0.005956545480037253
767	0.005956544850798193
768	0.005956544225467488
769	0.005956543604031767
770	0.005956542986464819
771	0.005956542372748708
772	0.005956541762866779
773	0.005956541156796105
774	0.005956540554523793
775	0.005956539956020418
776	0.005956539361272214
777	0.005956538770262679
778	0.005956538182968375
779	0.005956537599370608
780	0.005956537019454345
781	0.005956536443192604
782	0.005956535870578856
783	0.005956535301579976
784	0.005956534736188704
785	0.0059565341743798034
786	0.005956533616138253
787	0.005956533061441964
788	0.005956532510275276
789	0.005956531962622288
790	0.005956531418452307
791	0.005956530877759395
792	0.0059565303405239994
793	0.005956529806724871
794	0.005956529276338902
795	0.005956528749355894
796	0.005956528225753564
797	0.005956527705513468
798	0.005956527188622684
799	0.005956526675060079
800	0.005956526164804031
801	0.00595652565784049
802	0.00595652515414985
803	0.0059565246537202
804	0.005956524156525261
805	0.0059565236625529925
806	0.005956523171782831
807	0.005956522684196662
808	0.0059565221997816145
809	0.005956521718515018
810	0.005956521240387076
811	0.005956520765374695
812	0.00595652029345669
813	0.005956519824625639
814	0.005956519358855246
815	0.0059565188961391985
816	0.005956518436448652
817	0.00595651797977415
818	0.005956517526097835
819	0.005956517075395649
820	0.005956516627664053
821	0.00595651618287589
822	0.005956515741019524
823	0.005956515302076836
824	0.005956514866029642
825	0.005956514432865141
826	0.00595651400256245
827	0.005956513575111256
828	0.005956513150487812
829	0.005956512728685123
830	0.005956512309677936
831	0.005956511893455492
832	0.005956511480001309
833	0.00595651106929415
834	0.005956510661325621
835	0.005956510256075558
836	0.005956509853533434
837	0.005956509453678264
838	0.005956509056491457
839	0.005956508661964515
840	0.00595650827007745
841	0.0059565078808185325
842	0.005956507494170699
843	0.005956507110115075
844	0.00595650672864063
845	0.00595650634973156
846	0.005956505973370696
847	0.005956505599546511
848	0.005956505228243521
849	0.00595650485943956
850	0.005956504493129093
851	0.005956504129293186
852	0.0059565037679146565
853	0.005956503408984488
854	0.005956503052483212
855	0.005956502698400174
856	0.005956502346715031
857	0.005956501997419707
858	0.0059565016504947495
859	0.005956501305931925
860	0.005956500963710219
861	0.005956500623820744
862	0.0059565002862435506
863	0.005956499950968919
864	0.005956499617984543
865	0.0059564992872730635
866	0.005956498958822654
867	0.005956498632615402
868	0.005956498308638487
869	0.005956497986883334
870	0.005956497667333968
871	0.005956497349974624
872	0.005956497034793063
873	0.005956496721775386
874	0.005956496410910231
875	0.005956496102179304
876	0.005956495795574669
877	0.00595649549107773
878	0.005956495188685146
879	0.005956494888372053
880	0.0059564945901337115
881	0.0059564942939518365
882	0.00595649399981775
883	0.005956493707715241
884	0.0059564934176348375
885	0.005956493129560866
886	0.005956492843483242
887	0.005956492559384387
888	0.005956492277259202
889	0.0059564919970870895
890	0.005956491718867031
891	0.00595649144257128
892	0.0059564911682032495
893	0.005956490895739457
894	0.0059564906251712655
895	0.005956490356486838
896	0.0059564900896757495
897	0.005956489824723078
898	0.005956489561617791
899	0.005956489300351672
900	0.005956489040904249
901	0.005956488783272737
902	0.005956488527439491
903	0.005956488273398909
904	0.005956488021135574
905	0.005956487770634181
906	0.005956487521892834
907	0.0059564872748907715
908	0.005956487029620323
909	0.005956486786074712
910	0.005956486544235059
911	0.005956486304092715
912	0.0059564860656415525
913	0.005956485828863193
914	0.005956485593751396
915	0.005956485360294841
916	0.005956485128480597
917	0.0059564848982945565
918	0.005956484669734323
919	0.005956484442787402
920	0.005956484217438446
921	0.0059564839936799945
922	0.005956483771500034
923	0.005956483550888934
924	0.0059564833318398154
925	0.00595648311433589
926	0.0059564828983698645
927	0.005956482683934402
928	0.005956482471012603
929	0.005956482259598463
930	0.005956482049684571
931	0.005956481841258031
932	0.0059564816343059945
933	0.005956481428819846
934	0.005956481224795603
935	0.005956481022220161
936	0.005956480821079177
937	0.005956480621366887
938	0.005956480423076536
939	0.005956480226194811
940	0.005956480030710139
941	0.005956479836620428
942	0.005956479643903353
943	0.005956479452567278
944	0.00595647926258557
945	0.005956479073964116
946	0.005956478886682661
947	0.005956478700734983
948	0.005956478516117305
949	0.005956478332812719
950	0.005956478150816319
951	0.0059564779701207216
952	0.005956477790710782
953	0.0059564776125819755
954	0.005956477435729029
955	0.005956477260136308
956	0.005956477085804276
957	0.005956476912710421
958	0.0059564767408588504
959	0.005956476570236589
960	0.005956476400833891
961	0.005956476232644374
962	0.005956476065657837
963	0.005956475899866953
964	0.00595647573526243
965	0.005956475571840522
966	0.005956475409584194
967	0.005956475248498871
968	0.005956475088562042
969	0.005956474929771527
970	0.005956474772122663
971	0.0059564746156002685
972	0.005956474460204204
973	0.005956474305924746
974	0.00595647415274831
975	0.00595647400067858
976	0.005956473849691183
977	0.005956473699798361
978	0.005956473550973646
979	0.005956473403224599
980	0.005956473256534005
981	0.005956473110895714
982	0.0059564729663091325
983	0.005956472822758081
984	0.005956472680242467
985	0.005956472538753059
986	0.0059564723982716145
987	0.005956472258810193
988	0.005956472120350632
989	0.005956471982885746
990	0.005956471846414156
991	0.005956471710918639
992	0.005956471576401067
993	0.005956471442852473
994	0.0059564713102656635
995	0.005956471178631163
996	0.005956471047946879
997	0.005956470918205604
998	0.00595647078939861
999	0.0059564706615205035
1000	0.005956470534558863
1001	0.0059564704085144715
1002	0.005956470283380233
1003	0.005956470159145721
1004	0.005956470035805443
1005	0.00595646991335504
1006	0.005956469791786291
1007	0.005956469671093634
1008	0.005956469551274882
1009	0.005956469432316661
1010	0.005956469314216843
1011	0.005956469196967796
1012	0.005956469080565092
1013	0.005956468965006366
1014	0.00595646885027544
1015	0.005956468736373151
1016	0.0059564686232904595
1017	0.005956468511022957
1018	0.005956468399566071
1019	0.005956468288914321
1020	0.005956468179056724
1021	0.005956468069995882
1022	0.005956467961719882
1023	0.005956467854225556
1024	0.005956467747502445
1025	0.00595646764155156
1026	0.005956467536365593
1027	0.0059564674319377
1028	0.005956467328262379
1029	0.005956467225330152
1030	0.005956467123147938
1031	0.005956467021698253
1032	0.005956466920981838
1033	0.005956466820988938
1034	0.005956466721718251
1035	0.0059564666231619445
1036	0.005956466525318192
1037	0.005956466428177031
1038	0.005956466331737012
1039	0.005956466235994525
1040	0.0059564661409391186
1041	0.005956466046566921
1042	0.0059564659528777335
1043	0.005956465859862396
1044	0.005956465767517075
1045	0.00595646567583673
1046	0.005956465584818309
1047	0.005956465494451399
1048	0.005956465404740219
1049	0.005956465315668352
1050	0.005956465227246325
1051	0.005956465139454577
1052	0.0059564650522946775
1053	0.005956464965763222
1054	0.005956464879855401
1055	0.005956464794565948
1056	0.005956464709889686
1057	0.005956464625819219
1058	0.005956464542354326
1059	0.0059564644594916095
1060	0.0059564643772238
1061	0.005956464295548298
1062	0.005956464214458408
1063	0.005956464133948688
1064	0.0059564640540219526
1065	0.005956463974666518
1066	0.005956463895886007
1067	0.005956463817664409
1068	0.005956463740005823
1069	0.0059564636629049926
1070	0.0059564635863597875
1071	0.005956463510363304
1072	0.005956463434911323
1073	0.005956463359998721
1074	0.005956463285625298
1075	0.0059564632117844385
1076	0.005956463138472272
1077	0.005956463065681925
1078	0.005956462993419972
1079	0.005956462921675005
1080	0.0059564628504388826
1081	0.005956462779716273
1082	0.005956462709499141
1083	0.005956462639784349
1084	0.005956462570570868
1085	0.005956462501842957
1086	0.005956462433616843
1087	0.00595646236587761
1088	0.005956462298618193
1089	0.005956462231839342
1090	0.005956462165539302
1091	0.00595646209971435
1092	0.005956462034359191
1093	0.0059564619694676075
1094	0.005956461905039546
1095	0.0059564618410726045
1096	0.005956461777562031
1097	0.005956461714506165
1098	0.005956461651898063
1099	0.005956461589731199
1100	0.005956461528014477
1101	0.005956461466733733
1102	0.005956461405888734
1103	0.005956461345476875
1104	0.005956461285497754
1105	0.005956461225939472
1106	0.005956461166812615
1107	0.005956461108099996
1108	0.0059564610498073055
1109	0.005956460991928396
1110	0.0059564609344584666
1111	0.005956460877396407
1112	0.005956460820745089
1113	0.0059564607644909465
1114	0.005956460708634793
1115	0.005956460653176861
1116	0.005956460598112638
1117	0.005956460543437777
1118	0.005956460489148589
1119	0.005956460435246338
1120	0.00595646038172258
1121	0.005956460328583508
1122	0.005956460275812236
1123	0.005956460223419676
1124	0.005956460171397129
1125	0.005956460119740083
1126	0.005956460068448997
1127	0.005956460017516301
1128	0.005956459966946838
1129	0.0059564599167314155
1130	0.00595645986687733
1131	0.005956459817365743
1132	0.005956459768209938
1133	0.005956459719393193
1134	0.005956459670926077
1135	0.005956459622797193
1136	0.005956459575005841
1137	0.005956459527556182
1138	0.005956459480436974
1139	0.005956459433648819
1140	0.0059564593871866845
1141	0.005956459341053032
1142	0.005956459295245523
1143	0.005956459249754471
1144	0.005956459204587886
1145	0.005956459159731169
1146	0.0059564591151951875
1147	0.005956459070966928
1148	0.005956459027053167
1149	0.005956458983442639
1150	0.005956458940135514
1151	0.005956458897136274
1152	0.005956458854431804
1153	0.0059564588120317495
1154	0.005956458769924656
1155	0.005956458728109035
1156	0.005956458686593062
1157	0.0059564586453555775
1158	0.005956458604415982
1159	0.005956458563756173
1160	0.0059564585233803135
1161	0.005956458483285218
1162	0.00595645844346817
1163	0.005956458403930499
1164	0.0059564583646647155
1165	0.005956458325676559
1166	0.005956458286957357
1167	0.005956458248503264
1168	0.005956458210320306
1169	0.005956458172403822
1170	0.00595645813474306
1171	0.0059564580973477475
1172	0.005956458060210001
1173	0.005956458023330883
1174	0.005956457986706526
1175	0.005956457950335993
1176	0.0059564579142142166
1177	0.005956457878342946
1178	0.005956457842720313
1179	0.005956457807345054
1180	0.005956457772213052
1181	0.005956457737323001
1182	0.005956457702672618
1183	0.0059564576682603195
1184	0.005956457634085393
1185	0.005956457600149956
1186	0.00595645756644265
1187	0.005956457532970639
1188	0.005956457499727407
1189	0.005956457466711688
1190	0.0059564574339218595
1191	0.005956457401362219
1192	0.005956457369021519
1193	0.005956457336902454
1194	0.005956457305007157
1195	0.005956457273328153
1196	0.005956457241863481
1197	0.005956457210614646
1198	0.005956457179580498
1199	0.005956457148760351
1200	0.00595645711814763
1201	0.005956457087746763
1202	0.005956457057550972
1203	0.005956457027562955
1204	0.005956456997780867
1205	0.005956456968198545
1206	0.005956456938820395
1207	0.005956456909641605
1208	0.005956456880661611
1209	0.005956456851870411
1210	0.005956456823286716
1211	0.00595645679489439
1212	0.005956456766689898
1213	0.005956456738683104
1214	0.005956456710860643
1215	0.0059564566832305856
1216	0.0059564566557856755
1217	0.005956456628531254
1218	0.005956456601455669
1219	0.005956456574563667
1220	0.005956456547856555
1221	0.00595645652132881
1222	0.005956456494981849
1223	0.005956456468809511
1224	0.005956456442814434
1225	0.005956456416994586
1226	0.0059564563913508855
1227	0.00595645636587807
1228	0.00595645634057843
1229	0.005956456315445947
1230	0.005956456290487128
1231	0.005956456265693703
1232	0.005956456241067215
1233	0.005956456216603807
1234	0.005956456192311513
1235	0.005956456168176071
1236	0.005956456144202493
1237	0.005956456120392915
1238	0.005956456096739706
1239	0.005956456073247728
1240	0.005956456049907914
1241	0.005956456026729461
1242	0.0059564560037045486
1243	0.005956455980830146
1244	0.005956455958113091
1245	0.005956455935547654
1246	0.005956455913127998
1247	0.005956455890863448
1248	0.005956455868745802
1249	0.005956455846773804
1250	0.005956455824949416
1251	0.005956455803269627
1252	0.005956455781735226
1253	0.005956455760340122
1254	0.005956455739091594
1255	0.005956455717981009
1256	0.005956455697012061
1257	0.005956455676182492
1258	0.005956455655492078
1259	0.005956455634936117
1260	0.005956455614516825
1261	0.00595645559423464
1262	0.005956455574086767
1263	0.0059564555540694165
1264	0.005956455534185555
1265	0.0059564555144341474
1266	0.005956455494815435
1267	0.005956455475317713
1268	0.005956455455954087
1269	0.005956455436718508
1270	0.005956455417608961
1271	0.00595645539862579
1272	0.005956455379766752
1273	0.005956455361031404
1274	0.005956455342421465
1275	0.005956455323931904
1276	0.0059564553055659105
1277	0.005956455287319191
1278	0.00595645526919217
1279	0.005956455251183312
1280	0.0059564552332927465
1281	0.005956455215519621
1282	0.005956455197866183
1283	0.005956455180322606
1284	0.00595645516289894
1285	0.005956455145584321
1286	0.005956455128385363
1287	0.00595645511130131
1288	0.005956455094326993
1289	0.005956455077461312
1290	0.0059564550607082815
1291	0.005956455044064144
1292	0.005956455027525728
1293	0.005956455011097447
1294	0.005956454994775467
1295	0.005956454978563399
1296	0.005956454962449914
1297	0.005956454946448734
1298	0.005956454930545499
1299	0.005956454914746954
1300	0.005956454899049874
1301	0.005956454883460782
1302	0.005956454867967984
1303	0.005956454852576405
1304	0.005956454837283353
1305	0.005956454822089605
1306	0.0059564548069968165
1307	0.005956454791999204
1308	0.005956454777099029
1309	0.005956454762298157
1310	0.005956454747586997
1311	0.005956454732977534
1312	0.005956454718459035
1313	0.0059564547040334105
1314	0.005956454689700331
1315	0.005956454675463179
1316	0.005956454661316144
1317	0.005956454647261977
1318	0.005956454633295973
1319	0.005956454619420257
1320	0.005956454605632997
1321	0.005956454591935424
1322	0.0059564545783250536
1323	0.0059564545648006905
1324	0.005956454551368397
1325	0.005956454538021994
1326	0.005956454524756594
1327	0.005956454511578864
1328	0.005956454498487224
1329	0.005956454485474453
1330	0.0059564544725489955
1331	0.005956454459704688
1332	0.0059564544469444146
1333	0.005956454434261769
1334	0.005956454421667421
1335	0.005956454409146819
1336	0.005956454396708742
1337	0.0059564543843533884
1338	0.005956454372069495
1339	0.0059564543598696505
1340	0.0059564543477480785
1341	0.00595645433570061
1342	0.005956454323732338
1343	0.005956454311839608
1344	0.005956454300022897
1345	0.005956454288281935
1346	0.005956454276615012
1347	0.005956454265023467
1348	0.0059564542535033155
1349	0.005956454242060381
1350	0.005956454230688157
1351	0.005956454219386173
1352	0.005956454208159498
1353	0.005956454197002307
1354	0.005956454185912132
1355	0.0059564541748959015
1356	0.005956454163949468
1357	0.005956454153073599
1358	0.005956454142264396
1359	0.005956454131527575
1360	0.005956454120857114
1361	0.005956454110248769
1362	0.005956454099714147
1363	0.005956454089243623
1364	0.00595645407884255
1365	0.005956454068504224
1366	0.00595645405823152
1367	0.0059564540480254455
1368	0.00595645403788053
1369	0.005956454027804113
1370	0.005956454017789741
1371	0.0059564540078359774
1372	0.005956453997947204
1373	0.00595645398812061
1374	0.005956453978354367
1375	0.005956453968651733
1376	0.005956453959009847
1377	0.0059564539494289465
1378	0.005956453939905954
1379	0.005956453930445293
1380	0.005956453921046953
1381	0.0059564539117044745
1382	0.005956453902421688
1383	0.005956453893195574
1384	0.005956453884028083
1385	0.005956453874918024
1386	0.00595645386586626
1387	0.005956453856871842
1388	0.005956453847934825
1389	0.005956453839048865
1390	0.005956453830221652
1391	0.005956453821451742
1392	0.005956453812737817
1393	0.0059564538040742
1394	0.0059564537954686445
1395	0.005956453786915833
1396	0.005956453778415803
1397	0.005956453769967708
1398	0.005956453761575348
1399	0.005956453753233274
1400	0.00595645374494628
1401	0.005956453736709817
1402	0.005956453728523887
1403	0.005956453720391948
1404	0.005956453712309672
1405	0.005956453704275817
1406	0.005956453696294745
1407	0.005956453688361265
1408	0.005956453680479307
1409	0.005956453672647235
1410	0.0059564536648615725
1411	0.005956453657129183
1412	0.005956453649438099
1413	0.005956453641802
1414	0.005956453634207279
1415	0.005956453626664724
1416	0.005956453619167537
1417	0.005956453611720942
1418	0.005956453604313805
1419	0.00595645359695671
1420	0.005956453589645818
1421	0.005956453582381896
1422	0.005956453575157171
1423	0.0059564535679811495
1424	0.005956453560852346
1425	0.0059564535537645225
1426	0.005956453546724126
1427	0.0059564535397281385
1428	0.005956453532768613
1429	0.005956453525860713
1430	0.0059564535189914865
1431	0.005956453512166069
1432	0.005956453505383225
1433	0.005956453498643028
1434	0.005956453491945154
1435	0.005956453485287783
1436	0.005956453478672306
1437	0.005956453472098689
1438	0.005956453465563704
1439	0.005956453459069454
1440	0.005956453452619686
1441	0.005956453446206362
1442	0.005956453439836234
1443	0.0059564534335032945
1444	0.0059564534272092545
1445	0.0059564534209540195
1446	0.005956453414739888
1447	0.005956453408563332
1448	0.005956453402424783
1449	0.005956453396326091
1450	0.005956453390262272
1451	0.0059564533842385746
1452	0.0059564533782536615
1453	0.005956453372302757
1454	0.005956453366390683
1455	0.0059564533605130894
1456	0.005956453354676052
1457	0.005956453348872585
1458	0.005956453343102687
1459	0.005956453337374496
1460	0.0059564533316782626
1461	0.005956453326018613
1462	0.005956453320394197
1463	0.005956453314800571
1464	0.005956453309248612
1465	0.005956453303726333
1466	0.005956453298239619
1467	0.005956453292788867
1468	0.00595645328736989
1469	0.005956453281984725
1470	0.005956453276634947
1471	0.0059564532713153925
1472	0.005956453266030046
1473	0.005956453260777315
1474	0.005956453255558363
1475	0.005956453250375962
1476	0.005956453245215157
1477	0.0059564532400925635
1478	0.005956453235002218
1479	0.005956453229943634
1480	0.005956453224912361
1481	0.005956453219916209
1482	0.005956453214951366
1483	0.005956453210016364
1484	0.005956453205113326
1485	0.005956453200238081
1486	0.005956453195394647
1487	0.005956453190580963
1488	0.005956453185797766
1489	0.0059564531810441315
1490	0.005956453176321556
1491	0.005956453171624918
1492	0.0059564531669599515
1493	0.005956453162326601
1494	0.0059564531577160134
1495	0.005956453153135951
1496	0.005956453148588155
1497	0.005956453144062324
1498	0.0059564531395661785
1499	0.005956453135101675
1500	0.005956453130665144
1501	0.005956453126253899
1502	0.005956453121869759
1503	0.005956453117514042
1504	0.0059564531131841205
1505	0.005956453108882081
1506	0.005956453104603233
1507	0.005956453100357236
1508	0.0059564530961338895
1509	0.005956453091938063
1510	0.00595645308776677
1511	0.005956453083623789
1512	0.0059564530795083925
1513	0.00595645307541383
1514	0.005956453071345552
1515	0.005956453067305815
1516	0.005956453063289123
1517	0.005956453059295758
1518	0.005956453055330694
1519	0.005956453051387196
1520	0.005956453047469864
1521	0.0059564530435772395
1522	0.005956453039707453
1523	0.005956453035863195
1524	0.005956453032041029
1525	0.0059564530282453804
1526	0.005956453024474727
1527	0.005956453020723186
1528	0.005956453016999322
1529	0.0059564530132946445
1530	0.005956453009611055
1531	0.005956453005955376
1532	0.005956453002319944
1533	0.005956452998710217
1534	0.005956452995123705
1535	0.005956452991559109
1536	0.005956452988013564
1537	0.005956452984492556
1538	0.005956452980990631
1539	0.005956452977512619
1540	0.0059564529740575006
1541	0.0059564529706167095
1542	0.005956452967208092
1543	0.005956452963816328
1544	0.005956452960445932
1545	0.00595645295709709
1546	0.005956452953766808
1547	0.00595645295046184
1548	0.005956452947171514
1549	0.005956452943906798
1550	0.0059564529406604585
1551	0.005956452937433857
1552	0.005956452934230232
1553	0.005956452931041912
1554	0.005956452927879679
1555	0.005956452924732844
1556	0.005956452921603707
1557	0.00595645291849849
1558	0.005956452915413597
1559	0.005956452912347169
1560	0.005956452909300695
1561	0.005956452906271932
1562	0.005956452903260767
1563	0.005956452900269595
1564	0.005956452897296025
1565	0.005956452894342023
1566	0.005956452891411233
1567	0.005956452888488739
1568	0.005956452885590751
1569	0.005956452882714645
1570	0.005956452879850809
1571	0.005956452877008316
1572	0.005956452874181109
1573	0.005956452871374666
1574	0.005956452868581546
1575	0.005956452865808926
1576	0.005956452863055796
1577	0.005956452860314675
1578	0.005956452857596185
1579	0.005956452854892566
1580	0.005956452852205505
1581	0.005956452849537156
1582	0.005956452846884192
1583	0.005956452844247066
1584	0.005956452841630197
1585	0.005956452839023848
1586	0.005956452836440157
1587	0.00595645283387121
1588	0.005956452831316192
1589	0.005956452828778713
1590	0.005956452826258195
1591	0.00595645282374901
1592	0.005956452821261228
1593	0.005956452818786205
1594	0.005956452816333502
1595	0.005956452813887399
1596	0.005956452811461519
1597	0.005956452809050502
1598	0.005956452806653757
1599	0.005956452804270455
1600	0.0059564528019065525
1601	0.0059564527995543655
1602	0.005956452797220464
1603	0.005956452794894914
1604	0.005956452792592357
1605	0.005956452790297872
1606	0.0059564527880200824
1607	0.005956452785760734
1608	0.0059564527835097485
1609	0.005956452781277533
1610	0.005956452779057897
1611	0.005956452776852503
1612	0.005956452774659589
1613	0.005956452772483269
1614	0.005956452770317711
1615	0.005956452768167816
1616	0.0059564527660334625
1617	0.005956452763907895
1618	0.005956452761799776
1619	0.00595645275970742
1620	0.00595645275762274
1621	0.005956452755554519
1622	0.0059564527534993385
1623	0.005956452751455475
1624	0.005956452749428198
1625	0.005956452747408612
1626	0.005956452745408722
1627	0.0059564527434165845
1628	0.005956452741437479
1629	0.005956452739473957
1630	0.005956452737519768
1631	0.005956452735581702
1632	0.005956452733654629
1633	0.005956452731739419
1634	0.005956452729836064
1635	0.005956452727943534
1636	0.005956452726062879
1637	0.005956452724201783
1638	0.005956452722343301
1639	0.005956452720501262
1640	0.00595645271867143
1641	0.0059564527168533025
1642	0.005956452715043405
1643	0.005956452713249862
1644	0.005956452711468397
1645	0.0059564527096944465
1646	0.005956452707933935
1647	0.005956452706185826
1648	0.005956452704445101
1649	0.005956452702718815
1650	0.005956452701002822
1651	0.005956452699297936
1652	0.005956452697603985
1653	0.005956452695922184
1654	0.005956452694251552
1655	0.005956452692589311
1656	0.005956452690940973
1657	0.00595645268930123
1658	0.005956452687668952
1659	0.005956452686054335
1660	0.00595645268444181
1661	0.005956452682845384
1662	0.005956452681262053
1663	0.005956452679686685
1664	0.00595645267811633
1665	0.005956452676558997
1666	0.00595645267501509
1667	0.005956452673479442
1668	0.0059564526719544635
1669	0.005956452670436195
1670	0.0059564526689281205
1671	0.005956452667437414
1672	0.005956452665945178
1673	0.005956452664471543
1674	0.005956452663004174
1675	0.0059564526615460515
1676	0.005956452660099433
1677	0.005956452658659076
1678	0.005956452657229617
1679	0.005956452655811597
1680	0.005956452654398551
1681	0.005956452653000268
1682	0.005956452651604194
1683	0.005956452650223205
1684	0.005956452648852059
1685	0.005956452647486951
1686	0.005956452646129192
1687	0.005956452644784021
1688	0.0059564526434415085
1689	0.005956452642115867
1690	0.005956452640791894
1691	0.005956452639482414
1692	0.005956452638176704
1693	0.005956452636883752
1694	0.005956452635598466
1695	0.005956452634323903
1696	0.005956452633051308
1697	0.005956452631790243
1698	0.005956452630534332
1699	0.00595645262929672
1700	0.005956452628057315
1701	0.0059564526268314185
1702	0.005956452625610503
1703	0.005956452624400433
1704	0.005956452623198676
1705	0.005956452621998491
1706	0.005956452620810861
1707	0.005956452619631277
1708	0.005956452618459682
1709	0.005956452617293616
1710	0.005956452616137545
1711	0.005956452614990541
1712	0.00595645261384998
1713	0.00595645261271677
1714	0.005956452611590312
1715	0.005956452610468971
1716	0.005956452609358721
1717	0.00595645260825535
1718	0.005956452607161748
1719	0.005956452606066834
1720	0.005956452604990025
1721	0.005956452603915286
1722	0.005956452602846604
1723	0.005956452601786712
1724	0.005956452600732258
1725	0.0059564525996875246
1726	0.005956452598650147
1727	0.005956452597618193
1728	0.005956452596591042
1729	0.005956452595575153
1730	0.005956452594561146
1731	0.005956452593560922
1732	0.005956452592561308
1733	0.005956452591569812
1734	0.005956452590584277
1735	0.005956452589606287
1736	0.005956452588633658
1737	0.005956452587669178
1738	0.005956452586713633
1739	0.005956452585759989
1740	0.005956452584815876
1741	0.005956452583876368
1742	0.00595645258294542
1743	0.005956452582019331
1744	0.005956452581097031
1745	0.005956452580184866
1746	0.005956452579272746
1747	0.0059564525783729234
1748	0.005956452577477659
1749	0.005956452576589582
1750	0.005956452575703404
1751	0.00595645257482909
1752	0.005956452573954923
1753	0.00595645257308973
1754	0.005956452572232138
1755	0.005956452571380596
1756	0.005956452570531005
1757	0.005956452569687613
1758	0.005956452568851558
1759	0.005956452568019116
1760	0.0059564525671979875
1761	0.005956452566376492
1762	0.005956452565560617
1763	0.005956452564752574
1764	0.005956452563950099
1765	0.005956452563153166
1766	0.005956452562359945
1767	0.0059564525615751285
1768	0.005956452560793987
1769	0.005956452560019079
1770	0.005956452559248589
1771	0.005956452558485276
1772	0.005956452557724835
1773	0.005956452556970598
1774	0.0059564525562203225
1775	0.005956452555473676
1776	0.005956452554737326
1777	0.005956452554002227
1778	0.005956452553274836
1779	0.005956452552549639
1780	0.005956452551829898
1781	0.005956452551115526
1782	0.00595645255040907
1783	0.0059564525497031815
1784	0.005956452549002385
1785	0.005956452548310296
1786	0.0059564525476186
1787	0.0059564525469348656
1788	0.0059564525462518
1789	0.0059564525455769275
1790	0.005956452544906076
1791	0.00595645254424107
1792	0.005956452543580215
1793	0.005956452542922828
1794	0.0059564525422712575
1795	0.005956452541621462
1796	0.005956452540979583
1797	0.005956452540341167
1798	0.005956452539703079
1799	0.0059564525390749246
1800	0.005956452538448015
1801	0.005956452537827453
1802	0.0059564525372089745
1803	0.0059564525365986025
1804	0.00595645253598905
1805	0.0059564525353859405
1806	0.0059564525347863655
1807	0.005956452534190769
1808	0.005956452533599721
1809	0.0059564525330091595
1810	0.005956452532428174
1811	0.005956452531850222
1812	0.005956452531275383
1813	0.005956452530703289
1814	0.0059564525301350705
1815	0.00595645252957284
1816	0.00595645252901201
1817	0.005956452528458058
1818	0.005956452527905894
1819	0.0059564525273583585
1820	0.005956452526817241
1821	0.005956452526279738
1822	0.005956452525738041
1823	0.005956452525207177
1824	0.005956452524677647
1825	0.005956452524153574
1826	0.0059564525236355335
1827	0.005956452523117453
1828	0.005956452522601212
1829	0.005956452522093827
1830	0.005956452521583711
1831	0.005956452521084624
1832	0.005956452520582117
1833	0.005956452520091358
1834	0.0059564525195968275
1835	0.005956452519109054
1836	0.005956452518625989
1837	0.005956452518142096
1838	0.005956452517663571
1839	0.0059564525171890885
1840	0.0059564525167179
1841	0.005956452516248177
1842	0.005956452515785011
1843	0.005956452515322567
1844	0.005956452514865932
1845	0.005956452514412063
1846	0.005956452513959003
1847	0.005956452513509314
1848	0.005956452513064997
1849	0.005956452512621988
1850	0.005956452512184384
1851	0.005956452511751357
1852	0.005956452511316374
1853	0.0059564525108860645
1854	0.00595645251046047
1855	0.005956452510035942
1856	0.00595645250961625
1857	0.005956452509198887
1858	0.00595645250878706
1859	0.005956452508375779
1860	0.005956452507967916
1861	0.005956452507561289
1862	0.005956452507157675
1863	0.005956452506758911
1864	0.0059564525063640185
1865	0.005956452505967573
1866	0.005956452505576697
1867	0.005956452505189021
1868	0.0059564525048032505
1869	0.005956452504419372
1870	0.00595645250404504
1871	0.0059564525036642805
1872	0.005956452503292109
1873	0.005956452502917335
1874	0.005956452502549625
1875	0.005956452502187973
1876	0.005956452501821689
1877	0.005956452501458995
1878	0.005956452501104065
1879	0.005956452500745861
1880	0.005956452500392408
1881	0.005956452500043789
1882	0.005956452499696138
1883	0.0059564524993513685
1884	0.005956452499009265
1885	0.005956452498664733
1886	0.005956452498331892
1887	0.005956452497993314
1888	0.005956452497662222
1889	0.005956452497330751
1890	0.005956452497001474
1891	0.005956452496680026
1892	0.005956452496358524
1893	0.005956452496034631
1894	0.005956452495716068
1895	0.00595645249539979
1896	0.005956452495085826
1897	0.005956452494777564
1898	0.005956452494466056
1899	0.0059564524941584296
1900	0.005956452493857718
1901	0.005956452493554214
1902	0.005956452493254539
1903	0.005956452492951992
1904	0.00595645249265925
1905	0.005956452492366281
1906	0.0059564524920743015
1907	0.005956452491784144
1908	0.005956452491498428
1909	0.005956452491213799
1910	0.005956452490932612
1911	0.005956452490652199
1912	0.005956452490373769
1913	0.005956452490094689
1914	0.00595645248982265
1915	0.005956452489548157
1916	0.005956452489278074
1917	0.005956452489009734
1918	0.005956452488744063
1919	0.005956452488479292
1920	0.005956452488218441
1921	0.005956452487954865
1922	0.0059564524877005415
1923	0.005956452487441983
1924	0.005956452487187388
1925	0.005956452486936651
1926	0.005956452486683502
1927	0.005956452486434928
1928	0.005956452486187451
1929	0.005956452485943122
1930	0.005956452485698134
1931	0.005956452485458075
1932	0.005956452485217428
1933	0.005956452484981351
1934	0.005956452484742528
1935	0.0059564524845116765
1936	0.00595645248427684
1937	0.005956452484047266
1938	0.005956452483819831
1939	0.005956452483587822
1940	0.0059564524833640485
1941	0.005956452483141617
1942	0.00595645248291978
1943	0.0059564524826990605
1944	0.005956452482482986
1945	0.005956452482262681
1946	0.005956452482048147
1947	0.005956452481832294
1948	0.005956452481624071
1949	0.005956452481412828
1950	0.00595645248120298
1951	0.005956452480994533
1952	0.005956452480786514
1953	0.005956452480587086
1954	0.005956452480382095
1955	0.005956452480179993
1956	0.0059564524799806525
1957	0.005956452479784846
1958	0.005956452479588157
1959	0.005956452479391497
1960	0.005956452479199456
1961	0.005956452479005463
1962	0.0059564524788135766
1963	0.00595645247862831
1964	0.005956452478436656
1965	0.005956452478251377
1966	0.005956452478069569
1967	0.005956452477885212
1968	0.005956452477701864
1969	0.005956452477522868
1970	0.005956452477343385
1971	0.005956452477165823
1972	0.0059564524769900856
1973	0.005956452476815782
1974	0.0059564524766387026
1975	0.005956452476467862
1976	0.00595645247629662
1977	0.005956452476129611
1978	0.005956452475958548
1979	0.00595645247579262
1980	0.005956452475625728
1981	0.005956452475459934
1982	0.005956452475299026
1983	0.005956452475138176
1984	0.005956452474974426
1985	0.00595645247481271
1986	0.005956452474656061
1987	0.005956452474499874
1988	0.005956452474346059
1989	0.005956452474190357
1990	0.00595645247403688
1991	0.005956452473884326
1992	0.005956452473735666
1993	0.005956452473582223
1994	0.0059564524734356675
1995	0.00595645247328791
1996	0.00595645247314205
1997	0.005956452472998009
1998	0.005956452472851368
1999	0.005956452472710306
2000	0.005956452472568964
2001	0.005956452472429773
2002	0.005956452472287735
2003	0.005956452472150287
2004	0.005956452472012819
2005	0.005956452471874681
2006	0.0059564524717417855
2007	0.005956452471606709
2008	0.00595645247147084
2009	0.005956452471340749
2010	0.005956452471207843
2011	0.005956452471078845
2012	0.005956452470949668
2013	0.005956452470825902
2014	0.005956452470695625
2015	0.005956452470569537
2016	0.005956452470446164
2017	0.005956452470324884
2018	0.005956452470197236
2019	0.005956452470078689
2020	0.005956452469957298
2021	0.005956452469839856
2022	0.005956452469718106
2023	0.005956452469599151
2024	0.005956452469480633
2025	0.005956452469365183
2026	0.005956452469251676
2027	0.00595645246913722
2028	0.005956452469022761
2029	0.005956452468911378
2030	0.005956452468798165
2031	0.005956452468688926
2032	0.00595645246857777
2033	0.005956452468469431
2034	0.005956452468360507
2035	0.005956452468251031
2036	0.005956452468145992
2037	0.005956452468042906
2038	0.005956452467934365
2039	0.005956452467830935
2040	0.005956452467729866
2041	0.00595645246763006
2042	0.00595645246752816
2043	0.005956452467426162
2044	0.005956452467325348
2045	0.005956452467229105
2046	0.005956452467129045
2047	0.005956452467031903
2048	0.00595645246693597
2049	0.005956452466839088
2050	0.0059564524667445025
2051	0.005956452466650444
2052	0.005956452466555783
2053	0.005956452466464564
2054	0.005956452466370762
2055	0.005956452466282201
2056	0.005956452466191804
2057	0.0059564524661023695
2058	0.005956452466012577
2059	0.005956452465926255
2060	0.005956452465834596
2061	0.005956452465751823
2062	0.005956452465664423
2063	0.00595645246557871
2064	0.00595645246549365
2065	0.005956452465411891
2066	0.005956452465326939
2067	0.005956452465243988
2068	0.005956452465164167
2069	0.005956452465079375
2070	0.005956452465000099
2071	0.0059564524649222145
2072	0.005956452464841056
2073	0.005956452464762148
2074	0.005956452464685267
2075	0.005956452464608504
2076	0.005956452464529571
2077	0.005956452464454535
2078	0.005956452464378045
2079	0.005956452464301902
2080	0.00595645246422955
2081	0.005956452464155287
2082	0.005956452464080077
2083	0.005956452464012277
2084	0.005956452463937653
2085	0.005956452463869275
2086	0.005956452463795631
2087	0.005956452463727417
2088	0.0059564524636565724
2089	0.0059564524635886615
2090	0.005956452463521222
2091	0.005956452463448905
2092	0.005956452463389278
2093	0.005956452463319656
2094	0.005956452463249869
2095	0.005956452463187059
2096	0.005956452463122866
2097	0.005956452463057539
2098	0.005956452462993139
2099	0.005956452462931122
2100	0.005956452462869184
2101	0.005956452462802217
2102	0.005956452462742692
2103	0.0059564524626844455
2104	0.005956452462621709
2105	0.005956452462560988
2106	0.005956452462498923
2107	0.005956452462444132
2108	0.005956452462383347
2109	0.005956452462326211
2110	0.005956452462267198
2111	0.005956452462207837
2112	0.005956452462152473
2113	0.005956452462093813
2114	0.00595645246204162
2115	0.00595645246198576
2116	0.0059564524619327335
2117	0.005956452461875491
2118	0.005956452461824075
2119	0.005956452461769861
2120	0.005956452461715491
2121	0.005956452461664886
2122	0.005956452461610753
2123	0.0059564524615599995
2124	0.005956452461510921
2125	0.005956452461459221
2126	0.005956452461406161
2127	0.005956452461357238
2128	0.005956452461309399
2129	0.005956452461259321
2130	0.005956452461212539
2131	0.0059564524611613575
2132	0.005956452461112105
2133	0.005956452461068374
2134	0.005956452461019421
2135	0.005956452460970725
2136	0.005956452460927911
2137	0.005956452460879106
2138	0.005956452460836135
2139	0.005956452460791048
2140	0.00595645246074526
2141	0.005956452460702373
2142	0.005956452460656755
2143	0.0059564524606163785
2144	0.0059564524605715515
2145	0.005956452460528934
2146	0.005956452460484004
2147	0.005956452460441431
2148	0.005956452460399309
2149	0.0059564524603614175
2150	0.005956452460318531
2151	0.005956452460278665
2152	0.005956452460239052
2153	0.005956452460200164
2154	0.0059564524601589475
2155	0.005956452460119205
2156	0.0059564524600783895
2157	0.005956452460040008
2158	0.005956452460002612
2159	0.0059564524599662995
2160	0.005956452459927177
2161	0.005956452459892026
2162	0.005956452459854796
2163	0.005956452459816382
2164	0.0059564524597818585
2165	0.0059564524597451336
2166	0.005956452459708538
2167	0.00595645245967557
2168	0.005956452459637564
2169	0.00595645245960272
2170	0.005956452459569293
2171	0.005956452459534546
2172	0.005956452459501061
2173	0.005956452459469879
2174	0.005956452459435504
2175	0.005956452459399252
2176	0.005956452459368733
2177	0.005956452459335107
2178	0.005956452459303877
2179	0.00595645245927322
2180	0.005956452459241653
2181	0.0059564524592105525
2182	0.0059564524591806675
2183	0.005956452459147239
2184	0.005956452459115686
2185	0.005956452459086925
2186	0.00595645245905733
2187	0.005956452459026169
2188	0.005956452458998632
2189	0.005956452458967135
2190	0.005956452458938826
2191	0.0059564524589111635
2192	0.005956452458879378
2193	0.005956452458855187
2194	0.005956452458825697
2195	0.005956452458797081
2196	0.00595645245877077
2197	0.005956452458745429
2198	0.005956452458716882
2199	0.005956452458693211
2200	0.005956452458666552
2201	0.005956452458638252
2202	0.00595645245861489
2203	0.0059564524585892335
2204	0.0059564524585622
2205	0.00595645245853312
2206	0.005956452458510787
2207	0.005956452458486
2208	0.005956452458464107
2209	0.0059564524584376334
2210	0.005956452458411827
2211	0.00595645245839107
2212	0.0059564524583644455
2213	0.005956452458341611
2214	0.0059564524583212465
2215	0.005956452458295476
2216	0.005956452458271468
2217	0.005956452458249366
2218	0.005956452458229818
2219	0.005956452458205018
2220	0.005956452458181449
2221	0.005956452458161016
2222	0.005956452458139803
2223	0.00595645245811761
2224	0.005956452458097878
2225	0.005956452458072532
2226	0.005956452458054591
2227	0.005956452458033356
2228	0.005956452458013971
2229	0.005956452457994485
2230	0.00595645245797323
2231	0.00595645245795293
2232	0.0059564524579329755
2233	0.005956452457913564
2234	0.005956452457895089
2235	0.005956452457874778
2236	0.005956452457856602
2237	0.005956452457837486
2238	0.005956452457818204
2239	0.0059564524578005346
2240	0.005956452457783583
2241	0.005956452457761717
2242	0.005956452457745006
2243	0.005956452457728439
2244	0.0059564524577061795
2245	0.005956452457689399
2246	0.0059564524576747446
2247	0.005956452457659665
2248	0.005956452457639436
2249	0.005956452457621306
2250	0.005956452457608373
2251	0.005956452457589963
2252	0.005956452457572785
2253	0.005956452457555207
2254	0.0059564524575405784
2255	0.005956452457525544
2256	0.005956452457508502
2257	0.0059564524574916705
2258	0.005956452457476928
2259	0.005956452457460995
2260	0.0059564524574456604
2261	0.005956452457432
2262	0.005956452457416993
2263	0.005956452457401924
2264	0.005956452457389154
2265	0.005956452457370238
2266	0.005956452457357675
2267	0.005956452457343522
2268	0.005956452457330293
2269	0.005956452457314007
2270	0.005956452457301498
2271	0.005956452457288776
2272	0.00595645245727349
2273	0.005956452457260116
2274	0.005956452457247157
2275	0.005956452457235616
2276	0.005956452457220818
2277	0.005956452457209366
2278	0.005956452457194486
2279	0.005956452457180717
2280	0.0059564524571694005
2281	0.005956452457156999
2282	0.005956452457147717
2283	0.0059564524571316954
2284	0.005956452457120361
2285	0.005956452457106874
2286	0.005956452457097223
2287	0.005956452457082336
2288	0.005956452457073325
2289	0.005956452457059228
2290	0.005956452457047638
2291	0.005956452457035546
2292	0.005956452457026176
2293	0.005956452457012387
2294	0.005956452457001698
2295	0.005956452456994686
2296	0.005956452456980288
2297	0.005956452456968617
2298	0.0059564524569594305
2299	0.00595645245695039
2300	0.005956452456940654
2301	0.005956452456929514
2302	0.005956452456917059
2303	0.005956452456907636
2304	0.005956452456897447
2305	0.0059564524568900806
2306	0.005956452456876715
2307	0.005956452456868275
2308	0.0059564524568593725
2309	0.0059564524568501385
2310	0.0059564524568401465
2311	0.0059564524568289316
2312	0.00595645245681901
2313	0.005956452456808857
2314	0.005956452456802224
2315	0.005956452456792637
2316	0.005956452456783381
2317	0.005956452456773153
2318	0.005956452456766113
2319	0.005956452456758598
2320	0.0059564524567475435
2321	0.0059564524567396184
2322	0.005956452456729357
2323	0.005956452456725245
2324	0.005956452456715191
2325	0.005956452456705534
2326	0.005956452456697169
2327	0.005956452456691014
2328	0.005956452456684117
2329	0.0059564524566746635
2330	0.005956452456667499
2331	0.005956452456659583
2332	0.005956452456648869
2333	0.005956452456643523
2334	0.005956452456635526
2335	0.005956452456627562
2336	0.005956452456618869
2337	0.005956452456615027
2338	0.005956452456602177
2339	0.0059564524565980355
2340	0.005956452456592509
2341	0.005956452456586469
2342	0.005956452456572603
2343	0.005956452456569804
2344	0.005956452456563833
2345	0.005956452456557591
2346	0.0059564524565493045
2347	0.005956452456542633
2348	0.005956452456534619
2349	0.005956452456528487
2350	0.005956452456522699
2351	0.005956452456517386
2352	0.005956452456513073
2353	0.0059564524565054
2354	0.0059564524564964996
2355	0.005956452456491964
2356	0.005956452456484416
2357	0.005956452456480811
2358	0.005956452456471227
2359	0.0059564524564678315
2360	0.005956452456461017
2361	0.00595645245645471
2362	0.005956452456449727
2363	0.005956452456445496
2364	0.0059564524564390585
2365	0.005956452456433181
2366	0.005956452456428816
2367	0.005956452456422816
2368	0.00595645245641866
2369	0.005956452456411852
2370	0.005956452456405347
2371	0.0059564524564016275
2372	0.005956452456398375
2373	0.005956452456391779
2374	0.005956452456384015
2375	0.00595645245638088
2376	0.005956452456374222
2377	0.005956452456370469
2378	0.005956452456362534
2379	0.005956452456360239
2380	0.005956452456357376
2381	0.005956452456351992
2382	0.005956452456346883
2383	0.00595645245634148
2384	0.005956452456336797
2385	0.005956452456332643
2386	0.005956452456327634
2387	0.005956452456322529
2388	0.005956452456318068
2389	0.005956452456316002
2390	0.005956452456309615
2391	0.005956452456304925
2392	0.0059564524563004255
2393	0.005956452456297908
2394	0.005956452456294432
2395	0.005956452456290152
2396	0.005956452456286565
2397	0.00595645245627898
2398	0.0059564524562746865
2399	0.005956452456273276
2400	0.0059564524562691415
2401	0.005956452456264086
2402	0.005956452456261334
2403	0.0059564524562559975
2404	0.005956452456253977
2405	0.0059564524562503145
2406	0.005956452456246782
2407	0.0059564524562445076
2408	0.0059564524562417355
2409	0.005956452456234578
2410	0.0059564524562312465
2411	0.005956452456227158
2412	0.005956452456225411
2413	0.005956452456221139
2414	0.0059564524562161
2415	0.005956452456214602
2416	0.005956452456210265
2417	0.005956452456209248
2418	0.0059564524562065605
2419	0.0059564524562013155
2420	0.00595645245619685
2421	0.0059564524561955285
2422	0.005956452456190356
2423	0.005956452456188479
2424	0.0059564524561877
2425	0.005956452456183243
2426	0.00595645245618031
2427	0.005956452456178326
2428	0.0059564524561762835
2429	0.005956452456170147
2430	0.0059564524561682
2431	0.005956452456161667
2432	0.0059564524561631985
2433	0.005956452456159377
2434	0.0059564524561557764
2435	0.0059564524561533105
2436	0.0059564524561499955
2437	0.005956452456147028
2438	0.005956452456143331
2439	0.005956452456142322
2440	0.005956452456139383
2441	0.0059564524561351775
2442	0.005956452456134735
2443	0.005956452456133337
2444	0.00595645245612722
2445	0.005956452456124614
2446	0.005956452456125436
2447	0.005956452456123548
2448	0.005956452456119828
2449	0.00595645245611666
2450	0.00595645245611514
2451	0.0059564524561131985
2452	0.0059564524561098045
2453	0.005956452456109945
2454	0.00595645245610628
2455	0.00595645245610405
2456	0.005956452456101984
2457	0.005956452456097685
2458	0.005956452456097546
2459	0.005956452456093924
2460	0.005956452456093857
2461	0.005956452456092074
2462	0.005956452456090884
2463	0.005956452456086383
2464	0.005956452456084561
2465	0.005956452456084107
2466	0.005956452456082374
2467	0.005956452456082021
2468	0.005956452456077746
2469	0.005956452456077386
2470	0.005956452456074148
2471	0.005956452456071048
2472	0.005956452456069968
2473	0.005956452456066985
2474	0.0059564524560652456
2475	0.005956452456064975
2476	0.00595645245606228
2477	0.00595645245606133
2478	0.005956452456057776
2479	0.005956452456057619
2480	0.005956452456053691
2481	0.0059564524560520695
2482	0.005956452456053469
2483	0.005956452456051177
2484	0.005956452456047342
2485	0.005956452456046061
2486	0.005956452456046551
2487	0.00595645245604315
2488	0.005956452456042996
2489	0.005956452456041154
2490	0.005956452456038858
2491	0.005956452456040095
2492	0.0059564524560382385
2493	0.005956452456036641
2494	0.005956452456033046
2495	0.005956452456031739
2496	0.005956452456030508
2497	0.005956452456029941
2498	0.005956452456025901
2499	0.005956452456026944
2500	0.005956452456021815
2501	0.005956452456021665
2502	0.005956452456021326
2503	0.005956452456020716
2504	0.005956452456019993
2505	0.005956452456017891
2506	0.005956452456015971
2507	0.005956452456013568
2508	0.005956452456013762
2509	0.005956452456012361
2510	0.005956452456012695
2511	0.005956452456009985
2512	0.005956452456011171
2513	0.005956452456007996
2514	0.0059564524560070595
2515	0.005956452456005462
2516	0.005956452456004164
2517	0.005956452456002249
2518	0.005956452456003063
2519	0.005956452456000131
2520	0.0059564524559991595
2521	0.0059564524559995525
2522	0.005956452455996623
2523	0.005956452455992912
2524	0.005956452455994815
2525	0.0059564524559939085
2526	0.005956452455991669
2527	0.00595645245599158
2528	0.005956452455990255
2529	0.005956452455989376
2530	0.005956452455986353
2531	0.005956452455987956
2532	0.005956452455984194
2533	0.005956452455985733
2534	0.005956452455987589
2535	0.005956452455982768
2536	0.005956452455986257
2537	0.0059564524559807515
2538	0.0059564524559787375
2539	0.005956452455978865
2540	0.005956452455981147
2541	0.005956452455980869
2542	0.005956452455977068
2543	0.005956452455976437
2544	0.0059564524559769265
2545	0.005956452455977155
2546	0.005956452455974798
2547	0.005956452455971492
2548	0.0059564524559708775
2549	0.005956452455971977
2550	0.005956452455971896
2551	0.0059564524559700925
2552	0.005956452455969766
2553	0.005956452455968764
2554	0.0059564524559699225
2555	0.0059564524559696805
2556	0.005956452455966826
2557	0.005956452455966945
2558	0.005956452455965495
2559	0.005956452455962424
2560	0.005956452455965783
2561	0.005956452455965285
2562	0.005956452455964086
2563	0.005956452455968663
2564	0.005956452455966641
2565	0.00595645245597872
2566	0.0059564524559896585
2567	0.0059564524560121596
2568	0.005956452456062478
2569	0.005956452456160676
2570	0.0059564524563477566
2571	0.005956452456708392
2572	0.005956452457420979
2573	0.00595645245882291
2574	0.005956452461597058
2575	0.00595645246711617
2576	0.005956452478147862
2577	0.005956452500236475
2578	0.005956452544548007
2579	0.005956452632898655
2580	0.005956452806996749
2581	0.005956453137275949
2582	0.005956453721631892
2583	0.005956454593739061
2584	0.005956455503423097
2585	0.005956455653480895
2586	0.005956454481025246
2587	0.005956452890197088
2588	0.005956452532855436
2589	0.005956453444501407
2590	0.005956454093914313
2591	0.005956453504272987
2592	0.0059564525801316685
2593	0.00595645263589223
2594	0.005956453301085306
2595	0.005956453337222026
2596	0.005956452710492808
2597	0.005956452475575134
2598	0.005956452874673104
2599	0.005956453066055597
2600	0.005956452708178309
2601	0.005956452456149228
2602	0.005956452671351677
2603	0.0059564528554109895
2604	0.005956452660107098
2605	0.00595645245851348
2606	0.005956452570316945
2607	0.005956452714522271
2608	0.005956452608797581
2609	0.005956452461827023
2610	0.005956452517303816
