0	0.013943813102663412
1	0.013112628347645965
2	0.012549392703345914
3	0.012109924744828873
4	0.011681827237601732
5	0.011269984223215394
6	0.01089187237202258
7	0.010548596370760728
8	0.010236039353934792
9	0.009951722346260098
10	0.009695286707222518
11	0.009466595899761574
12	0.009263392405465457
13	0.009080447767832185
14	0.00891174174138274
15	0.008753720041902115
16	0.008605953073001773
17	0.008469194299605354
18	0.008343414558416728
19	0.008227334868526079
20	0.008119270880250877
21	0.008018157379338742
22	0.00792384085750355
23	0.007836593725724417
24	0.007756393082018589
25	0.007682562570635167
26	0.007614013806938461
27	0.007549798668954217
28	0.007489460620452185
29	0.00743295395701743
30	0.00738030891337183
31	0.007331366664162019
32	0.007285775711912999
33	0.0072431982355554226
34	0.007203509956426365
35	0.007166814821637879
36	0.007133278869484106
37	0.007102935018305412
38	0.007075609829624781
39	0.0070510029020744765
40	0.007028827285872022
41	0.007008894833260604
42	0.006991100354474992
43	0.006975345993466062
44	0.006961482757036967
45	0.0069493161241260225
46	0.006938662347778907
47	0.006929400338789175
48	0.006921471667622003
49	0.006914828631900811
50	0.0069093758282727236
51	0.006904954122838701
52	0.006901375236739546
53	0.006898471042105702
54	0.0068961165988682595
55	0.006894218397139352
56	0.006892690545889908
57	0.006891444202329774
58	0.006890396421735497
59	0.006889486414997684
60	0.006888682659072554
61	0.006887973197330545
62	0.00688734660356599
63	0.0068867799220755045
64	0.006886242470351452
65	0.006885708089054553
66	0.00688516203021657
67	0.006884597708039041
68	0.006884009542413782
69	0.006883389553869588
70	0.006882729867708912
71	0.00688202809419085
72	0.006881290493248621
73	0.006880529607618267
74	0.006879758145748429
75	0.006878984569785845
76	0.006878213481648745
77	0.006877448587395597
78	0.006876694414676655
79	0.006875955646685243
80	0.006875235455762104
81	0.006874534511453376
82	0.0068738515231890705
83	0.00687318494863462
84	0.006872534321520821
85	0.006871899966190836
86	0.006871281662548719
87	0.0068706777702165055
88	0.006870085399135632
89	0.006869501108840525
90	0.006868921539247041
91	0.006868343697857156
92	0.0068677648488167115
93	0.006867182262763908
94	0.0068665932287342085
95	0.006865995336476578
96	0.006865386656731931
97	0.006864765643778713
98	0.006864130922571743
99	0.006863481112619059
100	0.006862814732973881
101	0.006862130245670262
102	0.006861426227117873
103	0.006860701516634863
104	0.006859955235654318
105	0.006859186727798584
106	0.006858395483482801
107	0.006857581052222471
108	0.0068567429706890845
109	0.006855880743692068
110	0.006854993843070708
111	0.006854081676772244
112	0.006853143552847205
113	0.006852178681100501
114	0.006851186207624052
115	0.006850165264606068
116	0.006849115027341989
117	0.0068480347520216926
118	0.006846923771152416
119	0.006845781467822403
120	0.006844607262852015
121	0.006843400619108526
122	0.0068421610556935256
123	0.006840888172734838
124	0.00683958167963724
125	0.006838241413071929
126	0.006836867345903289
127	0.006835459596591891
128	0.006834018439292714
129	0.006832544312990796
130	0.0068310378327010365
131	0.006829499799718403
132	0.0068279312030498866
133	0.006826333212994939
134	0.006824707174519679
135	0.0068230546030914494
136	0.006821377181413345
137	0.0068196767559220405
138	0.0068179553301928346
139	0.00681621505225374
140	0.0068144581977381095
141	0.006812687152525908
142	0.0068109043944639255
143	0.006809112472067143
144	0.006807313980572811
145	0.006805511536767307
146	0.0068037077534054535
147	0.006801905214318483
148	0.006800106450883699
149	0.006798313919092459
150	0.0067965299769709615
151	0.006794756863930418
152	0.006792996683526748
153	0.006791251389653946
154	0.006789522775779226
155	0.00678781246710861
156	0.006786121915596497
157	0.006784452398007385
158	0.006782805017659555
159	0.006781180710062288
160	0.006779580251968945
161	0.006778004273421072
162	0.006776453272692727
163	0.006774927633900496
164	0.0067734276467839895
165	0.006771953528119762
166	0.00677050544413272
167	0.006769083533142131
168	0.006767687927788644
169	0.006766318776364267
170	0.006764976262671215
171	0.006763660623726322
172	0.006762372164712044
173	0.006761111270697889
174	0.00675987841469158
175	0.006758674161679129
176	0.006757499168463181
177	0.006756354179183094
178	0.006755240016472066
179	0.006754157568358731
180	0.006753107771186021
181	0.006752091588949989
182	0.006751109989595264
183	0.006750163918984942
184	0.006749254273411134
185	0.006748381871607759
186	0.006747547427316743
187	0.006746751523512143
188	0.006745994589357413
189	0.006745276880868005
190	0.0067445984661038605
191	0.006743959215490261
192	0.006743358797605145
193	0.006742796680469411
194	0.006742272138121576
195	0.006741784262003959
196	0.0067413319764727106
197	0.006740914057604336
198	0.006740529154389795
199	0.006740175811384195
200	0.006739852491912646
201	0.006739557601028355
202	0.006739289507522159
203	0.006739046564429037
204	0.006738827127614461
205	0.006738629572175221
206	0.00673845230652137
207	0.006738293784116093
208	0.006738152512943126
209	0.006738027062850031
210	0.006737916070953097
211	0.0067378182453304335
212	0.006737732367237126
213	0.006737657292077405
214	0.006737591949356652
215	0.0067375353418105115
216	0.006737486543893294
217	0.006737444699773725
218	0.0067374090209658625
219	0.006737378783699246
220	0.006737353326103917
221	0.006737332045273777
222	0.0067373143942529206
223	0.006737299878975285
224	0.006737288055186564
225	0.0067372785253617985
226	0.00673727093563589
227	0.00673726497275893
228	0.006737260361088902
229	0.006737256859631521
230	0.006737254259143032
231	0.006737252379308457
232	0.006737251066008037
233	0.0067372501886871945
234	0.00673724963784492
235	0.006737249322649855
236	0.0067372491686983945
237	0.0067372491159242796
238	0.006737249116663205
239	0.006737249133881254
240	0.006737249139563976
241	0.006737249113269318
242	0.0067372490408371686
243	0.006737248913249541
244	0.006737248725637086
245	0.006737248476418037
246	0.006737248166561883
247	0.0067372477989647
248	0.006737247377926711
249	0.006737246908719802
250	0.0067372463972332165
251	0.0067372458496876295
252	0.006737245272408433
253	0.006737244671648533
254	0.0067372440534530145
255	0.006737243423557901
256	0.006737242787319806
257	0.006737242149665197
258	0.00673724151506198
259	0.006737240887503725
260	0.006737240270507354
261	0.006737239667118379
262	0.0067372390799252165
263	0.006737238511077144
264	0.006737237962307644
265	0.006737237434959954
266	0.006737236930015788
267	0.0067372364481243195
268	0.00673723598963245
269	0.00673723555461657
270	0.006737235142912745
271	0.006737234754147596
272	0.006737234387769118
273	0.006737234043074248
274	0.006737233719237874
275	0.0067372334153391385
276	0.006737233130385833
277	0.006737232863336637
278	0.006737232613122949
279	0.0067372323786660925
280	0.0067372321588943535
281	0.006737231952756231
282	0.006737231759232197
283	0.006737231577343882
284	0.006737231406161748
285	0.006737231244809351
286	0.006737231092468326
287	0.006737230948378847
288	0.006737230811841242
289	0.006737230682214581
290	0.006737230558915714
291	0.006737230441416844
292	0.006737230329241829
293	0.006737230221963687
294	0.006737230119201151
295	0.00673723002061384
296	0.006737229925899474
297	0.0067372298347897755
298	0.006737229747047172
299	0.006737229662460981
300	0.006737229580844879
301	0.0067372295020332994
302	0.0067372294258795234
303	0.006737229352252985
304	0.006737229281037257
305	0.006737229212127976
306	0.006737229145431221
307	0.006737229080862506
308	0.0067372290183452385
309	0.006737228957809448
310	0.0067372288991911986
311	0.006737228842431071
312	0.006737228787474471
313	0.006737228734270127
314	0.006737228682769856
315	0.006737228632927839
316	0.006737228584700535
317	0.006737228538045832
318	0.006737228492923417
319	0.006737228449293645
320	0.00673722840711784
321	0.006737228366358232
322	0.006737228326977016
323	0.0067372282889376365
324	0.006737228252202975
325	0.006737228216736934
326	0.006737228182503132
327	0.0067372281494660225
328	0.00673722811758976
329	0.0067372280868397815
330	0.0067372280571808794
331	0.006737228028579035
332	0.006737228001000381
333	0.006737227974411979
334	0.006737227948781276
335	0.006737227924076185
336	0.006737227900265612
337	0.006737227877319498
338	0.006737227855208119
339	0.006737227833902369
340	0.006737227813374801
341	0.006737227793597976
342	0.0067372277745456205
343	0.006737227756192409
344	0.006737227738513712
345	0.0067372277214853005
346	0.006737227705084664
347	0.006737227689289133
348	0.006737227674077678
349	0.006737227659429109
350	0.006737227645323503
351	0.00673722763174154
352	0.006737227618664441
353	0.006737227606074225
354	0.00673722759395381
355	0.00673722758228605
356	0.006737227571054828
357	0.006737227560244784
358	0.0067372275498404684
359	0.006737227539827776
360	0.006737227530192404
361	0.006737227520920899
362	0.006737227512000362
363	0.006737227503417998
364	0.006737227495161911
365	0.0067372274872201585
366	0.006737227479581733
367	0.0067372274722351955
368	0.006737227465170529
369	0.006737227458377072
370	0.006737227451845689
371	0.006737227445566313
372	0.006737227439530063
373	0.006737227433727861
374	0.006737227428151338
375	0.0067372274227921105
376	0.006737227417642311
377	0.006737227412694291
378	0.00673722740794052
379	0.006737227403373783
380	0.0067372273989871195
381	0.006737227394774116
382	0.006737227390727939
383	0.006737227386842426
384	0.0067372273831119095
385	0.006737227379530066
386	0.006737227376091491
387	0.0067372273727907776
388	0.006737227369622689
389	0.006737227366582234
390	0.006737227363664612
391	0.00673722736086494
392	0.006737227358178736
393	0.006737227355601788
394	0.006737227353129614
395	0.006737227350758606
396	0.006737227348484413
397	0.006737227346303453
398	0.00673722734421218
399	0.0067372273422068455
400	0.006737227340284337
401	0.006737227338441428
402	0.0067372273366748435
403	0.006737227334981593
404	0.006737227333358783
405	0.006737227331803652
406	0.00673722733031353
407	0.00673722732888583
408	0.006737227327518181
409	0.006737227326207941
410	0.006737227324952744
411	0.006737227323750863
412	0.006737227322599761
413	0.006737227321497461
414	0.006737227320441916
415	0.006737227319431684
416	0.006737227318464167
417	0.006737227317538204
418	0.006737227316651948
419	0.006737227315803819
420	0.006737227314992104
421	0.006737227314215566
422	0.006737227313472441
423	0.006737227312761605
424	0.006737227312081666
425	0.0067372273114312455
426	0.006737227310809141
427	0.006737227310214155
428	0.006737227309645444
429	0.00673722730910152
430	0.006737227308581548
431	0.006737227308084508
432	0.006737227307609406
433	0.006737227307155194
434	0.006737227306721362
435	0.006737227306306661
436	0.006737227305910346
437	0.006737227305531899
438	0.006737227305170193
439	0.006737227304824747
440	0.006737227304494911
441	0.0067372273041798
442	0.006737227303878951
443	0.006737227303591571
444	0.00673722730331721
445	0.006737227303055396
446	0.006737227302805375
447	0.006737227302566858
448	0.006737227302339238
449	0.0067372273021220185
450	0.006737227301914609
451	0.006737227301716676
452	0.006737227301528116
453	0.006737227301347981
454	0.0067372273011763115
455	0.006737227301012464
456	0.006737227300856399
457	0.006737227300707539
458	0.006737227300565529
459	0.00673722730043024
460	0.006737227300301064
461	0.006737227300178261
462	0.006737227300060934
463	0.0067372272999492305
464	0.0067372272998427775
465	0.006737227299741408
466	0.006737227299644781
467	0.006737227299552713
468	0.006737227299464959
469	0.006737227299381508
470	0.00673722729930212
471	0.006737227299226331
472	0.006737227299154306
473	0.006737227299085742
474	0.006737227299020224
475	0.0067372272989582324
476	0.006737227298899013
477	0.006737227298842635
478	0.006737227298789165
479	0.006737227298738095
480	0.0067372272986895194
481	0.006737227298643357
482	0.006737227298599472
483	0.00673722729855778
484	0.006737227298518056
485	0.006737227298480312
486	0.006737227298444466
487	0.0067372272984102515
488	0.006737227298377794
489	0.006737227298346981
490	0.0067372272983176815
491	0.006737227298289729
492	0.006737227298263482
493	0.006737227298238233
494	0.006737227298214418
495	0.006737227298191608
496	0.0067372272981701415
497	0.006737227298149615
498	0.006737227298130241
499	0.006737227298111767
500	0.006737227298094346
501	0.0067372272980776166
502	0.006737227298061946
503	0.0067372272980468755
504	0.0067372272980326265
505	0.006737227298019137
506	0.006737227298006226
507	0.0067372272979942275
508	0.00673722729798267
509	0.006737227297971802
510	0.006737227297961323
511	0.006737227297951579
512	0.006737227297942201
513	0.006737227297933423
514	0.006737227297925019
515	0.006737227297917051
516	0.00673722729790944
517	0.006737227297902496
518	0.006737227297895519
519	0.006737227297889345
520	0.006737227297883289
521	0.006737227297877558
522	0.006737227297872
523	0.006737227297866854
524	0.006737227297861892
525	0.0067372272978573145
526	0.006737227297853001
527	0.006737227297848704
528	0.006737227297844876
529	0.006737227297841131
530	0.006737227297837553
531	0.00673722729783425
532	0.0067372272978311705
533	0.006737227297828268
534	0.0067372272978254094
535	0.006737227297822767
536	0.006737227297820086
537	0.0067372272978176795
538	0.006737227297815452
539	0.0067372272978134355
540	0.006737227297811378
541	0.006737227297809484
542	0.006737227297807706
543	0.006737227297805967
544	0.0067372272978042675
545	0.006737227297802806
546	0.006737227297801322
547	0.006737227297799933
548	0.006737227297798731
549	0.006737227297797447
550	0.006737227297796389
551	0.006737227297795208
552	0.006737227297794327
553	0.006737227297793329
554	0.006737227297792473
555	0.006737227297791423
556	0.006737227297790709
557	0.006737227297790016
558	0.006737227297789305
559	0.006737227297788464
560	0.006737227297787927
561	0.006737227297787354
562	0.006737227297786819
563	0.006737227297786098
564	0.006737227297785747
565	0.006737227297785088
566	0.006737227297784872
567	0.0067372272977844405
568	0.006737227297783961
569	0.006737227297783491
570	0.006737227297783102
571	0.006737227297782855
572	0.006737227297782487
573	0.006737227297782229
574	0.006737227297782001
575	0.006737227297781769
576	0.006737227297781589
577	0.006737227297781218
578	0.006737227297780966
579	0.006737227297780745
580	0.0067372272977805755
581	0.006737227297780449
582	0.006737227297780327
583	0.006737227297780092
584	0.006737227297779938
585	0.0067372272977798036
586	0.006737227297779749
587	0.006737227297779573
588	0.006737227297779488
589	0.006737227297779217
590	0.006737227297779288
591	0.006737227297779062
592	0.006737227297779149
593	0.0067372272977788954
594	0.006737227297778749
595	0.006737227297778715
596	0.006737227297778642
597	0.006737227297778636
598	0.006737227297778588
599	0.0067372272977785815
600	0.006737227297778449
601	0.006737227297778336
602	0.006737227297778305
603	0.006737227297778331
604	0.006737227297778365
605	0.006737227297778247
606	0.0067372272977781105
607	0.006737227297778084
608	0.0067372272977781105
609	0.0067372272977780584
610	0.006737227297778093
611	0.006737227297778013
612	0.006737227297777994
613	0.00673722729777789
614	0.006737227297777976
615	0.00673722729777783
616	0.006737227297777919
617	0.0067372272977778555
618	0.0067372272977778
619	0.00673722729777795
620	0.006737227297777892
621	0.006737227297777764
622	0.006737227297777753
623	0.006737227297777763
624	0.006737227297777749
625	0.006737227297777618
626	0.006737227297777765
627	0.0067372272977777314
628	0.006737227297777713
629	0.006737227297777696
630	0.006737227297777729
631	0.00673722729777774
632	0.0067372272977776915
633	0.006737227297777754
634	0.006737227297777748
635	0.006737227297777594
636	0.00673722729777774
637	0.006737227297777748
638	0.006737227297777699
639	0.00673722729777765
640	0.006737227297777661
641	0.006737227297777716
642	0.006737227297777733
643	0.0067372272977775935
644	0.006737227297777724
645	0.00673722729777763
646	0.006737227297777601
647	0.006737227297777558
648	0.00673722729777773
649	0.0067372272977776005
650	0.006737227297777657
651	0.00673722729777765
652	0.006737227297777626
653	0.006737227297777626
654	0.006737227297777612
655	0.006737227297777688
656	0.006737227297777674
657	0.006737227297777638
658	0.006737227297777617
659	0.006737227297777567
660	0.006737227297777592
661	0.0067372272977777245
662	0.006737227297777658
663	0.006737227297777688
664	0.006737227297777711
665	0.006737227297777681
666	0.00673722729777765
667	0.006737227297777657
668	0.00673722729777766
669	0.006737227297777692
670	0.006737227297777646
671	0.0067372272977776265
672	0.006737227297777583
673	0.006737227297777626
674	0.006737227297777666
675	0.0067372272977777
676	0.006737227297777581
677	0.006737227297777592
678	0.00673722729777758
679	0.006737227297777665
680	0.006737227297777749
681	0.0067372272977776725
682	0.006737227297777591
683	0.006737227297777662
684	0.00673722729777768
685	0.006737227297777622
686	0.006737227297777608
687	0.0067372272977775675
688	0.006737227297777591
689	0.006737227297777655
690	0.006737227297777567
691	0.006737227297777788
692	0.006737227297777575
693	0.006737227297777679
694	0.006737227297777615
695	0.006737227297777642
696	0.00673722729777768
697	0.006737227297777545
698	0.0067372272977776915
699	0.0067372272977776785
700	0.0067372272977776464
701	0.0067372272977776725
702	0.006737227297777594
703	0.006737227297777583
704	0.006737227297777555
705	0.006737227297777667
706	0.006737227297777563
707	0.006737227297777561
708	0.00673722729777751
709	0.006737227297777606
710	0.006737227297777651
711	0.006737227297777642
712	0.006737227297777567
713	0.006737227297777671
714	0.006737227297777639
715	0.006737227297777569
716	0.006737227297777705
717	0.006737227297777653
718	0.006737227297777738
719	0.006737227297777622
720	0.0067372272977776464
721	0.006737227297777645
722	0.006737227297777619
723	0.006737227297777628
724	0.006737227297777682
725	0.006737227297777584
726	0.006737227297777553
727	0.006737227297777679
728	0.006737227297777601
729	0.006737227297777543
730	0.006737227297777692
731	0.006737227297777737
732	0.006737227297777661
733	0.006737227297777615
734	0.006737227297777589
735	0.006737227297777616
736	0.006737227297777614
737	0.00673722729777763
738	0.006737227297777515
739	0.006737227297777623
740	0.006737227297777651
741	0.006737227297777564
742	0.006737227297777599
743	0.006737227297777535
744	0.0067372272977775935
745	0.00673722729777766
746	0.006737227297777536
747	0.006737227297777536
748	0.006737227297777526
749	0.006737227297777597
750	0.006737227297777539
751	0.006737227297777607
752	0.006737227297777644
753	0.0067372272977776265
754	0.006737227297777636
755	0.006737227297777619
756	0.0067372272977776195
757	0.0067372272977776655
758	0.006737227297777645
759	0.006737227297777568
