0	1.6790835530424149
1	1.2694477360712677
2	0.9727868254592347
3	0.7594612065617607
4	0.6036685543637083
5	0.48742057576714604
6	0.39925034742117954
7	0.33151322742765543
8	0.27883702942379596
9	0.23732630064653595
10	0.20412475669470498
11	0.17716792694132483
12	0.15497952257340986
13	0.13648390866702526
14	0.12086618596194748
15	0.10749085506714094
16	0.09586523827916166
17	0.08562224591713581
18	0.0765018924737626
19	0.0683256072151292
20	0.06096845490730342
21	0.054337287849348534
22	0.04835936683812306
23	0.04297950145605089
24	0.03815940864549406
25	0.033874057300448845
26	0.03010414033867631
27	0.026827190304889368
28	0.024010705333972433
29	0.02160970836421992
30	0.019569159029232067
31	0.017829562015117928
32	0.016333251827877673
33	0.015029416073139793
34	0.013877008938839102
35	0.012845487013245043
36	0.011913670198980267
37	0.011067237289821608
38	0.010295616781398596
39	0.009589297429400446
40	0.008938549803273112
41	0.008333939303427186
42	0.007767995428664064
43	0.007236656866392418
44	0.006739337318395815
45	0.00627763361253718
46	0.005853756750220224
47	0.005469551679833654
48	0.005126083583698413
49	0.004823581820142905
50	0.0045616183539819635
51	0.004339248401367919
52	0.0041548792058249025
53	0.004005919372966262
54	0.0038885045263020433
55	0.003797579418584246
56	0.0037273689523031526
57	0.003672018028709988
58	0.0036261251527183814
59	0.0035850404245009447
60	0.003544982752227158
61	0.0035030986629906885
62	0.003457518780013333
63	0.0034073718214859394
64	0.0033526930354448457
65	0.003294221290600044
66	0.0032331444385505174
67	0.0031708635791834203
68	0.003108808766238246
69	0.0030483031576062237
70	0.002990473596995767
71	0.002936223887601926
72	0.002886279019612241
73	0.002841263836408306
74	0.002801739746542378
75	0.002768139977389916
76	0.0027406207338727005
77	0.002718924244186674
78	0.002702360344773193
79	0.0026899404050928777
80	0.00268059690584485
81	0.002673373012536431
82	0.0026675029043569114
83	0.0026623882204339544
84	0.002657538179741827
85	0.0026525390241901683
86	0.0026470690656282933
87	0.0026409292870073317
88	0.0026340519376220643
89	0.0026264757417428612
90	0.002618304780069869
91	0.002609674713202384
92	0.0026007363815294046
93	0.0025916508566527804
94	0.0025825851387349112
95	0.002573702927137163
96	0.0025651515926076204
97	0.0025570493256895006
98	0.00254947627664688
99	0.0025424724655562633
100	0.002536043107309187
101	0.002530168330643293
102	0.0025248115623694527
103	0.0025199226800977984
104	0.0025154379637718476
105	0.0025112832364118467
106	0.0025073841261329635
107	0.0025036797022457186
108	0.0025001305398921346
109	0.0024967154168670973
110	0.002493419840094293
111	0.002490225874708453
112	0.0024871104761659754
113	0.0024840513834304178
114	0.0024810336040932703
115	0.00247805064240521
116	0.0024751005490408267
117	0.0024721813045931666
118	0.0024692894033298152
119	0.00246642168165496
120	0.0024635777202990697
121	0.002460760579517485
122	0.002457975763889665
123	0.002455229691483267
124	0.0024525287033798646
125	0.002449878710393968
126	0.002447285036488898
127	0.0024447520967343737
128	0.002442282863760935
129	0.0024398783461057633
130	0.002437537439414728
131	0.0024352574027198485
132	0.002433034800764149
133	0.0024308663274764026
134	0.0024287489687604535
135	0.002426679559877125
136	0.0024246543797359346
137	0.0024226693572424692
138	0.0024207207909447232
139	0.002418805934183431
140	0.0024169229586157577
141	0.002415070458033358
142	0.0024132470596248895
143	0.002411451482475267
144	0.0024096828601542957
145	0.0024079409156382067
146	0.0024062258095817555
147	0.0024045378307304315
148	0.0024028771845612524
149	0.0024012439586611964
150	0.0023996381642710663
151	0.0023980597445534247
152	0.0023965085364097637
153	0.002394984232665848
154	0.0023934863769889342
155	0.0023920143906220807
156	0.0023905676166964896
157	0.002389145365260566
158	0.002387746942169331
159	0.0023863716594397046
160	0.0023850188481716506
161	0.0023836878951602166
162	0.0023823782896562405
163	0.0023810896378549146
164	0.002379821622694146
165	0.002378573938368556
166	0.0023773462514945507
167	0.0023761382076208687
168	0.002374949454646894
169	0.002373779648015743
170	0.002372628435835253
171	0.0023714954486036134
172	0.002370380309038383
173	0.002369282652013983
174	0.002368202136286964
175	0.00236713844283055
176	0.0023660912678375996
177	0.0023650603179651056
178	0.0023640453084336653
179	0.002363045962111229
180	0.0023620620093404935
181	0.0023610931881725863
182	0.002360139243297881
183	0.0023591999231520953
184	0.0023582749774604945
185	0.002357364157262622
186	0.002356467216145718
187	0.00235558391023637
188	0.0023547139973757306
189	0.00235385723816405
190	0.002353013399464565
191	0.0023521822571951996
192	0.0023513635954819055
193	0.0023505572031257203
194	0.0023497628709766593
195	0.002348980392012205
196	0.002348209562894778
197	0.0023474501849540304
198	0.002346702064163492
199	0.0023459650108122966
200	0.002345238839287506
201	0.0023445233678304296
202	0.002343818418160333
203	0.002343123815148325
204	0.0023424393865823087
205	0.002341764963004358
206	0.002341100377771653
207	0.0023404454674934762
208	0.002339800072601977
209	0.002339164037503977
210	0.002338537210164871
211	0.0023379194415709464
212	0.002337310585484715
213	0.0023367104983977966
214	0.0023361190393532236
215	0.002335536069645753
216	0.0023349614527129426
217	0.002334395054336453
218	0.002333836742877792
219	0.002333286389240529
220	0.0023327438666345484
221	0.0023322090503692296
222	0.0023316818178392078
223	0.002331162048615076
224	0.0023306496245248456
225	0.002330144429660149
226	0.002329646350340323
227	0.0023291552750271606
228	0.002328671094256364
229	0.002328193700582366
230	0.0023277229885252954
231	0.002327258854492163
232	0.0023268011967068707
233	0.0023263499151674623
234	0.002325904911655456
235	0.0023254660897115134
236	0.0023250333545768095
237	0.0023246066131323846
238	0.002324185773873727
239	0.0023237707468983324
240	0.002323361443877767
241	0.002322957778008345
242	0.002322559663981129
243	0.0023221670179655765
244	0.0023217797576013046
245	0.0023213978019640943
246	0.002321021071519992
247	0.002320649488075495
248	0.0023202829747521695
249	0.002319921455962577
250	0.002319564857397827
251	0.002319213106007128
252	0.00231886612998075
253	0.0023185238587249118
254	0.002318186222838449
255	0.0023178531540878843
256	0.002317524585385195
257	0.0023172004507651346
258	0.002316880685358861
259	0.002316565225377519
260	0.002316254008091531
261	0.0023159469718060433
262	0.0023156440558413064
263	0.0023153452005108123
264	0.0023150503471038334
265	0.002314759437867083
266	0.002314472415985905
267	0.0023141892255679423
268	0.0023139098116244892
269	0.0023136341200570964
270	0.0023133620976437553
271	0.002313093692016512
272	0.0023128288516508053
273	0.0023125675258473654
274	0.002312309664716817
275	0.0023120552191671253
276	0.00231180414088741
277	0.0023115563823371045
278	0.002311311896729253
279	0.0023110706380158165
280	0.0023108325608738236
281	0.002310597620693031
282	0.002310365773563839
283	0.002310136976260551
284	0.0023099111862332614
285	0.0023096883615945293
286	0.0023094684611082044
287	0.0023092514441764504
288	0.002309037270829198
289	0.002308825901714226
290	0.00230861729808474
291	0.002308411421788872
292	0.0023082082352594057
293	0.0023080077015050324
294	0.002307809784097572
295	0.0023076144471639195
296	0.002307421655374766
297	0.002307231373939996
298	0.002307043568588944
299	0.0023068582055749782
300	0.002306675251656911
301	0.0023064946740891648
302	0.002306316440623647
303	0.0023061405194886885
304	0.0023059668793911723
305	0.0023057954895009548
306	0.0023056263194465667
307	0.0023054593393092835
308	0.0023052945196098923
309	0.0023051318313065507
310	0.0023049712457844495
311	0.0023048127348480824
312	0.0023046562707195444
313	0.002304501826024061
314	0.002304349373788278
315	0.002304198887430811
316	0.0023040503407603025
317	0.0023039037079632123
318	0.0023037589636007586
319	0.002303616082600952
320	0.0023034750402546665
321	0.002303335812211005
322	0.002303198374464047
323	0.0023030627033583766
324	0.0023029287755713095
325	0.002302796568118089
326	0.002302666058340298
327	0.0023025372239005265
328	0.002302410042781732
329	0.002302284493277293
330	0.0023021605539876224
331	0.002302038203816219
332	0.002301917421964914
333	0.002301798187925713
334	0.0023016804814824854
335	0.0023015642826981642
336	0.002301449571919513
337	0.0023013363297642326
338	0.0023012245371213692
339	0.002301114175148846
340	0.0023010052252603716
341	0.0023008976691352733
342	0.0023007914886995105
343	0.0023006866661338665
344	0.0023005831838624575
345	0.0023004810245523862
346	0.0023003801711097755
347	0.002300280606674657
348	0.002300182314617761
349	0.0023000852785382115
350	0.002299989482260144
351	0.0022998949098268053
352	0.002299801545497645
353	0.0022997093737505644
354	0.0022996183792695236
355	0.0022995285469481963
356	0.002299439861884146
357	0.0022993523093771374
358	0.0022992658749248435
359	0.002299180544219411
360	0.002299096303146084
361	0.002299013137779635
362	0.0022989310343826262
363	0.0022988499793988103
364	0.0022987699594567285
365	0.0022986909613595275
366	0.0022986129720895376
367	0.002298535978800116
368	0.0022984599688176703
369	0.002298384929633751
370	0.0022983108489086934
371	0.0022982377144659606
372	0.002298165514286138
373	0.002298094236513598
374	0.002298023869446173
375	0.0022979544015355857
376	0.002297885821385841
377	0.002297818117751687
378	0.0022977512795340615
379	0.0022976852957797404
380	0.0022976201556787093
381	0.0022975558485622202
382	0.00229749236390056
383	0.00229742969130154
384	0.002297367820507107
385	0.0022973067413945094
386	0.0022972464439722008
387	0.0022971869183748064
388	0.0022971281548694795
389	0.0022970701438461516
390	0.0022970128758219256
391	0.0022969563414325634
392	0.0022969005314373444
393	0.0022968454367138886
394	0.0022967910482573255
395	0.002296737357177491
396	0.0022966843546999216
397	0.002296632032160637
398	0.0022965803810105698
399	0.002296529392806115
400	0.0022964790592129507
401	0.002296429372003602
402	0.0022963803230559438
403	0.002296331904350553
404	0.002296284107970934
405	0.002296236926101047
406	0.0022961903510230943
407	0.0022961443751206363
408	0.002296098990870786
409	0.002296054190844832
410	0.002296009967713539
411	0.002295966314236265
412	0.002295923223263906
413	0.002295880687740622
414	0.002295838700696167
415	0.0022957972552518917
416	0.0022957563446133057
417	0.0022957159620720724
418	0.0022956761010035423
419	0.0022956367548685468
420	0.0022955979172095704
421	0.002295559581647593
422	0.0022955217418871537
423	0.0022954843917097458
424	0.002295447524976296
425	0.0022954111356229064
426	0.0022953752176617433
427	0.002295339765181412
428	0.002295304772343722
429	0.002295270233382256
430	0.002295236142605777
431	0.002295202494389418
432	0.002295169283183094
433	0.00229513650350283
434	0.00229510414993313
435	0.0022950722171280464
436	0.002295040699806128
437	0.0022950095927540227
438	0.002294978890820224
439	0.0022949485889179745
440	0.0022949186820253632
441	0.0022948891651814384
442	0.002294860033486839
443	0.0022948312821043583
444	0.002294802906254271
445	0.0022947749012172357
446	0.002294747262334113
447	0.00229471998500229
448	0.0022946930646740465
449	0.002294666496860476
450	0.0022946402771262674
451	0.0022946144010945
452	0.002294588864438815
453	0.0022945636628861205
454	0.0022945387922192508
455	0.0022945142482685174
456	0.002294490026922775
457	0.0022944661241131726
458	0.0022944425358267994
459	0.0022944192580988034
460	0.0022943962870122345
461	0.0022943736186996464
462	0.002294351249340472
463	0.002294329175161882
464	0.002294307392437246
465	0.0022942858974850334
466	0.002294264686670922
467	0.0022942437564022083
468	0.002294223103134003
469	0.0022942027233623756
470	0.002294182613629052
471	0.002294162770514961
472	0.0022941431906457624
473	0.0022941238706880823
474	0.0022941048073472593
475	0.002294085997373585
476	0.002294067437554626
477	0.0022940491247150766
478	0.0022940310557236884
479	0.002294013227484995
480	0.0022939956369407216
481	0.0022939782810709702
482	0.0022939611568953107
483	0.002293944261466235
484	0.002293927591874947
485	0.0022939111452460626
486	0.0022938949187436583
487	0.0022938789095616288
488	0.0022938631149318402
489	0.0022938475321195332
490	0.0022938321584222644
491	0.002293816991171236
492	0.0022938020277319163
493	0.002293787265501033
494	0.002293772701907971
495	0.0022937583344114377
496	0.0022937441605049127
497	0.0022937301777098225
498	0.0022937163835805947
499	0.0022937027756975903
500	0.0022936893516774404
501	0.0022936761091588713
502	0.0022936630458149283
503	0.0022936501593446693
504	0.0022936374474770097
505	0.0022936249079675603
506	0.0022936125386013324
507	0.0022936003371884475
508	0.002293588301565336
509	0.002293576429600107
510	0.0022935647191810646
511	0.0022935531682263476
512	0.002293541774678335
513	0.002293530536505392
514	0.002293519451700311
515	0.0022935085182806945
516	0.0022934977342897343
517	0.002293487097793593
518	0.0022934766068826605
519	0.002293466259670059
520	0.002293456054293698
521	0.0022934459889158857
522	0.0022934360617152772
523	0.002293426270900297
524	0.002293416614699374
525	0.0022934070913589715
526	0.0022933976991536373
527	0.0022933884363749214
528	0.0022933793013358876
529	0.0022933702923723367
530	0.0022933614078384976
531	0.002293352646112165
532	0.002293344005586895
533	0.0022933354846802964
534	0.002293327081826883
535	0.0022933187954813235
536	0.0022933106241191476
537	0.0022933025662329027
538	0.002293294620333401
539	0.0022932867849521058
540	0.0022932790586366316
541	0.00229327143995519
542	0.0022932639274917403
543	0.0022932565198474286
544	0.0022932492156427465
545	0.0022932420135152337
546	0.002293234912117405
547	0.0022932279101203204
548	0.002293221006212858
549	0.002293214199095712
550	0.002293207487491858
551	0.002293200870135407
552	0.0022931943457779897
553	0.0022931879131883443
554	0.0022931815711466656
555	0.0022931753184546474
556	0.002293169153922581
557	0.00229316307637973
558	0.0022931570846682053
559	0.0022931511776459893
560	0.0022931453541838623
561	0.002293139613168391
562	0.00229313395349977
563	0.00229312837409064
564	0.002293122873868891
565	0.00229311745177564
566	0.0022931121067646817
567	0.00229310683780516
568	0.002293101643875669
569	0.0022930965239705476
570	0.0022930914770951344
571	0.002293086502269033
572	0.0022930815985225273
573	0.0022930767649004566
574	0.002293072000456817
575	0.002293067304259206
576	0.002293062675387866
577	0.0022930581129337914
578	0.002293053615999219
579	0.002293049183697922
580	0.0022930448151553297
581	0.0022930405095077403
582	0.0022930362659031207
583	0.0022930320834988987
584	0.0022930279614660092
585	0.0022930238989812292
586	0.0022930198952365198
587	0.002293015949432037
588	0.002293012060777855
589	0.0022930082284964713
590	0.002293004451816858
591	0.002293000729980089
592	0.002292997062237326
593	0.0022929934478480764
594	0.002292989886081273
595	0.0022929863762168033
596	0.0022929829175430375
597	0.002292979509356307
598	0.002292976150964026
599	0.0022929728416800138
600	0.002292969580830331
601	0.0022929663677471795
602	0.0022929632017719866
603	0.002292960082254527
604	0.0022929570085531686
605	0.0022929539800361364
606	0.002292950996077695
607	0.0022929480560596525
608	0.0022929451593742133
609	0.002292942305421639
610	0.002292939493606694
611	0.00229293672334548
612	0.002292933994058432
613	0.0022929313051776004
614	0.0022929286561380463
615	0.0022929260463860034
616	0.0022929234753714515
617	0.0022929209425548644
618	0.0022929184474023744
619	0.0022929159893850352
620	0.002292913567984979
621	0.0022929111826883253
622	0.0022929088329875
623	0.002292906518384347
624	0.002292904238384658
625	0.002292901992501479
626	0.0022928997802544953
627	0.0022928976011705694
628	0.0022928954547813984
629	0.002292893340625042
630	0.0022928912582467695
631	0.002292889207195462
632	0.0022928871870294136
633	0.0022928851973104797
634	0.0022928832376075937
635	0.002292881307493391
636	0.0022928794065475693
637	0.002292877534355819
638	0.002292875690507839
639	0.00229287387460233
640	0.0022928720862378897
641	0.0022928703250231393
642	0.0022928685905695156
643	0.0022928668824933585
644	0.002292865200419432
645	0.002292863543973565
646	0.002292861912788473
647	0.002292860306502476
648	0.0022928587247566566
649	0.002292857167198811
650	0.0022928556334798063
651	0.002292854123257082
652	0.0022928526361917015
653	0.0022928511719488057
654	0.0022928497301997687
655	0.002292848310618225
656	0.0022928469128842993
657	0.0022928455366796373
658	0.0022928441816949374
659	0.0022928428476191465
660	0.002292841534149602
661	0.0022928402409874422
662	0.00229283896783638
663	0.0022928377144045393
664	0.0022928364804039253
665	0.0022928352655524706
666	0.0022928340695683494
667	0.00229283289217629
668	0.0022928317331056035
669	0.0022928305920859797
670	0.0022928294688532667
671	0.0022928283631459914
672	0.002292827274706497
673	0.002292826203281081
674	0.0022928251486195187
675	0.0022928241104743165
676	0.002292823088601046
677	0.002292822082760428
678	0.0022928210927158545
679	0.002292820118232715
680	0.0022928191590801963
681	0.002292818215031728
682	0.002292817285862683
683	0.002292816371353379
684	0.0022928154712843836
685	0.002292814585440928
686	0.0022928137136115673
687	0.002292812855587521
688	0.0022928120111614463
689	0.002292811180132477
690	0.0022928103622982124
691	0.002292809557460856
692	0.0022928087654275502
693	0.0022928079860048884
694	0.0022928072190044474
695	0.002292806464238956
696	0.002292805721524414
697	0.0022928049906795317
698	0.002292804271524996
699	0.002292803563885115
700	0.0022928028675856574
701	0.0022928021824541664
702	0.0022928015083232603
703	0.002292800845026191
704	0.002292800192397207
705	0.0022927995502757727
706	0.00229279891850289
707	0.0022927982969196316
708	0.002292797685371641
709	0.0022927970837049024
710	0.0022927964917710555
711	0.002292795909419837
712	0.002292795336504829
713	0.0022927947728828995
714	0.0022927942184101458
715	0.002292793672947386
716	0.002292793136355932
717	0.0022927926084994276
718	0.0022927920892443325
719	0.0022927915784585473
720	0.0022927910760100387
721	0.0022927905817729678
722	0.002292790095617919
723	0.0022927896174207867
724	0.002292789147058127
725	0.002292788684410081
726	0.002292788229356866
727	0.002292787781779539
728	0.0022927873415632912
729	0.0022927869085922125
730	0.002292786482756044
731	0.0022927860639413798
732	0.002292785652039765
733	0.0022927852469436234
734	0.002292784848546228
735	0.002292784456742322
736	0.00229278407143044
737	0.0022927836925071277
738	0.002292783319873219
739	0.002292782953429114
740	0.0022927825930794963
741	0.0022927822387265027
742	0.0022927818902764353
743	0.002292781547636891
744	0.0022927812107161978
745	0.0022927808794218326
746	0.002292780553667569
747	0.0022927802333657494
748	0.0022927799184284097
749	0.002292779608770692
750	0.0022927793043098334
751	0.002292779004963033
752	0.0022927787106498767
753	0.002292778421288263
754	0.0022927781367998445
755	0.002292777857108663
756	0.00229277758213588
757	0.0022927773118073774
758	0.002292777046049631
759	0.0022927767847874965
760	0.002292776527949791
761	0.0022927762754666853
762	0.002292776027266897
763	0.0022927757832823343
764	0.002292775543443943
765	0.002292775307686647
766	0.002292775075944438
767	0.0022927748481507914
768	0.0022927746242440124
769	0.0022927744041610354
770	0.0022927741878380034
771	0.002292773975216456
772	0.002292773766234368
773	0.002292773560834627
774	0.0022927733589569706
775	0.0022927731605461806
776	0.0022927729655454225
777	0.0022927727738976914
778	0.0022927725855492027
779	0.0022927724004460958
780	0.00229277221853552
781	0.002292772039764732
782	0.0022927718640831413
783	0.002292771691438639
784	0.002292771521783074
785	0.0022927713550668343
786	0.0022927711912410775
787	0.0022927710302590837
788	0.0022927708720730583
789	0.0022927707166382183
790	0.002292770563907244
791	0.0022927704138374205
792	0.0022927702663830866
793	0.0022927701215025545
794	0.0022927699791516786
795	0.0022927698392893837
796	0.0022927697018737545
797	0.002292769566865812
798	0.002292769434224093
799	0.0022927693039087385
800	0.0022927691758815654
801	0.002292769050104585
802	0.0022927689265402813
803	0.002292768805151415
804	0.002292768685901359
805	0.0022927685687551126
806	0.0022927684536755088
807	0.0022927683406306133
808	0.00229276822958563
809	0.0022927681205043345
810	0.0022927680133565695
811	0.0022927679081087772
812	0.0022927678047281364
813	0.002292767703184566
814	0.002292767603446157
815	0.002292767505482819
816	0.0022927674092639914
817	0.0022927673147604684
818	0.0022927672219424447
819	0.0022927671307829754
820	0.0022927670412524756
821	0.0022927669533230758
822	0.0022927668669688287
823	0.0022927667821614696
824	0.0022927666988760086
825	0.002292766617084698
826	0.002292766536764168
827	0.002292766457887565
828	0.0022927663804300598
829	0.002292766304368383
830	0.002292766229679233
831	0.002292766156336758
832	0.002292766084318649
833	0.002292766013603597
834	0.002292765944167049
835	0.002292765875988745
836	0.002292765809045293
837	0.0022927657433170386
838	0.0022927656787824764
839	0.0022927656154203297
840	0.002292765553210662
841	0.0022927654921322846
842	0.00229276543216762
843	0.0022927653732973956
844	0.0022927653155003897
845	0.0022927652587591547
846	0.0022927652030558694
847	0.002292765148371802
848	0.0022927650946889516
849	0.0022927650419901167
850	0.002292764990257487
851	0.0022927649394757707
852	0.0022927648896264165
853	0.002292764840694657
854	0.0022927647926636145
855	0.0022927647455163853
856	0.002292764699239403
857	0.002292764653817074
858	0.0022927646092327785
859	0.002292764565473352
860	0.0022927645225221706
861	0.0022927644803681655
862	0.002292764438994619
863	0.002292764398388593
864	0.0022927643585361774
865	0.002292764319424725
866	0.0022927642810397202
867	0.0022927642433698443
868	0.0022927642064015895
869	0.0022927641701224783
870	0.0022927641345198055
871	0.0022927640995828
872	0.0022927640652985843
873	0.0022927640316557367
874	0.002292763998642418
875	0.0022927639662477413
876	0.00229276393446028
877	0.0022927639032703446
878	0.0022927638726654037
879	0.002292763842635314
880	0.0022927638131717883
881	0.0022927637842615613
882	0.002292763755898031
883	0.0022927637280674585
884	0.002292763700763054
885	0.0022927636739749116
886	0.0022927636476932378
887	0.002292763621907967
888	0.0022927635966121934
889	0.0022927635717958
890	0.0022927635474492736
891	0.0022927635235653492
892	0.0022927635001353734
893	0.002292763477151455
894	0.002292763454605005
895	0.002292763432486547
896	0.0022927634107910654
897	0.002292763389509077
898	0.00229276336863414
899	0.0022927633481573282
900	0.002292763328071928
901	0.0022927633083715325
902	0.0022927632890481654
903	0.0022927632700959506
904	0.0022927632515066213
905	0.002292763233274608
906	0.0022927632153930976
907	0.0022927631978548664
908	0.002292763180654963
909	0.002292763163785532
910	0.0022927631472417125
911	0.002292763131017083
912	0.0022927631151063283
913	0.0022927630995026147
914	0.002292763084200239
915	0.0022927630691946524
916	0.0022927630544797737
917	0.00229276304004936
918	0.0022927630258999
919	0.0022927630120248127
920	0.002292762998419241
921	0.0022927629850775936
922	0.002292762971996828
923	0.0022927629591702856
924	0.002292762946593271
925	0.0022927629342623023
926	0.0022927629221723535
927	0.0022927629103182733
928	0.002292762898695409
929	0.0022927628873009413
930	0.00229276287612783
931	0.0022927628651750655
932	0.002292762854437045
933	0.002292762843910078
934	0.0022927628335895223
935	0.002292762823472107
936	0.0022927628135532814
937	0.0022927628038294018
938	0.0022927627942978764
939	0.002292762784954398
940	0.002292762775794616
941	0.0022927627668159084
942	0.002292762758014939
943	0.0022927627493881677
944	0.0022927627409320113
945	0.002292762732643032
946	0.0022927627245189768
947	0.0022927627165555205
948	0.0022927627087502987
949	0.0022927627011002615
950	0.0022927626936023685
951	0.002292762686253324
952	0.002292762679050356
953	0.0022927626719915677
954	0.0022927626650736076
955	0.0022927626582936625
956	0.0022927626516482764
957	0.002292762645136183
958	0.0022927626387553657
959	0.0022927626325014855
960	0.0022927626263722378
961	0.002292762620365998
962	0.0022927626144812843
963	0.0022927626087140512
964	0.002292762603062852
965	0.0022927625975255918
966	0.0022927625920982466
967	0.002292762586781192
968	0.0022927625815714107
969	0.002292762576467269
970	0.0022927625714642672
971	0.0022927625665628143
972	0.002292762561760873
973	0.002292762557056178
974	0.002292762552447009
975	0.0022927625479302943
976	0.002292762543504352
977	0.0022927625391699815
978	0.0022927625349225362
979	0.002292762530761511
980	0.0022927625266856884
981	0.002292762522690956
982	0.0022927625187793253
983	0.0022927625149465705
984	0.0022927625111920343
985	0.0022927625075141247
986	0.002292762503911189
987	0.0022927625003813586
988	0.0022927624969253176
989	0.002292762493537666
990	0.0022927624902206642
991	0.002292762486971405
992	0.002292762483788337
993	0.0022927624806707903
994	0.0022927624776169003
995	0.0022927624746266542
996	0.002292762471696835
997	0.002292762468827933
998	0.002292762466017129
999	0.002292762463264612
1000	0.0022927624605697176
1001	0.002292762457929236
1002	0.0022927624553437847
1003	0.002292762452811674
1004	0.0022927624503317787
1005	0.0022927624479026167
1006	0.002292762445524725
1007	0.002292762443195686
1008	0.0022927624409140334
1009	0.0022927624386806468
1010	0.0022927624364934714
1011	0.002292762434351069
1012	0.002292762432252892
1013	0.0022927624301997004
1014	0.002292762428188225
1015	0.002292762426218861
1016	0.002292762424289796
1017	0.002292762422401683
1018	0.0022927624205535423
1019	0.0022927624187424607
1020	0.0022927624169696886
1021	0.002292762415234094
1022	0.002292762413534921
1023	0.0022927624118716733
1024	0.002292762410242446
1025	0.0022927624086476976
1026	0.0022927624070860574
1027	0.0022927624055574577
1028	0.00229276240406085
1029	0.0022927624025957088
1030	0.002292762401161174
1031	0.0022927623997565953
1032	0.002292762398382186
1033	0.002292762397036045
1034	0.0022927623957184973
1035	0.0022927623944291936
1036	0.0022927623931655685
1037	0.002292762391929984
1038	0.0022927623907208314
1039	0.002292762389536722
1040	0.0022927623883782643
1041	0.0022927623872428787
1042	0.0022927623861318035
1043	0.0022927623850449714
1044	0.00229276238398071
1045	0.0022927623829387136
1046	0.002292762381918417
1047	0.002292762380921371
1048	0.0022927623799449738
1049	0.0022927623789881385
1050	0.0022927623780531407
1051	0.0022927623771372197
1052	0.0022927623762409805
1053	0.0022927623753641745
1054	0.002292762374505414
1055	0.002292762373664491
1056	0.0022927623728432843
1057	0.002292762372038345
1058	0.0022927623712504924
1059	0.002292762370479628
1060	0.0022927623697258192
1061	0.002292762368987783
1062	0.0022927623682652437
1063	0.002292762367558466
1064	0.00229276236686721
1065	0.0022927623661897997
1066	0.002292762365527913
1067	0.002292762364879807
1068	0.002292762364245622
1069	0.0022927623636252274
1070	0.0022927623630177724
1071	0.002292762362423767
1072	0.002292762361842596
1073	0.002292762361273578
1074	0.0022927623607167883
1075	0.002292762360171866
1076	0.002292762359639605
1077	0.0022927623591177276
1078	0.002292762358608357
1079	0.002292762358109291
1080	0.0022927623576211274
1081	0.0022927623571427575
1082	0.002292762356675423
1083	0.002292762356218645
1084	0.002292762355771242
1085	0.0022927623553328316
1086	0.0022927623549052712
1087	0.0022927623544864045
1088	0.002292762354076548
1089	0.002292762353675518
1090	0.0022927623532836105
1091	0.0022927623529004123
1092	0.0022927623525246677
1093	0.0022927623521573812
1094	0.002292762351798589
1095	0.0022927623514467604
1096	0.0022927623511039344
1097	0.002292762350767346
1098	0.0022927623504383566
1099	0.0022927623501171894
1100	0.0022927623498018726
1101	0.0022927623494946856
1102	0.002292762349193394
1103	0.0022927623488990696
1104	0.0022927623486113454
1105	0.002292762348329672
1106	0.0022927623480537393
1107	0.0022927623477845775
1108	0.002292762347521637
1109	0.0022927623472636586
1110	0.0022927623470110794
1111	0.0022927623467640804
1112	0.0022927623465234088
1113	0.0022927623462874547
1114	0.0022927623460568887
1115	0.0022927623458312797
1116	0.0022927623456106675
1117	0.002292762345395136
1118	0.002292762345183548
1119	0.0022927623449783188
1120	0.002292762344775436
1121	0.0022927623445794256
1122	0.002292762344385258
1123	0.0022927623441966758
1124	0.0022927623440118765
1125	0.002292762343831608
1126	0.0022927623436554854
1127	0.0022927623434822156
1128	0.0022927623433138373
1129	0.0022927623431491934
1130	0.0022927623429875106
1131	0.0022927623428292496
1132	0.0022927623426752487
1133	0.002292762342523894
1134	0.0022927623423771915
1135	0.002292762342232108
1136	0.0022927623420912965
1137	0.0022927623419537672
1138	0.0022927623418181543
1139	0.0022927623416860057
1140	0.002292762341557442
1141	0.0022927623414316332
1142	0.0022927623413080416
1143	0.0022927623411876244
1144	0.0022927623410695544
1145	0.0022927623409551828
1146	0.0022927623408420987
1147	0.0022927623407325267
1148	0.002292762340625125
1149	0.002292762340519094
1150	0.002292762340415948
1151	0.0022927623403156284
1152	0.002292762340217015
1153	0.0022927623401212895
1154	0.0022927623400270953
1155	0.0022927623399357955
1156	0.0022927623398456987
1157	0.0022927623397580085
1158	0.002292762339672006
1159	0.0022927623395876
1160	0.002292762339505839
1161	0.0022927623394258987
1162	0.002292762339347291
1163	0.002292762339270522
1164	0.002292762339195478
1165	0.002292762339122462
1166	0.0022927623390511
1167	0.0022927623389810354
1168	0.002292762338912625
1169	0.0022927623388455947
1170	0.002292762338780091
1171	0.00229276233871591
1172	0.0022927623386542638
1173	0.0022927623385928706
1174	0.002292762338533273
1175	0.0022927623384743877
1176	0.0022927623384177806
1177	0.002292762338362223
1178	0.0022927623383073507
1179	0.0022927623382545115
1180	0.0022927623382021883
1181	0.0022927623381512065
1182	0.0022927623381021126
1183	0.0022927623380532393
1184	0.0022927623380056498
1185	0.0022927623379591804
1186	0.002292762337914428
1187	0.002292762337869398
1188	0.0022927623378264698
1189	0.002292762337784225
1190	0.002292762337743099
1191	0.0022927623377021014
1192	0.0022927623376624686
1193	0.0022927623376238306
1194	0.0022927623375863125
1195	0.002292762337549463
1196	0.002292762337513032
1197	0.002292762337478241
1198	0.0022927623374433756
1199	0.0022927623374100177
1200	0.0022927623373775624
1201	0.0022927623373450645
1202	0.002292762337314005
1203	0.002292762337282674
1204	0.0022927623372528223
1205	0.0022927623372237856
1206	0.002292762337195228
1207	0.0022927623371673373
1208	0.0022927623371402197
1209	0.002292762337113054
1210	0.002292762337087051
1211	0.002292762337061865
1212	0.00229276233703685
1213	0.0022927623370117846
1214	0.002292762336988427
1215	0.00229276233696488
1216	0.002292762336942218
1217	0.002292762336919779
1218	0.0022927623368985983
1219	0.002292762336877177
1220	0.002292762336856308
1221	0.0022927623368361543
1222	0.0022927623368163004
1223	0.0022927623367970033
1224	0.0022927623367779595
1225	0.0022927623367603495
1226	0.002292762336741293
1227	0.002292762336724119
1228	0.002292762336706796
1229	0.002292762336689494
1230	0.002292762336673052
1231	0.0022927623366578898
1232	0.002292762336641745
1233	0.0022927623366265
1234	0.0022927623366113593
1235	0.0022927623365969017
1236	0.0022927623365826973
1237	0.002292762336569586
1238	0.0022927623365555615
1239	0.0022927623365417813
1240	0.002292762336528657
1241	0.0022927623365169942
1242	0.002292762336503805
1243	0.002292762336491339
1244	0.00229276233647929
1245	0.0022927623364679566
1246	0.0022927623364565534
1247	0.0022927623364453376
1248	0.00229276233643492
1249	0.0022927623364244073
1250	0.0022927623364137418
1251	0.002292762336404067
1252	0.0022927623363941455
1253	0.0022927623363846144
1254	0.002292762336375294
1255	0.0022927623363653304
1256	0.0022927623363574938
1257	0.002292762336348767
1258	0.00229276233634011
1259	0.0022927623363322176
1260	0.002292762336322751
1261	0.0022927623363147884
1262	0.002292762336307228
1263	0.002292762336299407
1264	0.0022927623362922786
1265	0.002292762336284602
1266	0.0022927623362782824
1267	0.002292762336271532
1268	0.0022927623362646084
1269	0.0022927623362581652
1270	0.0022927623362517567
1271	0.0022927623362451483
1272	0.0022927623362387897
1273	0.0022927623362324783
1274	0.0022927623362268925
1275	0.00229276233622105
1276	0.0022927623362154815
1277	0.0022927623362102093
1278	0.0022927623362047787
1279	0.0022927623361999067
1280	0.0022927623361951245
1281	0.002292762336190012
1282	0.0022927623361849577
1283	0.002292762336179948
1284	0.0022927623361758995
1285	0.0022927623361711142
1286	0.002292762336166714
1287	0.0022927623361620074
1288	0.0022927623361577456
1289	0.0022927623361536187
1290	0.0022927623361491674
1291	0.002292762336145731
1292	0.0022927623361417232
1293	0.0022927623361380716
1294	0.002292762336134585
1295	0.002292762336130588
1296	0.0022927623361273493
1297	0.0022927623361243756
1298	0.0022927623361205665
1299	0.0022927623361175477
1300	0.0022927623361141155
1301	0.002292762336110901
1302	0.0022927623361080006
1303	0.0022927623361049
1304	0.0022927623361024673
1305	0.0022927623360996
1306	0.002292762336096877
1307	0.0022927623360938037
1308	0.002292762336091038
1309	0.0022927623360886273
1310	0.002292762336086359
1311	0.0022927623360840432
1312	0.0022927623360812287
1313	0.0022927623360790845
1314	0.0022927623360770285
1315	0.002292762336074743
1316	0.002292762336072279
1317	0.0022927623360699478
1318	0.0022927623360683193
1319	0.0022927623360661747
1320	0.0022927623360644938
1321	0.002292762336062594
1322	0.0022927623360601925
1323	0.0022927623360581104
1324	0.0022927623360563115
1325	0.002292762336055113
1326	0.0022927623360530867
1327	0.0022927623360514196
1328	0.0022927623360500574
1329	0.0022927623360480052
1330	0.0022927623360467415
1331	0.002292762336045269
1332	0.0022927623360438068
1333	0.0022927623360425708
1334	0.00229276233604141
1335	0.002292762336039599
1336	0.002292762336038459
1337	0.002292762336036575
1338	0.002292762336035489
1339	0.002292762336034957
1340	0.0022927623360330905
1341	0.002292762336032486
1342	0.0022927623360305747
1343	0.002292762336029502
1344	0.0022927623360284636
1345	0.0022927623360272384
1346	0.002292762336026412
1347	0.0022927623360253723
1348	0.0022927623360244932
1349	0.0022927623360235387
1350	0.00229276233602248
1351	0.0022927623360210103
1352	0.002292762336020453
1353	0.0022927623360200168
1354	0.0022927623360189113
1355	0.0022927623360188645
1356	0.002292762336017398
1357	0.002292762336015815
1358	0.00229276233601495
1359	0.002292762336014614
1360	0.002292762336013624
1361	0.0022927623360127687
1362	0.002292762336012334
1363	0.002292762336011868
1364	0.0022927623360111723
1365	0.0022927623360100183
1366	0.0022927623360100265
1367	0.002292762336009044
1368	0.002292762336008382
1369	0.0022927623360075645
1370	0.0022927623360076304
1371	0.0022927623360061767
1372	0.002292762336006013
1373	0.00229276233600529
1374	0.0022927623360052486
1375	0.0022927623360046254
1376	0.0022927623360034324
1377	0.002292762336002744
1378	0.002292762336003409
1379	0.002292762336002596
1380	0.0022927623360026192
1381	0.002292762336001734
1382	0.002292762336001343
1383	0.002292762336000182
1384	0.0022927623360002487
1385	0.002292762335999535
1386	0.002292762335999367
1387	0.0022927623359984923
1388	0.0022927623359984164
1389	0.002292762335998829
1390	0.0022927623359974727
1391	0.0022927623359980435
1392	0.0022927623359968747
1393	0.002292762335996602
1394	0.002292762335996641
1395	0.0022927623359961942
1396	0.0022927623359961127
1397	0.0022927623359952944
1398	0.002292762335995324
1399	0.002292762335994919
1400	0.002292762335994497
1401	0.0022927623359943958
1402	0.002292762335994567
1403	0.0022927623359935596
1404	0.0022927623359940428
1405	0.002292762335992884
1406	0.0022927623359934126
1407	0.002292762335992552
1408	0.002292762335993405
1409	0.0022927623359925856
1410	0.0022927623359915686
1411	0.0022927623359922577
1412	0.0022927623359916237
1413	0.0022927623359911926
1414	0.0022927623359914953
1415	0.0022927623359908
1416	0.0022927623359911982
1417	0.002292762335991558
1418	0.0022927623359910478
1419	0.002292762335990573
1420	0.0022927623359905464
1421	0.0022927623359899544
1422	0.002292762335989677
1423	0.002292762335989933
1424	0.002292762335990079
1425	0.0022927623359897307
1426	0.0022927623359888546
1427	0.0022927623359891127
1428	0.002292762335989099
1429	0.0022927623359888243
1430	0.002292762335988056
1431	0.0022927623359884674
1432	0.002292762335988427
1433	0.002292762335987772
1434	0.0022927623359881464
1435	0.0022927623359877357
1436	0.0022927623359884314
1437	0.002292762335987807
1438	0.0022927623359876373
1439	0.0022927623359874465
1440	0.0022927623359872552
1441	0.002292762335987014
1442	0.002292762335987322
1443	0.00229276233598687
1444	0.002292762335987779
1445	0.0022927623359870132
1446	0.002292762335987148
1447	0.0022927623359861346
1448	0.0022927623359859832
1449	0.0022927623359868562
1450	0.0022927623359871763
1451	0.002292762335986561
1452	0.0022927623359862903
1453	0.002292762335985476
1454	0.002292762335986892
1455	0.0022927623359860296
1456	0.0022927623359863757
1457	0.0022927623359859234
1458	0.002292762335985487
1459	0.0022927623359863783
1460	0.0022927623359857143
1461	0.0022927623359859832
1462	0.0022927623359852685
1463	0.0022927623359859594
1464	0.002292762335985116
1465	0.002292762335985251
1466	0.002292762335985002
1467	0.002292762335985068
1468	0.002292762335985598
1469	0.0022927623359851883
1470	0.0022927623359850612
1471	0.0022927623359849706
1472	0.002292762335984719
1473	0.002292762335985
1474	0.002292762335984945
1475	0.0022927623359856653
1476	0.0022927623359846085
1477	0.00229276233598498
1478	0.002292762335984597
1479	0.002292762335984999
1480	0.0022927623359845503
1481	0.0022927623359851805
1482	0.0022927623359844233
1483	0.002292762335984247
1484	0.002292762335984325
1485	0.00229276233598478
1486	0.0022927623359848457
1487	0.0022927623359847134
1488	0.002292762335984997
1489	0.0022927623359844333
1490	0.0022927623359842958
1491	0.002292762335984386
1492	0.0022927623359841926
1493	0.002292762335984453
1494	0.0022927623359844324
1495	0.002292762335984554
1496	0.0022927623359838252
1497	0.002292762335984468
1498	0.002292762335983971
1499	0.0022927623359842914
1500	0.002292762335984555
1501	0.0022927623359843994
1502	0.0022927623359844953
1503	0.0022927623359835533
1504	0.0022927623359840503
1505	0.002292762335984272
1506	0.002292762335984064
1507	0.002292762335984266
1508	0.002292762335984275
1509	0.0022927623359837775
1510	0.0022927623359835923
1511	0.0022927623359838005
1512	0.002292762335984097
1513	0.0022927623359842064
1514	0.0022927623359833534
1515	0.0022927623359839332
1516	0.002292762335984102
1517	0.002292762335984354
1518	0.0022927623359836375
1519	0.0022927623359840217
1520	0.002292762335983278
1521	0.0022927623359836687
1522	0.0022927623359838972
1523	0.002292762335983549
1524	0.0022927623359840664
1525	0.0022927623359837836
1526	0.0022927623359830103
1527	0.0022927623359833772
1528	0.002292762335983181
1529	0.0022927623359836557
1530	0.0022927623359840854
1531	0.002292762335983986
1532	0.0022927623359833655
1533	0.0022927623359836487
1534	0.0022927623359836648
1535	0.002292762335983281
1536	0.0022927623359837515
1537	0.002292762335983159
1538	0.0022927623359838304
1539	0.002292762335983815
1540	0.002292762335983542
1541	0.0022927623359839315
1542	0.002292762335983061
1543	0.0022927623359842264
1544	0.002292762335983871
1545	0.0022927623359836834
1546	0.0022927623359831613
1547	0.00229276233598351
1548	0.0022927623359835607
1549	0.0022927623359836227
1550	0.0022927623359835065
1551	0.002292762335983754
1552	0.0022927623359833864
1553	0.0022927623359836617
1554	0.0022927623359832805
1555	0.0022927623359829514
1556	0.002292762335982979
1557	0.002292762335983444
1558	0.002292762335983459
1559	0.002292762335983327
1560	0.002292762335982845
1561	0.0022927623359829266
1562	0.0022927623359835668
1563	0.002292762335984132
1564	0.002292762335983178
1565	0.002292762335983727
1566	0.002292762335983333
1567	0.002292762335983557
1568	0.002292762335983448
1569	0.002292762335983955
1570	0.002292762335983546
1571	0.0022927623359831743
1572	0.0022927623359837424
1573	0.0022927623359834705
1574	0.0022927623359833556
1575	0.0022927623359831613
1576	0.0022927623359834883
1577	0.0022927623359833105
1578	0.002292762335983391
1579	0.0022927623359836964
1580	0.0022927623359826985
1581	0.0022927623359831188
1582	0.0022927623359838972
1583	0.0022927623359832124
1584	0.0022927623359830116
1585	0.0022927623359837073
1586	0.0022927623359833295
1587	0.002292762335983119
1588	0.002292762335982885
1589	0.002292762335983424
1590	0.002292762335983498
1591	0.002292762335983839
1592	0.0022927623359837138
1593	0.0022927623359833326
1594	0.0022927623359829206
1595	0.0022927623359829314
1596	0.0022927623359834397
1597	0.0022927623359837424
1598	0.0022927623359836023
1599	0.00229276233598368
1600	0.002292762335982817
1601	0.0022927623359830533
1602	0.0022927623359829375
1603	0.0022927623359830706
1604	0.0022927623359830884
1605	0.002292762335982838
1606	0.0022927623359842927
1607	0.0022927623359832255
1608	0.0022927623359827965
1609	0.0022927623359828347
1610	0.002292762335983643
1611	0.0022927623359839697
1612	0.002292762335982948
1613	0.0022927623359833824
1614	0.0022927623359833217
1615	0.0022927623359828534
1616	0.002292762335983357
1617	0.002292762335983504
1618	0.002292762335983063
1619	0.002292762335983322
1620	0.0022927623359833157
1621	0.0022927623359831704
1622	0.002292762335983012
1623	0.002292762335983277
1624	0.002292762335983338
1625	0.002292762335983075
1626	0.0022927623359831123
1627	0.0022927623359832736
1628	0.002292762335982559
1629	0.0022927623359832888
1630	0.0022927623359836288
1631	0.002292762335983635
1632	0.0022927623359834987
1633	0.0022927623359833963
1634	0.0022927623359831955
1635	0.0022927623359834722
1636	0.00229276233598322
1637	0.002292762335982664
1638	0.002292762335983433
1639	0.002292762335983012
1640	0.0022927623359834683
1641	0.0022927623359833664
1642	0.0022927623359831587
1643	0.0022927623359833386
1644	0.0022927623359834514
1645	0.002292762335983182
1646	0.0022927623359837047
1647	0.0022927623359830875
1648	0.0022927623359830524
1649	0.0022927623359834466
1650	0.0022927623359828907
1651	0.0022927623359828625
1652	0.0022927623359831934
1653	0.0022927623359836747
1654	0.002292762335983386
1655	0.002292762335983408
1656	0.0022927623359836466
1657	0.0022927623359832246
1658	0.0022927623359833217
1659	0.002292762335983406
1660	0.0022927623359832614
1661	0.002292762335982817
1662	0.002292762335983646
1663	0.0022927623359831877
1664	0.0022927623359835308
1665	0.00229276233598338
1666	0.002292762335983558
1667	0.0022927623359836695
1668	0.002292762335983598
1669	0.0022927623359834766
1670	0.0022927623359834436
1671	0.0022927623359839883
1672	0.002292762335983468
1673	0.002292762335984207
1674	0.0022927623359831036
1675	0.0022927623359830993
1676	0.002292762335982554
1677	0.0022927623359833
1678	0.0022927623359832046
1679	0.0022927623359834176
1680	0.0022927623359830637
1681	0.0022927623359832432
1682	0.0022927623359829965
1683	0.0022927623359835143
1684	0.002292762335983077
1685	0.002292762335982661
1686	0.002292762335983501
1687	0.002292762335983473
1688	0.002292762335983649
1689	0.00229276233598347
1690	0.0022927623359834644
1691	0.002292762335983626
1692	0.00229276233598331
1693	0.0022927623359835017
1694	0.0022927623359839753
1695	0.0022927623359828807
1696	0.002292762335982973
1697	0.0022927623359830364
1698	0.002292762335983477
1699	0.0022927623359834913
1700	0.0022927623359834714
1701	0.0022927623359829934
1702	0.002292762335983346
1703	0.002292762335983262
1704	0.0022927623359831487
1705	0.00229276233598331
1706	0.002292762335982996
1707	0.002292762335984012
1708	0.0022927623359827376
1709	0.002292762335983496
1710	0.0022927623359835867
1711	0.0022927623359835845
1712	0.002292762335983634
1713	0.0022927623359838448
1714	0.0022927623359830823
1715	0.0022927623359834805
1716	0.002292762335982627
1717	0.0022927623359835403
1718	0.002292762335983606
1719	0.0022927623359837996
1720	0.002292762335983686
1721	0.002292762335983271
1722	0.0022927623359832103
1723	0.0022927623359829835
1724	0.0022927623359831548
1725	0.0022927623359834705
1726	0.002292762335983619
1727	0.0022927623359834436
