0	0.009127104589604978
1	0.008217049136947001
2	0.007497687304339911
3	0.007074005508902701
4	0.006929283991590682
5	0.006941833155375112
6	0.0069841680795868916
7	0.006999999442273603
8	0.006982702075359542
9	0.006940650854248477
10	0.006883630030698741
11	0.006819744474963321
12	0.006755174076905883
13	0.0066943987305851166
14	0.006640363428749968
15	0.006594566399726683
16	0.006557177324815216
17	0.00652727063748006
18	0.006503177975710002
19	0.006482897186742425
20	0.006464480692024889
21	0.006446338267286882
22	0.006427402463986642
23	0.006407152577539303
24	0.0063855413438061726
25	0.006362872636882349
26	0.00633966497827952
27	0.006316525232932177
28	0.00629404942178872
29	0.0062727557341582165
30	0.006253041613059127
31	0.006235157361740129
32	0.006219196722135053
33	0.006205105484854711
34	0.006192705688972515
35	0.006181731189184642
36	0.006171869688763362
37	0.00616280499852937
38	0.006154252489275196
39	0.006145982869065292
40	0.006137833456154034
41	0.006129708929053515
42	0.0061215743904624465
43	0.006113443504801906
44	0.006105364061399748
45	0.006097402725338583
46	0.00608963026615981
47	0.006082108467021983
48	0.006074880003517158
49	0.006067962397767692
50	0.006061346561354668
51	0.006054999652621616
52	0.006048871257514843
53	0.006042901431284631
54	0.00603702899613766
55	0.006031198694940086
56	0.0060253662645117145
57	0.006019501047047236
58	0.006013586246059131
59	0.006007617265343074
60	0.006001598734954854
61	0.0059955408587111444
62	0.005989455654309683
63	0.005983353548842124
64	0.005977240670785944
65	0.005971117060829061
66	0.005964975902920907
67	0.005958803751563503
68	0.005952581603506705
69	0.005946286553661025
70	0.005939893705689987
71	0.005933377998831358
72	0.005926715668248922
73	0.005919885164520505
74	0.0059128674932574085
75	0.005905646063987333
76	0.005898206230364167
77	0.0058905347482836636
78	0.0058826193724986296
79	0.0058744487694688706
80	0.005866012856438958
81	0.005857303603725376
82	0.005848316264468764
83	0.0058390509334828
84	0.005829514282651377
85	0.005819721276412167
86	0.005809696636630712
87	0.005799475806694999
88	0.005789105168410928
89	0.005778641303926073
90	0.005768149180969889
91	0.0057576992748652675
92	0.005747363815568155
93	0.005737212529845645
94	0.005727308386577147
95	0.005717703892188208
96	0.005708438397708313
97	0.005699536700516519
98	0.005691009018346722
99	0.005682852229557745
100	0.0056750521174907245
101	0.005667586233052056
102	0.005660426942640244
103	0.005653544294521598
104	0.0056469084782599455
105	0.005640491770497623
106	0.005634269911843671
107	0.005628222897703883
108	0.0056223352461714
109	0.005616595886141969
110	0.00561099781241875
111	0.005605537597909119
112	0.0056002148216347785
113	0.00559503148623515
114	0.005589991489949157
115	0.005585100157322605
116	0.005580363787884499
117	0.005575789202243033
118	0.005571383299741141
119	0.00556715263282832
120	0.0055631029875419045
121	0.005559238987979266
122	0.00555556378011377
123	0.0055520788370154615
124	0.005548783890852926
125	0.00554567699185199
126	0.005542754699902225
127	0.005540012386095666
128	0.005537444585904589
129	0.0055350453515955154
130	0.005532808573301509
131	0.005530728235033689
132	0.005528798572429447
133	0.005527014128308453
134	0.005525369726562807
135	0.0055238603788518295
136	0.005522481138835663
137	0.005521226935003457
138	0.0055200924135857445
139	0.005519071807353677
140	0.005518158846136025
141	0.00551734672916349
142	0.005516628164303773
143	0.005515995463391375
144	0.005515440683081417
145	0.005514955796148267
146	0.005514532867499896
147	0.005514164213607048
148	0.005513842536092344
149	0.005513561022409632
150	0.005513313410686658
151	0.005513094026285809
152	0.005512897799060554
153	0.005512720264957133
154	0.005512557556612223
155	0.005512406387208658
156	0.005512264026343507
157	0.005512128266438299
158	0.005511997381331415
159	0.005511870077591156
160	0.005511745438339327
161	0.005511622862876816
162	0.005511502005184556
163	0.005511382712853402
164	0.005511264970032926
165	0.005511148848126274
166	0.005511034465915991
167	0.00551092196041226
168	0.005510811469327361
169	0.005510703123230529
170	0.005510597044601882
171	0.00551049335116826
172	0.005510392160318289
173	0.005510293592041335
174	0.005510197769300295
175	0.005510104815759078
176	0.005510014850999801
177	0.005509927984410134
178	0.005509844309012726
179	0.0055097638958703675
180	0.0055096867899197596
181	0.005509613007751338
182	0.005509542537299497
183	0.005509475339291631
184	0.00550941135028027
185	0.005509350486679633
186	0.005509292649170628
187	0.005509237727081343
188	0.005509185602366276
189	0.00550913615287897
190	0.0055090892550080615
191	0.005509044785739893
192	0.005509002624289543
193	0.005508962653373605
194	0.005508924760298335
195	0.005508888837672452
196	0.005508854783898962
197	0.00550882250334417
198	0.005508791906172661
199	0.005508762907991928
200	0.005508735429302319
201	0.005508709394967134
202	0.005508684733530507
203	0.005508661376822609
204	0.005508639259553618
205	0.005508618319064678
206	0.005508598495285744
207	0.005508579730745703
208	0.005508561970702808
209	0.0055085451632969126
210	0.0055085292596759785
211	0.005508514214023844
212	0.0055084999835069695
213	0.005508486528115449
214	0.005508473810384478
215	0.005508461795134302
216	0.005508450449136096
217	0.005508439740831931
218	0.005508429640129618
219	0.005508420118221696
220	0.005508411147401376
221	0.005508402701062106
222	0.0055083947535482375
223	0.005508387280184406
224	0.00550838025719599
225	0.005508373661713978
226	0.00550836747171851
227	0.005508361666023533
228	0.005508356224244988
229	0.005508351126759326
230	0.005508346354700689
231	0.005508341889934482
232	0.005508337715048272
233	0.005508333813362283
234	0.005508330168915023
235	0.005508326766492805
236	0.0055083235915614915
237	0.005508320630323062
238	0.005508317869644771
239	0.0055083152970451296
240	0.005508312900710575
241	0.005508310669423399
242	0.005508308592572396
243	0.005508306660152448
244	0.005508304862687597
245	0.005508303191300389
246	0.005508301637637741
247	0.00550830019385369
248	0.005508298852638042
249	0.005508297607113588
250	0.005508296450897289
251	0.005508295377997704
252	0.005508294382828045
253	0.005508293460172457
254	0.005508292605138574
255	0.005508291813145376
256	0.0055082910799144355
257	0.005508290401426749
258	0.005508289773908999
259	0.005508289193854355
260	0.005508288657943948
261	0.005508288163088952
262	0.005508287706386391
263	0.005508287285121322
264	0.005508286896754731
265	0.005508286538923457
266	0.005508286209387101
267	0.005508285906091266
268	0.005508285627094376
269	0.005508285370595106
270	0.0055082851349121656
271	0.0055082849184724305
272	0.0055082847198253595
273	0.005508284537612323
274	0.0055082843705734335
275	0.005508284217523946
276	0.005508284077385312
277	0.0055082839491283194
278	0.005508283831821334
279	0.005508283724583216
280	0.005508283626614246
281	0.005508283537148084
282	0.005508283455498361
283	0.005508283381024392
284	0.0055082833131317585
285	0.005508283251277628
286	0.005508283194948643
287	0.005508283143690525
288	0.005508283097065502
289	0.005508283054687679
290	0.005508283016191033
291	0.005508282981238437
292	0.005508282949533264
293	0.005508282920778883
294	0.0055082828947189575
295	0.005508282871130244
296	0.005508282849780426
297	0.005508282830471354
298	0.005508282813020741
299	0.005508282797263973
300	0.005508282783045455
301	0.005508282770225535
302	0.005508282758667637
303	0.00550828274827105
304	0.005508282738911631
305	0.005508282730503793
306	0.005508282722950387
307	0.005508282716171782
308	0.00550828271009954
309	0.005508282704661959
310	0.005508282699793271
311	0.005508282695440162
312	0.005508282691552137
313	0.005508282688088766
314	0.00550828268499934
315	0.005508282682253413
316	0.005508282679805196
317	0.005508282677636726
318	0.005508282675703304
319	0.005508282674001058
320	0.0055082826724864465
321	0.005508282671154666
322	0.005508282669970639
323	0.005508282668930346
324	0.005508282668015888
325	0.005508282667211807
326	0.005508282666501227
327	0.005508282665882281
328	0.005508282665333646
329	0.00550828266486208
330	0.005508282664447205
331	0.005508282664090841
332	0.005508282663772608
333	0.005508282663498064
334	0.0055082826632617005
335	0.005508282663058002
336	0.005508282662883649
337	0.00550828266272653
338	0.0055082826625938944
339	0.005508282662488814
340	0.005508282662388103
341	0.00550828266231278
342	0.005508282662244575
343	0.005508282662182715
344	0.005508282662138758
345	0.005508282662093442
346	0.005508282662058502
347	0.0055082826620290026
348	0.005508282662007337
349	0.0055082826619912645
350	0.005508282661972978
351	0.005508282661960713
352	0.0055082826619535
353	0.005508282661943585
354	0.005508282661935449
355	0.005508282661933626
356	0.0055082826619343595
357	0.005508282661926759
358	0.0055082826619279384
359	0.005508282661923673
360	0.005508282661919694
361	0.005508282661925924
362	0.005508282661924785
363	0.005508282661924238
364	0.005508282661925368
365	0.005508282661926761
366	0.0055082826619244595
367	0.005508282661924038
368	0.005508282661928441
369	0.005508282661928356
370	0.005508282661929159
371	0.00550828266193257
372	0.005508282661928881
373	0.0055082826619329405
374	0.005508282661928571
375	0.005508282661927875
376	0.005508282661933679
377	0.0055082826619292065
378	0.005508282661931309
379	0.005508282661930869
380	0.005508282661929396
381	0.005508282661929943
382	0.0055082826619304685
383	0.005508282661926689
384	0.0055082826619301285
385	0.005508282661933501
386	0.005508282661931106
387	0.005508282661927976
388	0.005508282661923158
389	0.005508282661929336
390	0.005508282661930172
391	0.00550828266192631
392	0.0055082826619294156
393	0.005508282661925553
394	0.005508282661926791
395	0.005508282661927223
396	0.005508282661928731
397	0.00550828266192974
398	0.005508282661930831
399	0.005508282661926789
400	0.005508282661928081
401	0.005508282661926289
402	0.0055082826619269575
403	0.005508282661923075
404	0.005508282661923524
405	0.005508282661927682
406	0.005508282661926521
407	0.005508282661925193
408	0.005508282661923169
409	0.005508282661923139
410	0.005508282661925714
411	0.005508282661922107
