  0.000000    0.84493080508451   -0.25570429605553    0.00000000000000    0.00000000000000    0.00000000000000  
  0.010000    0.84493460728148   -0.25583951856735   -0.00976064479495    0.00798195302553   -0.00035221685667  
  0.020000    0.84494599024100   -0.25624486867268   -0.01951953065498    0.01596696246495   -0.00140787602533  
  0.030000    0.84496488309669   -0.25691939517857   -0.02927489693199    0.02395805324841   -0.00316400776620  
  0.040000    0.84499116783027   -0.25786151641649   -0.03902497956021    0.03195818754890   -0.00561567736726  
  0.050000    0.84502467941031   -0.25906902570285   -0.04876800936867    0.03997023392817   -0.00875600733333  
  0.060000    0.84506520598633   -0.26053909894619   -0.05850221041930    0.04799693710767   -0.01257620826639  
  0.070000    0.84511248913861   -0.26226830436332   -0.06822579837893    0.05604088856586   -0.01706561825467  
  0.080000    0.84516622418366   -0.26425261425700   -0.07793697893335    0.06410449815696   -0.02221175053770  
  0.090000    0.84522606053537   -0.26648741879707   -0.08763394625158    0.07218996693914   -0.02800034916612  
  0.100000    0.84529160212206   -0.26896754173796   -0.09731488150788    0.08029926139095   -0.03441545232884  
  0.110000    0.84536240785946   -0.27168725799569   -0.10697795146942    0.08843408918497   -0.04143946297565  
  0.120000    0.84543799217964   -0.27464031299906   -0.11662130715648    0.09659587667637   -0.04905322632196  
  0.130000    0.84551782561605   -0.27781994372126   -0.12624308258239    0.10478574825136   -0.05723611378351  
  0.140000    0.84560133544456   -0.28121890129056   -0.13584139357978    0.11300450766750   -0.06596611285315  
  0.150000    0.84568790638070   -0.28482947507158   -0.14541433671927    0.12125262150308   -0.07521992239964  
  0.160000    0.84577688133284   -0.28864351810212   -0.15495998832652    0.12953020481779   -0.08497305283944  
  0.170000    0.84586756221135   -0.29265247376500   -0.16447640360311    0.13783700911101   -0.09519993060763  
  0.180000    0.84595921079354   -0.29684740356908   -0.17396161585619    0.14617241264764   -0.10587400633280  
  0.190000    0.84605104964418   -0.30121901590955   -0.18341363584149    0.15453541320432   -0.11696786610370  
  0.200000    0.84614226309124   -0.30575769567379   -0.19283045122370    0.16292462327193   -0.12845334520258  
  0.210000    0.84623199825649   -0.31045353455675   -0.20221002615793    0.17133826773270   -0.14030164367094  
  0.220000    0.84631936614043   -0.31529636194730   -0.21155030099534    0.17977418401296   -0.15248344306932  
  0.230000    0.84640344276104   -0.32027577624649   -0.22084919211546    0.18822982469507   -0.16496902379198  
  0.240000    0.84648327034548   -0.32538117647774   -0.23010459188748    0.19670226255504   -0.17772838230122  
  0.250000    0.84655785857401   -0.33060179404966   -0.23931436876204    0.20518819797563   -0.19073134765423  
  0.260000    0.84662618587508   -0.33592672453356   -0.24847636749460    0.21368396866815   -0.20394769670701  
  0.270000    0.84668720077056   -0.34134495931933   -0.25758840950116    0.22218556162084   -0.21734726739604  
  0.280000    0.84673982326976   -0.34684541701653   -0.26664829334630    0.23068862717625   -0.23090006951791  
  0.290000    0.84678294631081   -0.35241697447052   -0.27565379536327    0.23918849512642   -0.24457639245054  
  0.300000    0.84681543724801   -0.35804849726810   -0.28460267040531    0.24768019270084   -0.25834690928615  
  0.310000    0.84683613938316   -0.36372886961154   -0.29349265272687    0.25615846431028   -0.27218277687604  
  0.320000    0.84684387353924   -0.36944702344548   -0.30232145699296    0.26461779289844   -0.28605573132009  
  0.330000    0.84683743967424   -0.37519196672716   -0.31108677941464    0.27305242274328   -0.29993817846925  
  0.340000    0.84681561853296   -0.38095281073709   -0.31978629900776    0.28145638354137   -0.31380327904730  
  0.350000    0.84677717333450   -0.38671879633390   -0.32841767897233    0.28982351560117   -0.32762502803783  
  0.360000    0.84672085149283   -0.39247931906518   -0.33697856818883    0.29814749596517   -0.34137832802440  
  0.370000    0.84664538636783   -0.39822395305331   -0.34546660282810    0.30642186527618   -0.35503905621488  
  0.380000    0.84654949904395   -0.40394247358396   -0.35387940807046    0.31464005520005   -0.36858412492523  
  0.390000    0.84643190013357   -0.40962487833299   -0.36221459993000    0.32279541621517   -0.38199153534334  
  0.400000    0.84629129160193   -0.41526140717636   -0.37046978717931    0.33088124557882   -0.39524042443876  
  0.410000    0.84612636861045   -0.42084256053632   -0.37864257336978    0.33889081528193   -0.40831110493029  
  0.420000    0.84593582137509   -0.42635911622606   -0.38673055894249    0.34681739980571   -0.42118509826862  
  0.430000    0.84571833703638   -0.43180214476394   -0.39473134342433    0.35465430349832   -0.43384516063630  
  0.440000    0.84547260153749   -0.43716302313722   -0.40264252770396    0.36239488739423   -0.44627530201156  
  0.450000    0.84519730150679   -0.44243344700417   -0.41046171638194    0.37003259530623   -0.45846079838536  
  0.460000    0.84489112614131   -0.44760544133195   -0.41818652018944    0.37756097902714   -0.47038819726268  
  0.470000    0.84455276908725   -0.45267136947623   -0.42581455846955    0.38497372248771   -0.48204531661896  
  0.480000    0.84418093031383   -0.45762394071667   -0.43334346171546    0.39226466472693   -0.49342123752027  
  0.490000    0.84377431797676   -0.46245621627048   -0.44077087415949    0.39942782154186   -0.50450629065163  
  0.500000    0.84333165026747   -0.46716161381367   -0.44809445640698    0.40645740569634   -0.51529203703075  
  0.510000    0.84285165724436   -0.47173391054711   -0.45531188810920    0.41334784558001   -0.52577124321539  
  0.520000    0.84233308264230   -0.47616724485093   -0.46242087066915    0.42009380222285   -0.53593785133969  
  0.530000    0.84177468565678   -0.48045611657764   -0.46941912997447    0.42669018458411   -0.54578694433991  
  0.540000    0.84117524269887   -0.48459538603971   -0.47630441915152    0.43313216304878   -0.55531470675142  
  0.550000    0.84053354911764   -0.48858027175315   -0.48307452133476    0.43941518107945   -0.56451838147700  
  0.560000    0.83984842088643   -0.49240634700303   -0.48972725244587    0.44553496498633   -0.57339622294178  
  0.570000    0.83911869624962   -0.49606953530152   -0.49626046397672    0.45148753179296   -0.58194744706169  
  0.580000    0.83834323732677   -0.49956610481226   -0.50267204577087    0.45726919519017   -0.59017217846065  
  0.590000    0.83752093167085   -0.50289266181845   -0.50895992879800    0.46287656958552   -0.59807139537683  
  0.600000    0.83665069377772   -0.50604614331411   -0.51512208791605    0.46830657227003   -0.60564687269978  
  0.610000    0.83573146654411   -0.50902380880006   -0.52115654461577    0.47355642373791   -0.61290112357869  
  0.620000    0.83476222267136   -0.51182323136751   -0.52706136974267    0.47862364620885   -0.61983734003740  
  0.630000    0.83374196601259   -0.51444228815281   -0.53283468619144    0.48350606041517   -0.62645933302361  
  0.640000    0.83266973286109   -0.51687915024687   -0.53847467156790    0.48820178072867   -0.63277147230919  
  0.650000    0.83154459317777   -0.51913227214281   -0.54397956081388    0.49270920871335   -0.63877862664461  
  0.660000    0.83036565175608   -0.52120038080388   -0.54934764879044    0.49702702520100   -0.64448610455451  
  0.670000    0.82913204932265   -0.52308246443265   -0.55457729281494    0.50115418099615   -0.64989959614249  
  0.680000    0.82784296357225   -0.52477776102020   -0.55966691514765    0.50508988632585   -0.65502511625247  
  0.690000    0.82649761013619   -0.52628574675184   -0.56461500542365    0.50883359915700   -0.65986894931076  
  0.700000    0.82509524348292   -0.52760612434276   -0.56942012302596    0.51238501251078   -0.66443759614849  
  0.710000    0.82363515775039   -0.52873881137400   -0.57408089939581    0.51574404090894   -0.66873772307751  
  0.720000    0.82211668750968   -0.52968392869514   -0.57859604027618    0.51891080609073   -0.67277611346552  
  0.730000    0.82053920845958   -0.53044178895666   -0.58296432788475    0.52188562214231   -0.67655962202710  
  0.740000    0.81890213805229   -0.53101288532996   -0.58718462301246    0.52466898018230   -0.68009513201837  
  0.750000    0.81720493605032   -0.53139788046921   -0.59125586704416    0.52726153274734   -0.68338951549268  
  0.760000    0.81544710501509   -0.53159759576407   -0.59517708389741    0.52966407802102   -0.68644959674440  
  0.770000    0.81362819072793   -0.53161300092749   -0.59894738187627    0.53187754404768   -0.68928211903795  
  0.780000    0.81174778254423   -0.53144520395796   -0.60256595543618    0.53390297306929   -0.69189371468870  
  0.790000    0.80980551368181   -0.53109544151038   -0.60603208685675    0.53574150611975   -0.69429087853309  
  0.800000    0.80780106144470   -0.53056506970464   -0.60934514781887    0.53739436800555   -0.69647994479619  
  0.810000    0.80573414738377   -0.52985555539577   -0.61250460088283    0.53886285279543   -0.69846706733706  
  0.820000    0.80360453739567   -0.52896846792482   -0.61551000086405    0.54014830993480   -0.70025820322530  
  0.830000    0.80141204176170   -0.52790547136405   -0.61836099610314    0.54125213109220   -0.70185909957675  
  0.840000    0.79915651512851   -0.52666831726580   -0.62105732962697    0.54217573783667   -0.70327528355214  
  0.850000    0.79683785643251   -0.52525883791907   -0.62359884019758    0.54292057023509   -0.70451205540015  
  0.860000    0.79445600876984   -0.52367894011393   -0.62598546324553    0.54348807644855   -0.70557448440581  
  0.870000    0.79201095921425   -0.52193059940894   -0.62821723168481    0.54387970339594   -0.70646740758639  
  0.880000    0.78950273858474   -0.52001585489320   -0.63029427660585    0.54409688854214   -0.70719543096058  
  0.890000    0.78693142116535   -0.51793680443058   -0.63221682784388    0.54414105285656   -0.70776293320188  
  0.900000    0.78429712437929   -0.51569560037022   -0.63398521441942    0.54401359497622   -0.70817407147521  
  0.910000    0.78160000841962   -0.51329444570425   -0.63559986484807    0.54371588659574   -0.70843278924545  
  0.920000    0.77884027583878   -0.51073559065068   -0.63706130731674    0.54324926909498   -0.70854282583887  
  0.930000    0.77601817109915   -0.50802132963700   -0.63837016972357    0.54261505140327   -0.70850772753288  
  0.940000    0.77313398008700   -0.50515399865774   -0.63952717957898    0.54181450908765   -0.70833085994613  
  0.950000    0.77018802959186   -0.50213597297749   -0.64053316376531    0.54084888464147   -0.70801542149995  
  0.960000    0.76718068675357   -0.49896966514930   -0.64138904815271    0.53971938893867   -0.70756445772316  
  0.970000    0.76411235847906   -0.49565752331724   -0.64209585706919    0.53842720380879   -0.70698087617537  
  0.980000    0.76098349083083   -0.49220202977131   -0.64265471262284    0.53697348567795   -0.70626746176890  
  0.990000    0.75779456838915   -0.48860569972225   -0.64306683387438    0.53535937021176   -0.70542689227662  
  1.000000    0.75454611358975   -0.48487108026373   -0.64333353585871    0.53358597788760   -0.70446175382150  
  1.010000    0.75123868603880   -0.48100074948982   -0.64345622845399    0.53165442041607   -0.70337455615429  
  1.020000    0.74787288180677   -0.47699731573594   -0.64343641509753    0.52956580792438   -0.70216774753728  
  1.030000    0.74444933270283   -0.47286341691250   -0.64327569134752    0.52732125680838   -0.70084372906558  
  1.040000    0.74096870553102   -0.46860171990154   -0.64297574329054    0.52492189815495   -0.69940486827134  
  1.050000    0.73743170132975   -0.46421491998793   -0.64253834579469    0.52236888663204   -0.69785351187199  
  1.060000    0.73383905459566   -0.45970574029842   -0.64196536060881    0.51966340974056   -0.69619199753937  
  1.070000    0.73019153249288   -0.45507693122364   -0.64125873430851    0.51680669732013   -0.69442266458375  
  1.080000    0.72648993404893   -0.45033126980013   -0.64042049609028    0.51380003119922   -0.69254786346354  
  1.090000    0.72273508933775   -0.44547155903150   -0.63945275541525    0.51064475488032   -0.69056996404940  
  1.100000    0.71892785865095   -0.44050062713043   -0.63835769950468    0.50734228315109   -0.68849136258875  
  1.110000    0.71506913165757   -0.43542132666530   -0.63713759068984    0.50389411151449   -0.68631448733441  
  1.120000    0.71115982655330   -0.43023653359781   -0.63579476361916    0.50030182533340   -0.68404180281812  
  1.130000    0.70720088919918   -0.42494914620066   -0.63433162232630    0.49656710858856   -0.68167581276696  
  1.140000    0.70319329225042   -0.41956208384655   -0.63275063716320    0.49269175215358   -0.67921906167649  
  1.150000    0.69913803427559   -0.41407828566259   -0.63105434160254    0.48867766149536   -0.67667413507037  
  1.160000    0.69503613886617   -0.40850070904672   -0.62924532891482    0.48452686371478   -0.67404365849089  
  1.170000    0.69088865373693   -0.40283232804486   -0.62732624872559    0.48024151384882   -0.67133029527847  
  1.180000    0.68669664981692   -0.39707613159039   -0.62529980345894    0.47582390036278   -0.66853674321099  
  1.190000    0.68246122033135   -0.39123512160944   -0.62316874467397    0.47127644976899   -0.66566573008536  
  1.200000    0.67818347987424   -0.38531231099777   -0.62093586930124    0.46660173031697   -0.66272000833370  
  1.210000    0.67386456347188   -0.37931072147717   -0.61860401578699    0.46180245470842   -0.65970234877590  
  1.220000    0.66950562563712   -0.37323338134085   -0.61617606015315    0.45688148179975   -0.65661553361711  
  1.230000    0.66510783941440   -0.36708332309942   -0.61365491198183    0.45184181726419   -0.65346234880561  
  1.240000    0.66067239541558   -0.36086358104008   -0.61104351033328    0.44668661319473   -0.65024557587039  
  1.250000    0.65620050084658   -0.35457718871339   -0.60834481960673    0.44141916663894   -0.64696798336137  
  1.260000    0.65169337852485   -0.34822717636285   -0.60556182535414    0.43604291706623   -0.64363231801671  
  1.270000    0.64715226588777   -0.34181656831343   -0.60269753005694    0.43056144277724   -0.64024129578195  
  1.280000    0.64257841399219   -0.33534838033605   -0.59975494887643    0.42497845627475   -0.63679759280439  
  1.290000    0.63797308650521   -0.32882561700517   -0.59673710538858    0.41929779862414   -0.63330383652397  
  1.300000    0.63333755868652   -0.32225126906729   -0.59364702731452    0.41352343284024   -0.62976259697758  
  1.310000    0.62867311636264   -0.31562831083786   -0.59048774225790    0.40765943634553   -0.62617637842912  
  1.320000    0.62398105489353   -0.30895969764413   -0.58726227346073    0.40170999255273   -0.62254761143105  
  1.330000    0.61926267813195   -0.30224836333103   -0.58397363558921    0.39567938163160   -0.61887864541633  
  1.340000    0.61451929737635   -0.29549721784658   -0.58062483056144    0.38957197052690   -0.61517174191096  
  1.350000    0.60975223031782   -0.28870914492270   -0.57721884342850    0.38339220229997   -0.61142906844864  
  1.360000    0.60496279998200   -0.28188699986617   -0.57375863832087    0.37714458487222   -0.60765269325915  
  1.370000    0.60015233366677   -0.27503360747369   -0.57024715447146    0.37083367925294   -0.60384458079171  
  1.380000    0.59532216187678   -0.26815176008349   -0.56668730232713    0.36446408733788   -0.60000658812353  
  1.390000    0.59047361725581   -0.26124421577471   -0.56308195975960    0.35804043936820   -0.59614046229294  
  1.400000    0.58560803351824   -0.25431369672449   -0.55943396838712    0.35156738114125   -0.59224783858454  
  1.410000    0.58072674438083   -0.24736288773078   -0.55574613001734    0.34504956106654   -0.58833023978265  
  1.420000    0.57583108249617   -0.24039443490767   -0.55202120322205    0.33849161716041   -0.58438907639772  
  1.430000    0.57092237838934   -0.23341094455793   -0.54826190005347    0.33189816407307   -0.58042564785883  
  1.440000    0.56600195939917   -0.22641498222632   -0.54447088291191    0.32527378024042   -0.57644114465458  
  1.450000    0.56107114862580   -0.21940907193474   -0.54065076157344    0.31862299525148   -0.57243665139378  
  1.460000    0.55613126388610   -0.21239569559936   -0.53680409038636    0.31195027751951   -0.56841315074728  
  1.470000    0.55118361667884   -0.20537729262746   -0.53293336564403    0.30526002234188   -0.56437152822248  
  1.480000    0.54622951116110   -0.19835625969058   -0.52904102314133    0.29855654042955   -0.56031257771344  
  1.490000    0.54127024313798   -0.19133495066858   -0.52512943592126    0.29184404698274   -0.55623700776107  
  1.500000    0.53630709906733   -0.18431567675801   -0.52120091221732    0.28512665138373   -0.55214544845081  
  1.510000    0.53134135508122   -0.17730070673623   -0.51725769359673    0.27840834757264   -0.54803845886877  
  1.520000    0.52637427602624   -0.17029226737213   -0.51330195330868    0.27169300516509   -0.54391653503182  
  1.530000    0.52140711452430   -0.16329254397214   -0.50933579484082    0.26498436136473   -0.53978011820300  
  1.540000    0.51644111005571   -0.15630368104999   -0.50536125068673    0.25828601371603   -0.53562960349989  
  1.550000    0.51147748806653   -0.14932778310697   -0.50138028132576    0.25160141373587   -0.53146534870175  
  1.560000    0.50651745910170   -0.14236691550918   -0.49739477441619    0.24493386145467   -0.52728768315963  
  1.570000    0.50156221796590   -0.13542310544715   -0.49340654420157    0.23828650089031   -0.52309691671387  
  1.580000    0.49661294291352   -0.12849834296294   -0.48941733112903    0.23166231647018   -0.51889334852410  
  1.590000    0.49167079486946   -0.12159458202944   -0.48542880167804    0.22506413040906   -0.51467727571894  
  1.600000    0.48673691668225   -0.11471374166617   -0.48144254839639    0.21849460104269   -0.51044900177553  
  1.610000    0.48181243241076   -0.10785770707631   -0.47746009014020    0.21195622210928   -0.50620884454291  
  1.620000    0.47689844664588   -0.10102833078913   -0.47348287251303    0.20545132296386   -0.50195714382806  
  1.630000    0.47199604386825   -0.09422743379306   -0.46951226849911    0.19898206970310   -0.49769426846912  
  1.640000    0.46710628784319   -0.08745680664435   -0.46554957928439    0.19255046717127   -0.49342062282653  
  1.650000    0.46223022105369   -0.08071821053737   -0.46159603525846    0.18615836181172   -0.48913665263020  
  1.660000    0.45736886417222   -0.07401337832308   -0.45765279718983    0.17980744532187   -0.48484285012812  
  1.670000    0.45252321557206   -0.06734401546307   -0.45372095756617    0.17349925906410   -0.48053975849017  
  1.680000    0.44769425087868   -0.06071180090757   -0.44980154209046    0.16723519918003   -0.47622797542967  
  1.690000    0.44288292256145   -0.05411838788699   -0.44589551132361    0.16101652235054   -0.47190815601357  
  1.700000    0.43809015956597   -0.04756540460758   -0.44200376246320    0.15484435214046   -0.46758101464187  
  1.710000    0.43331686698709   -0.04105445484309   -0.43812713124788    0.14871968586277   -0.46324732618569  
  1.720000    0.42856392578243   -0.03458711841580   -0.43426639397630    0.14264340189490   -0.45890792628275  
  1.730000    0.42383219252636   -0.02816495156144   -0.43042226962899    0.13661626737701   -0.45456371079816  
  1.740000    0.41912249920389   -0.02178948717411   -0.42659542208169    0.13063894622102   -0.45021563446747  
  1.750000    0.41443565304403   -0.01546223492860   -0.42278646239781    0.12471200735790   -0.44586470874734  
  1.760000    0.40977243639201   -0.00918468127924   -0.41899595118808    0.11883593315064   -0.44151199890788  
  1.770000    0.40513360661945   -0.00295828933547   -0.41522440102489    0.11301112790071   -0.43715862040817  
  1.780000    0.40051989607175    0.00321550138390   -0.41147227889913    0.10723792637668   -0.43280573460409  
  1.790000    0.39593201205142    0.00933527531455   -0.40774000870701    0.10151660229546   -0.42845454384417  
  1.800000    0.39137063683643    0.01539964132419   -0.40402797375486    0.09584737668855   -0.42410628601518  
  1.810000    0.38683642773223    0.02140723329775   -0.40033651926955    0.09023042608858   -0.41976222860469  
  1.820000    0.38233001715605    0.02735671082335   -0.39666595490290    0.08466589047475   -0.41542366235214  
  1.830000    0.37785201275213    0.03324675997083   -0.39301655721841    0.07915388091909   -0.41109189456372  
  1.840000    0.37340299753632    0.03907609415364   -0.38938857214905    0.07369448688015   -0.40676824216952  
  1.850000    0.36898353006848    0.04484345506419   -0.38578221741541    0.06828778309479   -0.40245402460298  
  1.860000    0.36459414465106    0.05054761367155   -0.38219768489378    0.06293383602386   -0.39815055658406  
  1.870000    0.36023535155216    0.05618737127018   -0.37863514292432    0.05763270981279   -0.39385914088777  
  1.880000    0.35590763725145    0.06176156056753   -0.37509473855021    0.05238447173323   -0.38958106117901  
  1.890000    0.35161146470706    0.06726904679814   -0.37157659967898    0.04718919707771   -0.38531757499300  
  1.900000    0.34734727364183    0.07270872885132   -0.36808083715814    0.04204697348502   -0.38106990693870  
  1.910000    0.34311548084722    0.07807954039987   -0.36460754675784    0.03695790467959   -0.37683924219873  
  1.920000    0.33891648050296    0.08338045101663   -0.36115681105394    0.03192211361419   -0.37262672039615  
  1.930000    0.33475064451095    0.08861046726650   -0.35772870120584    0.02693974501093   -0.36843342989331  
  1.940000    0.33061832284162    0.09376863376136   -0.35432327862392    0.02201096730129   -0.36426040258274  
  1.950000    0.32651984389115    0.09885403416585   -0.35094059652248    0.01713597397145   -0.36010860922442  
  1.960000    0.32245551484795    0.10386579214278   -0.34758070135472    0.01231498432451   -0.35597895537705  
  1.970000    0.31842562206699    0.10880307222713   -0.34424363412727    0.00754824367651   -0.35187227796415  
  1.980000    0.31443043145032    0.11366508061879   -0.34092943159242    0.00283602300783   -0.34778934250866  
  1.990000    0.31047018883267    0.11845106588491   -0.33763812731717   -0.00182138190386   -0.34373084106197  
  2.000000    0.30654512037057    0.12316031956351   -0.33436975262894   -0.00642365183854   -0.33969739084570  
  2.010000    0.30265543293405    0.12779217666146   -0.33112433743859   -0.01097044594260   -0.33568953361648  
  2.020000    0.29880131449955    0.13234601604058   -0.32790191094219   -0.01546140395361   -0.33170773575628  
  2.030000    0.29498293454322    0.13682126068725   -0.32470250220372   -0.01989614880071   -0.32775238908249  
  2.040000    0.29120044443358    0.14121737786170   -0.32152614062159   -0.02427428953726   -0.32382381236476  
  2.050000    0.28745397782277    0.14553387912473   -0.31837285628248   -0.02859542456081   -0.31992225352748  
  2.060000    0.28374365103563    0.14977032024076   -0.31524268020692   -0.03285914507352   -0.31604789250973  
  2.070000    0.28006956345602    0.15392630095733   -0.31213564449115   -0.03706503873535   -0.31220084474769  
  2.080000    0.27643179790991    0.15800146466248   -0.30905178235094   -0.04121269346159   -0.30838116523767  
  2.090000    0.27283042104468    0.16199549792279   -0.30599112807301   -0.04530170131628   -0.30458885313233  
  2.100000    0.26926548370446    0.16590812990585   -0.30295371688056   -0.04933166245343   -0.30082385681672  
  2.110000    0.26573702130125    0.16973913169228   -0.29993958471958   -0.05330218905882   -0.29708607940634  
  2.120000    0.26224505418155    0.17348831548344   -0.29694876797312   -0.05721290924630   -0.29337538460505  
  2.130000    0.25878958798871    0.17715553371206   -0.29398130311077   -0.06106347086448   -0.28969160285707  
  2.140000    0.25537061402068    0.18074067806381   -0.29103722628108   -0.06485354517154   -0.28603453772467  
  2.150000    0.25198810958365    0.18424367841900   -0.28811657285467   -0.06858283033850   -0.28240397242115  
  2.160000    0.24864203834138    0.18766450172397   -0.28521937692592   -0.07225105474413   -0.27879967642732  
  2.170000    0.24533235066069    0.19100315080275   -0.28234567078115   -0.07585798002774   -0.27522141211936  
  2.180000    0.24205898395334    0.19425966311986   -0.27949548434122   -0.07940340386948   -0.27166894133601  
  2.190000    0.23882186301451    0.19743410950564   -0.27666884458652   -0.08288716247146   -0.26814203181449  
  2.200000    0.23562090035840    0.20052659285587   -0.27386577497187   -0.08630913271677   -0.26464046342582  
  2.210000    0.23245599655126    0.20353724681740   -0.27108629483902   -0.08966923398749   -0.26116403414329  
  2.220000    0.22932704054223    0.20646623447182   -0.26833041883412   -0.09296742962668   -0.25771256568064  
  2.230000    0.22623390999250    0.20931374702895   -0.26559815633690   -0.09620372803383   -0.25428590874053  
  2.240000    0.22317647160312    0.21208000254168   -0.26288951090865   -0.09937818338697   -0.25088394781851  
  2.250000    0.22015458144202    0.21476524465366   -0.26020447976490   -0.10249089598913   -0.24750660551244  
  2.260000    0.21716808527048    0.21736974139043   -0.25754305327898   -0.10554201224068   -0.24415384629308  
  2.270000    0.21421681886961    0.21989378400447   -0.25490521452179   -0.10853172424328   -0.24082567969750  
  2.280000    0.21130060836710    0.22233768588362   -0.25229093884264   -0.11146026904477   -0.23752216291327  
  2.290000    0.20841927056466    0.22470178153177   -0.24970019349571   -0.11432792753810   -0.23424340272800  
  2.300000    0.20557261326633    0.22698642562982   -0.24713293731598   -0.11713502303095   -0.23098955682582  
  2.310000    0.20276043560814    0.22919199218378   -0.24458912044781   -0.11988191950582   -0.22776083441934  
  2.320000    0.19998252838906    0.23131887376610   -0.24206868412915   -0.12256901959311   -0.22455749621269  
  2.330000    0.19723867440359    0.23336748085508   -0.23957156053333   -0.12519676228287   -0.22137985369855  
  2.340000    0.19452864877603    0.23533824127603   -0.23709767267004   -0.12776562040267   -0.21822826779893  
  2.350000    0.19185221929649    0.23723159974687   -0.23464693434659   -0.13027609789152   -0.21510314686652  
  2.360000    0.18920914675858    0.23904801752938   -0.23221925018963   -0.13272872690096   -0.21200494407016  
  2.370000    0.18659918529872    0.24078797218621   -0.22981451572729   -0.13512406475632   -0.20893415419419  
  2.380000    0.18402208273698    0.24245195744268   -0.22743261753096   -0.13746269081148   -0.20589130988779  
  2.390000    0.18147758091917    0.24404048315080   -0.22507343341529   -0.13974520323137   -0.20287697740585  
  2.400000    0.17896541605993    0.24555407535209   -0.22273683269472   -0.14197221573670   -0.19989175188829  
  2.410000    0.17648531908649    0.24699327643452   -0.22042267649411   -0.14414435434483   -0.19693625222931  
  2.420000    0.17403701598277    0.24835864537757   -0.21813081811074   -0.14626225414072   -0.19401111559221  
  2.430000    0.17162022813328    0.24965075807871   -0.21586110342434   -0.14832655611051   -0.19111699162882  
  2.440000    0.16923467266633    0.25087020775318   -0.21361337135162   -0.15033790406935   -0.18825453646581  
  2.450000    0.16688006279613    0.25201760539853   -0.21138745434130   -0.15229694171347   -0.18542440652175  
  2.460000    0.16455610816300    0.25309358031396   -0.20918317890515   -0.15420430982481   -0.18262725222104  
  2.470000    0.16226251517125    0.25409878066440   -0.20700036618070   -0.15606064365410   -0.17986371167099  
  2.480000    0.15999898732385    0.25503387407819   -0.20483883252062   -0.15786657050631   -0.17713440436895  
  2.490000    0.15776522555346    0.25589954826675   -0.20269839010379   -0.15962270754962   -0.17443992500565  
  2.500000    0.15556092854890    0.25669651165464   -0.20057884756296   -0.16132965986633   -0.17178083742951  
  2.510000    0.15338579307636    0.25742549400751   -0.19848001062371   -0.16298801876135   -0.16915766883511  
  2.520000    0.15123951429474    0.25808724704584   -0.19640168274949   -0.16459836034068   -0.16657090423613  
  2.530000    0.14912178606431    0.25868254503202   -0.19434366578736   -0.16616124436936   -0.16402098128003  
  2.540000    0.14703230124785    0.25921218531850   -0.19230576060935   -0.16767721341514   -0.16150828545803  
  2.550000    0.14497075200375    0.25967698884508   -0.19028776774418   -0.16914679228076   -0.15903314575946  
  2.560000    0.14293683007028    0.26007780057357   -0.18828948799448   -0.17057048772487   -0.15659583081507  
  2.570000    0.14093022704028    0.26041548984871   -0.18631072303461   -0.17194878846818   -0.15419654556833  
  2.580000    0.13895063462575    0.26069095067460   -0.18435127598452   -0.17328216547841   -0.15183542850847  
  2.590000    0.13699774491175    0.26090510189694   -0.18241095195548   -0.17457107252482   -0.14951254949280  
  2.600000    0.13507125059885    0.26105888728177   -0.18048955856341   -0.17581594699009   -0.14722790817993  
  2.610000    0.13317084523395    0.26115327548261   -0.17858690640640   -0.17701721092469   -0.14498143308897  
  2.620000    0.13129622342866    0.26118925988880   -0.17670280950286   -0.17817527232651   -0.14277298129341  
  2.630000    0.12944708106514    0.26116785834881   -0.17483708568756   -0.17929052662609   -0.14060233875166  
  2.640000    0.12762311548892    0.26109011276359   -0.17298955696280   -0.18036335835597   -0.13846922127005  
  2.650000    0.12582402568841    0.26095708854617   -0.17116004980289   -0.18139414298072   -0.13637327608715  
  2.660000    0.12404951246103    0.26076987394479   -0.16934839540987   -0.18238324886279   -0.13431408406245  
  2.670000    0.12229927856574    0.26052957922850   -0.16755442991968   -0.18333103933818   -0.13229116244596  
  2.680000    0.12057302886192    0.26023733573503   -0.16577799455757   -0.18423787487483   -0.13030396819969  
  2.690000    0.11887047043465    0.25989429478237   -0.16401893574276   -0.18510411528607   -0.12835190183640  
  2.700000    0.11719131270651    0.25950162644670   -0.16227710514229   -0.18593012197132   -0.12643431173598  
  2.710000    0.11553526753600    0.25906051821045   -0.16055235967465   -0.18671626015584   -0.12455049889493  
  2.720000    0.11390204930289    0.25857217348589   -0.15884456146421   -0.18746290110191   -0.12269972206052  
  2.730000    0.11229137498072    0.25803781002046   -0.15715357774796   -0.18817042426430   -0.12088120319740  
  2.740000    0.11070296419699    0.25745865819151   -0.15547928073619   -0.18883921936363   -0.11909413323122  
  2.750000    0.10913653928126    0.25683595919926   -0.15382154742950   -0.18946968835248   -0.11733767801149  
  2.760000    0.10759182530188    0.25617096316741   -0.15218025939465   -0.19006224725044   -0.11561098443399  
  2.770000    0.10606855009178    0.25546492716247   -0.15055530250211   -0.19061732782588   -0.11391318666144  
  2.780000    0.10456644426398    0.25471911314303   -0.14894656662854   -0.19113537910410   -0.11224341238103  
  2.790000    0.10308524121744    0.25393478585144   -0.14735394532774   -0.19161686868355   -0.11060078903691  
  2.800000    0.10162467713406    0.25311321066090   -0.14577733547365   -0.19206228384404   -0.10898444997659  
  2.810000    0.10018449096741    0.25225565139132   -0.14421663687944   -0.19247213243317   -0.10739354045142  
  2.820000    0.09876442442410    0.25136336810794   -0.14267175189668   -0.19284694351993   -0.10582722341319  
  2.830000    0.09736422193851    0.25043761491693   -0.14114258499879   -0.19318726780659   -0.10428468505129  
  2.840000    0.09598363064173    0.24947963777233   -0.13962904235315   -0.19349367779323   -0.10276514001776  
  2.850000    0.09462240032542    0.24849067230873   -0.13813103138608   -0.19376676769143   -0.10126783629144  
  2.860000    0.09328028340165    0.24747194171393   -0.13664846034512   -0.19400715308684   -0.09979205963595  
  2.870000    0.09195703485920    0.24642465465590   -0.13518123786286   -0.19421547035263   -0.09833713761099  
  2.880000    0.09065241221750    0.24535000327750   -0.13372927252662   -0.19439237581899   -0.09690244310125  
  2.890000    0.08936617547867    0.24424916127244   -0.13229247245805   -0.19453854470582   -0.09548739733222  
  2.900000    0.08809808707870    0.24312328205508   -0.13087074490666   -0.19465466982899   -0.09409147234784  
  2.910000    0.08684791183831    0.24197349703606   -0.12946399586111   -0.19474146009224   -0.09271419293041  
  2.920000    0.08561541691433    0.24080091401494   -0.12807212968187   -0.19479963877960   -0.09135513794924  
  2.930000    0.08440037175220    0.23960661570009   -0.12669504875850   -0.19482994166483   -0.09001394113024  
  2.940000    0.08320254804023    0.23839165836505   -0.12533265319478   -0.19483311495666   -0.08869029124474  
  2.950000    0.08202171966624    0.23715707064963   -0.12398484052441   -0.19480991309995   -0.08738393172186  
  2.960000    0.08085766267698    0.23590385251257   -0.12265150545975   -0.19476109645454   -0.08609465969447  
  2.970000    0.07971015524094    0.23463297434172   -0.12133253967579   -0.19468742887487   -0.08482232449464  
  2.980000    0.07857897761487    0.23334537622617   -0.12002783163106   -0.19458967521408   -0.08356682561993  
  2.990000    0.07746391211435    0.23204196739348   -0.11873726642695   -0.19446859877740   -0.08232811019731  
  3.000000    0.07636474308872    0.23072362581403   -0.11746072570659   -0.19432495874999   -0.08110616997620  
  3.010000    0.07528125690058    0.22939119797279   -0.11619808759366   -0.19415950762432   -0.07990103788698  
  3.020000    0.07421324190998    0.22804549880784   -0.11494922667184   -0.19397298865261   -0.07871278420548  
  3.030000    0.07316048846338    0.22668731181341   -0.11371401400437   -0.19376613334911   -0.07754151236751  
  3.040000    0.07212278888750    0.22531738930389   -0.11249231719361   -0.19353965906655   -0.07638735448111  
  3.050000    0.07109993748780    0.22393645283401   -0.11128400047950   -0.19329426667041   -0.07525046658664  
  3.060000    0.07009173055175    0.22254519376930   -0.11008892487584   -0.19303063833333   -0.07413102371732  
  3.070000    0.06909796635646    0.22114427399943   -0.10890694834289   -0.19274943547089   -0.07302921481427  
  3.080000    0.06811844518065    0.21973432678620   -0.10773792599429   -0.19245129683841   -0.07194523755142  
  3.090000    0.06715296932056    0.21831595773685   -0.10658171033617   -0.19213683680677   -0.07087929312595  
  3.100000    0.06620134310956    0.21688974589227   -0.10543815153612   -0.19180664383320   -0.06983158107007  
  3.110000    0.06526337294097    0.21545624491909   -0.10430709771906   -0.19146127914134   -0.06880229413914  
  3.120000    0.06433886729382    0.21401598439358   -0.10318839528731   -0.19110127562226   -0.06779161332999  
  3.130000    0.06342763676101    0.21256947116492   -0.10208188926151   -0.19072713696619   -0.06679970308162  
  3.140000    0.06252949407941    0.21111719078477   -0.10098742363924   -0.19033933703225   -0.06582670670797  
  3.150000    0.06164425416146    0.20965960898953   -0.09990484176771   -0.18993831946098   -0.06487274210984  
  3.160000    0.06077173412763    0.20819717322171   -0.09883398672710   -0.18952449753212   -0.06393789780972  
  3.170000    0.05991175333933    0.20673031417629   -0.09777470172086   -0.18909825426762   -0.06302222934957  
  3.180000    0.05906413343169    0.20525944735836   -0.09672683046930   -0.18865994277728   -0.06212575608752  
  3.190000    0.05822869834563    0.20378497463788   -0.09569021760271   -0.18820988684230   -0.06124845842494  
  3.200000    0.05740527435880    0.20230728578823   -0.09466470905059   -0.18774838172919   -0.06039027549086  
  3.210000    0.05659369011469    0.20082675999501   -0.09365015242312   -0.18727569522479   -0.05955110330535  
  3.220000    0.05579377664959    0.19934376732239   -0.09264639738167   -0.18679206888064   -0.05873079343857  
  3.230000    0.05500536741682    0.19785867012467   -0.09165329599472   -0.18629771945290   -0.05792915217679  
  3.240000    0.05422829830775    0.19637182439147   -0.09067070307627   -0.18579284052240   -0.05714594020127  
  3.250000    0.05346240766932    0.19488358101572   -0.08969847650352   -0.18527760427759   -0.05638087278045  
  3.260000    0.05270753631746    0.19339428697459   -0.08873647751111   -0.18475216344135   -0.05563362047048  
  3.270000    0.05196352754626    0.19190428641417   -0.08778457095938   -0.18421665332196   -0.05490381031392  
  3.280000    0.05123022713248    0.19041392163013   -0.08684262557436   -0.18367119396668   -0.05419102752105  
  3.290000    0.05050748333523    0.18892353393740   -0.08591051415737   -0.18311589239603   -0.05349481761339  
  3.300000    0.04979514689040    0.18743346442315   -0.08498811376267   -0.18255084489611   -0.05281468900435  
  3.310000    0.04909307100005    0.18594405457845   -0.08407530584164   -0.18197613934555   -0.05215011598721  
  3.320000    0.04840111131624    0.18445564680548   -0.08317197635242   -0.18139185755398   -0.05150054209690  
  3.330000    0.04771912591964    0.18296858479804   -0.08227801583424   -0.18079807758869   -0.05086538380787  
  3.340000    0.04704697529256    0.18148321379454   -0.08139331944612   -0.18019487606641   -0.05024403452746  
  3.350000    0.04638452228681    0.17999988070405   -0.08051778696965   -0.17958233038772   -0.04963586884096  
  3.360000    0.04573163208624    0.17851893410684   -0.07965132277628   -0.17896052089255   -0.04904024696231  
  3.370000    0.04508817216424    0.17704072413239   -0.07879383575957   -0.17832953291569   -0.04845651934251  
  3.380000    0.04445401223645    0.17556560221883   -0.07794523923331   -0.17768945872306   -0.04788403138620  
  3.390000    0.04382902420883    0.17409392075903   -0.07710545079683   -0.17704039931012   -0.04732212822639  
  3.400000    0.04321308212152    0.17262603263934   -0.07627439216876   -0.17638246604597   -0.04677015950655  
  3.410000    0.04260606208881    0.17116229067836   -0.07545198899125   -0.17571578214803   -0.04622748411972  
  3.420000    0.04200784223557    0.16970304697374   -0.07463817060661   -0.17504048397404   -0.04569347485504  
  3.430000    0.04141830263061    0.16824865216584   -0.07383286980857   -0.17435672212014   -0.04516752290312  
  3.440000    0.04083732521746    0.16679945462810   -0.07303602257076   -0.17366466231597   -0.04464904217370  
  3.450000    0.04026479374302    0.16535579959414   -0.07224756775516   -0.17296448610953   -0.04413747338096  
  3.460000    0.03970059368453    0.16391802823268   -0.07146744680319   -0.17225639133710   -0.04363228785477  
  3.470000    0.03914461217551    0.16248647668122   -0.07069560341265   -0.17154059237547   -0.04313299103910  
  3.480000    0.03859673793118    0.16106147505026   -0.06993198320347   -0.17081732017614   -0.04263912564232  
  3.490000    0.03805686117378    0.15964334640963   -0.06917653337557   -0.17008682208324   -0.04215027440809  
  3.500000    0.03752487355847    0.15823240576879   -0.06842920236205   -0.16934936143929   -0.04166606247941  
  3.510000    0.03700066810035    0.15682895906285   -0.06768993948090   -0.16860521698486   -0.04118615933307  
  3.520000    0.03648413910298    0.15543330215596   -0.06695869458862   -0.16785468206037   -0.04071028026622  
  3.530000    0.03597518208912    0.15404571987329   -0.06623541773888   -0.16709806362027   -0.04023818742162  
  3.540000    0.03547369373402    0.15266648507273   -0.06552005884930   -0.16633568107149   -0.03976969034295  
  3.550000    0.03497957180178    0.15129585776670   -0.06481256737958   -0.16556786495005   -0.03930464605666  
  3.560000    0.03449271508533    0.14993408430394   -0.06411289202373   -0.16479495545103   -0.03884295868173  
  3.570000    0.03401302335018    0.14858139662061   -0.06342098041925   -0.16401730082860   -0.03838457857369  
  3.580000    0.03354039728262    0.14723801156908   -0.06273677887572   -0.16323525568407   -0.03792950101399  
  3.590000    0.03307473844243    0.14590413033211   -0.06206023212547   -0.16244917916083   -0.03747776446075  
  3.600000    0.03261594922057    0.14457993792909   -0.06139128309805   -0.16165943306592   -0.03702944838119  
  3.610000    0.03216393280196    0.14326560282009   -0.06072987272088   -0.16086637993874   -0.03658467069041  
  3.620000    0.03171859313363    0.14196127661255   -0.06007593974740   -0.16007038108745   -0.03614358482537  
  3.630000    0.03127983489835    0.14066709387410   -0.05942942061425   -0.15927179461423   -0.03570637648615  
  3.640000    0.03084756349375    0.13938317205429   -0.05879024932857   -0.15847097345023   -0.03527326008050  
  3.650000    0.03042168501708    0.13810961151658   -0.05815835738625   -0.15766826342089   -0.03484447491006  
  3.660000    0.03000210625556    0.13684649568090   -0.05753367372159   -0.15686400136201   -0.03442028113946  
  3.670000    0.02958873468216    0.13559389127622   -0.05691612468860   -0.15605851330594   -0.03400095559164  
  3.680000    0.02918147845679    0.13435184870101   -0.05630563407393   -0.15525211275696   -0.03358678741394  
  3.690000    0.02878024643269    0.13312040248882   -0.05570212314089   -0.15444509907312   -0.03317807366121  
  3.700000    0.02838494816782    0.13189957187491   -0.05510551070411   -0.15363775597150   -0.03277511484229  
  3.710000    0.02799549394087    0.13068936145902   -0.05451571323359   -0.15283035017163   -0.03237821047680  
  3.720000    0.02761179477178    0.12948976195822   -0.05393264498718   -0.15202313019090   -0.03198765470851  
  3.730000    0.02723376244624    0.12830075104317   -0.05335621816984   -0.15121632530376   -0.03160373202104  
  3.740000    0.02686130954387    0.12712229425011   -0.05278634311795   -0.15041014467510   -0.03122671310004  
  3.750000    0.02649434946960    0.12595434596012   -0.05222292850679   -0.14960477667582   -0.03085685088451  
  3.760000    0.02613279648792    0.12479685043688   -0.05166588157893   -0.14880038838735   -0.03049437684763  
  3.770000    0.02577656575936    0.12364974291322   -0.05111510839121   -0.14799712529924   -0.03013949754482  
  3.780000    0.02542557337885    0.12251295071639   -0.05057051407777   -0.14719511120242   -0.02979239146384  
  3.790000    0.02507973641538    0.12138639442194   -0.05003200312653   -0.14639444827835   -0.02945320620840  
  3.800000    0.02473897295245    0.12026998902537   -0.04949947966634   -0.14559521738250   -0.02912205604303  
  3.810000    0.02440320212882    0.11916364512085   -0.04897284776181   -0.14479747851851   -0.02879901982320  
  3.820000    0.02407234417902    0.11806727007635   -0.04845201171323   -0.14400127149735   -0.02848413933035  
  3.830000    0.02374632047308    0.11698076919423   -0.04793687635827   -0.14320661677407   -0.02817741802717  
  3.840000    0.02342505355505    0.11590404684699   -0.04742734737279   -0.14241351645294   -0.02787882024419  
  3.850000    0.02310846717974    0.11483700757772   -0.04692333156781   -0.14162195544990   -0.02758827080385  
  3.860000    0.02279648634726    0.11377955715546   -0.04642473717967   -0.14083190279995   -0.02730565508395  
  3.870000    0.02248903733494    0.11273160357609   -0.04593147415074   -0.14004331309548   -0.02703081951736  
  3.880000    0.02218604772608    0.11169305799982   -0.04544345439796   -0.13925612804034   -0.02676357252066  
  3.890000    0.02188744643542    0.11066383561718   -0.04496059206664   -0.13847027810340   -0.02650368583981  
  3.900000    0.02159316373064    0.10964385643596   -0.04448280376726   -0.13768568425429   -0.02625089629638  
  3.910000    0.02130313124992    0.10863304598263   -0.04401000879295   -0.13690225976339   -0.02600490791421  
  3.920000    0.02101728201502    0.10763133591224   -0.04354212931569   -0.13611991204738   -0.02576539440198  
  3.930000    0.02073555043990    0.10663866452209   -0.04307909055947   -0.13533854454163   -0.02553200196387  
  3.940000    0.02045787233447    0.10565497716524   -0.04262082094881   -0.13455805858008   -0.02530435240702  
  3.950000    0.02018418490364    0.10468022656096   -0.04216725223140   -0.13377835526372   -0.02508204651162  
  3.960000    0.01991442674127    0.10371437300029   -0.04171831957364   -0.13299933729870   -0.02486466762664  
  3.970000    0.01964853781930    0.10275738444579   -0.04127396162850   -0.13222091078562   -0.02465178545231  
  3.980000    0.01938645947185    0.10180923652591   -0.04083412057499   -0.13144298694227   -0.02444295996842  
  3.990000    0.01912813437458    0.10086991242500   -0.04039874212918   -0.13066548374249   -0.02423774546621  
  4.000000    0.01887350651923    0.09993940267152   -0.03996777552651   -0.12988832745535   -0.02403569464078  
  4.010000    0.01862252118366    0.09901770482748   -0.03954117347604   -0.12911145406939   -0.02383636270042  
  4.020000    0.01837512489761    0.09810482308365   -0.03911889208692   -0.12833481058825   -0.02363931144930  
  4.030000    0.01813126540429    0.09720076776551   -0.03870089076803   -0.12755835618539   -0.02344411330039  
  4.040000    0.01789089161830    0.09630555475610   -0.03828713210189   -0.12678206320701   -0.02325035517640  
  4.050000    0.01765395358013    0.09541920484261   -0.03787758169409   -0.12600591801395   -0.02305764225793  
  4.060000    0.01742040240753    0.09454174299431   -0.03747220799985   -0.12522992165506   -0.02286560153967  
  4.070000    0.01719019024436    0.09367319758003   -0.03707098212941   -0.12445409036635   -0.02267388515777  
  4.080000    0.01696327020710    0.09281359953407   -0.03667387763429   -0.12367845589195   -0.02248217345399  
  4.090000    0.01673959632971    0.09196298147980   -0.03628087027643   -0.12290306562488   -0.02229017774520  
  4.100000    0.01651912350715    0.09112137682074   -0.03589193778262   -0.12212798256735   -0.02209764276986  
  4.110000    0.01630180743804    0.09028881880890   -0.03550705958649   -0.12135328511241   -0.02190434878683  
  4.120000    0.01608760456710    0.08946533960090   -0.03512621656068   -0.12057906665036   -0.02171011330546  
  4.130000    0.01587647202765    0.08865096931184   -0.03474939074179   -0.11980543500518   -0.02151479242982  
  4.140000    0.01566836758480    0.08784573507736   -0.03437656505064   -0.11903251170818   -0.02131828180424  
  4.150000    0.01546324957983    0.08704966013404   -0.03400772301067   -0.11826043111738   -0.02112051715121  
  4.160000    0.01526107687605    0.08626276292803   -0.03364284846710   -0.11748933939287   -0.02092147439750  
  4.170000    0.01506180880683    0.08548505626157   -0.03328192530950   -0.11671939333990   -0.02072116938817  
  4.180000    0.01486540512602    0.08471654648675   -0.03292493720040   -0.11595075913262   -0.02051965719278  
  4.190000    0.01467182596135    0.08395723275499   -0.03257186731257   -0.11518361093253   -0.02031703101228  
  4.200000    0.01448103177097    0.08320710633073   -0.03222269807727   -0.11441812941697   -0.02011342069924  
  4.210000    0.01429298330374    0.08246614997649   -0.03187741094596   -0.11365450023352   -0.01990899090798  
  4.220000    0.01410764156335    0.08173433741637   -0.03153598616753   -0.11289291239710   -0.01970393889516  
  4.230000    0.01392496777661    0.08101163288370   -0.03119840258321   -0.11213355664697   -0.01949849199468  
  4.240000    0.01374492336623    0.08029799075807   -0.03086463744091   -0.11137662378121   -0.01929290479452  
  4.250000    0.01356746992809    0.07959335529594   -0.03053466623070   -0.11062230298631   -0.01908745604562  
  4.260000    0.01339256921333    0.07889766045804   -0.03020846254288   -0.10987078017971   -0.01888244533600  
  4.270000    0.01322018311521    0.07821082983572   -0.02988599794977   -0.10912223638261   -0.01867818956563  
  4.280000    0.01305027366082    0.07753277667778   -0.02956724191239   -0.10837684614014   -0.01847501925910  
  4.290000    0.01288280300767    0.07686340401774   -0.02925216171259   -0.10763477600556   -0.01827327475543  
  4.300000    0.01271773344506    0.07620260490096   -0.02894072241117   -0.10689618310399   -0.01807330231467  
  4.310000    0.01255502740016    0.07555026270982   -0.02863288683228   -0.10616121379082   -0.01787545018241  
  4.320000    0.01239464744861    0.07490625158410   -0.02832861557406   -0.10543000241851   -0.01768006465313  
  4.330000    0.01223655632950    0.07427043693303   -0.02802786704520   -0.10470267022438   -0.01748748617334  
  4.340000    0.01208071696446    0.07364267603418   -0.02773059752695   -0.10397932435088   -0.01729804552493  
  4.350000    0.01192709248056    0.07302281871382   -0.02743676125979   -0.10326005700820   -0.01711206012820  
  4.360000    0.01177564623679    0.07241070810234   -0.02714631055380   -0.10254494478754   -0.01692983050244  
  4.370000    0.01162634185367    0.07180618145770   -0.02685919592141   -0.10183404813207   -0.01675163692042  
  4.380000    0.01147914324569    0.07120907104909   -0.02657536623121   -0.10112741097053   -0.01657773629077  
  4.390000    0.01133401465609    0.07061920509245   -0.02629476888110   -0.10042506051701   -0.01640835929994  
  4.400000    0.01119092069366    0.07003640872892   -0.02601734998900   -0.09972700723866   -0.01624370784237  
  4.410000    0.01104982637102    0.06946050503689   -0.02574305459911   -0.09903324499116   -0.01608395276453  
  4.420000    0.01091069714391    0.06889131606799   -0.02547182690169   -0.09834375132031   -0.01592923194524  
  4.430000    0.01077349895115    0.06832866389695   -0.02520361046390   -0.09765848792621   -0.01577964873069  
  4.440000    0.01063819825460    0.06777237167547   -0.02493834846970   -0.09697740128474   -0.01563527073932  
  4.450000    0.01050476207877    0.06722226467970   -0.02467598396602   -0.09630042341980   -0.01549612904740  
  4.460000    0.01037315804959    0.06667817134142   -0.02441646011299   -0.09562747281770   -0.01536221776231  
  4.470000    0.01024335443181    0.06613992425286   -0.02415972043561   -0.09495845547418   -0.01523349398654  
  4.480000    0.01011532016472    0.06560736113556   -0.02390570907436   -0.09429326606280   -0.01510987817102  
  4.490000    0.00998902489554    0.06508032576377   -0.02365437103238   -0.09363178921237   -0.01499125485277  
  4.500000    0.00986443901029    0.06455866883355   -0.02340565241648   -0.09297390088013   -0.01487747376751  
  4.510000    0.00974153366159    0.06404224876922   -0.02315950067007   -0.09231946980610   -0.01476835132411  
  4.520000    0.00962028079320    0.06353093245914   -0.02291586479518   -0.09166835903359   -0.01466367242415  
  4.530000    0.00950065316075    0.06302459591392   -0.02267469556190   -0.09102042747995   -0.01456319260607  
  4.540000    0.00938262434865    0.06252312484055   -0.02243594570282   -0.09037553154137   -0.01446664049043  
  4.550000    0.00926616878274    0.06202641512689   -0.02219957009080   -0.08973352671508   -0.01437372049928  
  4.560000    0.00915126173849    0.06153437323188   -0.02196552589825   -0.08909426922214   -0.01428411582035  
  4.570000    0.00903787934478    0.06104691647762   -0.02173377273642   -0.08845761761434   -0.01419749158406  
  4.580000    0.00892599858288    0.06056397324049   -0.02150427277334   -0.08782343434855   -0.01411349821919  
  4.590000    0.00881559728078    0.06008548303950   -0.02127699082935   -0.08719158731252   -0.01403177495162  
  4.600000    0.00870665410277    0.05961139652095   -0.02105189444919   -0.08656195128649   -0.01395195340880  
  4.610000    0.00859914853428    0.05914167533951   -0.02082895395011   -0.08593440932592   -0.01387366129195  
  4.620000    0.00849306086214    0.05867629193702   -0.02060814244556   -0.08530885405116   -0.01379652607733  
  4.630000    0.00838837215028    0.05821522922093   -0.02038943584408   -0.08468518883121   -0.01372017870767  
  4.640000    0.00828506421115    0.05775848014569   -0.02017281282375   -0.08406332884962   -0.01364425723518  
  4.650000    0.00818311957297    0.05730604720096   -0.01995825478215   -0.08344320204188   -0.01356841037830  
  4.660000    0.00808252144323    0.05685794181178   -0.01974574576266   -0.08282474989517   -0.01349230095522  
  4.670000    0.00798325366847    0.05641418365636   -0.01953527235756   -0.08220792810237   -0.01341560915868  
  4.680000    0.00788530069098    0.05597479990813   -0.01932682358919   -0.08159270706434   -0.01333803563850  
  4.690000    0.00778864750257    0.05553982440947   -0.01912039077011   -0.08097907223546   -0.01325930436014  
  4.700000    0.00769327959590    0.05510929678505   -0.01891596734382   -0.08036702430941   -0.01317916521038  
  4.710000    0.00759918291372    0.05468326150332   -0.01871354870750   -0.07975657924383   -0.01309739632363  
  4.720000    0.00750634379661    0.05426176689542   -0.01851313201861   -0.07914776812387   -0.01301380610576  
  4.730000    0.00741474892947    0.05384486414078   -0.01831471598721   -0.07854063686663   -0.01292823493522  
  4.740000    0.00732438528744    0.05343260622943   -0.01811830065595   -0.07793524576991   -0.01284055652493  
  4.750000    0.00723524008156    0.05302504691094   -0.01792388717000   -0.07733166891034   -0.01275067893194  
  4.760000    0.00714730070479    0.05262223964024   -0.01773147753914   -0.07672999339754   -0.01265854520566  
  4.770000    0.00706055467880    0.05222423653050   -0.01754107439426   -0.07613031849238   -0.01256413366905  
  4.780000    0.00697498960198    0.05183108732316   -0.01735268074061   -0.07553275459868   -0.01246745783142  
  4.790000    0.00689059309922    0.05144283838522   -0.01716629971033   -0.07493742213927   -0.01236856593495  
  4.800000    0.00680735277389    0.05105953174327   -0.01698193431651   -0.07434445032815   -0.01226754014107  
  4.810000    0.00672525616237    0.05068120416377   -0.01679958721115   -0.07375397585166   -0.01216449536669  
  4.820000    0.00664429069163    0.05030788628850   -0.01661926044946   -0.07316614147261   -0.01205957778351  
  4.830000    0.00656444364021    0.04993960183327   -0.01644095526265   -0.07258109457183   -0.01195296299771  
  4.840000    0.00648570210292    0.04957636685805   -0.01626467184136   -0.07199898564242   -0.01184485392993  
  4.850000    0.00640805295962    0.04921818911507   -0.01609040913195   -0.07141996675224   -0.01173547841919  
  4.860000    0.00633148284835    0.04886506748165   -0.01591816464736   -0.07084418999066   -0.01162508657659  
  4.870000    0.00625597814290    0.04851699148285   -0.01574793429452   -0.07027180591553   -0.01151394791766  
  4.880000    0.00618152493533    0.04817394090872   -0.01557971221983   -0.06970296201648   -0.01140234830413  
  4.890000    0.00610810902319    0.04783588552979   -0.01541349067417   -0.06913780121021   -0.01129058672792  
  4.900000    0.00603571590185    0.04750278491345   -0.01524925989868   -0.06857646038336   -0.01117897197161  
  4.910000    0.00596433076183    0.04717458834300   -0.01508700803242   -0.06801906899769   -0.01106781918092  
  4.920000    0.00589393849118    0.04685123484011   -0.01492672104265   -0.06746574777198   -0.01095744638546  
  4.930000    0.00582452368285    0.04653265329042   -0.01476838267841   -0.06691660745388   -0.01084817100436  
  4.940000    0.00575607064695    0.04621876267087   -0.01461197444774   -0.06637174769438   -0.01074030637361  
  4.950000    0.00568856342781    0.04590947237681   -0.01445747561873   -0.06583125603598   -0.01063415833139  
  4.960000    0.00562198582557    0.04560468264527   -0.01430486324427   -0.06529520702506   -0.01053002189706  
  4.970000    0.00555632142208    0.04530428507056   -0.01415411221024   -0.06476366145700   -0.01042817807827  
  4.980000    0.00549155361097    0.04500816320691   -0.01400519530663   -0.06423666576187   -0.01032889083935  
  4.990000    0.00542766563136    0.04471619325238   -0.01385808332068   -0.06371425153642   -0.01023240426210  
  5.000000    0.00536464060501    0.04442824480728   -0.01371274515132   -0.06319643522712   -0.01013893992824  
  5.010000    0.00530246157653    0.04414418169971   -0.01356914794344   -0.06268321796700   -0.01004869455009  
  5.020000    0.00524111155615    0.04386386287010   -0.01342725724097   -0.06217458556787   -0.00996183787359  
  5.030000    0.00518057356469    0.04358714330620   -0.01328703715681   -0.06167050866752   -0.00987851087471  
  5.040000    0.00512083068020    0.04331387501931   -0.01314845055836   -0.06117094303013   -0.00979882426704  
  5.050000    0.00506186608593    0.04304390805223   -0.01301145926643   -0.06067582999653   -0.00972285733536  
  5.060000    0.00500366311896    0.04277709150913   -0.01287602426573   -0.06018509707933   -0.00965065710609  
  5.070000    0.00494620531916    0.04251327459727   -0.01274210592479   -0.05969865869659   -0.00958223786238  
  5.080000    0.00488947647786    0.04225230767039   -0.01260966422327   -0.05921641703612   -0.00951758100751  
  5.090000    0.00483346068585    0.04199404326361   -0.01247865898413   -0.05873826304135   -0.00945663527700  
  5.100000    0.00477814238012    0.04173833710978   -0.01234905010871   -0.05826407750841   -0.00939931729598  
  5.110000    0.00472350638891    0.04148504912726   -0.01222079781221   -0.05779373228283   -0.00934551247460  
  5.120000    0.00466953797465    0.04123404436961   -0.01209386285725   -0.05732709154354   -0.00929507623120  
  5.130000    0.00461622287426    0.04098519392792   -0.01196820678333   -0.05686401316061   -0.00924783552893  
  5.140000    0.00456354733647    0.04073837577688   -0.01184379212995   -0.05640435011280   -0.00920359070885  
  5.150000    0.00451149815580    0.04049347555645   -0.01172058265108   -0.05594795195023   -0.00916211759903  
  5.160000    0.00446006270266    0.04025038728146   -0.01159854351901   -0.05549466628690   -0.00912316987667  
  5.170000    0.00440922894960    0.04000901397219   -0.01147764151559   -0.05504434030789   -0.00908648165736  
  5.180000    0.00435898549304    0.03976926819989   -0.01135784520898   -0.05459682227557   -0.00905177028363  
  5.190000    0.00430932157056    0.03953107254173   -0.01123912511420   -0.05415196301943   -0.00901873928262  
  5.200000    0.00426022707338    0.03929435994097   -0.01112145383594   -0.05370961739419   -0.00898708146126  
  5.210000    0.00421169255394    0.03905907396864   -0.01100480619225   -0.05326964569135   -0.00895648210583  
  5.220000    0.00416370922853    0.03882516898429   -0.01088915931798   -0.05283191498974   -0.00892662225187  
  5.230000    0.00411626897482    0.03859261019420   -0.01077449274686   -0.05239630043118   -0.00889718198980  
  5.240000    0.00406936432438    0.03836137360652   -0.01066078847159   -0.05196268640855   -0.00886784377115  
  5.250000    0.00402298845022    0.03813144588365   -0.01054803098126   -0.05153096765392   -0.00883829568078  
  5.260000    0.00397713514942    0.03790282409353   -0.01043620727589   -0.05110105021601   -0.00880823464040  
  5.270000    0.00393179882099    0.03767551536202   -0.01032530685776   -0.05067285231689   -0.00877736951007  
  5.280000    0.00388697443926    0.03744953642991   -0.01021532169997   -0.05024630507958   -0.00874542405518  
  5.290000    0.00384265752285    0.03722491311887   -0.01010624619219   -0.04982135311908   -0.00871213974798  
  5.300000    0.00379884409970    0.03700167971148   -0.00999807706442   -0.04939795499119   -0.00867727837471  
  5.310000    0.00375553066832    0.03677987825151   -0.00989081328950   -0.04897608349454   -0.00864062442135  
  5.320000    0.00371271415572    0.03655955777118   -0.00978445596515   -0.04855572582328   -0.00860198721350  
  5.330000    0.00367039187233    0.03634077345298   -0.00967900817695   -0.04813688356883   -0.00856120278848  
  5.340000    0.00362856146443    0.03612358573431   -0.00957447484352   -0.04771957257110   -0.00851813548075  
  5.350000    0.00358722086441    0.03590805936362   -0.00947086254535   -0.04730382262094   -0.00847267920474  
  5.360000    0.00354636823942    0.03569426241730   -0.00936817933910   -0.04688967701711   -0.00842475842238  
  5.370000    0.00350600193886    0.03548226528697   -0.00926643455908   -0.04647719198263   -0.00837432878603  
  5.380000    0.00346612044115    0.03527213964704   -0.00916563860799   -0.04606643594668   -0.00832137745092  
  5.390000    0.00342672230044    0.03506395741274   -0.00906580273877   -0.04565748869972   -0.00826592305481  
  5.400000    0.00338780609353    0.03485778969872   -0.00896693882988   -0.04525044043072   -0.00820801536586  
  5.410000    0.00334937036773    0.03465370578852   -0.00886905915615   -0.04484539065662   -0.00814773460348  
  5.420000    0.00331141358996    0.03445177212498   -0.00877217615733   -0.04444244705519   -0.00808519044012  
  5.430000    0.00327393409770    0.03425205133156   -0.00867630220675   -0.04404172421353   -0.00802052069541  
  5.440000    0.00323693005226    0.03405460127411   -0.00858144938224   -0.04364334230513   -0.00795388973730  
  5.450000    0.00320039939465    0.03385947417241   -0.00848762924157   -0.04324742570936   -0.00788548660778  
  5.460000    0.00316433980468    0.03366671577018   -0.00839485260456   -0.04285410158763   -0.00781552289378  
  5.470000    0.00312874866353    0.03347636457173   -0.00830312934403   -0.04246349843100   -0.00774423036624  
  5.480000    0.00309362302019    0.03328845115290   -0.00821246818750   -0.04207574459424   -0.00767185841305  
  5.490000    0.00305895956212    0.03310299755297   -0.00812287653173   -0.04169096683155   -0.00759867129332  
  5.500000    0.00302475459035    0.03292001675371   -0.00803436027168   -0.04130928884891   -0.00752494524252  
  5.510000    0.00299100399925    0.03273951225067   -0.00794692364571   -0.04093082988823   -0.00745096545934  
  5.520000    0.00295770326121    0.03256147772106   -0.00786056909839   -0.04055570335755   -0.00737702300648  
  5.530000    0.00292484741639    0.03238589679155   -0.00777529716232   -0.04018401552176   -0.00730341165813  
  5.540000    0.00289243106748    0.03221274290836   -0.00769110635996   -0.03981586426693   -0.00723042472770  
  5.550000    0.00286044837971    0.03204197931108   -0.00760799312658   -0.03945133795126   -0.00715835190929  
  5.560000    0.00282889308597    0.03187355911051   -0.00752595175484   -0.03909051435420   -0.00708747616611  
  5.570000    0.00279775849706    0.03170742546994   -0.00744497436171   -0.03873345973465   -0.00701807069871  
  5.580000    0.00276703751687    0.03154351188817   -0.00736505087784   -0.03838022800781   -0.00695039602476  
  5.590000    0.00273672266245    0.03138174258164   -0.00728616905956   -0.03803086004916   -0.00688469720089  
  5.600000    0.00270680608868    0.03122203296198   -0.00720831452341   -0.03768538313254   -0.00682120121574  
  5.610000    0.00267727961732    0.03106429020452   -0.00713147080261   -0.03734381050823   -0.00676011458112  
  5.620000    0.00264813477019    0.03090841390219   -0.00705561942518   -0.03700614112515   -0.00670162114643  
  5.630000    0.00261936280608    0.03075429679850   -0.00698074001264   -0.03667235950007   -0.00664588015875  
  5.640000    0.00259095476102    0.03060182559265   -0.00690681039848   -0.03634243573506   -0.00659302458863  
  5.650000    0.00256290149163    0.03045088180876   -0.00683380676513   -0.03601632568291   -0.00654315973857  
  5.660000    0.00253519372096    0.03030134272092   -0.00676170379811   -0.03569397125893   -0.00649636214826  
  5.670000    0.00250782208645    0.03015308232496   -0.00669047485574   -0.03537530089564   -0.00645267880747  
  5.680000    0.00248077718955    0.03000597234759   -0.00662009215281   -0.03506023013573   -0.00641212668417  
  5.690000    0.00245404964642    0.02985988328284   -0.00655052695635   -0.03474866235728   -0.00637469257231  
  5.700000    0.00242763013927    0.02971468544585   -0.00648174979157   -0.03444048962345   -0.00634033325990  
  5.710000    0.00240150946790    0.02957025003361   -0.00641373065589   -0.03413559364817   -0.00630897601518  
  5.720000    0.00237567860065    0.02942645018218   -0.00634643923905   -0.03383384686771   -0.00628051938488  
  5.730000    0.00235012872466    0.02928316201003   -0.00627984514699   -0.03353511360711   -0.00625483429555  
  5.740000    0.00232485129449    0.02914026563724   -0.00621391812739   -0.03323925132953   -0.00623176544559  
  5.750000    0.00229983807905    0.02899764617043   -0.00614862829460   -0.03294611195566   -0.00621113297281  
  5.760000    0.00227508120592    0.02885519464368   -0.00608394635176   -0.03265554323949   -0.00619273437916  
  5.770000    0.00225057320303    0.02871280890611   -0.00601984380788   -0.03236739018658   -0.00617634669184  
  5.780000    0.00222630703694    0.02857039444727   -0.00595629318784   -0.03208149649998   -0.00616172883750  
  5.790000    0.00220227614756    0.02842786515205   -0.00589326823307   -0.03179770603916   -0.00614862420392  
  5.800000    0.00217847447877    0.02828514397756   -0.00583074409113   -0.03151586427684   -0.00613676336177  
  5.810000    0.00215489650478    0.02814216354513   -0.00576869749215   -0.03123581973885   -0.00612586691740  
  5.820000    0.00213153725181    0.02799886664141   -0.00570710691050   -0.03095742541226   -0.00611564846612  
  5.830000    0.00210839231497    0.02785520662341   -0.00564595271003   -0.03068054010728   -0.00610581761476  
  5.840000    0.00208545787008    0.02771114772319   -0.00558521727147   -0.03040502975897   -0.00609608304119  
  5.850000    0.00206273068029    0.02756666524915   -0.00552488510077   -0.03013076865545   -0.00608615555855  
  5.860000    0.00204020809746    0.02742174568134   -0.00546494291719   -0.02985764058006   -0.00607575115173  
  5.870000    0.00201788805823    0.02727638665992   -0.00540537972043   -0.02958553985559   -0.00606459395405  
  5.880000    0.00199576907477    0.02713059686630   -0.00534618683592   -0.02931437228009   -0.00605241913269  
  5.890000    0.00197385022034    0.02698439579794   -0.00528735793805   -0.02904405594450   -0.00603897565268  
  5.900000    0.00195213110966    0.02683781343880   -0.00522888905094   -0.02877452192384   -0.00602402889028  
  5.910000    0.00193061187444    0.02669088982815   -0.00517077852672   -0.02850571483475   -0.00600736306846  
  5.920000    0.00190929313408    0.02654367453186   -0.00511302700164   -0.02823759325380   -0.00598878348898  
  5.930000    0.00188817596194    0.02639622602097   -0.00505563733030   -0.02797012999218   -0.00596811853781  
  5.940000    0.00186726184744    0.02624861096330   -0.00499861449874   -0.02770331222393   -0.00594522144304  
  5.950000    0.00184655265432    0.02610090343491   -0.00494196551713   -0.02743714146653   -0.00591997176717  
  5.960000    0.00182605057549    0.02595318405873   -0.00488569929317   -0.02717163341384   -0.00589227661821  
  5.970000    0.00180575808484    0.02580553907861   -0.00482982648734   -0.02690681762333   -0.00586207156752  
  5.980000    0.00178567788650    0.02565805937768   -0.00477435935157   -0.02664273706050   -0.00582932126481  
  5.990000    0.00176581286201    0.02551083945041   -0.00471931155268   -0.02637944750550   -0.00579401974445  
  6.000000    0.00174616601592    0.02536397633823   -0.00466469798249   -0.02611701682767   -0.00575619042035  
  6.010000    0.00172674042024    0.02521756853909   -0.00461053455635   -0.02585552413568   -0.00571588576963  
  6.020000    0.00170753915847    0.02507171490146   -0.00455683800208   -0.02559505881191   -0.00567318670922  
  6.030000    0.00168856526951    0.02492651351349   -0.00450362564139   -0.02533571944083   -0.00562820167215  
  6.040000    0.00166982169217    0.02478206059829   -0.00445091516591   -0.02507761264255   -0.00558106539386  
  6.050000    0.00165131121071    0.02463844942604   -0.00439872440998   -0.02482085182339   -0.00553193742167  
  6.060000    0.00163303640197    0.02449576925361   -0.00434707112248   -0.02456555585626   -0.00548100036356  
  6.070000    0.00161499958465    0.02435410430222   -0.00429597273990   -0.02431184770448   -0.00542845789513  
  6.080000    0.00159720277110    0.02421353278316   -0.00424544616286   -0.02405985300302   -0.00537453254614  
  6.090000    0.00157964762228    0.02407412598134   -0.00419550753833   -0.02380969861193   -0.00531946329027  
  6.100000    0.00156233540614    0.02393594740575   -0.00414617204953   -0.02356151115654   -0.00526350296383  
  6.110000    0.00154526696002    0.02379905201538   -0.00409745371586   -0.02331541556972   -0.00520691554091  
  6.120000    0.00152844265725    0.02366348552846   -0.00404936520446   -0.02307153365097   -0.00514997329410  
  6.130000    0.00151186237846    0.02352928382208   -0.00400191765557   -0.02282998265734   -0.00509295387062  
  6.140000    0.00149552548778    0.02339647242827   -0.00395512052327   -0.02259087394048   -0.00503613731523  
  6.150000    0.00147943081425    0.02326506613200   -0.00390898143311   -0.02235431164417   -0.00497980307118  
  6.160000    0.00146357663850    0.02313506867525   -0.00386350605822   -0.02212039147548   -0.00492422699108  
  6.170000    0.00144796068510    0.02300647257053   -0.00381869801497   -0.02188919956251   -0.00486967838929  
  6.180000    0.00143258012036    0.02287925902611   -0.00377455877927   -0.02166081141029   -0.00481641716682  
  6.190000    0.00141743155587    0.02275339798403   -0.00373108762442   -0.02143529096599   -0.00476469103925  
  6.200000    0.00140251105767    0.02262884827112   -0.00368828158099   -0.02121268980289   -0.00471473289671  
  6.210000    0.00138781416094    0.02250555786190   -0.00364613541932   -0.02099304643178   -0.00466675832386  
  6.220000    0.00137333589016    0.02238346425127   -0.00360464165470   -0.02077638574698   -0.00462096330581  
  6.230000    0.00135907078450    0.02226249493389   -0.00356379057528   -0.02056271861292   -0.00457752214414  
  6.240000    0.00134501292833    0.02214256798597   -0.00352357029241   -0.02035204159557   -0.00453658560488  
  6.250000    0.00133115598640    0.02202359274416   -0.00348396681301   -0.02014433684186   -0.00449827931779  
  6.260000    0.00131749324350    0.02190547057557   -0.00344496413322   -0.01993957210838   -0.00446270244363  
  6.270000    0.00130401764822    0.02178809573153   -0.00340654435246   -0.01973770093938   -0.00442992662342  
  6.280000    0.00129072186030    0.02167135627741   -0.00336868780684   -0.01953866299250   -0.00439999522042  
  6.290000    0.00127759830128    0.02155513508958   -0.00333137322057   -0.01934238450902   -0.00437292286273  
  6.300000    0.00126463920788    0.02143931091023   -0.00329457787400   -0.01914877892416   -0.00434869529109  
  6.310000    0.00125183668753    0.02132375944998   -0.00325827778657   -0.01895774761129   -0.00432726951328  
  6.320000    0.00123918277574    0.02120835452787   -0.00322244791296   -0.01876918075282   -0.00430857426324  
  6.330000    0.00122666949456    0.02109296923762   -0.00318706235047   -0.01858295832883   -0.00429251075993  
  6.340000    0.00121428891159    0.02097747712917   -0.00315209455574   -0.01839895121377   -0.00427895375765  
  6.350000    0.00120203319916    0.02086175339387   -0.00311751756854   -0.01821702237008   -0.00426775287656  
  6.360000    0.00118989469280    0.02074567604198   -0.00308330424049   -0.01803702812660   -0.00425873419915  
  6.370000    0.00117786594875    0.02062912706079   -0.00304942746662   -0.01785881952906   -0.00425170211569  
  6.380000    0.00116593979966    0.02051199354229   -0.00301586041721   -0.01768224374877   -0.00424644139892  
  6.390000    0.00115410940817    0.02039416876892   -0.00298257676791   -0.01750714553532   -0.00424271948600  
  6.400000    0.00114236831769    0.02027555324690   -0.00294955092574   -0.01733336869848   -0.00424028894347  
  6.410000    0.00113071049992    0.02015605567672   -0.00291675824871   -0.01716075760424   -0.00423889008898  
  6.420000    0.00111913039863    0.02003559385099   -0.00288417525703   -0.01698915866959   -0.00423825374221  
  6.430000    0.00110762296929    0.01991409547061   -0.00285177983358   -0.01681842184099   -0.00423810407554  
  6.440000    0.00109618371411    0.01979149887081   -0.00281955141198   -0.01664840204111   -0.00423816153454  
  6.450000    0.00108480871208    0.01966775364957   -0.00278747114999   -0.01647896056919   -0.00423814579720  
  6.460000    0.00107349464382    0.01954282119170   -0.00275552208684   -0.01630996644049   -0.00423777874061  
  6.470000    0.00106223881082    0.01941667508299   -0.00272368928268   -0.01614129765101   -0.00423678738379  
  6.480000    0.00105103914900    0.01928930140966   -0.00269195993888   -0.01597284235450   -0.00423490677539  
  6.490000    0.00103989423629    0.01916069893957   -0.00266032349780   -0.01580449993927   -0.00423188279578  
  6.500000    0.00102880329423    0.01903087918277   -0.00262877172114   -0.01563618199387   -0.00422747484398  
  6.510000    0.00101776618345    0.01889986632998   -0.00259729874594   -0.01546781315123   -0.00422145838076  
  6.520000    0.00100678339313    0.01876769706888   -0.00256590111763   -0.01529933180256   -0.00421362730128  
  6.530000    0.00099585602441    0.01863442027925   -0.00253457779979   -0.01513069067310   -0.00420379611198  
  6.540000    0.00098498576795    0.01850009660900   -0.00250333016038   -0.01496185725383   -0.00419180188864  
  6.550000    0.00097417487573    0.01836479793462   -0.00247216193453   -0.01479281408400   -0.00417750599506  
  6.560000    0.00096342612750    0.01822860671030   -0.00244107916421   -0.01462355888143   -0.00416079554393  
  6.570000    0.00095274279190    0.01809161521133   -0.00241009011521   -0.01445410451869   -0.00414158458445  
  6.580000    0.00094212858282    0.01795392467845   -0.00237920517226   -0.01428447884498   -0.00411981500411  
  6.590000    0.00093158761132    0.01781564437053   -0.00234843671319   -0.01411472435511   -0.00409545713490  
  6.600000    0.00092112433346    0.01767689053419   -0.00231779896327   -0.01394489770848   -0.00406851005759  
  6.610000    0.00091074349463    0.01753778529971   -0.00228730783113   -0.01377506910240   -0.00403900160055  
  6.620000    0.00090045007081    0.01739845551316   -0.00225698072776   -0.01360532150591   -0.00400698803310  
  6.630000    0.00089024920734    0.01725903151563   -0.00222683637029   -0.01343574976110   -0.00397255345653  
  6.640000    0.00088014615572    0.01711964588088   -0.00219689457245   -0.01326645956108   -0.00393580889897  
  6.650000    0.00087014620914    0.01698043212306   -0.00216717602367   -0.01309756631418   -0.00389689112349  
  6.660000    0.00086025463716    0.01684152338684   -0.00213770205889   -0.01292919390581   -0.00385596116206  
  6.670000    0.00085047662034    0.01670305113211   -0.00210849442138   -0.01276147337012   -0.00381320259037  
  6.680000    0.00084081718538    0.01656514382599   -0.00207957502082   -0.01259454148464   -0.00376881956192  
  6.690000    0.00083128114128    0.01642792565446   -0.00205096568883   -0.01242853930192   -0.00372303462162  
  6.700000    0.00082187301736    0.01629151526614   -0.00202268793463   -0.01226361063286   -0.00367608632217  
  6.710000    0.00081259700346    0.01615602456045   -0.00199476270284   -0.01209990049689   -0.00362822666797  
  6.720000    0.00080345689324    0.01602155753187   -0.00196721013612   -0.01193755355465   -0.00357971841361  
  6.730000    0.00079445603075    0.01588820918177   -0.00194004934468   -0.01177671253897   -0.00353083224523  
  6.740000    0.00078559726117    0.01575606450864   -0.00191329818517   -0.01161751670005   -0.00348184387448  
  6.750000    0.00077688288593    0.01562519758692   -0.00188697305097   -0.01146010028060   -0.00343303107570  
  6.760000    0.00076831462289    0.01549567074365   -0.00186108867605   -0.01130459103657   -0.00338467069747  
  6.770000    0.00075989357179    0.01536753384175   -0.00183565795433   -0.01115110881850   -0.00333703568016  
  6.780000    0.00075162018549    0.01524082367724   -0.00181069177636   -0.01099976422827   -0.00329039211095  
  6.790000    0.00074349424728    0.01511556349718   -0.00178619888500   -0.01085065736481   -0.00324499634750  
  6.800000    0.00073551485439    0.01499176264362   -0.00176218575158   -0.01070387667224   -0.00320109224063  
  6.810000    0.00072768040815    0.01486941632810   -0.00173865647373   -0.01055949790206   -0.00315890848560  
  6.820000    0.00071998861072    0.01474850553961   -0.00171561269622   -0.01041758320063   -0.00311865613005  
  6.830000    0.00071243646852    0.01462899708804   -0.00169305355536   -0.01027818033160   -0.00308052626515  
  6.840000    0.00070502030250    0.01451084378380   -0.00167097564789   -0.01014132204168   -0.00304468792466  
  6.850000    0.00069773576507    0.01439398475288   -0.00164937302462   -0.01000702557677   -0.00301128621425  
  6.860000    0.00069057786360    0.01427834588549   -0.00162823720900   -0.00987529235398   -0.00298044069145  
  6.870000    0.00068354099040    0.01416384041518   -0.00160755724069   -0.00974610779367   -0.00295224401347  
  6.880000    0.00067661895885    0.01405036962398   -0.00158731974371   -0.00961944131364   -0.00292676086782  
  6.890000    0.00066980504552    0.01393782366799   -0.00156750901864   -0.00949524648663   -0.00290402719748  
  6.900000    0.00066309203772    0.01382608251662   -0.00154810715821   -0.00937346135993   -0.00288404972931  
  6.910000    0.00065647228636    0.01371501699765   -0.00152909418520   -0.00925400893499   -0.00286680581131  
  6.920000    0.00064993776338    0.01360448993918   -0.00151044821143   -0.00913679780276   -0.00285224356107  
  6.930000    0.00064348012349    0.01349435739859   -0.00149214561650   -0.00902172292917   -0.00284028232451  
  6.940000    0.00063709076950    0.01338446996774   -0.00147416124459   -0.00890866658368   -0.00283081344077  
  6.950000    0.00063076092084    0.01327467414290   -0.00145646861757   -0.00879749940227   -0.00282370130584  
  6.960000    0.00062448168442    0.01316481374717   -0.00143904016245   -0.00868808157481   -0.00281878472451  
  6.970000    0.00061824412742    0.01305473139257   -0.00142184745111   -0.00858026414577   -0.00281587853702  
  6.980000    0.00061203935127    0.01294426996858   -0.00140486144997   -0.00847389041554   -0.00281477550415  
  6.990000    0.00060585856601    0.01283327414347   -0.00138805277740   -0.00836879742922   -0.00281524843131  
  7.000000    0.00059969316461    0.01272159186465   -0.00137139196637   -0.00826481753816   -0.00281705251033  
  7.010000    0.00059353479629    0.01260907584409   -0.00135484972992   -0.00816178001937   -0.00281992785450  
  7.020000    0.00058737543836    0.01249558501492   -0.00133839722678   -0.00805951273663   -0.00282360220125  
  7.030000    0.00058120746574    0.01238098594554   -0.00132200632485   -0.00795784382730   -0.00282779375416  
  7.040000    0.00057502371764    0.01226515419769   -0.00130564985981   -0.00785660339799   -0.00283221413525  
  7.050000    0.00056881756064    0.01214797561560   -0.00128930188642   -0.00775562521236   -0.00283657141671  
  7.060000    0.00056258294766    0.01202934753362   -0.00127293792014   -0.00765474835419   -0.00284057320071  
  7.070000    0.00055631447212    0.01190917989046   -0.00125653516664   -0.00755381884917   -0.00284392971511  
  7.080000    0.00055000741692    0.01178739623916   -0.00124007273691   -0.00745269122898   -0.00284635689277  
  7.090000    0.00054365779753    0.01166393464223   -0.00122353184601   -0.00735123002195   -0.00284757940223  
  7.100000    0.00053726239892    0.01153874844315   -0.00120689599320   -0.00724931115503   -0.00284733359797  
  7.110000    0.00053081880588    0.01141180690560   -0.00119015112193   -0.00714682325276   -0.00284537035904  
  7.120000    0.00052432542630    0.01128309571366   -0.00117328575775   -0.00704366881976   -0.00284145778628  
  7.130000    0.00051778150733    0.01115261732707   -0.00115629112295   -0.00693976529444   -0.00283538372928  
  7.140000    0.00051118714399    0.01102039118688   -0.00113916122644   -0.00683504596261   -0.00282695811640  
  7.150000    0.00050454328019    0.01088645376834   -0.00112189292813   -0.00672946072146   -0.00281601506261  
  7.160000    0.00049785170218    0.01075085847899   -0.00110448597680   -0.00662297668509   -0.00280241473265  
  7.170000    0.00049111502413    0.01061367540167   -0.00108694302103   -0.00651557862498   -0.00278604493910  
  7.180000    0.00048433666623    0.01047499088296   -0.00106926959290   -0.00640726923990   -0.00276682245770  
  7.190000    0.00047752082518    0.01033490696967   -0.00105147406441   -0.00629806925153   -0.00274469404541  
  7.200000    0.00047067243745    0.01019354069674   -0.00103356757681   -0.00618801732387   -0.00271963714916  
  7.210000    0.00046379713539    0.01005102323179   -0.00101556394336   -0.00607716980592   -0.00269166029706  
  7.220000    0.00045690119669    0.00990749888244   -0.00099747952625   -0.00596560029918   -0.00266080316638  
  7.230000    0.00044999148748    0.00976312397411   -0.00097933308850   -0.00585339905294   -0.00262713632664  
  7.240000    0.00044307539952    0.00961806560713   -0.00096114562229   -0.00574067219210   -0.00259076065882  
  7.250000    0.00043616078204    0.00947250030303   -0.00094294015492   -0.00562754078404   -0.00255180645543  
  7.260000    0.00042925586873    0.00932661255106   -0.00092474153413   -0.00551413975235   -0.00251043220942  
  7.270000    0.00042236920052    0.00918059326700   -0.00090657619466   -0.00540061664705   -0.00246682310295  
  7.280000    0.00041550954478    0.00903463817692   -0.00088847190794   -0.00528713028222   -0.00242118921030  
  7.290000    0.00040868581160    0.00888894613969   -0.00087045751731   -0.00517384925316   -0.00237376343215  
  7.300000    0.00040190696796    0.00874371742234   -0.00085256266084   -0.00506095034672   -0.00232479918118  
  7.310000    0.00039518195036    0.00859915194319   -0.00083481748443   -0.00494861685923   -0.00227456784165  
  7.320000    0.00038851957685    0.00845544749768   -0.00081725234763   -0.00483703683758   -0.00222335602795  
  7.330000    0.00038192845908    0.00831279798253   -0.00079989752491   -0.00472640125982   -0.00217146266915  
  7.340000    0.00037541691522    0.00817139163361   -0.00078278290492   -0.00461690217213   -0.00211919594862  
  7.350000    0.00036899288454    0.00803140929316   -0.00076593769067   -0.00450873079972   -0.00206687012926  
  7.360000    0.00036266384433    0.00789302272149   -0.00074939010322   -0.00440207564940   -0.00201480229608  
  7.370000    0.00035643672992    0.00775639296853   -0.00073316709165   -0.00429712062174   -0.00196330904890  
  7.380000    0.00035031785866    0.00762166881941   -0.00071729405196   -0.00419404315072   -0.00191270317857  
  7.390000    0.00034431285833    0.00748898532843   -0.00070179455752   -0.00409301238863   -0.00186329036028  
  7.400000    0.00033842660079    0.00735846245431   -0.00068669010348   -0.00399418745333   -0.00181536589748  
  7.410000    0.00033266314140    0.00723020380913   -0.00067199986768   -0.00389771575474   -0.00176921154954  
  7.420000    0.00032702566482    0.00710429553200   -0.00065774049004   -0.00380373141635   -0.00172509247542  
  7.430000    0.00032151643756    0.00698080529715   -0.00064392587266   -0.00371235380668   -0.00168325432459  
  7.440000    0.00031613676780    0.00685978146452   -0.00063056700225   -0.00362368619421   -0.00164392050473  
  7.450000    0.00031088697268    0.00674125237886   -0.00061767179655   -0.00353781453808   -0.00160728965394  
  7.460000    0.00030576635325    0.00662522582096   -0.00060524497582   -0.00345480642463   -0.00157353334315  
  7.470000    0.00030077317725    0.00651168861160   -0.00059328796037   -0.00337471015816   -0.00154279403111  
  7.480000    0.00029590466927    0.00640060636520   -0.00058179879438   -0.00329755401120   -0.00151518329192  
  7.490000    0.00029115700830    0.00629192338532   -0.00057077209594   -0.00322334563697   -0.00149078033075  
  7.500000    0.00028652533173    0.00618556268895   -0.00056019903247   -0.00315207164267   -0.00146963079951  
  7.510000    0.00028200374496    0.00608142613893   -0.00055006731999   -0.00308369731798   -0.00145174591897  
  7.520000    0.00027758533523    0.00597939465617   -0.00054036124365   -0.00301816650792   -0.00143710190804  
  7.530000    0.00027326218775    0.00587932847245   -0.00053106169600   -0.00295540161316   -0.00142563971408  
  7.540000    0.00026902540174    0.00578106737365   -0.00052214622798   -0.00289530369365   -0.00141726502985  
  7.550000    0.00026486510328    0.00568443086985   -0.00051358910649   -0.00283775264384   -0.00141184857348  
  7.560000    0.00026077045122    0.00558921821519   -0.00050536137046   -0.00278260739898   -0.00140922659698  
  7.570000    0.00025672963177    0.00549520818713   -0.00049743087608   -0.00272970612346   -0.00140920157707  
  7.580000    0.00025272983670    0.00540215852340   -0.00048976232009   -0.00267886632430   -0.00141154302909  
  7.590000    0.00024875722001    0.00530980490864   -0.00048231722931   -0.00262988482640   -0.00141598837225  
  7.600000    0.00024479682752    0.00521785940428   -0.00047505390374   -0.00258253754408   -0.00142224376335  
  7.610000    0.00024083249485    0.00512600822947   -0.00046792730160   -0.00253657898639   -0.00142998480807  
  7.620000    0.00023684671066    0.00503390883239   -0.00046088885710   -0.00249174144586   -0.00143885705807  
  7.630000    0.00023282044434    0.00494118624651   -0.00045388622607   -0.00244773384414   -0.00144847621120  
  7.640000    0.00022873294161    0.00484742880901   -0.00044686296264   -0.00240424024672   -0.00145842795573  
  7.650000    0.00022456149707    0.00475218343509   -0.00043975814088   -0.00236091811642   -0.00146826744326  
  7.660000    0.00022028121968    0.00465495079149   -0.00043250595042   -0.00231739645225   -0.00147751844231  
  7.670000    0.00021586481654    0.00455518089561   -0.00042503531367   -0.00227327405814   -0.00148567231973  
  7.680000    0.00021128243005    0.00445226987373   -0.00041726959454   -0.00222811830163   -0.00149218711981  
  7.690000    0.00020650157467    0.00434555883027   -0.00040912649257   -0.00218146484932   -0.00149648715976  
  7.700000    0.00020148722953    0.00423433598527   -0.00040051824040   -0.00213281899359   -0.00149796372388  
  7.710000    0.00019620215153    0.00411784340084   -0.00039135224338   -0.00208165929617   -0.00149597760490  
  7.720000    0.00019060747791    0.00399528969899   -0.00038153231356   -0.00202744434855   -0.00148986438399  
  7.730000    0.00018466368575    0.00386587013081   -0.00037096065154   -0.00196962346081   -0.00147894343282  
  7.740000    0.00017833196602    0.00372879514766   -0.00035954071417   -0.00190765201252   -0.00146253162639  
  7.750000    0.00017157604991    0.00358332820936   -0.00034718106788   -0.00184101200588   -0.00143996263680  
  7.760000    0.00016436449433    0.00342883292091   -0.00033380026475   -0.00176923803404   -0.00141061240359  
  7.770000    0.00015667339054    0.00326482871341   -0.00031933268834   -0.00169194840701   -0.00137393092328  
  7.780000    0.00014848940731    0.00309105320724   -0.00030373520191   -0.00160888057460   -0.00132947986375  
  7.790000    0.00013981302027    0.00290752817913   -0.00028699429858   -0.00151992927978   -0.00127697471111  
  7.800000    0.00013066171696    0.00271462480282   -0.00026913331129   -0.00142518512137   -0.00121632924792  
  7.810000    0.00012107291060    0.00251312268572   -0.00025021910628   -0.00132497048209   -0.00114769922766  
  7.820000    0.00011110625065    0.00230425634416   -0.00023036757359   -0.00121986918195   -0.00107152126593  
  7.830000    0.00010084499656    0.00208974232583   -0.00020974716462   -0.00111074585956   -0.00098854234916  
  7.840000    0.00009039612756    0.00187178036112   -0.00018857972682   -0.00099875106802   -0.00089983510834  
  7.850000    0.00007988890527    0.00165302283248   -0.00016713796794   -0.00088530848848   -0.00080679424628  
  7.860000    0.00006947168810    0.00143650855314   -0.00014573905367   -0.00077208156187   -0.00071111033027  
  7.870000    0.00005930691706    0.00122555931599   -0.00012473410381   -0.00066091822007   -0.00061471859941  
  7.880000    0.00004956434534    0.00102364077999   -0.00010449369030   -0.00055377419587   -0.00051972243609  
  7.890000    0.00004041275592    0.00083419276907   -0.00008538983071   -0.00045261747653   -0.00042829357930  
  7.900000    0.00003201058879    0.00066043763634   -0.00006777537618   -0.00035931864385   -0.00034255379111  
  7.910000    0.00002449605981    0.00050517860085   -0.00005196206993   -0.00027553387555   -0.00026444523790  
  7.920000    0.00001797747861    0.00037060247909   -0.00003819885161   -0.00020258900807   -0.00019559898923  
  7.930000    0.00001252454279    0.00025810262412   -0.00002665215977   -0.00014137403347   -0.00013721244830  
  7.940000    0.00000816138540    0.00016813785653   -0.00001739000274   -0.00009225752629   -0.00008994694188  
  7.950000    0.00000486207527    0.00010014156476   -0.00001037140736   -0.00005502965572   -0.00005385594425  
  7.960000    0.00000254911441    0.00005249198730   -0.00000544251457   -0.00002888063038   -0.00002835245477  
  7.970000    0.00000109525528    0.00002255017346   -0.00000234009285   -0.00001241876225   -0.00001222101154  
  7.980000    0.00000032869129    0.00000676664468   -0.00000070262885   -0.00000372905606   -0.00000367597449  
  7.990000    0.00000004138286    0.00000085187543   -0.00000008848925   -0.00000046965639   -0.00000046344694  
  8.000000   -0.00000000000000    0.00000000000000    0.00000000000000    0.00000000000000    0.00000000000000  
