0	0.00300915296316412
1	0.002639771588219044
2	0.002334876585656991
3	0.0020787888017387264
4	0.0018539155399322144
5	0.001652251021174298
6	0.0014724669412682623
7	0.001314405620176895
8	0.0011770931232157685
9	0.0010585105345712314
10	0.000956237891980113
11	0.0008679991767359248
12	0.0007919253772497131
13	0.000726626598854108
14	0.000671038181081042
15	0.0006241181893936898
16	0.0005846141432340532
17	0.0005510935187849499
18	0.0005222157384389155
19	0.0004970098473562649
20	0.00047493178083387515
21	0.000455683536111613
22	0.00043896091582588975
23	0.00042431760988155233
24	0.00041122006544924375
25	0.00039921327238541364
26	0.00038804420214495495
27	0.0003776542336119524
28	0.00036807097939747655
29	0.00035929389832097057
30	0.0003512503055009065
31	0.00034383090607437074
32	0.00033695370319807705
33	0.0003305965407801613
34	0.0003247766812335699
35	0.0003195010464064638
36	0.0003147291037233094
37	0.0003103747698068365
38	0.0003063413950860339
39	0.0003025603905984928
40	0.0002990053421460731
41	0.0002956757957851504
42	0.000292568542002309
43	0.00028966102700834785
44	0.00028691830524697325
45	0.00028431398841991147
46	0.00028184499465059204
47	0.0002795275773443728
48	0.0002773794822789053
49	0.00027540442894364285
50	0.00027359137728217236
51	0.00027192664267714753
52	0.0002704056039157377
53	0.00026903268206276575
54	0.0002678105422382031
55	0.0002667297345242449
56	0.00026576870252201343
57	0.0002649034218842024
58	0.00026411700848561425
59	0.000263400951500505
60	0.0002627488403306831
61	0.00026215065146335765
62	0.0002615938526923656
63	0.00026106950118434154
64	0.0002605761625588835
65	0.00026011731158752225
66	0.0002596951504906783
67	0.0002593072479478959
68	0.00025894868633717216
69	0.00025861629527442956
70	0.00025830994754315795
71	0.0002580299652047178
72	0.00025777420840966534
73	0.00025753831884135797
74	0.00025731856301382315
75	0.0002571138181592402
76	0.0002569246485736163
77	0.0002567509819870551
78	0.00025659123036239314
79	0.0002564435729797438
80	0.0002563074919879742
81	0.0002561836502109665
82	0.00025607243291410917
83	0.00025597299213838765
84	0.00025588376492672563
85	0.0002558035722448845
86	0.00025573190237687665
87	0.00025566821912748994
88	0.00025561134951166136
89	0.00025555974293896906
90	0.00025551221229552665
91	0.0002554682399987616
92	0.0002554275863737372
93	0.00025538979595972285
94	0.0002553541996279235
95	0.0002553202985048844
96	0.00025528796867798964
97	0.0002552572435598869
98	0.0002552279995566992
99	0.0002551999460866824
100	0.000255172882229098
101	0.00025514685349908286
102	0.0002551220217693735
103	0.0002550984507685376
104	0.0002550760840505362
105	0.00025505490045699266
106	0.00025503500275958285
107	0.00025501651910947573
108	0.00025499946223308536
109	0.00025498372786983295
110	0.00025496920607641257
111	0.00025495583902684584
112	0.0002549435629607417
113	0.00025493224225788425
114	0.0002549216997348056
115	0.0002549118009496302
116	0.0002549024819917295
117	0.0002548937006733064
118	0.0002548853929767381
119	0.0002548774911119493
120	0.00025486996340155847
121	0.0002548628123390998
122	0.0002548560355301769
123	0.00025484960518335414
124	0.00025484348796159657
125	0.0002548376689284697
126	0.0002548321450452808
127	0.00025482690261986003
128	0.0002548219133140401
129	0.0002548171516870761
130	0.0002548126068543345
131	0.000254808273781785
132	0.0002548041401839677
133	0.000254800187500343
134	0.00025479640104168294
135	0.00025479277273802986
136	0.00025478929375209996
137	0.0002547859492689721
138	0.00025478272284566803
139	0.00025477960335290573
140	0.0002547765851352694
141	0.00025477366270428177
142	0.0002547708282148096
143	0.00025476807438163583
144	0.00025476539721913183
145	0.0002547627941044228
146	0.0002547602602491521
147	0.0002547577887999153
148	0.00025475537391221175
149	0.00025475301196235546
150	0.000254750699597126
151	0.0002547484322487068
152	0.00025474620540738097
153	0.00025474401633156067
154	0.00025474186353783846
155	0.0002547397451241189
156	0.00025473765843425124
157	0.00025473560105927784
158	0.00025473357126192865
159	0.0002547315672665877
160	0.0002547295867242312
161	0.00025472762719984057
162	0.00025472568692318465
163	0.0002547237648178583
164	0.00025472185999061417
165	0.00025471997151987495
166	0.0002547180987323221
167	0.00025471624137869345
168	0.00025471439934076273
169	0.0002547125722659654
170	0.0002547107596030137
171	0.0002547089608705948
172	0.00025470717569866077
173	0.00025470540363284723
174	0.0002547036440835838
175	0.0002547018965276478
176	0.00025470016064732916
177	0.00025469843622771647
178	0.0002546967230136353
179	0.00025469502072882365
180	0.00025469332916620385
181	0.00025469164816976204
182	0.0002546899775387752
183	0.0002546883170148999
184	0.00025468666636154234
185	0.0002546850254082143
186	0.0002546833940112629
187	0.00025468177201622074
188	0.00025468015927949267
189	0.0002546785557064734
190	0.00025467696123974846
191	0.00025467537582236303
192	0.0002546737993902947
193	0.00025467223189157355
194	0.0002546706732968609
195	0.00025466912357804917
196	0.00025466758269468843
197	0.0002546660506049511
198	0.00025466452728201383
199	0.0002546630127077962
200	0.000254661506856182
201	0.0002546600096949071
202	0.00025465852119660725
203	0.0002546570413410015
204	0.0002546555701057379
205	0.00025465410746551716
206	0.0002546526533986757
207	0.00025465120789215065
208	0.00025464977093579607
209	0.0002546483425192734
210	0.0002546469226319441
211	0.00025464551126746663
212	0.0002546441084216722
213	0.0002546427140882073
214	0.000254641328258537
215	0.00025463995092377427
216	0.00025463858207738316
217	0.00025463722171187943
218	0.00025463586981860643
219	0.0002546345263888379
220	0.00025463319141554844
221	0.00025463186489124967
222	0.0002546305468055196
223	0.00025462923714715064
224	0.0002546279359025065
225	0.0002546266430584667
226	0.00025462535859878985
227	0.0002546240825060768
228	0.00025462281476215925
229	0.0002546215553489124
230	0.0002546203042464566
231	0.00025461906143427274
232	0.00025461782688997723
233	0.0002546166005910289
234	0.0002546153825137913
235	0.00025461417263188135
236	0.0002546129709185162
237	0.0002546117773452504
238	0.0002546105918828094
239	0.0002546094144998644
240	0.0002546082451646318
241	0.00025460708384362297
242	0.0002546059305025091
243	0.00025460478510533444
244	0.00025460364761524263
245	0.00025460251799430157
246	0.00025460139620334766
247	0.00025460028220217814
248	0.0002545991759497267
249	0.00025459807740338294
250	0.00025459698652059666
251	0.0002545959032569808
252	0.00025459482756755726
253	0.00025459375940630217
254	0.00025459269872695226
255	0.0002545916454816661
256	0.00025459059962215804
257	0.0002545895610995707
258	0.00025458852986411497
259	0.00025458750586512265
260	0.0002545864890517791
261	0.0002545854793722623
262	0.00025458447677470693
263	0.0002545834812060602
264	0.00025458249261340715
265	0.00025458151094294885
266	0.000254580536140426
267	0.0002545795681517418
268	0.00025457860692171285
269	0.00025457765239500984
270	0.0002545767045164983
271	0.00025457576323025194
272	0.000254574828480165
273	0.0002545739002101668
274	0.00025457297836390617
275	0.0002545720628844455
276	0.00025457115371575186
277	0.00025457025080050284
278	0.00025456935408168054
279	0.00025456846350286325
280	0.00025456757900673864
281	0.0002545667005367373
282	0.00025456582803549927
283	0.00025456496144603095
284	0.0002545641007119632
285	0.0002545632457761877
286	0.0002545623965823884
287	0.0002545615530736698
288	0.00025456071519364457
289	0.00025455988288651846
290	0.0002545590560956648
291	0.0002545582347656514
292	0.00025455741884059283
293	0.00025455660826513186
294	0.0002545558029841188
295	0.00025455500294261024
296	0.000254554208085775
297	0.00025455341835940677
298	0.00025455263370945325
299	0.0002545518540818018
300	0.0002545510794232611
301	0.00025455030968050556
302	0.0002545495448006186
303	0.00025454878473137434
304	0.0002545480294203731
305	0.0002545472788160978
306	0.0002545465328667224
307	0.00025454579152162424
308	0.000254545054729851
309	0.00025454432244124666
310	0.00025454359460588334
311	0.00025454287117415237
312	0.00025454215209738776
313	0.0002545414373264099
314	0.0002545407268132666
315	0.00025454002050996746
316	0.00025453931836892494
317	0.0002545386203434372
318	0.00025453792638675663
319	0.00025453723645241607
320	0.00025453655049532394
321	0.00025453586846969456
322	0.0002545351903307647
323	0.0002545345160339009
324	0.00025453384553538616
325	0.000254533178791427
326	0.0002545325157587771
327	0.0002545318563950624
328	0.0002545312006574647
329	0.0002545305485047241
330	0.0002545298998947404
331	0.00025452925478699736
332	0.00025452861314060005
333	0.0002545279749155349
334	0.0002545273400721613
335	0.00025452670857078043
336	0.0002545260803727852
337	0.00025452545543974616
338	0.0002545248337333141
339	0.0002545242152158205
340	0.0002545235998502255
341	0.00025452298759948816
342	0.00025452237842745287
343	0.00025452177229789237
344	0.000254521169174795
345	0.0002545205690234427
346	0.00025451997180843774
347	0.0002545193774956238
348	0.00025451878605082113
349	0.0002545181974400352
350	0.00025451761163033395
351	0.00025451702858828956
352	0.00025451644828147324
353	0.00025451587067749313
354	0.0002545152957444456
355	0.0002545147234508406
356	0.00025451415376526393
357	0.00025451358665695744
358	0.00025451302209516033
359	0.00025451246004980563
360	0.00025451190049096556
361	0.0002545113433891164
362	0.0002545107887147434
363	0.00025451023643906825
364	0.0002545096865335028
365	0.0002545091389695515
366	0.0002545085937192274
367	0.000254508050754745
368	0.0002545075100487341
369	0.0002545069715737507
370	0.00025450643530293047
371	0.0002545059012098907
372	0.0002545053692680975
373	0.0002545048394511993
374	0.00025450431173392146
375	0.00025450378608974175
376	0.0002545032624940507
377	0.0002545027409214058
378	0.00025450222134710594
379	0.0002545017037462355
380	0.0002545011880944999
381	0.0002545006743676241
382	0.00025450016254165213
383	0.00025449965259286727
384	0.0002544991444973474
385	0.0002544986382320849
386	0.0002544981337735024
387	0.0002544976310988163
388	0.0002544971301851965
389	0.000254496631009819
390	0.0002544961335503987
391	0.00025449563778429725
392	0.0002544951436898217
393	0.0002544946512444841
394	0.00025449416042682874
395	0.00025449367121478834
396	0.00025449318358709117
397	0.0002544926975219499
398	0.00025449221299865885
399	0.0002544917299952277
400	0.000254491248491318
401	0.0002544907684655755
402	0.0002544902898970217
403	0.0002544898127652515
404	0.0002544893370497466
405	0.0002544888627295577
406	0.00025448838978435836
407	0.00025448791819387186
408	0.0002544874479376608
409	0.0002544869789954133
410	0.00025448651134718644
411	0.00025448604497285997
412	0.00025448557985218687
413	0.0002544851159652042
414	0.0002544846532921796
415	0.0002544841918129057
416	0.0002544837315077257
417	0.0002544832723566309
418	0.00025448281433973106
419	0.0002544823574375121
420	0.0002544819016298184
421	0.00025448144689703715
422	0.0002544809932194307
423	0.0002544805405771367
424	0.00025448008895022177
425	0.0002544796383190318
426	0.0002544791886636611
427	0.00025447873996428986
428	0.0002544782922007662
429	0.00025447784535345035
430	0.0002544773994021954
431	0.00025447695432733803
432	0.000254476510108278
433	0.0002544760667249509
434	0.0002544756241576164
435	0.0002544751823854339
436	0.0002544747413883588
437	0.0002544743011457477
438	0.00025447386163732514
439	0.0002544734228421814
440	0.00025447298473980814
441	0.0002544725473090616
442	0.0002544721105292798
443	0.0002544716743793523
444	0.00025447123883803776
445	0.0002544708038841791
446	0.0002544703694955909
447	0.0002544699356514479
448	0.00025446950232977273
449	0.0002544690695084522
450	0.0002544686371652978
451	0.000254468205278476
452	0.00025446777382510504
453	0.00025446734278281
454	0.0002544669121284466
455	0.00025446648183926257
456	0.00025446605189181416
457	0.0002544656222628311
458	0.00025446519292831834
459	0.0002544647638645123
460	0.0002544643350471638
461	0.0002544639064520402
462	0.0002544634780541358
463	0.0002544630498288308
464	0.0002544626217507172
465	0.00025446219379431697
466	0.0002544617659338732
467	0.000254461338143233
468	0.00025446091039587433
469	0.0002544604826653564
470	0.0002544600549243691
471	0.0002544596271456128
472	0.00025445919930152993
473	0.00025445877136359257
474	0.00025445834330353084
475	0.0002544579150926125
476	0.00025445748670135005
477	0.00025445705810043314
478	0.0002544566292593749
479	0.0002544562001480414
480	0.00025445577073542156
481	0.0002544553409899907
482	0.0002544549108800368
483	0.0002544544803733546
484	0.0002544540494369928
485	0.0002544536180377843
486	0.0002544531861419897
487	0.0002544527537149169
488	0.00025445232072207375
489	0.0002544518871281198
490	0.0002544514528968244
491	0.0002544510179915379
492	0.0002544505823752516
493	0.00025445014601015485
494	0.0002544497088578152
495	0.00025444927087920304
496	0.0002544488320345905
497	0.0002544483922834018
498	0.0002544479515848141
499	0.0002544475098964434
500	0.0002544470671764722
501	0.00025444662338086236
502	0.0002544461784658791
503	0.0002544457323865767
504	0.0002544452850969296
505	0.00025444483655060444
506	0.00025444438670012997
507	0.0002544439354973144
508	0.00025444348289259346
509	0.0002544430288359072
510	0.00025444257327618565
511	0.0002544421161610458
512	0.0002544416574376339
513	0.00025444119705174303
514	0.0002544407349478845
515	0.00025444027106985936
516	0.00025443980536018167
517	0.00025443933776008137
518	0.0002544388682097637
519	0.0002544383966484067
520	0.0002544379230135715
521	0.0002544374472415186
522	0.000254436969267394
523	0.00025443648902520035
524	0.00025443600644670756
525	0.0002544355214634392
526	0.0002544350340044696
527	0.00025443454399763844
528	0.0002544340513693602
529	0.0002544335560444478
530	0.0002544330579459789
531	0.00025443255699521695
532	0.00025443205311216123
533	0.0002544315462143502
534	0.0002544310362178926
535	0.00025443052303680927
536	0.00025443000658364676
537	0.00025442948676853414
538	0.0002544289634993347
539	0.0002544284366824068
540	0.00025442790622140656
541	0.00025442737201815147
542	0.00025442683397156263
543	0.00025442629197900736
544	0.0002544257459347882
545	0.00025442519573093235
546	0.0002544246412567606
547	0.00025442408239923343
548	0.00025442351904205894
549	0.0002544229510669084
550	0.000254422378351549
551	0.0002544218007716401
552	0.0002544212181991698
553	0.0002544206305034677
554	0.00025442003755022426
555	0.0002544194392019599
556	0.0002544188353174185
557	0.00025441822575207634
558	0.0002544176103578911
559	0.0002544169889824772
560	0.0002544163614702982
561	0.0002544157276609107
562	0.0002544150873905017
563	0.00025441444049074843
564	0.00025441378678862074
565	0.0002544131261068428
566	0.0002544124582634519
567	0.0002544117830714901
568	0.00025441110033920305
569	0.00025441040986957616
570	0.00025440971146039443
571	0.00025440900490394345
572	0.0002544082899868825
573	0.0002544075664899562
574	0.0002544068341878796
575	0.00025440609284948563
576	0.00025440534223695994
577	0.00025440458210581533
578	0.0002544038122050847
579	0.00025440303227661036
580	0.00025440224205460697
581	0.00025440144126663816
582	0.0002544006296316677
583	0.00025439980686119227
584	0.0002543989726585379
585	0.0002543981267180268
586	0.0002543972687254268
587	0.00025439639835803297
588	0.000254395515282819
589	0.0002543946191575205
590	0.00025439370962967783
591	0.0002543927863371167
592	0.0002543918489061496
593	0.0002543908969525763
594	0.0002543899300805901
595	0.00025438894788279843
596	0.0002543879499394222
597	0.00025438693581824115
598	0.00025438590507408543
599	0.0002543848572480047
600	0.0002543837918679259
601	0.0002543827084465767
602	0.0002543816064823808
603	0.0002543804854581987
604	0.0002543793448414379
605	0.00025437818408267324
606	0.00025437700261581704
607	0.000254375799857054
608	0.00025437457520489053
609	0.0002543733280389437
610	0.00025437205771968927
611	0.0002543707635872016
612	0.00025436944496117994
613	0.00025436810114075673
614	0.0002543667314020304
615	0.0002543653349984701
616	0.0002543639111606202
617	0.00025436245909439667
618	0.0002543609779805671
619	0.0002543594669740571
620	0.0002543579252032474
621	0.0002543563517686501
622	0.0002543547457424842
623	0.000254353106167081
624	0.0002543514320551461
625	0.0002543497223869372
626	0.000254347976111236
627	0.0002543461921431524
628	0.00025434436936348835
629	0.0002543425066170238
630	0.0002543406027125704
631	0.0002543386564207613
632	0.00025433666647363753
633	0.0002543346315628859
634	0.00025433255033976943
635	0.00025433042141218064
636	0.0002543282433450283
637	0.00025432601465773464
638	0.00025432373382476667
639	0.00025432139927210416
640	0.0002543190093776457
641	0.00025431656246966637
642	0.00025431405682448555
643	0.00025431149066719075
644	0.00025430886216839556
645	0.00025430616944433057
646	0.0002543034105547377
647	0.00025430058350277334
648	0.00025429768623256633
649	0.0002542947166292709
650	0.00025429167251712545
651	0.00025428855165887817
652	0.00025428535175542983
653	0.0002542820704432319
654	0.00025427870529597313
655	0.00025427525382164484
656	0.0002542717134636131
657	0.0002542680815995521
658	0.0002542643555414622
659	0.0002542605325352369
660	0.0002542566097608342
661	0.00025425258433351544
662	0.0002542484533033474
663	0.00025424421365672256
664	0.0002542398623166818
665	0.0002542353961454856
666	0.00025423081194535767
667	0.0002542261064609214
668	0.0002542212763822683
669	0.0002542163183470964
670	0.00025421122894432114
671	0.00025420600471851067
672	0.0002542006421730367
673	0.0002541951377765709
674	0.00025418948796761823
675	0.0002541836891607261
676	0.0002541777377532624
677	0.00025417163013372924
678	0.00025416536268884547
679	0.0002541589318131131
680	0.00025415233391861607
681	0.00025414556544484915
682	0.00025413862287125983
683	0.0002541315027278483
684	0.0002541242016098026
685	0.00025411671618978996
686	0.00025410904323399443
687	0.00025410117961640385
688	0.0002540931223363149
689	0.0002540848685342645
690	0.00025407641551031235
691	0.00025406776074299564
692	0.0002540589019075709
693	0.00025404983689608564
694	0.0002540405638373274
695	0.0002540310811167768
696	0.0002540213873980444
697	0.0002540114816423632
698	0.0002540013631296978
699	0.00025399103147862273
700	0.0002539804866661877
701	0.00025396972904665773
702	0.00025395875936988927
703	0.00025394757879818795
704	0.0002539361889212059
705	0.00025392459177173854
706	0.00025391278983544685
707	0.00025390078606319933
708	0.00025388858387738494
709	0.00025387618717725806
710	0.0002538636003422155
711	0.00025385082823027247
712	0.00025383787617539187
713	0.00025382474997920335
714	0.0002538114559019592
715	0.00025379800064757895
716	0.0002537843913479516
717	0.00025377063554016954
718	0.0002537567411435333
719	0.0002537427164312039
720	0.0002537285700001791
721	0.00025371431073675885
722	0.0002536999477800494
723	0.00025368549048343405
724	0.00025367094837300367
725	0.00025365633110471423
726	0.0002536416484200194
727	0.0002536269101010694
728	0.00025361212592506374
729	0.00025359730561827065
730	0.0002535824588112226
731	0.00025356759499509243
732	0.000253552723477378
733	0.0002535378533421697
734	0.00025352299341192743
735	0.0002535081522088675
736	0.00025349333792436154
737	0.0002534785583869429
738	0.00025346382103609805
739	0.00025344913289921875
740	0.0002534345005714752
741	0.00025341993020069854
742	0.00025340542747424
743	0.00025339099761120896
744	0.00025337664535778336
745	0.00025336237498543043
746	0.0002533481902928783
747	0.00025333409461151635
748	0.0002533200908131638
749	0.0002533061813208599
750	0.00025329236812157176
751	0.0002532786527818553
752	0.0002532650364645212
753	0.00025325151994732626
754	0.00025323810364301694
755	0.0002532247876204304
756	0.0002532115716262749
757	0.0002531984551076481
758	0.0002531854372354725
759	0.00025317251692716234
760	0.00025315969287009196
761	0.00025314696354534555
762	0.00025313432725016953
763	0.00025312178212160937
764	0.0002531093261584019
765	0.000253096957243774
766	0.00025308467316624214
767	0.0002530724716416692
768	0.00025306035033360007
769	0.0002530483068735286
770	0.0002530363388801164
771	0.00025302444397926435
772	0.0002530126198216361
773	0.00025300086410131976
774	0.0002529891745730277
775	0.000252977549069153
776	0.0002529659855162207
777	0.00025295448195068943
778	0.00025294303653426855
779	0.000252931647567718
780	0.00025292031350657873
781	0.00025290903297242476
782	0.0002528978047658722
783	0.0002528866278790082
784	0.00025287550150467845
785	0.00025286442504663135
786	0.0002528533981278708
787	0.0002528424205974245
788	0.00025283149253609434
789	0.00025282061426118517
790	0.00025280978632755943
791	0.00025279900953031247
792	0.0002527882849018465
793	0.0002527776137096855
794	0.00025276699745122765
795	0.0002527564378461127
796	0.00025274593682616663
797	0.00025273549652474815
798	0.00025272511926110726
799	0.00025271480752482746
800	0.0002527045639572369
801	0.00025269439132975975
802	0.0002526842925221811
803	0.00025267427049727
804	0.0002526643282748702
805	0.00025265446890406493
806	0.0002526446954345465
807	0.00025263501088674677
808	0.0002526254182218395
809	0.0002526159203115542
810	0.0002526065199083452
811	0.0002525972196152871
812	0.0002525880218584313
813	0.0002525789288598089
814	0.0002525699426113692
815	0.00025256106485350093
816	0.0002525522970528756
817	0.0002525436403854739
818	0.0002525350957214923
819	0.0002525266636141661
820	0.00025251834429046704
821	0.0002525101376471926
822	0.00025250204324947604
823	0.00025249406033263074
824	0.0002524861878080665
825	0.0002524784242717421
826	0.00025247076801640327
827	0.0002524632170461456
828	0.0002524557690937212
829	0.0002524484216408128
830	0.0002524411719391456
831	0.0002524340170339078
832	0.0002524269537884362
833	0.00025241997891018884
834	0.0002524130889761144
835	0.0002524062804594883
836	0.00025239954975653933
837	0.00025239289321169573
838	0.00025238630714340365
839	0.0002523797878682707
840	0.0002523733317244243
841	0.0002523669350931307
842	0.0002523605944198119
843	0.000252354306232363
844	0.0002523480671587107
845	0.00025234187394194805
846	0.0002523357234544242
847	0.00025232961270944034
848	0.00025232353887139433
849	0.0002523174992640808
850	0.00025231149137742943
851	0.00025230551287314356
852	0.00025229956158717763
853	0.0002522936355333518
854	0.0002522877329025982
855	0.00025228185206337605
856	0.0002522759915596554
857	0.00025227015010811086
858	0.0002522643265948242
859	0.0002522585200701868
860	0.0002522527297438633
861	0.0002522469549790913
862	0.0002522411952854653
863	0.0002522354503131274
864	0.0002522297198442554
865	0.0002522240037861731
866	0.0002522183021635726
867	0.00025221261511097624
868	0.00025220694286390446
869	0.0002522012857523716
870	0.00025219564419233314
871	0.0002521900186784014
872	0.000252184409777157
873	0.000252178818119082
874	0.00025217324439290274
875	0.0002521676893389308
876	0.0002521621537430073
877	0.0002521566384310839
878	0.00025215114426372444
879	0.0002521456721321159
880	0.00025214022295271985
881	0.00025213479766399225
882	0.00025212939722232147
883	0.00025212402259898074
884	0.00025211867477683436
885	0.00025211335474816535
886	0.00025210806351175355
887	0.0002521028020706063
888	0.00025209757143054536
889	0.00025209237259776935
890	0.0002520872065777767
891	0.0002520820743732816
892	0.0002520769769826454
893	0.0002520719153992931
894	0.0002520668906091234
895	0.0002520619035905839
896	0.0002520569553116017
897	0.0002520520467304301
898	0.00025204717879193713
899	0.0002520423524283439
900	0.00025203756855675657
901	0.0002520328280783352
902	0.00025202813187588554
903	0.00025202348081434725
904	0.0002520188757375112
905	0.00025201431746795416
906	0.0002520098068049337
907	0.0002520053445239511
908	0.00025200093137412924
909	0.00025199656807814625
910	0.0002519922553302811
911	0.00025198799379569186
912	0.0002519837841088945
913	0.0002519796268728307
914	0.0002519755226582636
915	0.00025197147200194553
916	0.0002519674754066159
917	0.00025196353334008636
918	0.0002519596462338746
919	0.000251955814482996
920	0.0002519520384463324
921	0.00025194831844417516
922	0.0002519446547598833
923	0.0002519410476381434
924	0.0002519374972856579
925	0.0002519340038704301
926	0.0002519305675222174
927	0.00025192718833218366
928	0.0002519238663533765
929	0.00025192060160053386
930	0.0002519173940505633
931	0.0002519142436430903
932	0.0002519111502804519
933	0.0002519081138285494
934	0.00025190513411718206
935	0.0002519022109408527
936	0.0002518993440591874
937	0.00025189653319787614
938	0.00025189377804921804
939	0.0002518910782736734
940	0.0002518884334993908
941	0.0002518858433247197
942	0.00025188330731802086
943	0.000251880825019215
944	0.0002518783959408143
945	0.0002518760195688592
946	0.00025187369536432326
947	0.00025187142276345573
948	0.0002518692011805344
949	0.0002518670300074087
950	0.00025186490861559853
951	0.0002518628363575656
952	0.00025186081256738725
953	0.00025185883656298483
954	0.0002518569076459226
955	0.00025185502510437094
956	0.0002518531882127633
957	0.000251851396234476
958	0.0002518496484219297
959	0.0002518479440183127
960	0.00025184628225884175
961	0.0002518446623713655
962	0.0002518430835786349
963	0.0002518415450983289
964	0.0002518400461447002
965	0.0002518385859294107
966	0.00025183716366322553
967	0.00025183577855568396
968	0.0002518344298172823
969	0.00025183311666018436
970	0.0002518318382985455
971	0.0002518305939501522
972	0.0002518293828362171
973	0.00025182820418367393
974	0.0002518270572243191
975	0.000251825941196333
976	0.0002518248553450467
977	0.00025182379892312197
978	0.0002518227711913459
979	0.00025182177141917957
980	0.0002518207988851526
981	0.00025181985287750595
982	0.0002518189326943076
983	0.00025181803764434056
984	0.0002518171670467454
985	0.00025181632023205314
986	0.0002518154965418317
987	0.0002518146953291478
988	0.0002518139159593607
989	0.0002518131578091553
990	0.0002518124202677655
991	0.00025181170273656507
992	0.0002518110046287513
993	0.00025181032537058555
994	0.0002518096644004078
995	0.0002518090211689986
996	0.00025180839513939485
997	0.0002518077857874425
998	0.0002518071926008832
999	0.00025180661508000254
1000	0.0002518060527371872
1001	0.00025180550509696015
1002	0.0002518049716957348
1003	0.00025180445208175084
1004	0.00025180394581504124
1005	0.0002518034524670532
1006	0.0002518029716209411
1007	0.0002518025028705804
1008	0.00025180204582097914
1009	0.0002518016000881702
1010	0.0002518011652987043
1011	0.0002518007410896809
1012	0.00025180032710786694
1013	0.0002517999230105694
1014	0.0002517995284647183
1015	0.00025179914314689915
1016	0.0002517987667425898
1017	0.000251798398946623
1018	0.0002517980394626729
1019	0.00025179768800343575
1020	0.00025179734428924436
1021	0.00025179700804911
1022	0.000251796679019743
1023	0.00025179635694571613
1024	0.0002517960415790847
1025	0.0002517957326791454
1026	0.00025179543001202997
1027	0.0002517951333508362
1028	0.00025179484247537474
1029	0.0002517945571714494
1030	0.0002517942772314918
1031	0.0002517940024533635
1032	0.0002517937326412111
1033	0.00025179346760407194
1034	0.00025179320715671273
1035	0.00025179295111898124
1036	0.00025179269931535
1037	0.0002517924515753303
1038	0.00025179220773303095
1039	0.00025179196762629036
1040	0.000251791731097695
1041	0.00025179149799343904
1042	0.00025179126816355204
1043	0.00025179104146182314
1044	0.00025179081774521274
1045	0.0002517905968740006
1046	0.00025179037871166836
1047	0.0002517901631242512
1048	0.0002517899499807746
1049	0.00025178973915254634
1050	0.0002517895305135851
1051	0.00025178932393988754
1052	0.0002517891193093523
1053	0.0002517889165020017
1054	0.0002517887153994136
1055	0.00025178851588499214
1056	0.0002517883178428933
1057	0.00025178812115903075
1058	0.00025178792572014925
1059	0.0002517877314136288
1060	0.0002517875381279342
1061	0.00025178734575175926
1062	0.0002517871541741517
1063	0.0002517869632843456
1064	0.00025178677297165586
1065	0.0002517865831248824
1066	0.00025178639363255986
1067	0.00025178620438253763
1068	0.0002517860152619071
1069	0.00025178582615652235
1070	0.00025178563695109747
1071	0.000251785447528825
1072	0.0002517852577708805
1073	0.0002517850675565662
1074	0.00025178487676315764
1075	0.0002517846852650296
1076	0.0002517844929339099
1077	0.0002517842996377453
1078	0.0002517841052418294
1079	0.00025178390960706106
1080	0.0002517837125900307
1081	0.000251783514043013
1082	0.0002517833138129526
1083	0.0002517831117412342
1084	0.00025178290766377876
1085	0.0002517827014090159
1086	0.00025178249279897105
1087	0.000251782281648007
1088	0.00025178206776183226
1089	0.0002517818509372917
1090	0.000251781630961394
1091	0.0002517814076106092
1092	0.0002517811806497624
1093	0.000251780949831496
1094	0.0002517807148947034
1095	0.0002517804755639241
1096	0.000251780231547791
1097	0.0002517799825376497
1098	0.00025177972820638326
1099	0.0002517794682064564
1100	0.0002517792021684523
1101	0.0002517789296994418
1102	0.0002517786503796142
1103	0.00025177836376195906
1104	0.00025177806936776113
1105	0.0002517777666850546
1106	0.0002517774551654526
1107	0.0002517771342197295
1108	0.0002517768032155834
1109	0.00025177646147220555
1110	0.0002517761082566408
1111	0.00025177574277735154
1112	0.00025177536418031474
1113	0.000251774971541249
1114	0.0002517745638591711
1115	0.000251774140048336
1116	0.000251773698929341
1117	0.0002517732392199698
1118	0.0002517727595227962
1119	0.00025177225831389684
1120	0.00025177173392863057
1121	0.0002517711845453776
1122	0.00025177060816841234
1123	0.00025177000260696825
1124	0.00025176936545346523
1125	0.0002517686940571104
1126	0.0002517679854942828
1127	0.0002517672365354085
1128	0.00025176644360684234
1129	0.0002517656027473316
1130	0.0002517647095574812
1131	0.00025176375914315525
1132	0.00025176274604958517
1133	0.00025176166418472087
1134	0.00025176050673288364
1135	0.0002517592660525292
1136	0.000251757933559952
1137	0.0002517564995920494
1138	0.0002517549532486885
1139	0.00025175328220751204
1140	0.00025175147250830487
1141	0.0002517495082999969
1142	0.0002517473715442318
1143	0.0002517450416665406
1144	0.000251742495145149
1145	0.00025173970502537506
1146	0.0002517366403465687
1147	0.0002517332654602946
1148	0.000251729539222937
1149	0.0002517254140331859
1150	0.0002517208346866945
1151	0.00025171573700767533
1152	0.0002517100462143157
1153	0.00025170367496314255
1154	0.00025169652100627614
1155	0.000251688464385353
1156	0.00025167936406994307
1157	0.0002516690539286165
1158	0.0002516573379106301
1159	0.00025164398428722726
1160	0.00025162871879028754
1161	0.0002516112164658371
1162	0.0002515910920500414
1163	0.00025156788867652843
1164	0.00025154106474407396
1165	0.0002515099788277053
1166	0.000251473872616383
1167	0.00025143185203419964
1168	0.000251382866975962
1169	0.00025132569049558004
1170	0.000251258898862791
1171	0.00025118085469552154
1172	0.00025108969636757555
1173	0.00025098333809569215
1174	0.00025085948640698037
1175	0.00025071567987666
1176	0.0002505493597717774
1177	0.00025035797900248736
1178	0.00025013915492735737
1179	0.0002498908673869434
1180	0.0002496116963961581
1181	0.0002493010842685392
1182	0.00024895959565224523
1183	0.00024858913826902775
1184	0.0002481931005049926
1185	0.000247776363223106
1186	0.00024734515518825705
1187	0.00024690674469099585
1188	0.0002464689908751735
1189	0.00024603980971783915
1190	0.00024562663228742916
1191	0.0002452359386932279
1192	0.00024487293636900516
1193	0.00024454141888930733
1194	0.0002442438003083674
1195	0.00024398128205011625
1196	0.00024375408552776968
1197	0.00024356167995715915
1198	0.00024340295067340695
1199	0.00024327628232071578
1200	0.00024317956394854812
1201	0.00024311014975224361
1202	0.00024306482312393067
1203	0.000243039810269992
1204	0.00024303087476079205
1205	0.00024303350122071717
1206	0.0002430431517847353
1207	0.0002430555593981104
1208	0.00024306701201788094
1209	0.00024307458285565886
1210	0.00024307627265367451
1211	0.0002430710471099605
1212	0.0002430587714861111
1213	0.00024304006092965287
1214	0.00024301607610700382
1215	0.00024298829801869804
1216	0.0002429583136605642
1217	0.00024292763704940456
1218	0.00024289758025261994
1219	0.00024286917878216387
1220	0.00024284316690814574
1221	0.000242819992374514
1222	0.0002427998570812048
1223	0.0002427827703117111
1224	0.00024276860327573552
1225	0.00024275713717487687
1226	0.00024274810072593406
1227	0.00024274119635607686
1228	0.00024273611666740072
1229	0.0002427325540549536
1230	0.0002427302066478484
1231	0.0002427287832365415
1232	0.00024272800887794617
1233	0.00024272763175444965
1234	0.0002427274308757661
1235	0.0002427272235405237
1236	0.00024272687121736672
1237	0.0002427262826230522
1238	0.00024272541322405245
1239	0.00024272426099155515
1240	0.000242722858878994
1241	0.00024272126500961703
1242	0.00024271955187643446
1243	0.00024271779591100837
1244	0.00024271606860216922
1245	0.00024271442998390254
1246	0.00024271292486076465
1247	0.0002427115816926757
1248	0.00024271041369144486
1249	0.00024270942144868755
1250	0.00024270859633341145
1251	0.00024270792396366057
1252	0.00024270738721197073
1253	0.00024270696843311143
1254	0.00024270665081543752
1255	0.00024270641895134058
1256	0.00024270625883370965
1257	0.00024270615754525302
1258	0.0002427061028846011
1259	0.00024270608311741893
1260	0.00024270608695067846
1261	0.00024270610374295518
1262	0.00024270612389022317
1263	0.0002427061392892768
1264	0.00024270614375765723
1265	0.00024270613331507413
1266	0.00024270610625679305
1267	0.00024270606300127784
1268	0.00024270600573122306
1269	0.00024270593788796132
1270	0.00024270586359707855
1271	0.000242705787106519
1272	0.0002427057123082256
1273	0.00024270564239198825
1274	0.000242705579653965
1275	0.0002427055254518982
1276	0.00024270548028375625
1277	0.00024270544394791978
1278	0.0002427054157416973
1279	0.00024270539466276914
1280	0.00024270537957904662
1281	0.0002427053693574575
1282	0.00024270536294343042
1283	0.00024270535940082297
1284	0.000242705357919333
1285	0.0002427053578065978
1286	0.0002427053584750632
1287	0.00024270535942962478
1288	0.00024270536026175051
1289	0.00024270536064997678
1290	0.00024270536036152332
1291	0.00024270535925535438
1292	0.00024270535728034
1293	0.00024270535446767438
1294	0.0002427053509188328
1295	0.00024270534678689286
1296	0.00024270534225651758
1297	0.000242705337522183
1298	0.0002427053327702634
1299	0.0002427053281631747
1300	0.00024270532383115383
1301	0.0002427053198657746
1302	0.000242705316321698
1303	0.00024270531321992446
1304	0.00024270531055432205
1305	0.0002427053082985881
1306	0.00024270530641438693
1307	0.00024270530485665242
1308	0.00024270530357905064
1309	0.0002427053025371884
1310	0.00024270530168963805
1311	0.0002427053009992356
1312	0.00024270530043265324
1313	0.00024270529996002623
1314	0.00024270529955486205
1315	0.00024270529919376586
1316	0.00024270529885720834
1317	0.00024270529852909916
1318	0.0002427052981976486
1319	0.00024270529785595235
1320	0.0002427052975011083
1321	0.00024270529713468658
1322	0.00024270529676141147
1323	0.00024270529638831834
1324	0.00024270529602362343
1325	0.00024270529567567764
1326	0.00024270529535197523
1327	0.00024270529505843397
1328	0.00024270529479856844
1329	0.00024270529457414938
1330	0.00024270529438449886
1331	0.00024270529422779085
1332	0.00024270529410052108
1333	0.00024270529399865055
1334	0.00024270529391776582
1335	0.00024270529385364884
1336	0.00024270529380234198
1337	0.00024270529376088605
1338	0.00024270529372664158
1339	0.00024270529369773517
1340	0.0002427052936725435
1341	0.0002427052936503147
1342	0.00024270529363002832
1343	0.00024270529361107202
1344	0.0002427052935931025
1345	0.00024270529357558646
1346	0.00024270529355802353
1347	0.00024270529353995798
1348	0.0002427052935214516
1349	0.00024270529350234766
1350	0.00024270529348243306
1351	0.00024270529346211053
1352	0.00024270529344156788
1353	0.00024270529342120822
1354	0.00024270529340129392
1355	0.0002427052933821748
1356	0.00024270529336424283
1357	0.00024270529334748542
1358	0.0002427052933321913
1359	0.00024270529331807452
1360	0.0002427052933053038
1361	0.00024270529329361272
1362	0.00024270529328307913
1363	0.00024270529327322384
1364	0.00024270529326410567
1365	0.00024270529325560972
1366	0.00024270529324755196
1367	0.0002427052932398165
1368	0.00024270529323238704
1369	0.00024270529322528754
1370	0.00024270529321836784
1371	0.00024270529321159735
1372	0.00024270529320506227
1373	0.0002427052931986184
1374	0.00024270529319229332
1375	0.0002427052931861724
1376	0.00024270529318017438
1377	0.0002427052931743468
1378	0.00024270529316863077
1379	0.00024270529316317675
1380	0.00024270529315784003
1381	0.0002427052931527156
1382	0.00024270529314783087
1383	0.00024270529314312562
1384	0.00024270529313874124
1385	0.0002427052931345252
1386	0.00024270529313058246
1387	0.00024270529312668597
1388	0.000242705293123088
1389	0.00024270529311970235
1390	0.00024270529311649176
1391	0.00024270529311336367
1392	0.00024270529311049553
1393	0.00024270529310751015
1394	0.00024270529310474307
1395	0.00024270529310209683
1396	0.00024270529309956853
1397	0.00024270529309717008
1398	0.00024270529309472364
1399	0.00024270529309248988
1400	0.0002427052930902799
1401	0.0002427052930880785
1402	0.00024270529308602974
1403	0.00024270529308411927
1404	0.0002427052930821277
1405	0.00024270529308013393
1406	0.00024270529307844654
1407	0.00024270529307669154
1408	0.00024270529307507507
1409	0.0002427052930734601
1410	0.0002427052930718196
1411	0.00024270529307033944
1412	0.00024270529306888732
1413	0.0002427052930674254
1414	0.00024270529306618836
1415	0.00024270529306478198
1416	0.0002427052930635833
1417	0.00024270529306238476
1418	0.00024270529306128286
1419	0.00024270529306014596
1420	0.0002427052930590542
1421	0.0002427052930581233
1422	0.0002427052930570099
1423	0.0002427052930561558
1424	0.00024270529305518078
1425	0.00024270529305434323
1426	0.00024270529305338284
1427	0.00024270529305259298
1428	0.000242705293051695
1429	0.00024270529305103116
1430	0.00024270529305028105
1431	0.00024270529304952674
1432	0.00024270529304876317
1433	0.0002427052930480537
1434	0.00024270529304745033
1435	0.0002427052930467404
1436	0.00024270529304625606
1437	0.00024270529304570965
1438	0.0002427052930451104
1439	0.00024270529304451887
1440	0.0002427052930440477
1441	0.0002427052930434855
1442	0.00024270529304300974
1443	0.00024270529304256896
1444	0.00024270529304209245
1445	0.00024270529304163237
1446	0.00024270529304125778
1447	0.00024270529304087085
1448	0.0002427052930405012
1449	0.0002427052930399891
1450	0.00024270529303976125
1451	0.00024270529303930738
1452	0.00024270529303897635
1453	0.00024270529303872337
1454	0.00024270529303834545
1455	0.00024270529303819515
1456	0.00024270529303781953
1457	0.00024270529303746947
1458	0.00024270529303728922
1459	0.00024270529303695832
1460	0.00024270529303665081
1461	0.00024270529303650914
1462	0.00024270529303626416
1463	0.0002427052930360529
1464	0.00024270529303582004
1465	0.0002427052930356688
1466	0.00024270529303539702
1467	0.0002427052930352204
1468	0.00024270529303503034
1469	0.00024270529303479152
1470	0.00024270529303459443
1471	0.00024270529303461444
1472	0.0002427052930343499
1473	0.00024270529303423237
1474	0.00024270529303407976
1475	0.00024270529303396516
1476	0.00024270529303383026
1477	0.00024270529303359968
1478	0.00024270529303346082
1479	0.0002427052930333538
1480	0.00024270529303322037
1481	0.0002427052930330756
1482	0.00024270529303293357
1483	0.00024270529303294786
1484	0.00024270529303279496
1485	0.00024270529303277625
1486	0.00024270529303263002
1487	0.00024270529303248309
1488	0.0002427052930324429
1489	0.00024270529303233105
1490	0.0002427052930323033
1491	0.00024270529303224958
1492	0.00024270529303214376
1493	0.00024270529303207288
1494	0.0002427052930319221
1495	0.00024270529303191437
1496	0.00024270529303187103
1497	0.00024270529303183845
1498	0.00024270529303168395
1499	0.00024270529303168696
1500	0.00024270529303156745
1501	0.00024270529303149725
1502	0.00024270529303149164
1503	0.00024270529303142022
1504	0.00024270529303139563
1505	0.0002427052930313793
1506	0.00024270529303130675
1507	0.0002427052930311855
1508	0.00024270529303123086
1509	0.00024270529303109853
1510	0.00024270529303115074
1511	0.0002427052930310258
1512	0.0002427052930310272
1513	0.00024270529303100207
1514	0.00024270529303102286
1515	0.0002427052930309606
1516	0.00024270529303090167
1517	0.00024270529303087188
1518	0.00024270529303083984
1519	0.00024270529303085817
1520	0.00024270529303075305
1521	0.00024270529303077026
1522	0.00024270529303081748
1523	0.00024270529303075354
1524	0.00024270529303072362
1525	0.00024270529303070716
1526	0.0002427052930306599
1527	0.0002427052930306956
1528	0.0002427052930306469
1529	0.00024270529303057985
1530	0.00024270529303063677
1531	0.0002427052930305339
1532	0.00024270529303052044
1533	0.00024270529303052366
1534	0.00024270529303048918
1535	0.00024270529303055565
1536	0.00024270529303047032
1537	0.00024270529303045782
1538	0.00024270529303047956
1539	0.00024270529303047647
1540	0.00024270529303038188
1541	0.00024270529303040107
1542	0.00024270529303043362
1543	0.00024270529303033954
1544	0.00024270529303036317
1545	0.0002427052930303619
1546	0.0002427052930304367
1547	0.00024270529303033794
1548	0.00024270529303041825
1549	0.0002427052930303046
1550	0.00024270529303039608
1551	0.00024270529303031875
1552	0.00024270529303023751
1553	0.000242705293030302
1554	0.00024270529303028888
1555	0.00024270529303027516
1556	0.0002427052930303234
1557	0.00024270529303038356
1558	0.00024270529303030194
1559	0.00024270529303031674
1560	0.00024270529303044094
1561	0.00024270529303029639
1562	0.00024270529303027156
1563	0.00024270529303034745
1564	0.0002427052930302288
1565	0.0002427052930302717
1566	0.00024270529303023575
1567	0.00024270529303023944
1568	0.00024270529303027018
1569	0.00024270529303023098
1570	0.00024270529303021328
1571	0.00024270529303022112
1572	0.0002427052930302034
1573	0.00024270529303026538
1574	0.00024270529303024573
1575	0.00024270529303027245
1576	0.00024270529303019122
1577	0.00024270529303015183
1578	0.00024270529303018458
1579	0.00024270529303021678
1580	0.00024270529303019152
1581	0.00024270529303021076
1582	0.00024270529303020542
1583	0.00024270529303022952
1584	0.00024270529303026985
1585	0.0002427052930303098
1586	0.00024270529303026947
1587	0.00024270529303022312
1588	0.0002427052930302143
1589	0.00024270529303017729
1590	0.000242705293030169
1591	0.0002427052930302235
1592	0.0002427052930302144
1593	0.0002427052930302264
1594	0.00024270529303017168
1595	0.0002427052930302065
1596	0.00024270529303016295
1597	0.00024270529303016834
1598	0.00024270529303015197
1599	0.00024270529303014338
1600	0.00024270529303014256
1601	0.0002427052930302577
1602	0.0002427052930301402
1603	0.00024270529303017924
1604	0.0002427052930301882
1605	0.0002427052930301652
1606	0.00024270529303019087
1607	0.00024270529303013966
1608	0.00024270529303018444
1609	0.00024270529303014438
1610	0.00024270529303018908
1611	0.0002427052930301467
1612	0.00024270529303016192
1613	0.00024270529303020436
1614	0.00024270529303019022
1615	0.00024270529303013484
1616	0.00024270529303015772
1617	0.00024270529303019162
1618	0.00024270529303019962
1619	0.0002427052930301947
1620	0.0002427052930301233
1621	0.0002427052930302374
1622	0.00024270529303017382
1623	0.00024270529303023076
1624	0.00024270529303020436
1625	0.00024270529303015788
1626	0.00024270529303008367
1627	0.0002427052930301809
1628	0.00024270529303017512
1629	0.00024270529303023572
1630	0.00024270529303019013
1631	0.0002427052930301766
1632	0.00024270529303022266
1633	0.0002427052930302487
1634	0.00024270529303017867
1635	0.00024270529303024665
1636	0.00024270529303015316
1637	0.0002427052930301964
1638	0.00024270529303020211
1639	0.00024270529303025513
1640	0.000242705293030234
1641	0.00024270529303024418
1642	0.00024270529303022358
1643	0.00024270529303018853
1644	0.00024270529303015782
1645	0.00024270529303026082
1646	0.00024270529303018038
1647	0.00024270529303024223
1648	0.00024270529303022583
1649	0.000242705293030265
1650	0.00024270529303018924
1651	0.00024270529303014574
1652	0.00024270529303016848
1653	0.00024270529303017837
1654	0.00024270529303014357
1655	0.00024270529303012766
1656	0.00024270529303017683
1657	0.00024270529303015338
1658	0.00024270529303018016
1659	0.0002427052930302085
1660	0.00024270529303018919
1661	0.00024270529303022922
1662	0.0002427052930301663
1663	0.00024270529303014685
1664	0.00024270529303020073
1665	0.00024270529303014175
1666	0.00024270529303014948
1667	0.00024270529303010145
1668	0.0002427052930301302
1669	0.00024270529303014238
1670	0.00024270529303013126
1671	0.0002427052930301832
1672	0.0002427052930301238
1673	0.0002427052930301809
1674	0.000242705293030215
1675	0.00024270529303023188
1676	0.0002427052930302483
1677	0.00024270529303017683
