0	0.006845690292536996
1	0.006570535642809966
2	0.006337976198561919
3	0.006131545242637498
4	0.005945461205932924
5	0.005777767460872331
6	0.00562693459779397
7	0.005491516423432767
8	0.005370029757662237
9	0.005260538899889347
10	0.005160940534979257
11	0.00506916990248402
12	0.00498320639232151
13	0.004901345776708899
14	0.00482240006666935
15	0.0047456332893428535
16	0.004670683227224826
17	0.004597487324283242
18	0.004526137364963643
19	0.004456752782719654
20	0.004389435528276507
21	0.004324255816313242
22	0.0042612438956140305
23	0.004200411090916884
24	0.0041417889747714775
25	0.0040854451193470046
26	0.004031471797647642
27	0.0039799777117449486
28	0.003931086653889567
29	0.003884924363680852
30	0.003841596101296793
31	0.0038011716865646978
32	0.0037636782534783736
33	0.0037290913889306034
34	0.0036973259901441524
35	0.0036682342560480567
36	0.0036416135060664176
37	0.0036172223250839747
38	0.0035948006331490367
39	0.0035740876529991943
40	0.003554837362101255
41	0.003536838198359765
42	0.0035199389609078496
43	0.0035040706447096994
44	0.003489249980788186
45	0.00347555413974849
46	0.0034630659758847797
47	0.0034518104509709004
48	0.003441716708602052
49	0.003432625607772123
50	0.003424333598658252
51	0.003416647053711858
52	0.003409423261850929
53	0.0034025862949634716
54	0.0033961186166971886
55	0.003390037349673854
56	0.0033843662632314893
57	0.003379113096008264
58	0.003374258815078703
59	0.0033697609138025647
60	0.0033655676337638668
61	0.0033616364855799546
62	0.0033579502061084525
63	0.0033545251310278875
64	0.0033514086353037117
65	0.003348663471919464
66	0.0033463397367075993
67	0.003344441884333488
68	0.0033429065037314178
69	0.0033416084211422676
70	0.003340400171228313
71	0.003339167054286726
72	0.0033378662568506697
73	0.0033365285844247105
74	0.003335225694285412
75	0.00333402375201056
76	0.003332947502550863
77	0.0033319700949449335
78	0.003331029551306594
79	0.0033300596342696652
80	0.003329018177067226
81	0.0033279009495046194
82	0.0033267381691566037
83	0.0033255780976155958
84	0.003324466147745015
85	0.003323428627497717
86	0.003322467382638021
87	0.0033215659634541718
88	0.003320702428775611
89	0.0033198616108557504
90	0.0033190413213411924
91	0.003318250839136556
92	0.0033175037966898103
93	0.003316809792912103
94	0.0033161690631503347
95	0.003315572451790602
96	0.003315005923174364
97	0.0033144566956769855
98	0.0033139178819174982
99	0.003313389867844765
100	0.0033128783778676248
101	0.003312390476519832
102	0.003311930493076451
103	0.0033114978624167934
104	0.003311087881203748
105	0.003310694682822948
106	0.0033103144423759566
107	0.0033099469158342607
108	0.0033095947222727545
109	0.003309261184202758
110	0.00330894813838402
111	0.003308654845761178
112	0.003308378388169675
113	0.003308115146414962
114	0.0033078624246732627
115	0.00330761929484941
116	0.003307386306780051
117	0.0033071644531175465
118	0.0033069541541830305
119	0.0033067548392418707
120	0.0033065652095142627
121	0.0033063838708506945
122	0.003306209909351642
123	0.0033060431072239166
124	0.0033058837367089078
125	0.003305732108711293
126	0.0033055881734770365
127	0.003305451403325397
128	0.003305320982064869
129	0.003305196134361834
130	0.0033050763769806465
131	0.003304961565441841
132	0.0033048517513054668
133	0.003304746964912941
134	0.0033046470584892668
135	0.003304551691900934
136	0.003304460450326141
137	0.0033043730018824406
138	0.003304289186432077
139	0.0033042089850259413
140	0.003304132405465975
141	0.0033040593685487174
142	0.0033039896647785523
143	0.003303922996750769
144	0.0033038590697140415
145	0.003303797669858086
146	0.0033037386837961335
147	0.003303682053977046
148	0.0033036277079323217
149	0.0033035755139133993
150	0.0033035252907910244
151	0.0033034768572836395
152	0.0033034300796975233
153	0.0033033848851137452
154	0.0033033412360732677
155	0.003303299088925974
156	0.003303258365303089
157	0.003303218953543712
158	0.0033031807347046432
159	0.003303143611304303
160	0.003303107517744152
161	0.003303072407807287
162	0.0033030382323685644
163	0.0033030049252924577
164	0.0033029724060303347
165	0.0033029405940833037
166	0.0033029094234200414
167	0.003302878847244121
168	0.003302848831411341
169	0.0033028193426591643
170	0.003302790340508841
171	0.0033027617777177908
172	0.0033027336069943293
173	0.0033027057874721287
174	0.003302678286103159
175	0.003302651074029522
176	0.0033026241216264486
177	0.003302597395908056
178	0.0033025708616197017
179	0.0033025444845711407
180	0.0033025182344494156
181	0.0033024920851484852
182	0.0033024660128667207
183	0.0033024399938414955
184	0.003302414003406606
185	0.003302388016567883
186	0.0033023620091688923
187	0.003302335958603173
188	0.0033023098436229864
189	0.003302283643469913
190	0.003302257336943026
191	0.0033022309020526086
192	0.003302204316406312
193	0.0033021775578993924
194	0.0033021506051574456
195	0.003302123437437482
196	0.003302096034159646
197	0.003302068374424432
198	0.003302040436801479
199	0.0033020121994560233
200	0.00330198364042209
201	0.0033019547377524227
202	0.0033019254693767265
203	0.003301895812787404
204	0.0033018657447461096
205	0.0033018352411969334
206	0.0033018042773794976
207	0.003301772827997409
208	0.0033017408672726097
209	0.003301708368803759
210	0.003301675305345441
211	0.0033016416486593993
212	0.0033016073695300505
213	0.003301572437861206
214	0.0033015368227548264
215	0.003301500492446339
216	0.00330146341415091
217	0.0033014255539185232
218	0.003301386876587803
219	0.0033013473458307534
220	0.003301306924209715
221	0.003301265573172072
222	0.003301223252974457
223	0.003301179922617265
224	0.0033011355398198236
225	0.0033010900610637617
226	0.0033010434416530913
227	0.00330099563575267
228	0.0033009465963919136
229	0.0033008962754643868
230	0.0033008446237600764
231	0.0033007915910485217
232	0.0033007371261834255
233	0.0033006811772149864
234	0.0033006236914899997
235	0.0033005646157775693
236	0.003300503896408573
237	0.0033004414794695074
238	0.0033003773110188103
239	0.0033003113373152914
240	0.0033002435050718906
241	0.003300173761721963
242	0.0033001020557239004
243	0.003300028336894883
244	0.0032999525567849863
245	0.003299874669068459
246	0.0032997946299651716
247	0.0032997123986820364
248	0.003299627937877686
249	0.003299541214160044
250	0.0032994521985945983
251	0.003299360867237566
252	0.003299267201668283
253	0.0032991711895275955
254	0.003299072825061142
255	0.003298972109650995
256	0.003298869052344768
257	0.003298763670349006
258	0.0032986559895147546
259	0.0032985460447628127
260	0.0032984338804763077
261	0.0032983195508390186
262	0.0032982031201044945
263	0.003298084662799396
264	0.003297964263855087
265	0.003297842018638386
266	0.00329771803291079
267	0.003297592422679426
268	0.003297465313962728
269	0.0032973368424451094
270	0.003297207153047855
271	0.0032970763993777218
272	0.003296944743106898
273	0.0032968123532349106
274	0.0032966794052927636
275	0.003296546080448492
276	0.003296412564552701
277	0.0032962790471308357
278	0.0032961457203190235
279	0.0032960127777707975
280	0.00329588041353823
281	0.0032957488209431948
282	0.003295618191452012
283	0.0032954887135573092
284	0.0032953605716993704
285	0.003295233945210375
286	0.0032951090073226994
287	0.003294985924227455
288	0.00329486485420352
289	0.0032947459468257363
290	0.00329462934225343
291	0.003294515170604177
292	0.0032944035514308515
293	0.0032942945932814757
294	0.0032941883933667775
295	0.0032940850373176355
296	0.003293984599041692
297	0.003293887140682263
298	0.0032937927126536304
299	0.003293701353782143
300	0.0032936130915117603
301	0.003293527942205623
302	0.0032934459115026003
303	0.0032933669947438583
304	0.0032932911774550076
305	0.0032932184358776154
306	0.0032931487375370367
307	0.003293082041845053
308	0.0032930183007305936
309	0.0032929574592816292
310	0.0032928994564072295
311	0.0032928442254841375
312	0.0032927916950288533
313	0.003292741789333764
314	0.003292694429105249
315	0.0032926495320825884
316	0.0032926070136259267
317	0.0032925667872873285
318	0.0032925287653520355
319	0.00329249285934447
320	0.003292458980510071
321	0.0032924270402493925
322	0.003292396950531908
323	0.0032923686242679324
324	0.003292341975642499
325	0.0032923169204201654
326	0.0032922933762047427
327	0.003292271262680805
328	0.0032922505018070517
329	0.0032922310179827685
330	0.003292212738187593
331	0.003292195592089443
332	0.003292179512123581
333	0.0032921644335508152
334	0.0032921502944902002
335	0.00329213703592918
336	0.0032921246017154782
337	0.003292112938535423
338	0.003292101995872537
339	0.003292091725955936
340	0.0032920820836892344
341	0.0032920730265858845
342	0.003292064514682746
343	0.003292056510448993
344	0.0032920489786988907
345	0.0032920418864899673
346	0.0032920352030252004
347	0.003292028899549578
348	0.0032920229492570605
349	0.0032920173271762305
350	0.0032920120100825524
351	0.003292006976389822
352	0.0032920022060657253
353	0.0032919976805234575
354	0.0032919933825444453
355	0.0032919892961823898
356	0.0032919854066800246
357	0.0032919817003955495
358	0.003291978164715124
359	0.003291974787987527
360	0.003291971559454337
361	0.003291968469180125
362	0.0032919655079952986
363	0.0032919626674362728
364	0.0032919599396936156
365	0.0032919573175556214
366	0.0032919547943676755
367	0.003291952363987708
368	0.003291950020739299
369	0.0032919477593795453
370	0.0032919455750645915
371	0.0032919434633141707
372	0.0032919414199814117
373	0.003291939441230119
374	0.003291937523503119
375	0.003291935663508862
376	0.0032919338581854415
377	0.003291932104698995
378	0.003291930400409131
379	0.003291928742863041
380	0.0032919271297768356
381	0.0032919255590248475
382	0.003291924028619602
383	0.0032919225367111053
384	0.003291921081564306
385	0.003291919661561409
386	0.00329191827518419
387	0.003291916921011328
388	0.0032919155977040736
389	0.0032919143040102444
390	0.0032919130387498857
391	0.0032919118008096398
392	0.003291910589142451
393	0.0032919094027612774
394	0.0032919082407287165
395	0.0032919071021636666
396	0.003291905986231136
397	0.003291904892135981
398	0.0032919038191276413
399	0.003291902766495583
400	0.0032919017335592583
401	0.003291900719675771
402	0.0032918997242303216
403	0.0032918987466406717
404	0.003291897786347431
405	0.0032918968428192028
406	0.0032918959155519107
407	0.003291895004058259
408	0.003291894107873834
409	0.0032918932265572458
410	0.0032918923596833606
411	0.0032918915068460963
412	0.003291890667654204
413	0.003291889841733742
414	0.0032918890287280127
415	0.003291888228289251
416	0.00329188744008919
417	0.0032918866638086994
418	0.0032918858991419137
419	0.0032918851457953966
420	0.0032918844034848607
421	0.003291883671935442
422	0.0032918829508890137
423	0.003291882240088279
424	0.003291881539290942
425	0.003291880848261221
426	0.0032918801667713394
427	0.0032918794946014676
428	0.003291878831540204
429	0.00329187817738269
430	0.0032918775319314628
431	0.0032918768949959853
432	0.0032918762663894465
433	0.0032918756459344957
434	0.003291875033457346
435	0.003291874428790415
436	0.003291873831770655
437	0.0032918732422432036
438	0.003291872660055004
439	0.0032918720850579467
440	0.0032918715171061
441	0.003291870956066819
442	0.0032918704018021737
443	0.0032918698541815213
444	0.0032918693130792325
445	0.0032918687783709023
446	0.003291868249938664
447	0.00329186772766594
448	0.003291867211439415
449	0.0032918667011514707
450	0.003291866196692545
451	0.0032918656979620594
452	0.003291865204857833
453	0.003291864717283098
454	0.0032918642351410636
455	0.003291863758340806
456	0.003291863286790966
457	0.0032918628204022
458	0.003291862359092986
459	0.003291861902776106
460	0.0032918614513729938
461	0.0032918610048016956
462	0.003291860562987937
463	0.0032918601258563867
464	0.003291859693330604
465	0.0032918592653422684
466	0.0032918588418208773
467	0.003291858422697562
468	0.0032918580079061917
469	0.0032918575973824816
470	0.0032918571910629706
471	0.0032918567888860495
472	0.003291856390791396
473	0.0032918559967191566
474	0.003291855606613229
475	0.0032918552204171656
476	0.003291854838075344
477	0.003291854459534863
478	0.0032918540847407963
479	0.0032918537136460988
480	0.0032918533461957686
481	0.003291852982345064
482	0.003291852622043259
483	0.003291852265245236
484	0.0032918519119022245
485	0.0032918515619733855
486	0.003291851215409749
487	0.0032918508721734257
488	0.0032918505322185147
489	0.0032918501955038273
490	0.0032918498619913692
491	0.0032918495316390443
492	0.0032918492044099724
493	0.0032918488802642525
494	0.003291848559165973
495	0.0032918482410768594
496	0.0032918479259633894
497	0.0032918476137893675
498	0.003291847304518532
499	0.003291846998120269
500	0.0032918466945591313
501	0.0032918463938031994
502	0.0032918460958204967
503	0.0032918458005802365
504	0.0032918455080507302
505	0.0032918452182026927
506	0.0032918449310060075
507	0.00329184464643206
508	0.003291844364451484
509	0.0032918440850360268
510	0.003291843808158775
511	0.00329184353379344
512	0.003291843261910546
513	0.003291842992487054
514	0.0032918427254951185
515	0.003291842460910103
516	0.003291842198706686
517	0.0032918419388625743
518	0.0032918416813507646
519	0.003291841426147939
520	0.0032918411732331693
521	0.0032918409225807196
522	0.00329184067416968
523	0.003291840427976689
524	0.0032918401839814224
525	0.0032918399421630767
526	0.0032918397024966455
527	0.003291839464963592
528	0.003291839229543113
529	0.0032918389962150263
530	0.0032918387649597545
531	0.003291838535756774
532	0.0032918383085871325
533	0.0032918380834324923
534	0.0032918378602719324
535	0.003291837639088654
536	0.003291837419863687
537	0.003291837202579194
538	0.003291836987217024
539	0.0032918367737602393
540	0.0032918365621900296
541	0.003291836352491005
542	0.0032918361446457414
543	0.003291835938637127
544	0.0032918357344484312
545	0.0032918355320644584
546	0.003291835331467417
547	0.0032918351326443117
548	0.0032918349355773773
549	0.003291834740251241
550	0.003291834546649737
551	0.0032918343547611705
552	0.003291834164567572
553	0.0032918339760555503
554	0.0032918337892097254
555	0.003291833604016202
556	0.0032918334204602236
557	0.003291833238527386
558	0.0032918330582063036
559	0.003291832879481255
560	0.0032918327023383877
561	0.0032918325267645254
562	0.0032918323527477197
563	0.003291832180273114
564	0.0032918320093293526
565	0.0032918318399011272
566	0.003291831671978693
567	0.0032918315055458594
568	0.0032918313405929473
569	0.003291831177108479
570	0.003291831015077593
571	0.0032918308544875982
572	0.003291830695329755
573	0.0032918305375903884
574	0.003291830381259063
575	0.003291830226322202
576	0.003291830072767829
577	0.0032918299205877775
578	0.003291829769768218
579	0.00329182962029862
580	0.0032918294721688128
581	0.0032918293253658107
582	0.00329182917988028
583	0.0032918290357008954
584	0.003291828892817197
585	0.003291828751218165
586	0.0032918286108942272
587	0.0032918284718344557
588	0.0032918283340280753
589	0.0032918281974658355
590	0.003291828062137007
591	0.0032918279280316873
592	0.0032918277951405413
593	0.0032918276634518284
594	0.003291827532957903
595	0.0032918274036488064
596	0.003291827275512036
597	0.0032918271485424836
598	0.0032918270227278016
599	0.0032918268980592106
600	0.0032918267745278207
601	0.0032918266521247685
602	0.0032918265308393376
603	0.0032918264106641102
604	0.0032918262915892613
605	0.003291826173606448
606	0.003291826056705979
607	0.0032918259408801715
608	0.003291825826119682
609	0.0032918257124141628
610	0.0032918255997588363
611	0.0032918254881412973
612	0.0032918253775562597
613	0.003291825267992857
614	0.003291825159444025
615	0.003291825051902731
616	0.003291824945358489
617	0.0032918248398033185
618	0.003291824735230711
619	0.0032918246316318896
620	0.003291824528998487
621	0.0032918244273238526
622	0.0032918243265979367
623	0.0032918242268157433
624	0.0032918241279682246
625	0.003291824030047275
626	0.0032918239330454843
627	0.003291823836955549
628	0.0032918237417704586
629	0.003291823647481356
630	0.0032918235540835153
631	0.003291823461566073
632	0.0032918233699253474
633	0.0032918232791516863
634	0.0032918231892372332
635	0.003291823100177499
636	0.003291823011965201
637	0.0032918229245915967
638	0.0032918228380500038
639	0.0032918227523348943
640	0.00329182266743769
641	0.003291822583352471
642	0.0032918225000737864
643	0.003291822417591842
644	0.0032918223359019415
645	0.0032918222549972944
646	0.003291822174873601
647	0.0032918220955196493
648	0.0032918220169309703
649	0.0032918219391038753
650	0.0032918218620270785
651	0.003291821785698441
652	0.0032918217101092617
653	0.0032918216352539513
654	0.003291821561126924
655	0.003291821487721404
656	0.0032918214150310047
657	0.003291821343049311
658	0.0032918212717732917
659	0.003291821201192839
660	0.003291821131305332
661	0.003291821062103439
662	0.003291820993580358
663	0.003291820925731439
664	0.0032918208585503133
665	0.0032918207920313016
666	0.0032918207261709753
667	0.0032918206609610654
668	0.003291820596395499
669	0.0032918205324715907
670	0.0032918204691810885
671	0.0032918204065194735
672	0.003291820344481269
673	0.0032918202830622485
674	0.003291820222255559
675	0.0032918201620558965
676	0.003291820102458783
677	0.0032918200434578007
678	0.003291819985049426
679	0.0032918199272269307
680	0.003291819869986112
681	0.0032918198133213266
682	0.0032918197572281865
683	0.0032918197017005333
684	0.0032918196467346386
685	0.003291819592323847
686	0.0032918195384658323
687	0.003291819485154185
688	0.003291819432382521
689	0.0032918193801507573
690	0.003291819328446936
691	0.0032918192772717035
692	0.0032918192266200757
693	0.003291819176487162
694	0.003291819126866086
695	0.0032918190777536825
696	0.003291819029145772
697	0.0032918189810364302
698	0.0032918189334227846
699	0.003291818886300429
700	0.0032918188396638937
701	0.0032918187935089397
702	0.0032918187478309584
703	0.0032918187026263514
704	0.0032918186578912477
705	0.003291818613620363
706	0.0032918185698088496
707	0.0032918185264546136
708	0.0032918184835504533
709	0.0032918184410963896
710	0.0032918183990841327
711	0.003291818357512578
712	0.003291818316376477
713	0.003291818275670759
714	0.0032918182353938344
715	0.003291818195539714
716	0.003291818156105215
717	0.0032918181170877086
718	0.003291818078481216
719	0.003291818040282389
720	0.0032918180024894745
721	0.00329181796509454
722	0.0032918179280978926
723	0.003291817891494474
724	0.0032918178552793645
725	0.003291817819450344
726	0.0032918177840040395
727	0.0032918177489367362
728	0.0032918177142431445
729	0.0032918176799215035
730	0.0032918176459676204
731	0.0032918176123775886
732	0.0032918175791487917
733	0.0032918175462769966
734	0.003291817513760283
735	0.0032918174815938627
736	0.0032918174497741297
737	0.003291817418298842
738	0.0032918173871641
739	0.003291817356367678
740	0.003291817325904923
741	0.003291817295772906
742	0.0032918172659690188
743	0.003291817236489523
744	0.00329181720733151
745	0.0032918171784928475
746	0.003291817149968894
747	0.003291817121755921
748	0.003291817093853156
749	0.0032918170662570947
750	0.003291817038964261
751	0.0032918170119711964
752	0.0032918169852754137
753	0.003291816958874424
754	0.0032918169327645058
755	0.0032918169069425245
756	0.0032918168814066243
757	0.003291816856154546
758	0.0032918168311814626
759	0.003291816806486745
760	0.0032918167820673435
761	0.0032918167579188756
762	0.0032918167340390348
763	0.0032918167104269403
764	0.003291816687077719
765	0.003291816663990137
766	0.0032918166411607963
767	0.0032918166185898156
768	0.0032918165962695263
769	0.003291816574201236
770	0.003291816552381573
771	0.0032918165308073125
772	0.0032918165094772103
773	0.003291816488386968
774	0.003291816467536109
775	0.0032918164469214867
776	0.0032918164265396213
777	0.0032918164063904937
778	0.0032918163864690546
779	0.003291816366775176
780	0.0032918163473048215
781	0.003291816328056647
782	0.003291816309028682
783	0.0032918162902184685
784	0.0032918162716248883
785	0.003291816253241701
786	0.003291816235070661
787	0.0032918162171080736
788	0.0032918161993530596
789	0.003291816181800369
790	0.0032918161644517902
791	0.003291816147301988
792	0.003291816130351136
793	0.0032918161135976763
794	0.0032918160970367275
795	0.0032918160806681873
796	0.00329181606448995
797	0.0032918160484988425
798	0.0032918160326937396
799	0.003291816017073472
800	0.0032918160016348914
801	0.0032918159863770595
802	0.0032918159712974327
803	0.0032918159563940785
804	0.0032918159416655424
805	0.0032918159271095484
806	0.0032918159127250214
807	0.003291815898508871
808	0.003291815884460134
809	0.003291815870577154
810	0.003291815856858375
811	0.0032918158433012375
812	0.0032918158299044703
813	0.0032918158166662785
814	0.0032918158035837464
815	0.003291815790659252
816	0.003291815777885674
817	0.003291815765264838
818	0.003291815752794086
819	0.00329181574047285
820	0.003291815728298576
821	0.0032918157162689825
822	0.0032918157043829144
823	0.003291815692640136
824	0.003291815681037033
825	0.0032918156695742815
826	0.003291815658248312
827	0.003291815647058863
828	0.0032918156360054714
829	0.0032918156250826202
830	0.0032918156142935757
831	0.0032918156036351727
832	0.0032918155931037866
833	0.003291815582702284
834	0.003291815572425336
835	0.0032918155622723775
836	0.0032918155522440877
837	0.0032918155423375
838	0.0032918155325513264
839	0.003291815522884842
840	0.003291815513336324
841	0.0032918155039031284
842	0.0032918154945868394
843	0.0032918154853841305
844	0.0032918154762941578
845	0.003291815467315076
846	0.0032918154584478695
847	0.0032918154496872475
848	0.003291815441037108
849	0.0032918154324926984
850	0.003291815424053874
851	0.0032918154157176513
852	0.0032918154074852604
853	0.0032918153993563917
854	0.003291815391325818
855	0.0032918153833967926
856	0.0032918153755652994
857	0.003291815367830748
858	0.0032918153601933296
859	0.003291815352651354
860	0.003291815345203563
861	0.0032918153378468508
862	0.0032918153305834057
863	0.0032918153234122306
864	0.0032918153163289223
865	0.003291815309334594
866	0.0032918153024286325
867	0.003291815295609236
868	0.003291815288875758
869	0.003291815282227275
870	0.003291815275661683
871	0.0032918152691804124
872	0.003291815262780243
873	0.0032918152564604002
874	0.0032918152502219786
875	0.0032918152440619764
876	0.0032918152379791056
877	0.0032918152319753313
878	0.0032918152260466155
879	0.003291815220192813
880	0.0032918152144152195
881	0.003291815208710834
882	0.0032918152030789035
883	0.003291815197518342
884	0.0032918151920298504
885	0.0032918151866123354
886	0.0032918151812625623
887	0.003291815175983328
888	0.003291815170771342
889	0.0032918151656251117
890	0.003291815160546355
891	0.0032918151555333345
892	0.0032918151505846134
893	0.00329181514569881
894	0.0032918151408777084
895	0.003291815136118702
896	0.003291815131420747
897	0.0032918151267829227
898	0.003291815122207261
899	0.0032918151176915514
900	0.003291815113232495
901	0.003291815108832822
902	0.003291815104489748
903	0.00329181510020349
904	0.003291815095972673
905	0.0032918150917985753
906	0.0032918150876783832
907	0.0032918150836125895
908	0.003291815079599639
909	0.0032918150756398616
910	0.0032918150717330804
911	0.003291815067875013
912	0.0032918150640700917
913	0.0032918150603147684
914	0.003291815056607463
915	0.0032918150529519285
916	0.0032918150493428254
917	0.0032918150457825306
918	0.003291815042268117
919	0.003291815038801188
920	0.003291815035380118
921	0.003291815032005011
922	0.003291815028674776
923	0.003291815025388438
924	0.0032918150221460077
925	0.0032918150189464278
926	0.0032918150157914823
927	0.0032918150126771115
928	0.0032918150096040003
929	0.0032918150065731535
930	0.0032918150035825874
931	0.0032918150006323137
932	0.0032918149977218085
933	0.0032918149948505094
934	0.0032918149920180095
935	0.0032918149892228175
936	0.0032918149864669143
937	0.0032918149837468345
938	0.0032918149810642733
939	0.0032918149784178117
940	0.003291814975806996
941	0.0032918149732324383
942	0.0032918149706922164
943	0.0032918149681863264
944	0.0032918149657147674
945	0.0032918149632775633
946	0.003291814960872256
947	0.003291814958498949
948	0.0032918149561611404
949	0.0032918149538531277
950	0.0032918149515777716
951	0.0032918149493334744
952	0.003291814947119354
953	0.003291814944935819
954	0.0032918149427831815
955	0.0032918149406586618
956	0.003291814938563509
957	0.0032918149364983534
958	0.0032918149344612208
959	0.00329181493245135
960	0.0032918149304708494
961	0.0032918149285162497
962	0.003291814926590933
963	0.003291814924691493
964	0.0032918149228162203
965	0.0032918149209682688
966	0.0032918149191465966
967	0.0032918149173494
968	0.00329181491557839
969	0.0032918149138307356
970	0.0032918149121084453
971	0.0032918149104104056
972	0.0032918149087364738
973	0.0032918149070855687
974	0.0032918149054569613
975	0.0032918149038526257
976	0.003291814902268846
977	0.003291814900708555
978	0.0032918148991695267
979	0.0032918148976539933
980	0.0032918148961586045
981	0.003291814894683647
982	0.003291814893230052
983	0.0032918148917967455
984	0.003291814890384748
985	0.003291814888991646
986	0.0032918148876197903
987	0.0032918148862655615
988	0.0032918148849316016
989	0.003291814883616445
990	0.0032918148823199446
991	0.0032918148810419773
992	0.0032918148797820125
993	0.003291814878539673
994	0.0032918148773167363
995	0.0032918148761089177
996	0.00329181487491981
997	0.0032918148737479916
998	0.0032918148725918413
999	0.0032918148714538645
1000	0.003291814870330762
1001	0.003291814869225228
1002	0.0032918148681348666
1003	0.003291814867059473
1004	0.0032918148660008428
1005	0.0032918148649564625
1006	0.0032918148639283743
1007	0.0032918148629148387
1008	0.0032918148619145767
1009	0.0032918148609308506
1010	0.003291814859959486
1011	0.0032918148590032653
1012	0.003291814858060051
1013	0.003291814857131834
1014	0.003291814856216223
1015	0.0032918148553144288
1016	0.0032918148544261137
1017	0.003291814853550582
1018	0.0032918148526870396
1019	0.003291814851836611
1020	0.0032918148509993397
1021	0.0032918148501742666
1022	0.0032918148493605286
1023	0.0032918148485586466
1024	0.0032918148477692677
1025	0.0032918148469902233
1026	0.0032918148462249244
1027	0.003291814845469147
1028	0.0032918148447244784
1029	0.0032918148439909298
1030	0.0032918148432687384
1031	0.003291814842556916
1032	0.003291814841855503
1033	0.003291814841165249
1034	0.003291814840484878
1035	0.0032918148398140288
1036	0.003291814839152886
1037	0.003291814838503243
1038	0.003291814837861896
1039	0.003291814837230927
1040	0.003291814836609382
1041	0.003291814835996885
1042	0.0032918148353933497
1043	0.0032918148347978165
1044	0.003291814834212685
1045	0.003291814833635613
1046	0.0032918148330668587
1047	0.0032918148325085336
1048	0.0032918148319562367
1049	0.003291814831413124
1050	0.003291814830878652
1051	0.0032918148303520854
1052	0.003291814829833341
1053	0.00329181482932209
1054	0.0032918148288182117
1055	0.0032918148283227274
1056	0.0032918148278359666
1057	0.003291814827354412
1058	0.003291814826881418
1059	0.0032918148264154965
1060	0.0032918148259570524
1061	0.0032918148255033468
1062	0.0032918148250589965
1063	0.0032918148246200455
1064	0.003291814824188774
1065	0.0032918148237643433
1066	0.0032918148233446157
1067	0.003291814822932252
1068	0.0032918148225260925
1069	0.0032918148221258384
1070	0.0032918148217330793
1071	0.003291814821346128
1072	0.0032918148209629856
1073	0.0032918148205876886
1074	0.003291814820217604
1075	0.0032918148198532796
1076	0.003291814819494568
1077	0.003291814819141476
1078	0.003291814818793532
1079	0.003291814818451483
1080	0.003291814818115081
1081	0.0032918148177829543
1082	0.003291814817456231
1083	0.00329181481713476
1084	0.0032918148168186727
1085	0.003291814816506104
1086	0.003291814816200155
1087	0.0032918148158970714
1088	0.0032918148156000342
1089	0.0032918148153063083
1090	0.003291814815018373
1091	0.003291814814735531
1092	0.0032918148144566247
1093	0.0032918148141807342
1094	0.003291814813910863
1095	0.0032918148136454636
1096	0.0032918148133836245
1097	0.003291814813124539
1098	0.003291814812871108
1099	0.0032918148126206853
1100	0.0032918148123746785
1101	0.003291814812133978
1102	0.0032918148118946753
1103	0.003291814811659489
1104	0.0032918148114287984
1105	0.003291814811201838
1106	0.003291814810978687
1107	0.003291814810758232
1108	0.0032918148105417
1109	0.003291814810327387
1110	0.003291814810119141
1111	0.003291814809911557
1112	0.0032918148097098483
1113	0.003291814809509582
1114	0.0032918148093123876
1115	0.0032918148091200788
1116	0.0032918148089287535
1117	0.0032918148087408574
1118	0.0032918148085573197
1119	0.0032918148083754062
1120	0.0032918148081969674
1121	0.0032918148080214762
1122	0.003291814807848332
1123	0.0032918148076784017
1124	0.0032918148075117976
1125	0.0032918148073463973
1126	0.003291814807184208
1127	0.0032918148070245363
1128	0.0032918148068682342
1129	0.0032918148067141535
1130	0.003291814806560988
1131	0.0032918148064126932
1132	0.003291814806266179
1133	0.003291814806120129
1134	0.0032918148059790154
1135	0.003291814805839361
1136	0.003291814805702802
1137	0.0032918148055660484
1138	0.0032918148054331474
1139	0.003291814805302788
1140	0.0032918148051734484
1141	0.003291814805047074
1142	0.003291814804921808
1143	0.0032918148047996532
1144	0.0032918148046788324
1145	0.003291814804559749
1146	0.003291814804443152
1147	0.0032918148043280812
1148	0.003291814804215305
1149	0.003291814804104807
1150	0.0032918148039950746
1151	0.003291814803887596
1152	0.003291814803782047
1153	0.0032918148036789018
1154	0.003291814803576073
1155	0.003291814803475572
1156	0.0032918148033766804
1157	0.0032918148032795402
1158	0.0032918148031836057
1159	0.003291814803089826
1160	0.003291814802997847
1161	0.0032918148029066224
1162	0.0032918148028175673
1163	0.0032918148027292755
1164	0.0032918148026429223
1165	0.003291814802557276
1166	0.0032918148024737052
1167	0.003291814802392463
1168	0.0032918148023113845
1169	0.0032918148022316913
1170	0.0032918148021531266
1171	0.0032918148020765394
1172	0.0032918148020012463
1173	0.00329181480192682
1174	0.0032918148018533083
1175	0.0032918148017821594
1176	0.0032918148017112045
1177	0.0032918148016422284
1178	0.003291814801573438
1179	0.0032918148015074725
1180	0.003291814801440929
1181	0.003291814801377606
1182	0.003291814801312398
1183	0.0032918148012496353
1184	0.003291814801189078
1185	0.0032918148011279705
1186	0.003291814801067602
1187	0.0032918148010085903
1188	0.003291814800951745
1189	0.0032918148008949585
1190	0.003291814800839723
1191	0.00329181480078487
1192	0.003291814800731935
1193	0.003291814800678717
1194	0.003291814800626578
1195	0.0032918148005753305
1196	0.0032918148005254286
1197	0.0032918148004757626
1198	0.0032918148004274844
1199	0.0032918148003801234
1200	0.0032918148003335938
1201	0.003291814800287021
1202	0.0032918148002417037
1203	0.0032918148001984393
1204	0.0032918148001546414
1205	0.003291814800110876
1206	0.003291814800069288
1207	0.0032918148000277243
1208	0.0032918147999872354
1209	0.0032918147999468892
1210	0.0032918147999080843
1211	0.003291814799869797
1212	0.0032918147998314785
1213	0.0032918147997935045
1214	0.0032918147997571625
1215	0.0032918147997212746
1216	0.0032918147996860696
1217	0.0032918147996508743
1218	0.003291814799617338
1219	0.0032918147995829724
1220	0.003291814799550184
1221	0.0032918147995179723
1222	0.003291814799485817
1223	0.003291814799454324
1224	0.0032918147994240067
1225	0.003291814799393969
1226	0.0032918147993641453
1227	0.0032918147993348038
1228	0.0032918147993064723
1229	0.0032918147992788806
1230	0.0032918147992508583
1231	0.0032918147992232866
1232	0.0032918147991967636
1233	0.003291814799170678
1234	0.0032918147991450836
1235	0.003291814799119685
1236	0.003291814799094919
1237	0.0032918147990706552
1238	0.0032918147990462416
1239	0.003291814799022528
1240	0.0032918147989994275
1241	0.003291814798976998
1242	0.0032918147989542245
1243	0.0032918147989329386
1244	0.0032918147989111305
1245	0.0032918147988907935
1246	0.003291814798870097
1247	0.0032918147988490964
1248	0.003291814798829438
1249	0.0032918147988095464
1250	0.003291814798789726
1251	0.0032918147987703967
1252	0.003291814798752334
1253	0.003291814798733289
1254	0.0032918147987162495
1255	0.0032918147986987175
1256	0.003291814798681095
1257	0.0032918147986638843
1258	0.0032918147986486126
1259	0.003291814798630249
1260	0.0032918147986152023
1261	0.003291814798598568
1262	0.003291814798583331
1263	0.0032918147985688344
1264	0.003291814798554271
1265	0.0032918147985386784
1266	0.0032918147985237216
1267	0.0032918147985101314
1268	0.0032918147984958694
1269	0.003291814798482523
1270	0.003291814798469138
1271	0.0032918147984563047
1272	0.003291814798442315
1273	0.003291814798429325
1274	0.003291814798418465
1275	0.003291814798404946
1276	0.0032918147983933906
1277	0.003291814798381674
1278	0.0032918147983695997
1279	0.003291814798359626
1280	0.003291814798347111
1281	0.0032918147983363347
1282	0.003291814798326025
1283	0.0032918147983151125
1284	0.0032918147983043555
1285	0.0032918147982944654
1286	0.003291814798284322
1287	0.003291814798274336
1288	0.003291814798265146
1289	0.0032918147982548955
1290	0.0032918147982464925
1291	0.003291814798238001
1292	0.003291814798229269
1293	0.0032918147982194347
1294	0.003291814798211688
1295	0.003291814798202572
1296	0.0032918147981941654
1297	0.0032918147981865304
1298	0.0032918147981780745
1299	0.003291814798170333
1300	0.0032918147981624043
1301	0.0032918147981559906
1302	0.0032918147981481744
1303	0.003291814798140888
1304	0.0032918147981330524
1305	0.0032918147981264483
1306	0.003291814798120601
1307	0.0032918147981135493
1308	0.0032918147981069812
1309	0.003291814798099183
1310	0.0032918147980935267
1311	0.0032918147980868255
1312	0.0032918147980812917
1313	0.003291814798075262
1314	0.0032918147980692354
1315	0.0032918147980635325
1316	0.003291814798056906
1317	0.0032918147980514935
1318	0.003291814798046184
1319	0.0032918147980411576
1320	0.0032918147980362843
1321	0.003291814798030039
1322	0.0032918147980264805
1323	0.0032918147980210465
1324	0.003291814798015473
1325	0.0032918147980114092
1326	0.003291814798006263
1327	0.003291814798001923
1328	0.0032918147979975666
1329	0.0032918147979926708
1330	0.003291814797988547
1331	0.0032918147979845215
1332	0.003291814797981052
1333	0.0032918147979767425
1334	0.0032918147979729617
1335	0.003291814797968087
1336	0.003291814797963882
1337	0.0032918147979596143
1338	0.003291814797956626
1339	0.0032918147979535575
1340	0.003291814797949489
1341	0.0032918147979459876
1342	0.003291814797943664
1343	0.003291814797939806
1344	0.003291814797935535
1345	0.003291814797932734
1346	0.0032918147979298213
1347	0.0032918147979263904
1348	0.003291814797923801
1349	0.0032918147979198384
1350	0.003291814797918257
1351	0.0032918147979147596
1352	0.0032918147979116193
1353	0.00329181479790885
1354	0.0032918147979070582
1355	0.003291814797902815
1356	0.003291814797901242
1357	0.0032918147978986847
1358	0.0032918147978956832
1359	0.003291814797894054
1360	0.0032918147978911643
1361	0.0032918147978883224
1362	0.0032918147978862975
1363	0.003291814797883787
1364	0.003291814797882817
1365	0.003291814797880063
1366	0.0032918147978780793
1367	0.0032918147978754668
1368	0.003291814797872321
1369	0.003291814797871617
1370	0.003291814797869487
1371	0.0032918147978682893
1372	0.0032918147978653906
1373	0.0032918147978623913
1374	0.003291814797862137
1375	0.0032918147978602532
1376	0.0032918147978593573
1377	0.0032918147978561697
1378	0.00329181479785618
1379	0.00329181479785312
1380	0.0032918147978517305
1381	0.003291814797849397
1382	0.00329181479784832
1383	0.0032918147978471726
1384	0.003291814797844882
1385	0.0032918147978440765
1386	0.0032918147978424957
1387	0.0032918147978406856
1388	0.003291814797839355
1389	0.0032918147978380522
1390	0.003291814797837776
1391	0.0032918147978362932
1392	0.0032918147978343265
1393	0.0032918147978342497
1394	0.003291814797832092
1395	0.0032918147978304594
1396	0.003291814797829746
1397	0.0032918147978286735
1398	0.0032918147978267154
1399	0.003291814797825396
1400	0.003291814797825747
1401	0.0032918147978248107
1402	0.0032918147978228327
1403	0.0032918147978223534
1404	0.0032918147978211226
1405	0.0032918147978199543
1406	0.0032918147978182716
1407	0.0032918147978178926
1408	0.0032918147978179694
1409	0.003291814797816042
1410	0.0032918147978150737
1411	0.0032918147978143217
1412	0.0032918147978132487
1413	0.003291814797812911
1414	0.003291814797811276
1415	0.003291814797810626
1416	0.0032918147978094783
1417	0.0032918147978099857
1418	0.0032918147978085273
1419	0.0032918147978077826
1420	0.003291814797807444
1421	0.003291814797806827
1422	0.003291814797805929
1423	0.003291814797804718
1424	0.0032918147978045747
1425	0.003291814797803787
1426	0.0032918147978034497
1427	0.0032918147978025785
1428	0.003291814797802642
1429	0.003291814797801236
1430	0.003291814797799912
1431	0.0032918147978016877
1432	0.003291814797800519
1433	0.003291814797799896
1434	0.003291814797798406
1435	0.0032918147977974268
1436	0.0032918147977974636
1437	0.0032918147977972724
1438	0.00329181479779734
1439	0.0032918147977967476
1440	0.0032918147977959596
1441	0.0032918147977951118
1442	0.003291814797794792
1443	0.0032918147977938185
1444	0.003291814797793687
1445	0.0032918147977928215
1446	0.003291814797792655
1447	0.0032918147977934924
1448	0.003291814797793535
1449	0.0032918147977923588
1450	0.0032918147977922894
1451	0.003291814797791375
1452	0.003291814797791048
1453	0.00329181479779111
1454	0.0032918147977905026
1455	0.003291814797788971
1456	0.0032918147977902762
1457	0.0032918147977885792
1458	0.0032918147977888837
1459	0.0032918147977887354
1460	0.00329181479778734
1461	0.003291814797787887
1462	0.003291814797787913
1463	0.003291814797787422
1464	0.003291814797787451
1465	0.0032918147977863753
1466	0.003291814797786227
1467	0.003291814797786472
1468	0.0032918147977863037
1469	0.0032918147977865886
1470	0.003291814797785553
1471	0.003291814797784777
1472	0.003291814797784117
1473	0.003291814797784493
1474	0.0032918147977835876
1475	0.003291814797785126
1476	0.0032918147977845065
1477	0.003291814797783286
1478	0.0032918147977838027
1479	0.003291814797783071
1480	0.0032918147977827883
1481	0.0032918147977829596
1482	0.003291814797782554
1483	0.003291814797782087
1484	0.0032918147977822024
1485	0.003291814797782983
1486	0.0032918147977821265
1487	0.003291814797781693
1488	0.0032918147977813563
1489	0.0032918147977818533
1490	0.0032918147977816625
1491	0.0032918147977811832
1492	0.003291814797780551
1493	0.003291814797781779
1494	0.0032918147977805384
1495	0.003291814797780257
1496	0.00329181479778178
1497	0.0032918147977798336
1498	0.0032918147977812175
1499	0.0032918147977807274
1500	0.0032918147977802135
1501	0.003291814797779928
1502	0.0032918147977791363
1503	0.0032918147977789632
1504	0.003291814797779581
1505	0.003291814797779166
1506	0.0032918147977783006
1507	0.003291814797779289
1508	0.003291814797778967
1509	0.0032918147977791645
1510	0.0032918147977791176
1511	0.0032918147977790686
1512	0.003291814797777818
1513	0.003291814797778119
1514	0.0032918147977785963
1515	0.0032918147977802213
1516	0.003291814797777979
1517	0.0032918147977781735
1518	0.0032918147977781995
1519	0.0032918147977786623
1520	0.0032918147977792625
1521	0.003291814797778755
1522	0.0032918147977771574
1523	0.0032918147977780586
1524	0.0032918147977779233
1525	0.0032918147977780646
1526	0.0032918147977780312
1527	0.003291814797777157
1528	0.003291814797777708
1529	0.0032918147977775863
1530	0.003291814797777586
1531	0.0032918147977772172
1532	0.00329181479777624
1533	0.003291814797777532
1534	0.003291814797776884
1535	0.0032918147977765854
1536	0.003291814797776798
1537	0.0032918147977765676
1538	0.0032918147977770438
1539	0.003291814797776947
1540	0.00329181479777693
1541	0.003291814797776118
1542	0.003291814797777103
1543	0.0032918147977763134
1544	0.0032918147977761478
1545	0.0032918147977763455
1546	0.0032918147977762475
1547	0.003291814797776016
1548	0.0032918147977756564
1549	0.003291814797775919
1550	0.003291814797776646
1551	0.003291814797775509
1552	0.0032918147977758247
1553	0.0032918147977763256
1554	0.0032918147977759197
1555	0.003291814797775306
1556	0.0032918147977751867
1557	0.0032918147977757475
1558	0.003291814797775784
1559	0.0032918147977762675
1560	0.0032918147977758824
1561	0.0032918147977762818
1562	0.0032918147977757085
1563	0.0032918147977763833
1564	0.003291814797775641
1565	0.0032918147977759105
1566	0.0032918147977761573
1567	0.0032918147977749612
1568	0.0032918147977749634
1569	0.0032918147977760927
1570	0.003291814797775878
1571	0.003291814797775684
1572	0.0032918147977753867
1573	0.0032918147977752527
1574	0.0032918147977756347
1575	0.003291814797776003
1576	0.0032918147977753346
1577	0.0032918147977749656
1578	0.0032918147977749157
1579	0.0032918147977750124
1580	0.0032918147977757544
1581	0.0032918147977758546
1582	0.003291814797775577
1583	0.003291814797774848
1584	0.0032918147977755796
1585	0.0032918147977753884
1586	0.003291814797775155
1587	0.0032918147977753364
1588	0.0032918147977750905
1589	0.003291814797774833
1590	0.003291814797775806
1591	0.003291814797775073
1592	0.0032918147977746655
1593	0.003291814797774942
1594	0.0032918147977747943
1595	0.00329181479777476
1596	0.0032918147977752652
1597	0.0032918147977744525
1598	0.0032918147977749656
1599	0.0032918147977747474
1600	0.003291814797774543
1601	0.0032918147977750957
1602	0.00329181479777441
1603	0.0032918147977757956
1604	0.0032918147977740436
1605	0.003291814797775013
1606	0.0032918147977745705
1607	0.0032918147977751178
1608	0.0032918147977751555
1609	0.0032918147977747743
1610	0.0032918147977753
1611	0.0032918147977747227
1612	0.0032918147977750735
1613	0.0032918147977746034
1614	0.0032918147977750345
1615	0.003291814797774757
1616	0.003291814797774904
1617	0.003291814797775155
1618	0.003291814797775232
1619	0.003291814797774731
1620	0.0032918147977739516
1621	0.0032918147977744868
1622	0.003291814797775412
1623	0.003291814797775049
1624	0.0032918147977747877
1625	0.0032918147977745557
1626	0.0032918147977738146
1627	0.0032918147977744707
1628	0.0032918147977740596
1629	0.0032918147977754157
1630	0.0032918147977756135
1631	0.0032918147977742582
1632	0.003291814797774299
1633	0.0032918147977737786
1634	0.0032918147977756287
1635	0.0032918147977755064
1636	0.0032918147977750853
1637	0.0032918147977752327
1638	0.0032918147977744794
1639	0.003291814797775107
1640	0.0032918147977738957
1641	0.0032918147977742435
1642	0.0032918147977745744
1643	0.0032918147977735717
1644	0.0032918147977751017
1645	0.0032918147977745085
1646	0.003291814797774726
1647	0.003291814797774638
1648	0.003291814797774505
1649	0.003291814797774847
1650	0.0032918147977749725
1651	0.003291814797774988
1652	0.0032918147977754634
1653	0.003291814797774536
1654	0.0032918147977746746
1655	0.0032918147977738415
1656	0.003291814797773915
1657	0.0032918147977748675
1658	0.0032918147977747704
1659	0.003291814797773883
1660	0.0032918147977746455
1661	0.003291814797774472
1662	0.0032918147977747904
1663	0.0032918147977739017
1664	0.0032918147977756117
1665	0.0032918147977744104
1666	0.0032918147977742326
1667	0.003291814797773982
1668	0.0032918147977742925
1669	0.0032918147977744508
1670	0.0032918147977739334
1671	0.0032918147977745137
1672	0.0032918147977745735
1673	0.0032918147977748185
1674	0.003291814797774801
1675	0.0032918147977747305
1676	0.003291814797775239
1677	0.003291814797774473
1678	0.0032918147977744963
1679	0.003291814797773801
1680	0.003291814797773675
1681	0.003291814797774852
1682	0.003291814797774294
1683	0.003291814797774928
1684	0.0032918147977739915
1685	0.003291814797774438
1686	0.003291814797774477
1687	0.003291814797773723
1688	0.003291814797775029
1689	0.003291814797774466
1690	0.0032918147977745687
1691	0.0032918147977738853
1692	0.003291814797774675
1693	0.003291814797773745
1694	0.0032918147977750167
