0	0.0020496644347436682
1	0.0019249008369927214
2	0.0018364740771251635
3	0.0017695754415756738
4	0.0017174906871704105
5	0.0016758485130203382
6	0.0016417581714680475
7	0.0016134374964148631
8	0.0015895136984898908
9	0.0015685952464350756
10	0.0015494219183508798
11	0.0015312584701248342
12	0.0015139547780007795
13	0.0014976053306295326
14	0.0014821993952445663
15	0.0014675654998276898
16	0.001453564065520722
17	0.0014402427840034026
18	0.0014277953664256372
19	0.0014163998119029247
20	0.0014060867123518255
21	0.001396738063503821
22	0.0013881996019173696
23	0.001380387079030431
24	0.0013732917101855237
25	0.0013669055505289966
26	0.001361157428606132
27	0.001355924921577983
28	0.0013511042281762703
29	0.0013466607679116132
30	0.0013426109940688003
31	0.0013389606550561898
32	0.0013356656749511642
33	0.0013326544370175746
34	0.0013298819264568537
35	0.0013273505274264952
36	0.0013250742559672338
37	0.001323033295075722
38	0.001321176905552078
39	0.0013194683937245754
40	0.001317909763086533
41	0.0013165139410560764
42	0.001315265928023481
43	0.001314128473227429
44	0.0013130816445057984
45	0.0013121346079762882
46	0.0013112929457366554
47	0.001310535239025572
48	0.001309834672455522
49	0.0013091870926806716
50	0.001308599834356927
51	0.0013080635298152211
52	0.0013075559957607759
53	0.0013070692043915492
54	0.0013066103690059635
55	0.0013061779434201388
56	0.001305758452063906
57	0.0013053475624082093
58	0.001304953473315502
59	0.0013045776565129702
60	0.0013042116540546399
61	0.0013038542678222968
62	0.001303512721361138
63	0.0013031868864432498
64	0.0013028702678763457
65	0.0013025636289492894
66	0.0013022714172020292
67	0.001301990621673624
68	0.0013017169236043376
69	0.0013014528847095982
70	0.0013011999898853229
71	0.0013009542253871135
72	0.0013007146696741411
73	0.0013004839702012217
74	0.0013002606961650103
75	0.001300042380848815
76	0.0012998307214750495
77	0.0012996263011433536
78	0.0012994268270941408
79	0.001299232615266282
80	0.0012990449294634381
81	0.001298862243249394
82	0.0012986840105466784
83	0.0012985114714963132
84	0.001298343902196011
85	0.0012981805156273905
86	0.0012980222937855725
87	0.0012978689995413722
88	0.001297719857838919
89	0.001297575556281736
90	0.0012974360523279056
91	0.0012973006424345011
92	0.0012971697398462632
93	0.0012970432860259205
94	0.0012969206497529617
95	0.001296802080187452
96	0.0012966874843570923
97	0.0012965763445545813
98	0.0012964688240919109
99	0.0012963647748509052
100	0.001296263792768162
101	0.001296166005791444
102	0.0012960712345582424
103	0.0012959791947720397
104	0.0012958899852405156
105	0.001295803401107954
106	0.001295719263925052
107	0.001295637633841593
108	0.0012955582969813749
109	0.0012954811566370421
110	0.0012954062147260506
111	0.001295333267981457
112	0.0012952622766965384
113	0.0012951931859784636
114	0.0012951258300660541
115	0.0012950601937144828
116	0.0012949961769204196
117	0.0012949336684258818
118	0.0012948726528568563
119	0.0012948130186908474
120	0.0012947547119652003
121	0.001294697701841528
122	0.0012946418988949
123	0.0012945872881760545
124	0.001294533822292123
125	0.0012944814483688808
126	0.0012944301573367578
127	0.0012943798933753392
128	0.0012943306318338682
129	0.0012942823470003424
130	0.0012942349901209375
131	0.0012941885451118523
132	0.0012941429706288209
133	0.0012940982354770543
134	0.0012940543184381099
135	0.0012940111804937383
136	0.0012939688045201904
137	0.0012939271623222024
138	0.001293886229041767
139	0.001293845989081607
140	0.0012938064151643536
141	0.0012937674928919086
142	0.0012937292016396331
143	0.0012936915218722134
144	0.0012936544398548062
145	0.0012936179345662466
146	0.001293581993004071
147	0.001293546597938623
148	0.0012935117338036485
149	0.0012934773879358444
150	0.0012934435438235947
151	0.0012934101902091757
152	0.0012933773126954553
153	0.0012933448990424148
154	0.0012933129378505225
155	0.0012932814161935758
156	0.0012932503242517972
157	0.001293219650014663
158	0.0012931893837501154
159	0.0012931595152873773
160	0.0012931300345905689
161	0.0012931009330902521
162	0.00129307220096952
163	0.001293043830270025
164	0.0012930158122340019
165	0.0012929881390533568
166	0.001292960803138639
167	0.0012929337969000043
168	0.0012929071137797827
169	0.0012928807467067508
170	0.0012928546897361475
171	0.0012928289366370895
172	0.00129280348186067
173	0.0012927783199733426
174	0.0012927534458096741
175	0.0012927288547397641
176	0.0012927045419932693
177	0.0012926805035493995
178	0.0012926567352640902
179	0.0012926332335396178
180	0.001292609994881135
181	0.0012925870161399908
182	0.0012925642943887568
183	0.001292541826895522
184	0.0012925196112770296
185	0.001292497645148072
186	0.0012924759265659782
187	0.0012924544535692973
188	0.001292433224492207
189	0.0012924122377975889
190	0.0012923914920733612
191	0.0012923709860958716
192	0.00129235071868645
193	0.0012923306888547982
194	0.0012923108956616875
195	0.0012922913383013783
196	0.001292272015959709
197	0.0012922529279905833
198	0.0012922340736885513
199	0.0012922154524669853
200	0.0012921970637184209
201	0.0012921789068537418
202	0.0012921609813291203
203	0.001292143286543057
204	0.001292125821902608
205	0.0012921085867386131
206	0.0012920915804588383
207	0.0012920748023315131
208	0.0012920582516030565
209	0.0012920419274789906
210	0.0012920258290799217
211	0.001292009955504756
212	0.0012919943057329167
213	0.0012919788787123913
214	0.0012919636732689251
215	0.0012919486882160417
216	0.001291933922214453
217	0.001291919373889124
218	0.0012919050417844716
219	0.0012918909243249653
220	0.001291877019901382
221	0.0012918633267626825
222	0.0012918498431372131
223	0.0012918365671464845
224	0.001291823496832521
225	0.0012918106301481721
226	0.0012917979650104426
227	0.0012917854992263338
228	0.0012917732305617775
229	0.001291761156720192
230	0.001291749275286979
231	0.0012917375838908123
232	0.00129172608000256
233	0.0012917147610898355
234	0.0012917036245602826
235	0.0012916926678123953
236	0.0012916818881542691
237	0.0012916712828411054
238	0.0012916608491503473
239	0.0012916505842908504
240	0.0012916404854655733
241	0.0012916305498210494
242	0.0012916207745231204
243	0.0012916111566778081
244	0.0012916016933653654
245	0.0012915923816938957
246	0.0012915832187609126
247	0.0012915742016115536
248	0.0012915653273281094
249	0.0012915565929638578
250	0.0012915479955673788
251	0.0012915395322148856
252	0.001291531199962103
253	0.001291522995883162
254	0.0012915149170174222
255	0.0012915069604801975
256	0.0012914991233436348
257	0.001291491402707044
258	0.0012914837956767755
259	0.0012914762993907409
260	0.001291468910954579
261	0.0012914616275447551
262	0.0012914544463422043
263	0.0012914473645003746
264	0.0012914403792566415
265	0.001291433487809071
266	0.0012914266874057383
267	0.0012914199753112014
268	0.00129141334881966
269	0.0012914068052278724
270	0.001291400341836103
271	0.001291393956048916
272	0.0012913876451856796
273	0.0012913814066875468
274	0.0012913752379540278
275	0.0012913691364387684
276	0.001291363099607796
277	0.0012913571249645935
278	0.0012913512100184625
279	0.0012913453523382317
280	0.0012913395495189898
281	0.0012913337991541287
282	0.0012913280988751073
283	0.001291322446361431
284	0.0012913168393147484
285	0.001291311275474189
286	0.001291305752596787
287	0.0012913002684334343
288	0.001291294820915865
289	0.0012912894078543542
290	0.001291284027145993
291	0.0012912786767484636
292	0.0012912733546699684
293	0.0012912680589172968
294	0.0012912627875246285
295	0.0012912575386259165
296	0.0012912523103961833
297	0.001291247100985511
298	0.0012912419086752488
299	0.0012912367317645908
300	0.0012912315685619119
301	0.0012912264174893312
302	0.0012912212769981125
303	0.0012912161455922331
304	0.0012912110218029173
305	0.0012912059042849147
306	0.001291200791712583
307	0.0012911956828281492
308	0.0012911905763825574
309	0.0012911854712963791
310	0.001291180366486619
311	0.0012911752609493644
312	0.0012911701537422363
313	0.0012911650440175439
314	0.0012911599309431056
315	0.0012911548138205577
316	0.0012911496920056031
317	0.0012911445648899047
318	0.0012911394319688463
319	0.001291134292784046
320	0.0012911291470553306
321	0.001291123994392796
322	0.0012911188346380407
323	0.0012911136676263346
324	0.0012911084932964178
325	0.0012911033116427947
326	0.0012910981227483016
327	0.0012910929267501922
328	0.0012910877238630615
329	0.0012910825143577355
330	0.0012910772986102239
331	0.001291072076995983
332	0.0012910668500250339
333	0.0012910616182402299
334	0.0012910563821695261
335	0.001291051142553994
336	0.0012910459000410092
337	0.0012910406554214624
338	0.0012910354094828875
339	0.00129103016310694
340	0.001291024917167836
341	0.0012910196726072158
342	0.0012910144304138051
343	0.0012910091915892478
344	0.0012910039571665457
345	0.001290998728268063
346	0.001290993505930021
347	0.0012909882913003025
348	0.0012909830855045918
349	0.0012909778897060907
350	0.0012909727050625852
351	0.0012909675327483527
352	0.0012909623739537665
353	0.001290957229859917
354	0.001290952101661454
355	0.001290946990524613
356	0.0012909418976405239
357	0.0012909368241558927
358	0.0012909317712656442
359	0.001290926740097717
360	0.0012909217318085792
361	0.001290916747483373
362	0.0012909117882569227
363	0.001290906855180481
364	0.00129090194931759
365	0.00129089707169539
366	0.001290892223325918
367	0.0012908874051948038
368	0.0012908826182530726
369	0.0012908778633817838
370	0.0012908731415196748
371	0.0012908684535166428
372	0.0012908638001757498
373	0.0012908591822903596
374	0.001290854600664992
375	0.0012908500559914758
376	0.0012908455489785498
377	0.00129084108024241
378	0.0012908366504575692
379	0.0012908322601978886
380	0.0012908279100126198
381	0.0012908236004069988
382	0.001290819331898029
383	0.001290815104924174
384	0.0012908109198765236
385	0.0012908067771875875
386	0.0012908026771952048
387	0.0012907986201900104
388	0.001290794606491481
389	0.001290790636354177
390	0.0012907867099920555
391	0.0012907828276055087
392	0.0012907789893771616
393	0.0012907751954356155
394	0.0012907714458933765
395	0.001290767740827568
396	0.0012907640803121528
397	0.00129076046436994
398	0.0012907568930154909
399	0.0012907533662371217
400	0.0012907498840128285
401	0.0012907464462649945
402	0.001290743052914581
403	0.0012907397038646273
404	0.0012907363990139757
405	0.0012907331382110488
406	0.001290729921290246
407	0.0012907267481031656
408	0.001290723618439738
409	0.001290720532117112
410	0.0012907174888949898
411	0.0012907144885723058
412	0.0012907115308864218
413	0.0012907086155534962
414	0.0012907057423526545
415	0.0012907029109815265
416	0.0012907001211473913
417	0.0012906973725587496
418	0.0012906946648709354
419	0.0012906919978249542
420	0.0012906893710341628
421	0.00129068678423497
422	0.0012906842370208821
423	0.0012906817290904103
424	0.0012906792600555553
425	0.0012906768295822778
426	0.0012906744373225288
427	0.0012906720828631934
428	0.0012906697658432859
429	0.0012906674859274497
430	0.0012906652427026174
431	0.0012906630357962855
432	0.0012906608648291973
433	0.0012906587294027791
434	0.0012906566291573025
435	0.0012906545636810983
436	0.0012906525325910943
437	0.0012906505354814914
438	0.0012906485719800225
439	0.001290646641689783
440	0.0012906447441969843
441	0.0012906428791361812
442	0.0012906410461143295
443	0.0012906392447088804
444	0.0012906374745676158
445	0.0012906357352739423
446	0.0012906340264525577
447	0.0012906323476956738
448	0.001290630698631471
449	0.0012906290788757984
450	0.0012906274880419776
451	0.0012906259257286406
452	0.001290624391604166
453	0.00129062288523645
454	0.0012906214062571191
455	0.0012906199543144899
456	0.0012906185290119366
457	0.0012906171299881552
458	0.0012906157569129652
459	0.001290614409357698
460	0.0012906130869768605
461	0.0012906117894268
462	0.0012906105163570927
463	0.0012906092673691278
464	0.0012906080421449233
465	0.0012906068403221267
466	0.0012906056615815478
467	0.0012906045055265998
468	0.0012906033718464319
469	0.001290602260207193
470	0.001290601170273144
471	0.0012906001016756512
472	0.0012905990541400123
473	0.0012905980272903007
474	0.0012905970208193758
475	0.001290596034430508
476	0.0012905950677775183
477	0.0012905941205450162
478	0.001290593192433803
479	0.0012905922831423432
480	0.0012905913923463958
481	0.001290590519756297
482	0.001290589665069432
483	0.0012905888279775718
484	0.0012905880082080647
485	0.0012905872054700968
486	0.0012905864194487932
487	0.0012905856498952094
488	0.0012905848965107884
489	0.0012905841590208618
490	0.0012905834371605294
491	0.0012905827306543766
492	0.001290582039236665
493	0.0012905813626357032
494	0.0012905807005934328
495	0.0012905800528455159
496	0.00129057941915251
497	0.0012905787992579228
498	0.0012905781928984593
499	0.0012905775998337701
500	0.0012905770198537129
501	0.0012905764526649419
502	0.0012905758980671178
503	0.0012905753558298471
504	0.0012905748257103836
505	0.0012905743074765853
506	0.001290573800927949
507	0.0012905733058152255
508	0.0012905728219330982
509	0.00129057234906072
510	0.0012905718870096113
511	0.0012905714355481376
512	0.0012905709944727659
513	0.0012905705635796831
514	0.0012905701426961104
515	0.001290569731577258
516	0.001290569330056261
517	0.0012905689379674964
518	0.0012905685550677346
519	0.0012905681812058977
520	0.0012905678161784849
521	0.0012905674598432735
522	0.0012905671119886734
523	0.0012905667724631565
524	0.0012905664410921291
525	0.001290566117666291
526	0.0012905658020649204
527	0.0012905654941128123
528	0.0012905651936440743
529	0.0012905649005247985
530	0.0012905646145752441
531	0.0012905643356212794
532	0.0012905640635643954
533	0.0012905637982192262
534	0.0012905635394548018
535	0.001290563287133136
536	0.0012905630410946153
537	0.0012905628012327074
538	0.0012905625673698801
539	0.0012905623393924918
540	0.0012905621172034287
541	0.0012905619006227521
542	0.001290561689556758
543	0.0012905614838554151
544	0.0012905612834358835
545	0.0012905610881515078
546	0.0012905608978794004
547	0.0012905607125162527
548	0.0012905605319589826
549	0.0012905603560686583
550	0.0012905601847833566
551	0.0012905600179500061
552	0.0012905598554936763
553	0.0012905596972935427
554	0.0012905595432574682
555	0.0012905593933084114
556	0.001290559247308639
557	0.001290559105185087
558	0.0012905589668627555
559	0.001290558832225208
560	0.0012905587011906767
561	0.0012905585736701533
562	0.001290558449579699
563	0.0012905583288392887
564	0.0012905582113708403
565	0.0012905580971035156
566	0.0012905579859148284
567	0.0012905578777749668
568	0.00129055777259252
569	0.0012905576702989584
570	0.0012905575707985977
571	0.001290557474070688
572	0.0012905573799843692
573	0.0012905572885164131
574	0.0012905571996019226
575	0.001290557113144007
576	0.0012905570291041504
577	0.001290556947432049
578	0.0012905568680252166
579	0.0012905567908707435
580	0.001290556715888352
581	0.0012905566430159929
582	0.001290556572200195
583	0.0012905565034086136
584	0.001290556436580427
585	0.0012905563716494484
586	0.0012905563085716105
587	0.0012905562473100828
588	0.001290556187798253
589	0.001290556130009861
590	0.0012905560738754043
591	0.0012905560193744428
592	0.0012905559664541605
593	0.0012905559150722962
594	0.0012905558651845703
595	0.0012905558167528427
596	0.0012905557697329834
597	0.0012905557241052199
598	0.0012905556798096219
599	0.0012905556368124744
600	0.001290555595095581
601	0.0012905555545988834
602	0.0012905555153282613
603	0.001290555477196612
604	0.0012905554402154037
605	0.001290555404313868
606	0.0012905553695148676
607	0.001290555335752163
608	0.001290555302989218
609	0.0012905552712104739
610	0.0012905552404009425
611	0.001290555210514259
612	0.0012905551815465045
613	0.001290555153441959
614	0.001290555126201338
615	0.0012905550997875331
616	0.0012905550741726588
617	0.0012905550493412616
618	0.001290555025262558
619	0.0012905550019491209
620	0.0012905549793368067
621	0.0012905549574050018
622	0.0012905549361816565
623	0.0012905549156060243
624	0.001290554895670689
625	0.0012905548763329478
626	0.0012905548576114267
627	0.0012905548394813538
628	0.0012905548218926396
629	0.0012905548048675914
630	0.001290554788386311
631	0.0012905547724074678
632	0.0012905547569533808
633	0.0012905547419576591
634	0.0012905547274499162
635	0.001290554713393731
636	0.0012905546998009906
637	0.0012905546866186644
638	0.0012905546738482872
639	0.0012905546615151386
640	0.0012905546495530678
641	0.0012905546379810352
642	0.0012905546267876172
643	0.0012905546159319068
644	0.001290554605452952
645	0.0012905545952914006
646	0.0012905545854680403
647	0.0012905545759470795
648	0.0012905545667417032
649	0.0012905545578339218
650	0.0012905545492258466
651	0.0012905545408889007
652	0.0012905545328213152
653	0.0012905545250209267
654	0.0012905545174815578
655	0.001290554510179608
656	0.0012905545031194818
657	0.0012905544962958967
658	0.0012905544896899528
659	0.001290554483304747
660	0.001290554477132356
661	0.0012905544711497743
662	0.0012905544653754588
663	0.0012905544598021883
664	0.0012905544544138396
665	0.0012905544491941601
666	0.001290554444137513
667	0.0012905544392787405
668	0.0012905544345662029
669	0.0012905544300256364
670	0.0012905544256052212
671	0.0012905544213626633
672	0.0012905544172546865
673	0.0012905544132860653
674	0.0012905544094523375
675	0.00129055440573993
676	0.001290554402173046
677	0.0012905543987040936
678	0.0012905543953551884
679	0.0012905543921342055
680	0.0012905543890122792
681	0.0012905543859945713
682	0.0012905543830977653
683	0.001290554380285106
684	0.0012905543775690216
685	0.0012905543749468667
686	0.00129055437240263
687	0.0012905543699953444
688	0.0012905543676048567
689	0.001290554365330096
690	0.0012905543631377028
691	0.0012905543610141894
692	0.0012905543589686428
693	0.0012905543569909543
694	0.0012905543550768886
695	0.0012905543532329606
696	0.0012905543514597807
697	0.001290554349738302
698	0.0012905543480867942
699	0.0012905543464830666
700	0.001290554344940742
701	0.0012905543434648659
702	0.001290554342019302
703	0.0012905543406410782
704	0.0012905543393039005
705	0.001290554338015416
706	0.0012905543367705892
707	0.001290554335564627
708	0.0012905543344168926
709	0.0012905543333085227
710	0.0012905543322133566
711	0.0012905543311900552
712	0.0012905543301918727
713	0.0012905543292165591
714	0.0012905543282912418
715	0.0012905543273890787
716	0.0012905543265153124
717	0.0012905543256978168
718	0.0012905543248891047
719	0.0012905543241227512
720	0.0012905543233660526
721	0.0012905543226558707
722	0.001290554321965679
723	0.0012905543212855255
724	0.001290554320642286
725	0.001290554320026672
726	0.0012905543194258674
727	0.0012905543188470672
728	0.0012905543182950684
729	0.0012905543177503935
730	0.0012905543172448365
731	0.0012905543167345886
732	0.0012905543162622488
733	0.0012905543158077983
734	0.001290554315354665
735	0.0012905543149255403
736	0.0012905543145178577
737	0.0012905543141229683
738	0.0012905543137508206
739	0.0012905543133668828
740	0.0012905543130222834
741	0.0012905543126746062
742	0.0012905543123490296
743	0.001290554312035299
744	0.0012905543117315578
745	0.0012905543114274589
746	0.0012905543111475961
747	0.0012905543108917034
748	0.00129055431062434
749	0.0012905543103712812
750	0.0012905543101276145
751	0.001290554309891557
752	0.0012905543096621386
753	0.0012905543094507107
754	0.0012905543092474082
755	0.0012905543090491606
756	0.0012905543088531756
757	0.0012905543086599155
758	0.0012905543084819882
759	0.001290554308301377
760	0.0012905543081465406
761	0.001290554307990082
762	0.001290554307842776
763	0.001290554307684561
764	0.0012905543075523668
765	0.0012905543074159366
766	0.001290554307284439
767	0.0012905543071533646
768	0.0012905543070443122
769	0.001290554306921134
770	0.001290554306812267
771	0.0012905543067121736
772	0.0012905543066004021
773	0.0012905543064985264
774	0.0012905543064064843
775	0.0012905543063125864
776	0.0012905543062246892
777	0.0012905543061481801
778	0.0012905543060704376
779	0.001290554305986724
780	0.0012905543058963301
781	0.001290554305831022
782	0.0012905543057673565
783	0.0012905543057007956
784	0.0012905543056361821
785	0.0012905543055835556
786	0.0012905543055105608
787	0.0012905543054525757
788	0.0012905543053983114
789	0.0012905543053497693
790	0.001290554305302145
791	0.0012905543052509022
792	0.0012905543052087911
793	0.0012905543051530595
794	0.0012905543051124901
795	0.0012905543050739513
796	0.0012905543050254202
797	0.001290554304993856
798	0.00129055430495269
799	0.0012905543049226982
800	0.0012905543048823368
801	0.0012905543048548536
802	0.0012905543048344346
803	0.0012905543048017097
804	0.0012905543047699213
805	0.0012905543047322687
806	0.001290554304710854
807	0.0012905543046981506
808	0.001290554304661367
809	0.001290554304646667
810	0.0012905543046165021
811	0.0012905543045895482
812	0.0012905543045724577
813	0.001290554304547861
814	0.001290554304538732
815	0.0012905543045211416
816	0.0012905543044963153
817	0.0012905543044706969
818	0.0012905543044600969
819	0.0012905543044542285
820	0.001290554304441301
821	0.0012905543044202225
822	0.001290554304405556
823	0.0012905543043946334
824	0.0012905543043784163
825	0.001290554304370127
826	0.0012905543043550758
827	0.001290554304348526
828	0.0012905543043300754
829	0.0012905543043452963
830	0.0012905543043149749
831	0.001290554304303468
832	0.001290554304296369
833	0.0012905543042823382
834	0.0012905543042790164
835	0.0012905543042699287
836	0.0012905543042674077
837	0.0012905543042517613
838	0.0012905543042504076
839	0.0012905543042438538
840	0.001290554304240626
841	0.0012905543042445269
842	0.0012905543042323708
843	0.0012905543042317808
844	0.0012905543042279425
845	0.001290554304211965
846	0.0012905543041993543
847	0.0012905543042026346
848	0.001290554304202806
849	0.001290554304202686
850	0.0012905543041910523
851	0.0012905543041945684
852	0.0012905543041885114
853	0.001290554304168872
854	0.0012905543041660768
855	0.0012905543041656744
856	0.0012905543041642658
857	0.0012905543041618166
858	0.0012905543041567356
859	0.0012905543041483538
860	0.0012905543041726536
861	0.0012905543041555935
862	0.001290554304159197
863	0.001290554304143671
864	0.001290554304144256
865	0.0012905543041538679
866	0.0012905543041436204
867	0.0012905543041374138
868	0.0012905543041429569
869	0.0012905543041338314
870	0.0012905543041286077
871	0.0012905543041313906
872	0.0012905543041353367
873	0.001290554304135752
874	0.001290554304125994
875	0.001290554304129047
876	0.001290554304131116
877	0.0012905543041164722
878	0.0012905543041190845
879	0.001290554304129579
880	0.0012905543041219476
881	0.0012905543041209742
882	0.001290554304117504
883	0.0012905543041295943
884	0.0012905543041189576
885	0.001290554304121622
886	0.0012905543041153804
887	0.0012905543041075267
888	0.0012905543041140093
889	0.0012905543041217466
890	0.0012905543041237236
891	0.0012905543041144701
892	0.001290554304107233
893	0.0012905543041033414
894	0.0012905543041033768
895	0.0012905543041090693
896	0.0012905543041198287
897	0.001290554304107495
898	0.0012905543041059713
899	0.001290554304111204
900	0.0012905543041032705
901	0.0012905543040952218
902	0.001290554304093976
903	0.0012905543041072563
904	0.0012905543041045154
905	0.0012905543041027887
906	0.0012905543041103475
907	0.0012905543041078923
908	0.0012905543041133343
909	0.0012905543041060005
910	0.0012905543041035067
911	0.0012905543040793808
912	0.001290554304101982
913	0.0012905543040953324
914	0.0012905543040958169
915	0.0012905543041025716
916	0.0012905543041005294
917	0.0012905543041033057
918	0.0012905543040958097
919	0.0012905543040930857
920	0.0012905543041049354
921	0.0012905543040958136
922	0.0012905543041018454
923	0.001290554304098779
924	0.0012905543040990955
925	0.0012905543040982032
926	0.0012905543041004947
927	0.0012905543040978924
928	0.0012905543041034162
929	0.0012905543040978092
930	0.0012905543041038172
931	0.001290554304101955
932	0.0012905543041022004
933	0.001290554304083448
934	0.001290554304091781
935	0.0012905543040954341
936	0.0012905543040877614
937	0.0012905543040877163
938	0.0012905543040922687
939	0.0012905543040967722
940	0.0012905543041077437
941	0.0012905543041040097
942	0.001290554304096248
943	0.0012905543040978061
944	0.0012905543040962885
945	0.0012905543040961105
946	0.0012905543040868334
947	0.0012905543040778356
948	0.0012905543040978393
949	0.001290554304099373
950	0.0012905543041087694
951	0.0012905543041005884
952	0.001290554304105285
953	0.0012905543040973519
954	0.0012905543041014061
955	0.0012905543040851414
956	0.0012905543040988266
957	0.0012905543040903043
958	0.0012905543040992692
959	0.001290554304102631
960	0.0012905543040949356
961	0.001290554304097327
962	0.0012905543040927314
963	0.0012905543040941038
964	0.0012905543041033414
965	0.0012905543041076997
966	0.0012905543040949788
967	0.0012905543040975876
968	0.00129055430411317
969	0.00129055430409781
970	0.0012905543041023604
971	0.0012905543040890332
972	0.0012905543040964088
973	0.0012905543041046492
974	0.001290554304098897
975	0.001290554304091684
976	0.0012905543040959736
977	0.001290554304094474
978	0.0012905543040973722
979	0.0012905543041052707
980	0.0012905543040858058
981	0.0012905543040939134
982	0.0012905543040915744
983	0.001290554304092816
984	0.0012905543040875051
985	0.0012905543040939223
986	0.0012905543040928986
987	0.0012905543040931768
988	0.0012905543040905702
989	0.0012905543041003707
990	0.0012905543040984814
991	0.0012905543040927032
992	0.0012905543040993587
993	0.0012905543041063007
994	0.0012905543040934067
995	0.0012905543040949623
996	0.0012905543040919848
997	0.0012905543040960246
998	0.0012905543041042524
