0	0.004378814524776514
1	0.004106439798363516
2	0.003977835597369364
3	0.0037930745081827645
4	0.0036213574558260292
5	0.003511967626681647
6	0.003424609716912412
7	0.0033603004788219496
8	0.003321971749967535
9	0.003290144342912621
10	0.0032648468788407585
11	0.003257849284916442
12	0.003263381372261163
13	0.003269200507383214
14	0.00327532529118365
15	0.0032837151359812115
16	0.003288702663751682
17	0.0032866646375297862
18	0.003282268285305617
19	0.0032793142720017863
20	0.0032756038778981146
21	0.003269564243695535
22	0.003263572365458088
23	0.0032587180199628615
24	0.0032528042496990264
25	0.0032451923712161395
26	0.0032382432997891983
27	0.0032330884660486704
28	0.003228481232920558
29	0.0032240968552659584
30	0.003221066166860776
31	0.0032192675107933152
32	0.003217283064807817
33	0.003214876877044094
34	0.003212876810583794
35	0.003211182837326902
36	0.0032090656954580484
37	0.0032066841216180134
38	0.0032045643230276966
39	0.0032023959673976622
40	0.0031996568432239763
41	0.0031965638353772855
42	0.0031934392924190614
43	0.0031900586336882524
44	0.0031862835440741337
45	0.0031824647605766757
46	0.00317881599929678
47	0.0031751691933741247
48	0.0031715212857078706
49	0.003168114624143877
50	0.003164968626942069
51	0.0031619223118178395
52	0.003159018396160815
53	0.0031563882604160095
54	0.0031539663264013914
55	0.003151654115743755
56	0.003149515866391603
57	0.0031475942389368287
58	0.0031457977955222315
59	0.0031440840457774765
60	0.003142507153202889
61	0.003141058252526069
62	0.0031396720038786444
63	0.00313835702051283
64	0.0031371527550657363
65	0.0031360331404616673
66	0.003134968296602968
67	0.003133983645469264
68	0.00313309028006953
69	0.003132257014411317
70	0.0031314760352876897
71	0.003130764920598927
72	0.0031301119853606348
73	0.0031294925575287872
74	0.0031289087415303698
75	0.0031283632531385877
76	0.0031278364425641617
77	0.0031273166944567133
78	0.0031268096139228244
79	0.0031263105779313106
80	0.0031258075731285502
81	0.0031253027940391313
82	0.003124802061425785
83	0.003124300486298349
84	0.003123795881468316
85	0.0031232946467533544
86	0.003122797819469538
87	0.003122301244108041
88	0.003121806643189895
89	0.003121316894321421
90	0.0031208288821260866
91	0.003120340428564394
92	0.003119853449251953
93	0.003119367147007715
94	0.003118878525440868
95	0.0031183879450241143
96	0.0031178964642192184
97	0.0031174025655274357
98	0.0031169058295050884
99	0.003116407956771729
100	0.003115909206493452
101	0.003115409032494268
102	0.003114908546182335
103	0.0031144087105267546
104	0.0031139090528751147
105	0.003113409690405836
106	0.0031129114261549433
107	0.003112414089446283
108	0.003111917321213929
109	0.0031114216247856387
110	0.0031109272762809663
111	0.0031104340464732398
112	0.003109942258053996
113	0.003109452501171902
114	0.0031089649111628957
115	0.003108479751343517
116	0.003107997683829814
117	0.0031075191225453025
118	0.00310704430568261
119	0.003106573750170924
120	0.0031061079280177263
121	0.0031056470471199074
122	0.003105191427023375
123	0.0031047414884430944
124	0.0031042974677079733
125	0.0031038595937341877
126	0.0031034282387673463
127	0.003103003698219304
128	0.003102586183749727
129	0.003102175997202329
130	0.0031017734284062397
131	0.003101378655190339
132	0.0031009918689284314
133	0.003100613277117085
134	0.0031002429935487463
135	0.0030998810946414324
136	0.0030995276779700633
137	0.003099182786712702
138	0.0030988464095370724
139	0.003098518548634916
140	0.003098199188280712
141	0.0030978882637729475
142	0.0030975857097952225
143	0.0030972914611975973
144	0.0030970054143292123
145	0.0030967274482820895
146	0.0030964574432217036
147	0.0030961952520873613
148	0.0030959407028803123
149	0.003095693622724256
150	0.003095453825845928
151	0.003095221105900589
152	0.003094995255539995
153	0.0030947760664131797
154	0.003094563318052677
155	0.003094356788604233
156	0.0030941562610668953
157	0.0030939615138289465
158	0.0030937723236158596
159	0.0030935884734142054
160	0.0030934097470610706
161	0.0030932359275684294
162	0.0030930668040622805
163	0.0030929021706319467
164	0.003092741823131112
165	0.003092585563801617
166	0.0030924332027682053
167	0.0030922845548155223
168	0.003092139441173674
169	0.0030919976917334903
170	0.0030918591425705363
171	0.0030917236356687024
172	0.0030915910209367986
173	0.003091461154957458
174	0.0030913338998127936
175	0.0030912091245125653
176	0.0030910867047937354
177	0.003090966521804191
178	0.0030908484627780123
179	0.0030907324213874047
180	0.0030906182966383144
181	0.0030905059928582235
182	0.0030903954201386068
183	0.003090286493557128
184	0.0030901791327176565
185	0.0030900732620629673
186	0.003089968810452158
187	0.0030898657105890553
188	0.0030897638991758806
189	0.0030896633167977984
190	0.003089563907425775
191	0.003089465618395177
192	0.003089368400419187
193	0.00308927220719552
194	0.0030891769952301642
195	0.0030890827238574
196	0.0030889893549683163
197	0.0030888968527688254
198	0.003088805183771295
199	0.0030887143166374725
200	0.0030886242219484526
201	0.0030885348721616996
202	0.0030884462415401766
203	0.003088358305970244
204	0.003088271042887423
205	0.0030881844312403896
206	0.003088098451356181
207	0.0030880130848394407
208	0.0030879283145404213
209	0.003087844124460462
210	0.003087760499651694
211	0.003087677426180359
212	0.003087594891071491
213	0.0030875128822209037
214	0.0030874313883603507
215	0.003087350399020642
216	0.003087269904462707
217	0.0030871898956413525
218	0.003087110364172112
219	0.0030870313022872088
220	0.0030869527027854978
221	0.0030868745590128983
222	0.003086796864821984
223	0.0030867196145341435
224	0.003086642802914265
225	0.0030865664251459065
226	0.0030864904767992237
227	0.003086414953808059
228	0.0030863398524493112
229	0.0030862651693207843
230	0.003086190901313659
231	0.003086117045600712
232	0.003086043599611007
233	0.003085970561012836
234	0.0030858979276973545
235	0.00308582569776181
236	0.0030857538694924235
237	0.0030856824413504616
238	0.0030856114119592005
239	0.003085540780088516
240	0.0030854705446441586
241	0.00308540070465435
242	0.003085331259259349
243	0.003085262207698499
244	0.0030851935493020023
245	0.0030851252834779522
246	0.0030850574097045927
247	0.003084989927518984
248	0.003084922836511808
249	0.0030848561363152633
250	0.0030847898265954398
251	0.0030847239070483385
252	0.003084658377388381
253	0.003084593237344749
254	0.003084528486653212
255	0.0030844641250505882
256	0.0030844001522696727
257	0.003084336568031762
258	0.0030842733720453175
259	0.0030842105639959563
260	0.0030841481435470107
261	0.003084086110335079
262	0.003084024463960923
263	0.0030839632039936418
264	0.003083902329961999
265	0.003083841841355254
266	0.0030837817376175294
267	0.0030837220181478392
268	0.0030836626822986577
269	0.0030836037293722196
270	0.003083545158620765
271	0.003083486969246203
272	0.0030834291603970983
273	0.0030833717311709963
274	0.003083314680613134
275	0.0030832580077154413
276	0.0030832017114194284
277	0.003083145790614218
278	0.0030830902441401843
279	0.003083035070787968
280	0.0030829802693011447
281	0.0030829258383758768
282	0.0030828717766673034
283	0.003082818082784481
284	0.0030827647552999693
285	0.0030827117927470127
286	0.003082659193624134
287	0.003082606956397735
288	0.003082555079504302
289	0.003082503561354005
290	0.0030824524003329025
291	0.0030824015948075303
292	0.003082351143125383
293	0.0030823010436215395
294	0.0030822512946182233
295	0.0030822018944312397
296	0.003082152841371504
297	0.0030821041337486363
298	0.0030820557698738914
299	0.003082007748064156
300	0.0030819600666441814
301	0.003081912723949791
302	0.0030818657183307677
303	0.0030818190481536594
304	0.0030817727118053256
305	0.0030817267076938236
306	0.0030816810342519404
307	0.0030816356899386744
308	0.0030815906732428334
309	0.0030815459826828446
310	0.0030815016168097014
311	0.003081457574207616
312	0.003081413853497022
313	0.0030813704533331435
314	0.003081327372408877
315	0.003081284609454478
316	0.0030812421632390834
317	0.0030812000325681163
318	0.0030811582162878857
319	0.0030811167132802205
320	0.003081075522465891
321	0.0030810346428032263
322	0.003080994073284279
323	0.00308095381294015
324	0.003080913860831244
325	0.003080874216053185
326	0.0030808348777326324
327	0.003080795845024174
328	0.0030807571171107967
329	0.0030807186931989623
330	0.0030806805725197817
331	0.0030806427543249807
332	0.003080605237883592
333	0.003080568022482356
334	0.0030805311074188486
335	0.0030804944920038184
336	0.0030804581755538313
337	0.0030804221573928836
338	0.0030803864368459423
339	0.003080351013238195
340	0.0030803158858920343
341	0.003080281054123735
342	0.003080246517241889
343	0.0030802122745430417
344	0.003080178325310865
345	0.0030801446688115378
346	0.003080111304292979
347	0.0030800782309824346
348	0.0030800454480819726
349	0.0030800129547699988
350	0.003079980750194571
351	0.0030799488334746087
352	0.00307991720369733
353	0.0030798858599163197
354	0.0030798548011490155
355	0.0030798240263760143
356	0.0030797935345409115
357	0.003079763324545762
358	0.003079733395253237
359	0.0030797037454835465
360	0.0030796743740155994
361	0.0030796452795842514
362	0.0030796164608803867
363	0.003079587916551497
364	0.003079559645201087
365	0.0030795316453874817
366	0.0030795039156246463
367	0.0030794764543826346
368	0.0030794492600878043
369	0.00307942233112228
370	0.003079395665825162
371	0.003079369262493303
372	0.003079343119382505
373	0.0030793172347070097
374	0.003079291606641664
375	0.0030792662333219327
376	0.003079241112845826
377	0.0030792162432756193
378	0.0030791916226373473
379	0.003079167248923915
380	0.00307914312009548
381	0.00307911923408125
382	0.0030790955887814823
383	0.0030790721820680893
384	0.0030790490117871775
385	0.0030790260757600613
386	0.0030790033717846676
387	0.003078980897639364
388	0.0030789586510809614
389	0.0030789366298500194
390	0.003078914831671383
391	0.0030788932542540875
392	0.003078871895295459
393	0.0030788507524824576
394	0.0030788298234934834
395	0.0030788091059979084
396	0.003078788597660968
397	0.0030787682961430744
398	0.003078748199102949
399	0.0030787283041986586
400	0.0030787086090885776
401	0.0030786891114342923
402	0.003078669808901397
403	0.003078650699159969
404	0.003078631779889305
405	0.0030786130487747455
406	0.0030785945035126374
407	0.003078576141810042
408	0.003078557961386843
409	0.0030785399599765053
410	0.003078522135326555
411	0.0030785044852019118
412	0.0030784870073832142
413	0.0030784696996699443
414	0.003078452559880415
415	0.0030784355858533455
416	0.0030784187754485048
417	0.0030784021265466946
418	0.0030783856370517836
419	0.0030783693048925635
420	0.003078353128018714
421	0.00307833710440794
422	0.0030783212320603694
423	0.0030783055090052047
424	0.003078289933295682
425	0.0030782745030127935
426	0.0030782592162647126
427	0.003078244071187862
428	0.0030782290659455373
429	0.0030782141987317586
430	0.0030781994677659403
431	0.003078184871298748
432	0.0030781704076093958
433	0.003078156075006562
434	0.0030781418718262748
435	0.0030781277964365347
436	0.0030781138472329816
437	0.0030781000226415937
438	0.0030780863211166865
439	0.003078072741143581
440	0.0030780592812346425
441	0.0030780459399328015
442	0.003078032715809215
443	0.003078019607464746
444	0.003078006613528198
445	0.003077993732655976
446	0.0030779809635339073
447	0.003077968304874737
448	0.0030779557554196525
449	0.003077943313936367
450	0.0030779309792195687
451	0.003077918750091226
452	0.0030779066253987042
453	0.0030778946040162297
454	0.0030778826848426527
455	0.003077870866801912
456	0.003077859148843053
457	0.003077847529940423
458	0.0030778360090903062
459	0.0030778245853132396
460	0.0030778132576537317
461	0.0030778020251774007
462	0.003077790886972477
463	0.0030777798421493907
464	0.0030777688898391614
465	0.0030777580291938087
466	0.003077747259385557
467	0.00307773657960595
468	0.0030777259890669086
469	0.0030777154869981484
470	0.003077705072648632
471	0.00307769474528398
472	0.0030776845041883766
473	0.0030776743486632466
474	0.0030776642780250543
475	0.0030776542916068532
476	0.0030776443887586815
477	0.003077634568843345
478	0.0030776248312399577
479	0.003077615175340876
480	0.0030776056005527358
481	0.003077596106295304
482	0.0030775866920005977
483	0.003077577357114981
484	0.003077568101093819
485	0.0030775589234068768
486	0.0030775498235327747
487	0.003077540800963008
488	0.003077531855197214
489	0.003077522985747197
490	0.003077514192131648
491	0.003077505473881078
492	0.0030774968305330953
493	0.0030774882616341915
494	0.00307747976673884
495	0.0030774713454095964
496	0.0030774629972159786
497	0.0030774547217343145
498	0.003077446518548072
499	0.003077438387246305
500	0.003077430327425144
501	0.0030774223386858344
502	0.0030774144206352425
503	0.003077406572884725
504	0.003077398795051191
505	0.0030773910867561206
506	0.0030773834476250424
507	0.0030773758772869595
508	0.003077368375376265
509	0.0030773609415286228
510	0.003077353575384782
511	0.0030773462765885675
512	0.0030773390447847056
513	0.003077331879622919
514	0.0030773247807538077
515	0.003077317747830904
516	0.003077310780508849
517	0.003077303878445619
518	0.0030772970412996647
519	0.0030772902687309827
520	0.003077283560401322
521	0.0030772769159735022
522	0.00307727033511049
523	0.003077263817477518
524	0.0030772573627398515
525	0.0030772509705624266
526	0.0030772446406121118
527	0.0030772383725561573
528	0.003077232166059638
529	0.003077226020790864
530	0.003077219936415953
531	0.0030772139126020426
532	0.003077207949015279
533	0.003077202045322758
534	0.003077196201190159
535	0.0030771904162824673
536	0.0030771846902656187
537	0.0030771790228036515
538	0.0030771734135600316
539	0.0030771678621983904
540	0.003077162368381661
541	0.003077156931770615
542	0.0030771515520267977
543	0.0030771462288102956
544	0.0030771409617802213
545	0.00307713575059432
546	0.0030771305949105114
547	0.003077125494384789
548	0.0030771204486727127
549	0.0030771154574291393
550	0.0030771105203066607
551	0.0030771056369590056
552	0.003077100807036771
553	0.0030770960301904904
554	0.0030770913060693262
555	0.003077086634322451
556	0.0030770820145969496
557	0.00307707744654003
558	0.0030770729297966933
559	0.003077068464012007
560	0.003077064048829519
561	0.003077059683892247
562	0.003077055368842038
563	0.003077051103320492
564	0.003077046886967927
565	0.0030770427194238632
566	0.003077038600327732
567	0.0030770345293170756
568	0.0030770305060296567
569	0.0030770265301028167
570	0.0030770226011720848
571	0.0030770187188744417
572	0.0030770148828443322
573	0.0030770110927164575
574	0.0030770073481261938
575	0.0030770036487062515
576	0.0030769999940914315
577	0.0030769963839151083
578	0.0030769928178103535
579	0.003076989295410205
580	0.0030769858163474904
581	0.003076982380255151
582	0.003076978986766195
583	0.0030769756355133026
584	0.0030769723261293157
585	0.0030769690582476248
586	0.0030769658315014
587	0.0030769626455238
588	0.003076959499949469
589	0.003076956394411476
590	0.0030769533285447707
591	0.0030769503019846753
592	0.0030769473143661182
593	0.003076944365325682
594	0.003076941454499921
595	0.0030769385815249037
596	0.0030769357460402416
597	0.0030769329476841136
598	0.003076930186095784
599	0.0030769274609162792
600	0.0030769247717863154
601	0.0030769221183488886
602	0.003076919500246694
603	0.003076916917124212
604	0.0030769143686272204
605	0.0030769118544021323
606	0.003076909374097059
607	0.0030769069273611886
608	0.0030769045138438643
609	0.0030769021331982617
610	0.0030768997850763305
611	0.0030768974691334754
612	0.0030768951850256004
613	0.0030768929324097158
614	0.0030768907109452633
615	0.003076888520292869
616	0.003076886360114632
617	0.0030768842300744614
618	0.003076882129838744
619	0.003076880059074034
620	0.0030768780174500483
621	0.0030768760046374286
622	0.003076874020309142
623	0.003076872064140231
624	0.003076870135806418
625	0.0030768682349869253
626	0.003076866361362466
627	0.003076864514614765
628	0.003076862694429489
629	0.0030768609004920944
630	0.003076859132491839
631	0.003076857390119278
632	0.0030768556730673413
633	0.00307685398103107
634	0.0030768523137076915
635	0.0030768506707965233
636	0.0030768490519992205
637	0.003076847457019532
638	0.0030768458855633066
639	0.0030768443373391094
640	0.0030768428120575677
641	0.0030768413094313662
642	0.0030768398291758084
643	0.0030768383710084706
644	0.003076836934649021
645	0.003076835519819201
646	0.0030768341262445674
647	0.003076832753651157
648	0.0030768314017685953
649	0.003076830070328323
650	0.003076828759064468
651	0.0030768274677136173
652	0.0030768261960143067
653	0.003076824943707618
654	0.003076823710537261
655	0.003076822496249404
656	0.0030768213005923743
657	0.0030768201233169145
658	0.0030768189641764204
659	0.0030768178229263273
660	0.0030768166993252804
661	0.0030768155931332284
662	0.0030768145041128324
663	0.0030768134320296246
664	0.0030768123766523442
665	0.00307681133774963
666	0.003076810315094468
667	0.003076809308462212
668	0.0030768083176289664
669	0.0030768073423760017
670	0.0030768063824843004
671	0.003076805437738084
672	0.003076804507924266
673	0.0030768035928330625
674	0.003076802692253528
675	0.0030768018059825273
676	0.003076800933813683
677	0.0030768000755460323
678	0.0030767992309805245
679	0.0030767983999198173
680	0.0030767975821699477
681	0.0030767967775377665
682	0.003076795985833022
683	0.0030767952068680208
684	0.0030767944404568722
685	0.0030767936864165243
686	0.0030767929445648947
687	0.0030767922147231642
688	0.0030767914967141843
689	0.003076790790364113
690	0.0030767900954990603
691	0.0030767894119490924
692	0.003076788739545581
693	0.0030767880781228975
694	0.0030767874275158913
695	0.003076786787563198
696	0.0030767861581042664
697	0.0030767855389813572
698	0.00307678493003802
699	0.0030767843311211916
700	0.003076783742077304
701	0.003076783162757677
702	0.0030767825930137953
703	0.003076782032699046
704	0.0030767814816702035
705	0.00307678093978378
706	0.003076780406900256
707	0.0030767798828810144
708	0.0030767793675885438
709	0.0030767788608888095
710	0.0030767783626486516
711	0.0030767778727362827
712	0.0030767773910228583
713	0.003076776917380333
714	0.003076776451682778
715	0.003076775993806482
716	0.003076775543628533
717	0.0030767751010276796
718	0.0030767746658854236
719	0.0030767742380841895
720	0.0030767738175084256
721	0.0030767734040433536
722	0.00307677299757677
723	0.0030767725979978155
724	0.0030767722051967873
725	0.003076771819065727
726	0.003076771439498795
727	0.0030767710663913653
728	0.0030767706996392427
729	0.0030767703391414067
730	0.003076769984797247
731	0.003076769636507519
732	0.0030767692941760373
733	0.0030767689577052685
734	0.003076768627001461
735	0.0030767683019712147
736	0.0030767679825228042
737	0.0030767676685657507
738	0.003076767360010701
739	0.003076767056769877
740	0.0030767667587568376
741	0.0030767664658863285
742	0.0030767661780741287
743	0.0030767658952376414
744	0.0030767656172956247
745	0.003076765344167646
746	0.0030767650757749904
747	0.003076764812039003
748	0.0030767645528832896
749	0.0030767642982330724
750	0.003076764048013568
751	0.0030767638021514296
752	0.003076763560574439
753	0.0030767633232118494
754	0.003076763089994036
755	0.003076762860850872
756	0.003076762635716197
757	0.003076762414522126
758	0.003076762197204049
759	0.003076761983696852
760	0.0030767617739357192
761	0.003076761567859727
762	0.003076761365406049
763	0.003076761166514594
764	0.0030767609711246525
765	0.003076760779178658
766	0.003076760590617238
767	0.0030767604053840696
768	0.003076760223423583
769	0.003076760044680068
770	0.0030767598690990576
771	0.0030767596966270712
772	0.003076759527211306
773	0.0030767593608002955
774	0.003076759197343115
775	0.003076759036789343
776	0.0030767588790891406
777	0.003076758724194756
778	0.003076758572057999
779	0.0030767584226316005
780	0.003076758275870181
781	0.0030767581317272495
782	0.003076757990158477
783	0.0030767578511190557
784	0.0030767577145670976
785	0.0030767575804583006
786	0.0030767574487512877
787	0.003076757319405516
788	0.0030767571923795006
789	0.003076757067633408
790	0.0030767569451279715
791	0.0030767568248248655
792	0.0030767567066857502
793	0.003076756590673218
794	0.0030767564767503765
795	0.0030767563648815754
796	0.0030767562550303718
797	0.0030767561471620767
798	0.003076756041242964
799	0.0030767559372377076
800	0.0030767558351143223
801	0.0030767557348395417
802	0.003076755636380812
803	0.0030767555397077334
804	0.0030767554447871646
805	0.0030767553515902457
806	0.003076755260086058
807	0.003076755170244786
808	0.0030767550820376684
809	0.003076754995435914
810	0.0030767549104112196
811	0.003076754826936613
812	0.0030767547449840685
813	0.003076754664526905
814	0.0030767545855389464
815	0.003076754507994563
816	0.003076754431868162
817	0.0030767543571343006
818	0.0030767542837687634
819	0.003076754211746996
820	0.0030767541410460396
821	0.0030767540716417916
822	0.0030767540035116833
823	0.0030767539366327694
824	0.0030767538709834904
825	0.003076753806540879
826	0.0030767537432841888
827	0.003076753681192806
828	0.0030767536202452967
829	0.0030767535604214954
830	0.0030767535017012177
831	0.00307675344406498
832	0.003076753387493395
833	0.0030767533319680665
834	0.0030767532774688853
835	0.00307675322397824
836	0.0030767531714783343
837	0.0030767531199511573
838	0.003076753069379568
839	0.0030767530197458827
840	0.003076752971033161
841	0.0030767529232257817
842	0.003076752876307038
843	0.0030767528302601656
844	0.003076752785070404
845	0.003076752740722124
846	0.0030767526971996607
847	0.0030767526544888367
848	0.0030767526125744377
849	0.003076752571442708
850	0.003076752531078909
851	0.003076752491469317
852	0.003076752452600111
853	0.0030767524144579943
854	0.003076752377029538
855	0.003076752340302342
856	0.0030767523042637213
857	0.0030767522689004925
858	0.0030767522342007676
859	0.0030767522001525632
860	0.0030767521667433126
861	0.0030767521339629036
862	0.003076752101798682
863	0.003076752070239496
864	0.003076752039274003
865	0.0030767520088921816
866	0.0030767519790830225
867	0.003076751949836034
868	0.0030767519211407557
869	0.0030767518929871785
870	0.0030767518653657534
871	0.0030767518382659935
872	0.0030767518116789944
873	0.0030767517855952537
874	0.003076751760005036
875	0.0030767517348996784
876	0.0030767517102700255
877	0.0030767516861071207
878	0.003076751662403252
879	0.00307675163914944
880	0.0030767516163368717
881	0.003076751593958347
882	0.003076751572005024
883	0.0030767515504695007
884	0.0030767515293440824
885	0.0030767515086206334
886	0.0030767514882925756
887	0.003076751468351812
888	0.003076751448791761
889	0.0030767514296050225
890	0.003076751410784634
891	0.0030767513923234675
892	0.003076751374215928
893	0.0030767513564547
894	0.003076751339033015
895	0.0030767513219452135
896	0.0030767513051847663
897	0.003076751288745956
898	0.0030767512726215564
899	0.0030767512568072378
900	0.0030767512412963162
901	0.00307675122608351
902	0.0030767512111631538
903	0.003076751196529547
904	0.003076751182177654
905	0.0030767511681021086
906	0.003076751154297392
907	0.003076751140758563
908	0.0030767511274814694
909	0.0030767511144599853
910	0.003076751101689545
911	0.0030767510891664012
912	0.0030767510768843946
913	0.003076751064840459
914	0.003076751053029136
915	0.0030767510414467574
916	0.003076751030088009
917	0.0030767510189493082
918	0.0030767510080269445
919	0.0030767509973160852
920	0.0030767509868130194
921	0.003076750976513901
922	0.003076750966414341
923	0.003076750956511344
924	0.0030767509468007854
925	0.0030767509372789936
926	0.0030767509279426676
927	0.003076750918787876
928	0.0030767509098113457
929	0.0030767509010100075
930	0.00307675089237974
931	0.0030767508839183127
932	0.003076750875621617
933	0.0030767508674873247
934	0.0030767508595118606
935	0.0030767508516920303
936	0.003076750844024813
937	0.0030767508365083197
938	0.003076750829138557
939	0.0030767508219130373
940	0.0030767508148290762
941	0.0030767508078837075
942	0.0030767508010752084
943	0.0030767507943997873
944	0.0030767507878556354
945	0.0030767507814399297
946	0.0030767507751502613
947	0.0030767507689841954
948	0.003076750762938927
949	0.0030767507570133657
950	0.0030767507512038514
951	0.003076750745509363
952	0.0030767507399265415
953	0.003076750734453618
954	0.0030767507290890687
955	0.003076750723830195
956	0.0030767507186753923
957	0.0030767507136219997
958	0.0030767507086691304
959	0.0030767507038135518
960	0.0030767506990540218
961	0.00307675069438867
962	0.0030767506898160026
963	0.0030767506853335526
964	0.0030767506809404603
965	0.0030767506766334694
966	0.0030767506724126478
967	0.003076750668275713
968	0.0030767506642204534
969	0.0030767506602459565
970	0.003076750656350118
971	0.003076750652532085
972	0.003076750648789724
973	0.003076750645121969
974	0.0030767506415272754
975	0.003076750638003618
976	0.0030767506345510892
977	0.003076750631166638
978	0.003076750627850344
979	0.003076750624599504
980	0.003076750621414
981	0.0030767506182920335
982	0.0030767506152323005
983	0.0030767506122334367
984	0.003076750609295577
985	0.0030767506064154895
986	0.003076750603593188
987	0.0030767506008276407
988	0.003076750598117358
989	0.0030767505954616987
990	0.0030767505928591763
991	0.0030767505903084307
992	0.003076750587808966
993	0.003076750585359965
994	0.0030767505829600427
995	0.0030767505806082803
996	0.00307675057830409
997	0.0030767505760456644
998	0.003076750573833023
999	0.003076750571665336
1000	0.003076750569540697
1001	0.0030767505674594436
1002	0.0030767505654195476
1003	0.003076750563421019
1004	0.003076750561462756
1005	0.003076750559543904
1006	0.003076750557664292
1007	0.0030767505558216383
1008	0.0030767505540172514
1009	0.0030767505522488942
1010	0.003076750550516376
1011	0.0030767505488188446
1012	0.003076750547156045
1013	0.003076750545526088
1014	0.0030767505439300365
1015	0.0030767505423659335
1016	0.0030767505408336396
1017	0.003076750539332645
1018	0.003076750537861752
1019	0.003076750536420896
1020	0.0030767505350091503
1021	0.003076750533626104
1022	0.0030767505322715784
1023	0.0030767505309439907
1024	0.003076750529643949
1025	0.003076750528370001
1026	0.003076750527122378
1027	0.003076750525900266
1028	0.0030767505247023094
1029	0.003076750523529536
1030	0.0030767505223803313
1031	0.0030767505212547213
1032	0.0030767505201521805
1033	0.003076750519071824
1034	0.0030767505180137626
1035	0.0030767505169773486
1036	0.0030767505159622426
1037	0.003076750514967563
1038	0.0030767505139937274
1039	0.00307675051303988
1040	0.0030767505121048386
1041	0.0030767505111893474
1042	0.0030767505102928102
1043	0.003076750509414617
1044	0.0030767505085540574
1045	0.0030767505077112667
1046	0.0030767505068862596
1047	0.0030767505060780883
1048	0.0030767505052861095
1049	0.003076750504511115
1050	0.003076750503751383
1051	0.003076750503007911
1052	0.003076750502279288
1053	0.003076750501565861
1054	0.003076750500866759
1055	0.0030767505001827655
1056	0.003076750499512388
1057	0.0030767504988560676
1058	0.0030767504982131917
1059	0.003076750497583507
1060	0.003076750496966899
1061	0.003076750496363153
1062	0.003076750495771908
1063	0.003076750495192678
1064	0.0030767504946257644
1065	0.003076750494070496
1066	0.003076750493526565
1067	0.003076750492993962
1068	0.003076750492472688
1069	0.0030767504919618108
1070	0.00307675049146147
1071	0.003076750490971944
1072	0.0030767504904924492
1073	0.00307675049002296
1074	0.0030767504895631717
1075	0.0030767504891128596
1076	0.003076750488671803
1077	0.0030767504882401645
1078	0.003076750487817326
1079	0.0030767504874035854
1080	0.0030767504869983085
1081	0.003076750486601521
1082	0.003076750486213101
1083	0.0030767504858326697
1084	0.003076750485460064
1085	0.0030767504850957063
1086	0.0030767504847383875
1087	0.0030767504843888975
1088	0.0030767504840461756
1089	0.0030767504837109776
1090	0.0030767504833833573
1091	0.0030767504830617565
1092	0.0030767504827473244
1093	0.0030767504824394656
1094	0.0030767504821382096
1095	0.0030767504818428465
1096	0.0030767504815538854
1097	0.0030767504812710764
1098	0.003076750480994454
1099	0.0030767504807231267
1100	0.003076750480457822
1101	0.0030767504801979006
1102	0.0030767504799437614
1103	0.0030767504796946968
1104	0.0030767504794508667
1105	0.003076750479212275
1106	0.0030767504789787547
1107	0.00307675047875006
1108	0.003076750478526237
1109	0.003076750478306897
1110	0.00307675047809247
1111	0.003076750477882547
1112	0.003076750477677185
1113	0.0030767504774758094
1114	0.0030767504772794708
1115	0.003076750477086354
1116	0.0030767504768977215
1117	0.003076750476713185
1118	0.003076750476532342
1119	0.0030767504763557396
1120	0.0030767504761823926
1121	0.0030767504760126014
1122	0.0030767504758469413
1123	0.003076750475684992
1124	0.0030767504755255665
1125	0.003076750475370081
1126	0.003076750475217831
1127	0.0030767504750691082
1128	0.003076750474923324
1129	0.00307675047478049
1130	0.00307675047464095
1131	0.0030767504745043573
1132	0.00307675047437052
1133	0.0030767504742394607
1134	0.003076750474111499
1135	0.003076750473986289
1136	0.003076750473863064
1137	0.0030767504737435262
1138	0.0030767504736258413
1139	0.0030767504735112233
1140	0.0030767504733986064
1141	0.003076750473288425
1142	0.0030767504731807837
1143	0.0030767504730753415
1144	0.0030767504729719676
1145	0.003076750472871102
1146	0.0030767504727722216
1147	0.003076750472675754
1148	0.0030767504725812975
1149	0.003076750472488664
1150	0.003076750472398075
1151	0.0030767504723093557
1152	0.0030767504722228806
1153	0.003076750472137948
1154	0.00307675047205511
1155	0.003076750471973543
1156	0.003076750471894263
1157	0.0030767504718165178
1158	0.003076750471740548
1159	0.003076750471665813
1160	0.0030767504715932936
1161	0.0030767504715219765
1162	0.003076750471452175
1163	0.003076750471383884
1164	0.003076750471316984
1165	0.003076750471252069
1166	0.003076750471188032
1167	0.00307675047112588
1168	0.003076750471064459
1169	0.0030767504710050323
1170	0.0030767504709463054
1171	0.0030767504708890045
1172	0.0030767504708332947
1173	0.0030767504707783647
1174	0.0030767504707249044
1175	0.003076750470672726
1176	0.003076750470621338
1177	0.0030767504705711116
1178	0.0030767504705218563
1179	0.0030767504704741974
1180	0.0030767504704272766
1181	0.003076750470381296
1182	0.0030767504703365115
1183	0.0030767504702925103
1184	0.0030767504702496904
1185	0.0030767504702075223
1186	0.0030767504701665516
1187	0.0030767504701260454
1188	0.0030767504700870635
1189	0.0030767504700485154
1190	0.0030767504700111334
1191	0.0030767504699740263
1192	0.003076750469937964
1193	0.0030767504699028433
1194	0.0030767504698687416
1195	0.003076750469835244
1196	0.0030767504698020606
1197	0.003076750469769983
1198	0.003076750469738243
1199	0.003076750469707356
1200	0.003076750469677457
1201	0.0030767504696482093
1202	0.0030767504696194194
1203	0.003076750469591003
1204	0.0030767504695637837
1205	0.003076750469536948
1206	0.003076750469510674
1207	0.0030767504694851305
1208	0.0030767504694598205
1209	0.0030767504694349727
1210	0.0030767504694108687
1211	0.003076750469387414
1212	0.003076750469364342
1213	0.0030767504693420726
1214	0.003076750469320003
1215	0.0030767504692986117
1216	0.003076750469277291
1217	0.003076750469256786
1218	0.0030767504692367927
1219	0.003076750469217215
1220	0.0030767504691979943
1221	0.0030767504691792285
1222	0.0030767504691608842
1223	0.0030767504691429203
1224	0.0030767504691254005
1225	0.0030767504691079015
1226	0.0030767504690914025
1227	0.0030767504690746433
1228	0.0030767504690589562
1229	0.003076750469043245
1230	0.003076750469027595
1231	0.0030767504690127137
1232	0.0030767504689980904
1233	0.003076750468983899
1234	0.0030767504689699072
1235	0.003076750468956155
1236	0.003076750468942805
1237	0.0030767504689300012
1238	0.0030767504689170754
1239	0.0030767504689040766
1240	0.0030767504688923586
1241	0.003076750468880564
1242	0.0030767504688687126
1243	0.0030767504688570977
1244	0.003076750468846084
1245	0.003076750468835046
1246	0.003076750468824804
1247	0.0030767504688141286
1248	0.003076750468803971
1249	0.0030767504687939477
1250	0.003076750468784229
1251	0.003076750468775062
1252	0.003076750468765585
1253	0.0030767504687567782
1254	0.0030767504687474047
1255	0.0030767504687391513
1256	0.0030767504687305423
1257	0.0030767504687222737
1258	0.0030767504687144887
1259	0.0030767504687064877
1260	0.0030767504686983705
1261	0.0030767504686908514
1262	0.0030767504686834944
1263	0.0030767504686764193
1264	0.0030767504686697996
1265	0.0030767504686624652
1266	0.003076750468655832
1267	0.003076750468649507
1268	0.003076750468643111
1269	0.0030767504686368247
1270	0.00307675046863041
1271	0.003076750468624671
1272	0.003076750468618809
1273	0.00307675046861333
1274	0.0030767504686073756
1275	0.0030767504686019733
1276	0.003076750468596685
1277	0.003076750468591689
1278	0.003076750468586522
1279	0.003076750468581472
1280	0.0030767504685765184
1281	0.003076750468571637
1282	0.0030767504685675438
1283	0.0030767504685627932
1284	0.00307675046855807
1285	0.0030767504685539205
1286	0.003076750468549677
1287	0.003076750468545767
1288	0.0030767504685417623
1289	0.003076750468537724
1290	0.0030767504685341417
1291	0.0030767504685303166
1292	0.0030767504685265097
1293	0.0030767504685230663
1294	0.0030767504685194976
1295	0.003076750468516169
1296	0.0030767504685129043
1297	0.0030767504685095194
1298	0.0030767504685060842
1299	0.0030767504685033104
1300	0.0030767504685003974
1301	0.0030767504684971964
1302	0.0030767504684941745
1303	0.003076750468491452
1304	0.0030767504684888294
1305	0.003076750468486051
1306	0.003076750468483363
1307	0.0030767504684811567
1308	0.0030767504684783686
1309	0.003076750468475635
1310	0.003076750468473535
1311	0.0030767504684710866
1312	0.0030767504684688827
1313	0.0030767504684665855
1314	0.0030767504684644084
1315	0.003076750468462409
1316	0.0030767504684603994
1317	0.0030767504684583746
1318	0.003076750468456422
1319	0.00307675046845444
1320	0.0030767504684525325
1321	0.003076750468450619
1322	0.003076750468448878
1323	0.0030767504684472598
1324	0.003076750468445523
1325	0.003076750468443824
1326	0.003076750468442431
1327	0.0030767504684402727
1328	0.003076750468439067
1329	0.0030767504684375197
1330	0.0030767504684362686
1331	0.0030767504684342762
1332	0.003076750468433169
1333	0.003076750468431498
1334	0.0030767504684303454
1335	0.0030767504684292004
1336	0.003076750468428093
1337	0.0030767504684266725
1338	0.003076750468425562
1339	0.0030767504684239555
1340	0.0030767504684229216
1341	0.0030767504684219528
1342	0.0030767504684207766
1343	0.003076750468419684
1344	0.003076750468418813
1345	0.0030767504684177708
1346	0.0030767504684167755
1347	0.003076750468415844
1348	0.003076750468414593
1349	0.0030767504684137497
1350	0.003076750468412847
1351	0.003076750468412006
1352	0.003076750468411082
1353	0.0030767504684103483
1354	0.003076750468409317
1355	0.0030767504684086552
1356	0.0030767504684077957
1357	0.003076750468407251
1358	0.0030767504684064036
1359	0.003076750468405765
1360	0.0030767504684050184
1361	0.003076750468404204
1362	0.003076750468403639
1363	0.0030767504684029974
1364	0.00307675046840236
1365	0.003076750468401589
1366	0.00307675046840096
1367	0.0030767504684006924
1368	0.0030767504683997587
1369	0.0030767504683990687
1370	0.0030767504683985587
1371	0.0030767504683982113
1372	0.003076750468397514
1373	0.0030767504683971354
1374	0.003076750468396499
1375	0.003076750468396134
1376	0.0030767504683956847
1377	0.0030767504683952263
1378	0.0030767504683945424
1379	0.003076750468394142
1380	0.0030767504683937657
1381	0.0030767504683935623
1382	0.003076750468392752
1383	0.0030767504683925392
1384	0.003076750468392041
1385	0.0030767504683920544
1386	0.0030767504683911935
1387	0.003076750468391159
1388	0.0030767504683907806
1389	0.0030767504683904736
1390	0.0030767504683900894
1391	0.0030767504683896396
1392	0.0030767504683896743
1393	0.003076750468389022
1394	0.0030767504683889314
1395	0.0030767504683885155
1396	0.0030767504683882115
1397	0.003076750468387977
1398	0.0030767504683876
1399	0.0030767504683877228
1400	0.003076750468387176
1401	0.003076750468386682
1402	0.0030767504683864976
1403	0.00307675046838613
1404	0.0030767504683858215
1405	0.0030767504683857643
1406	0.0030767504683855374
1407	0.00307675046838541
1408	0.0030767504683854975
1409	0.0030767504683851385
1410	0.0030767504683843713
1411	0.003076750468384415
1412	0.0030767504683846536
1413	0.003076750468384103
1414	0.0030767504683838582
1415	0.003076750468383827
1416	0.0030767504683835846
1417	0.003076750468383316
1418	0.0030767504683833257
1419	0.003076750468383427
1420	0.0030767504683830637
1421	0.0030767504683829466
1422	0.0030767504683826066
1423	0.0030767504683825936
1424	0.003076750468382505
1425	0.0030767504683821708
1426	0.0030767504683820507
1427	0.0030767504683818256
1428	0.0030767504683820216
1429	0.0030767504683816486
1430	0.003076750468381676
1431	0.0030767504683816495
1432	0.0030767504683814986
1433	0.0030767504683812817
1434	0.003076750468381055
1435	0.00307675046838097
1436	0.0030767504683813112
1437	0.0030767504683809344
1438	0.0030767504683806533
1439	0.0030767504683804673
1440	0.0030767504683806794
1441	0.0030767504683802144
1442	0.003076750468380184
1443	0.0030767504683800423
1444	0.0030767504683801433
1445	0.0030767504683800783
1446	0.003076750468380003
1447	0.0030767504683800015
1448	0.0030767504683798072
1449	0.003076750468379538
1450	0.003076750468379988
1451	0.00307675046837972
1452	0.003076750468379524
1453	0.003076750468379665
1454	0.0030767504683794273
1455	0.0030767504683790964
1456	0.0030767504683793185
1457	0.003076750468379144
1458	0.0030767504683791402
1459	0.003076750468379342
1460	0.0030767504683791263
1461	0.0030767504683790366
1462	0.0030767504683786185
1463	0.003076750468378976
1464	0.003076750468379006
1465	0.003076750468378705
1466	0.0030767504683788466
1467	0.0030767504683786723
1468	0.0030767504683786684
1469	0.0030767504683789095
1470	0.003076750468378718
1471	0.0030767504683787998
1472	0.0030767504683789264
1473	0.0030767504683786814
1474	0.003076750468378409
1475	0.0030767504683783206
1476	0.0030767504683785764
1477	0.003076750468378531
1478	0.003076750468378563
1479	0.003076750468378073
1480	0.003076750468377994
1481	0.0030767504683781523
1482	0.003076750468378299
1483	0.0030767504683780495
1484	0.0030767504683781783
1485	0.0030767504683779333
1486	0.003076750468378033
1487	0.003076750468378147
1488	0.003076750468377948
1489	0.0030767504683782395
1490	0.0030767504683779593
1491	0.0030767504683780283
1492	0.003076750468377858
1493	0.0030767504683782134
1494	0.003076750468377722
1495	0.0030767504683777507
1496	0.003076750468377735
1497	0.0030767504683778374
1498	0.003076750468377673
1499	0.0030767504683777702
1500	0.0030767504683776857
1501	0.0030767504683776844
1502	0.003076750468377784
1503	0.0030767504683777915
1504	0.003076750468377895
1505	0.003076750468377671
1506	0.0030767504683775282
1507	0.0030767504683775265
1508	0.003076750468377701
1509	0.0030767504683773157
1510	0.0030767504683776054
1511	0.0030767504683775226
1512	0.00307675046837774
1513	0.0030767504683777026
1514	0.003076750468377603
1515	0.003076750468377575
1516	0.0030767504683775404
1517	0.003076750468377646
1518	0.003076750468377437
1519	0.0030767504683774996
1520	0.0030767504683776427
1521	0.0030767504683777373
1522	0.0030767504683774406
1523	0.003076750468377694
1524	0.003076750468377761
1525	0.003076750468377286
1526	0.003076750468377694
1527	0.0030767504683775794
1528	0.003076750468377452
1529	0.0030767504683773456
1530	0.0030767504683772164
1531	0.003076750468377081
1532	0.0030767504683772515
1533	0.0030767504683772134
1534	0.003076750468377143
1535	0.00307675046837764
1536	0.0030767504683774922
1537	0.0030767504683772455
1538	0.0030767504683774684
1539	0.0030767504683775083
1540	0.003076750468377269
1541	0.00307675046837715
1542	0.0030767504683774376
1543	0.003076750468377327
1544	0.0030767504683772255
1545	0.0030767504683775933
1546	0.0030767504683773695
1547	0.0030767504683770763
1548	0.003076750468377332
1549	0.003076750468377331
1550	0.0030767504683775516
1551	0.003076750468377039
1552	0.0030767504683771787
1553	0.0030767504683776492
1554	0.0030767504683771024
1555	0.003076750468377151
1556	0.003076750468377439
1557	0.003076750468377169
1558	0.0030767504683775217
1559	0.0030767504683771696
1560	0.0030767504683773955
1561	0.003076750468377216
1562	0.0030767504683773925
1563	0.0030767504683774276
1564	0.0030767504683770815
1565	0.0030767504683770993
1566	0.0030767504683770486
1567	0.0030767504683773244
1568	0.003076750468377182
1569	0.003076750468376968
1570	0.0030767504683772455
1571	0.00307675046837737
1572	0.003076750468376946
1573	0.0030767504683770347
1574	0.003076750468377248
1575	0.003076750468377144
1576	0.0030767504683769506
1577	0.0030767504683771566
1578	0.003076750468377133
1579	0.003076750468377363
1580	0.0030767504683770056
1581	0.003076750468377051
1582	0.0030767504683773487
1583	0.0030767504683770174
1584	0.0030767504683772194
1585	0.0030767504683770182
1586	0.003076750468377287
1587	0.003076750468377222
1588	0.0030767504683771154
1589	0.0030767504683772186
1590	0.003076750468377299
1591	0.003076750468377332
1592	0.0030767504683770325
1593	0.0030767504683774883
1594	0.003076750468377098
1595	0.0030767504683771357
1596	0.003076750468377062
1597	0.003076750468377239
1598	0.003076750468377181
1599	0.0030767504683771522
1600	0.003076750468377209
1601	0.003076750468377279
1602	0.003076750468377015
1603	0.003076750468377185
1604	0.0030767504683771934
1605	0.003076750468377317
1606	0.0030767504683771097
1607	0.003076750468377326
1608	0.0030767504683771848
1609	0.0030767504683772364
1610	0.0030767504683771986
1611	0.003076750468376864
1612	0.003076750468377045
1613	0.003076750468377056
1614	0.0030767504683771683
1615	0.003076750468377394
1616	0.003076750468377131
1617	0.0030767504683772437
1618	0.0030767504683770915
1619	0.003076750468377065
1620	0.003076750468377426
1621	0.0030767504683772862
1622	0.00307675046837725
1623	0.0030767504683773365
1624	0.003076750468377459
1625	0.0030767504683770286
1626	0.003076750468377341
1627	0.003076750468377138
1628	0.0030767504683769744
1629	0.0030767504683770494
1630	0.0030767504683768153
1631	0.0030767504683771483
1632	0.0030767504683770724
1633	0.0030767504683769788
1634	0.003076750468377032
1635	0.0030767504683771227
1636	0.003076750468377181
1637	0.003076750468377072
1638	0.0030767504683770026
1639	0.0030767504683771522
1640	0.0030767504683770408
1641	0.003076750468377059
1642	0.0030767504683768703
1643	0.00307675046837715
1644	0.0030767504683770724
1645	0.0030767504683767524
1646	0.0030767504683769163
1647	0.0030767504683769753
1648	0.003076750468377067
1649	0.0030767504683771184
1650	0.003076750468377268
1651	0.003076750468377285
1652	0.0030767504683771253
1653	0.0030767504683771696
1654	0.00307675046837694
1655	0.00307675046837696
1656	0.0030767504683772663
1657	0.0030767504683771934
1658	0.003076750468377282
1659	0.00307675046837687
1660	0.003076750468376914
1661	0.0030767504683770256
1662	0.003076750468376812
1663	0.003076750468377102
1664	0.003076750468377093
1665	0.0030767504683768864
1666	0.0030767504683771383
1667	0.0030767504683769766
1668	0.003076750468377302
1669	0.0030767504683772767
1670	0.00307675046837699
1671	0.0030767504683771427
1672	0.003076750468377241
1673	0.003076750468377262
1674	0.0030767504683769323
1675	0.0030767504683770672
1676	0.003076750468376889
1677	0.003076750468377241
1678	0.003076750468377156
1679	0.0030767504683771076
1680	0.003076750468377027
1681	0.0030767504683769766
1682	0.0030767504683768114
1683	0.00307675046837706
1684	0.003076750468377444
1685	0.003076750468376908
1686	0.003076750468377245
1687	0.003076750468377161
1688	0.0030767504683768526
1689	0.0030767504683771466
1690	0.0030767504683772355
1691	0.0030767504683771865
1692	0.003076750468377019
1693	0.003076750468377001
1694	0.00307675046837721
1695	0.0030767504683771834
1696	0.0030767504683771258
