<Coefficient>
	 5 Total number of radial orbitals.
	Type	L	Zeta-Orbital
	  P 	0	    1
	  -0.25052672610054
	  -0.31688871617491
	  -0.10956367032452
	   0.07433086118087
	   0.14825520579527
	   0.14753985711296
	   0.11128464945707
	   0.07200910111207
	   0.03680433984105
	   0.01742973934569
	   0.00412397529817
	   0.00248367740703
	  -0.00168257978598
	   0.00183786372490
	  -0.00219104709835
	   0.00247588487148
	  -0.00292703122495
	   0.00369423571450
	  -0.00727246639745
	Type	L	Zeta-Orbital
	  P 	0	    2
	   0.69608265803563
	  -0.24970745721836
	  -0.34616293847321
	   0.21463103151097
	   0.59097428668552
	   0.55230249713738
	   0.40459253105078
	   0.24884479058474
	   0.15879445847105
	   0.04597317614729
	   0.02902353180729
	  -0.01795291969852
	   0.02275775387143
	  -0.02479207992023
	   0.02580413646140
	  -0.03289749377049
	   0.04114353675473
	  -0.04823418876450
	   0.09487820152144
	Type	L	Zeta-Orbital
	  P 	1	    1
	   0.34850255819499
	   0.40462083568136
	   0.29407423577874
	   0.13836931236265
	   0.05354373041465
	  -0.00346333448108
	  -0.00933952662883
	  -0.02142769983836
	  -0.00391612062475
	  -0.00985893317285
	   0.00785368333750
	  -0.00540990771072
	   0.01088637513264
	  -0.00801006859543
	   0.01139969587106
	  -0.01183575372692
	   0.01396215469200
	  -0.01665310053900
	   0.06643585157281
	Type	L	Zeta-Orbital
	  P 	1	    2
	  -1.26389590680811
	  -0.38987119690829
	   0.36068350616457
	   0.12793541145498
	   0.01906324535813
	  -0.04698328803452
	   0.01945315559741
	  -0.01381831376281
	  -0.01814663229257
	  -0.01005455120295
	  -0.01274470456009
	   0.00044237583374
	  -0.02696220409746
	   0.00331666532349
	  -0.03334935060845
	   0.01438622312665
	  -0.03573311255356
	   0.03339474189326
	  -0.15059118183710
	Type	L	Zeta-Orbital
	  P 	2	    1
	   0.53671523647090
	   1.08914716750785
	   1.14872233864724
	   0.93530240506680
	   0.64772333153775
	   0.48782357563630
	   0.39864991691647
	   0.32145299996062
	   0.24480406671516
	   0.18960275495267
	   0.15139534430736
	   0.11672344754232
	   0.08663286240511
	   0.05655784432295
	   0.03869150659472
	   0.02324175748163
	   0.01324843889096
	   0.00515784793940
	   0.02422832420314
</Coefficient>
<Mkb>
Left spillage = 1.0378470037e-02
</Mkb>
