  0.000000   -0.20427202341366    1.75894899676926    0.00000000000000    0.00000000000000    0.00000000000000  
  0.010000   -0.20438593593438    1.75834007419830   -0.01654603835886   -0.02360752431518   -0.00005027141313  
  0.020000   -0.20472752398563    1.75651415449591   -0.03308002301339   -0.04720127395680   -0.00020141377831  
  0.030000   -0.20529633927504    1.75347377976850   -0.04958992403923   -0.07076746566454   -0.00045440800626  
  0.040000   -0.20609163544939    1.74922318044989   -0.06606375897070   -0.09429229920357   -0.00081087742374  
  0.050000   -0.20711236929468    1.74376826570957   -0.08248961627767   -0.11776194937337   -0.00127307059568  
  0.060000   -0.20835720241411    1.73711661007075   -0.09885567854139   -0.14116255860638   -0.00184383749288  
  0.070000   -0.20982450338182    1.72927743628500   -0.11515024523199   -0.16448023034511   -0.00252659921948  
  0.080000   -0.21151235036964    1.72026159452246   -0.13136175499317   -0.18770102337849   -0.00332531157249  
  0.090000   -0.21341853424353    1.71008153794967   -0.14747880734266   -0.21081094730996   -0.00424442276097  
  0.100000   -0.21554056212559    1.69875129477911   -0.16349018370109   -0.23379595931906   -0.00528882566522  
  0.110000   -0.21787566141702    1.68628643688620   -0.17938486766633   -0.25664196236651   -0.00646380506503  
  0.120000   -0.22042078427668    1.67270404510124   -0.19515206445506   -0.27933480497942   -0.00777498031172  
  0.130000   -0.22317261254914    1.65802267129418   -0.21078121943926   -0.30186028273877   -0.00922824395932  
  0.140000   -0.22612756313557    1.64226229738054   -0.22626203571068   -0.32420414157532   -0.01082969690685  
  0.150000   -0.22928179379992    1.62544429138648   -0.24158449061315   -0.34635208296356   -0.01258558063479  
  0.160000   -0.23263120940224    1.60759136071986   -0.25673885118883   -0.36828977108550   -0.01450220714527  
  0.170000   -0.23617146855014    1.58872750280238   -0.27171568849171   -0.39000284201773   -0.01658588723598  
  0.180000   -0.23989799065872    1.56887795322560   -0.28650589072878   -0.41147691497630   -0.01884285775290  
  0.190000   -0.24380596340832    1.54806913160013   -0.30110067519668   -0.43269760563436   -0.02127920847643  
  0.200000   -0.24789035058892    1.52632858527343   -0.31549159898913   -0.45365054150826   -0.02390080929852  
  0.210000   -0.25214590031892    1.50368493109676   -0.32967056845804   -0.47432137938771   -0.02671323834648  
  0.220000   -0.25656715362540    1.48016779542619   -0.34362984741881   -0.49469582476622   -0.02972171170026  
  0.230000   -0.26114845337201    1.45580775254598   -0.35736206409785   -0.51475965320886   -0.03293101533653  
  0.240000   -0.26588395351990    1.43063626170533   -0.37086021682782   -0.53449873357493   -0.03634543991267  
  0.250000   -0.27076762870609    1.40468560296141   -0.38411767850335   -0.55389905299561   -0.03996871897907  
  0.260000   -0.27579328412305    1.37798881202235   -0.39712819981711   -0.57294674348831   -0.04380397117750  
  0.270000   -0.28095456568226    1.35057961428426   -0.40988591130277   -0.59162811007331   -0.04785364694814  
  0.280000   -0.28624497044372    1.32249235825529   -0.42238532421821   -0.60992966024246   -0.05211948022805  
  0.290000   -0.29165785729258    1.29376194855885   -0.43462133030790   -0.62783813461514   -0.05660244557959  
  0.300000   -0.29718645784334    1.26442377870517   -0.44658920048974   -0.64534053860384   -0.06130272113947  
  0.310000   -0.30282388755111    1.23451366381798   -0.45828458251637   -0.66242417489969   -0.06621965772765  
  0.320000   -0.30856315700874    1.20406777349901   -0.46970349766597   -0.67907667657806   -0.07135175440111  
  0.330000   -0.31439718340810    1.17312256500876   -0.48084233652198   -0.69528604061592   -0.07669664068083  
  0.340000   -0.32031880214277    1.14171471693695   -0.49169785390453   -0.71104066160553   -0.08225106562141  
  0.350000   -0.32632077852898    1.10988106353029   -0.50226716301983   -0.72632936544367   -0.08801089383324  
  0.360000   -0.33239581962103    1.07765852983927   -0.51254772889626   -0.74114144277245   -0.09397110850565  
  0.370000   -0.33853658609685    1.04508406783857   -0.52253736117777   -0.75546668194589   -0.10012582141882  
  0.380000   -0.34473570418878    1.01219459366891   -0.53223420634675   -0.76929540129654   -0.10646828987097  
  0.390000   -0.35098577763442    0.97902692614019   -0.54163673944926   -0.78261848047866   -0.11299094038737  
  0.400000   -0.35727939962184    0.94561772662808   -0.55074375539550   -0.79542739066795   -0.11968539901897  
  0.410000   -0.36360916470341    0.91200344048783   -0.55955435990835   -0.80771422340356   -0.12654252798134  
  0.420000   -0.36996768065196    0.87822024010037   -0.56806796019142   -0.81947171786528   -0.13355246833024  
  0.430000   -0.37634758023318    0.84430396965733   -0.57628425538678   -0.83069328638780   -0.14070468831839  
  0.440000   -0.38274153286795    0.81029009178251   -0.58420322689044   -0.84137303802431   -0.14798803702945  
  0.450000   -0.38914225615829    0.77621363607813   -0.59182512859074   -0.85150579998388   -0.15539080284081  
  0.460000   -0.39554252725095    0.74210914967570   -0.59915047709224   -0.86108713678035   -0.16290077622596  
  0.470000   -0.40193519401268    0.70801064986146   -0.60618004198365   -0.87011336694518   -0.17050531637139  
  0.480000   -0.40831318599154    0.67395157883813   -0.61291483620483   -0.87858157717256   -0.17819142105139  
  0.490000   -0.41466952513925    0.63996476067519   -0.61935610656349   -0.88648963378192   -0.18594579917807  
  0.500000   -0.42099733626969    0.60608236049131   -0.62550532444727   -0.89383619140091   -0.19375494542283  
  0.510000   -0.42728985722975    0.57233584590407   -0.63136417677275   -0.90062069879026   -0.20160521628979  
  0.520000   -0.43354044875878    0.53875595077343   -0.63693455720695   -0.90684340175105   -0.20948290701208  
  0.530000   -0.43974260401446    0.50537264125743   -0.64221855769239   -0.91250534307471   -0.21737432863685  
  0.540000   -0.44588995774294    0.47221508419074   -0.64721846030082   -0.91760835951565   -0.22526588466665  
  0.550000   -0.45197629507287    0.43931161778903   -0.65193672943569   -0.92215507578641   -0.23314414663130  
  0.560000   -0.45799555991325    0.40668972467505   -0.65637600439755   -0.92614889559529   -0.24099592797683  
  0.570000   -0.46394186293683    0.37437600721532   -0.66053909232159   -0.92959398976594   -0.24880835567573  
  0.580000   -0.46980948913144    0.34239616515012   -0.66442896149064   -0.93249528149783   -0.25656893898563  
  0.590000   -0.47559290490339    0.31077497549319   -0.66804873502222   -0.93485842884529   -0.26426563481142  
  0.600000   -0.48128676471799    0.27953627467197   -0.67140168492288   -0.93668980451109   -0.27188690915842  
  0.610000   -0.48688591726411    0.24870294287431   -0.67449122649826   -0.93799647306770   -0.27942179420086  
  0.620000   -0.49238541113085    0.21829689056230   -0.67732091310298   -0.93878616573599   -0.28685994053132  
  0.630000   -0.49778049998604    0.18833904711007   -0.67989443120989   -0.93906725286627   -0.29419166420084  
  0.640000   -0.50306664724798    0.15884935151814   -0.68221559577465   -0.93884871428105   -0.30140798820752  
  0.650000   -0.50823953024314    0.12984674515366   -0.68428834586779   -0.93814010765139   -0.30850067814193  
  0.660000   -0.51329504384471    0.10134916646282   -0.68611674054355   -0.93695153509060   -0.31546227175009  
  0.670000   -0.51822930358794    0.07337354759894   -0.68770495491189   -0.93529360815882   -0.32228610223002  
  0.680000   -0.52303864826046    0.04593581290786   -0.68905727637802   -0.93317741148065   -0.32896631513316  
  0.690000   -0.52771964196711    0.01905087921004   -0.69017810101192   -0.93061446518496   -0.33549787879892  
  0.700000   -0.53226907567065   -0.00726734218240   -0.69107193000906   -0.92761668638116   -0.34187658830762  
  0.710000   -0.53668396821153   -0.03300594177658   -0.69174336620289   -0.92419634989008   -0.34809906299356  
  0.720000   -0.54096156681122   -0.05815300660158   -0.69219711058900   -0.92036604844934   -0.35416273761593  
  0.730000   -0.54509934706572   -0.08269761336700   -0.69243795882158   -0.91613865261367   -0.36006584734015  
  0.740000   -0.54909501243713   -0.10662982014183   -0.69247079764296   -0.91152727056904   -0.36580740673456  
  0.750000   -0.55294649325291   -0.12994065661792   -0.69230060120852   -0.90654520807670   -0.37138718303872  
  0.760000   -0.55665194522394   -0.15262211302193   -0.69193242727055   -0.90120592875857   -0.37680566400696  
  0.770000   -0.56020974749406   -0.17466712773936   -0.69137141318707   -0.89552301492943   -0.38206402067597  
  0.780000   -0.56361850023497   -0.19606957371330   -0.69062277172357   -0.88951012917369   -0.38716406544663  
  0.790000   -0.56687702180210   -0.21682424367989   -0.68969178661894   -0.88318097685584   -0.39210820590769  
  0.800000   -0.56998434546780   -0.23692683430139   -0.68858380788958   -0.87654926974328   -0.39689939486243  
  0.810000   -0.57293971575003   -0.25637392925679   -0.68730424684958   -0.86962869090880   -0.40154107704823  
  0.820000   -0.57574258435521   -0.27516298134853   -0.68585857082837   -0.86243286106788   -0.40603713306348  
  0.830000   -0.57839260575536   -0.29329229368295   -0.68425229757135   -0.85497530649197   -0.41039182103558  
  0.840000   -0.58088963242036   -0.31076099998064   -0.68249098931309   -0.84726942862516   -0.41460971657808  
  0.850000   -0.58323370972711   -0.32756904407178   -0.68058024651746   -0.83932847551637   -0.41869565159468  
  0.860000   -0.58542507056786   -0.34371715863012   -0.67852570128292   -0.83116551516366   -0.42265465249173  
  0.870000   -0.58746412968088   -0.35920684319820   -0.67633301041627   -0.82279341085139   -0.42649187835993  
  0.880000   -0.58935147772697   -0.37404034155517   -0.67400784818243   -0.81422479854451   -0.43021255968010  
  0.890000   -0.59108787513571   -0.38822061847756   -0.67155589874255   -0.80547206638783   -0.43382193809649  
  0.900000   -0.59267424574567   -0.40175133594200   -0.66898284829698   -0.79654733634179   -0.43732520778559  
  0.910000   -0.59411167026301   -0.41463682881838   -0.66629437695419   -0.78746244796964   -0.44072745892729  
  0.920000   -0.59540137956289   -0.42688208010065   -0.66349615035092   -0.77822894437514   -0.44403362376070  
  0.930000   -0.59654474785811   -0.43849269572190   -0.66059381105253   -0.76885806027387   -0.44724842567728  
  0.940000   -0.59754328575925   -0.44947487899958   -0.65759296976674   -0.75936071216628   -0.45037633177091  
  0.950000   -0.59839863325032   -0.45983540475624   -0.65449919640703   -0.74974749056599   -0.45342150922801  
  0.960000   -0.59911255260357   -0.46958159316037   -0.65131801104519   -0.74002865422293   -0.45638778590063  
  0.970000   -0.59968692125675   -0.47872128333199   -0.64805487479559   -0.73021412626818   -0.45927861536301  
  0.980000   -0.60012372467532   -0.48726280675679   -0.64471518067575   -0.72031349219505   -0.46209704670692  
  0.990000   -0.60042504922190   -0.49521496055279   -0.64130424449023   -0.71033599958033   -0.46484569928434  
  1.000000   -0.60059307505397   -0.50258698063313   -0.63782729578614   -0.70029055943943   -0.46752674255719  
  1.010000   -0.60063006907070   -0.50938851480851   -0.63428946893005   -0.69018574910077   -0.47014188116487  
  1.020000   -0.60053837792828   -0.51562959587272   -0.63069579435658   -0.68002981647700   -0.47269234526995  
  1.030000   -0.60032042114268   -0.52132061471492   -0.62705119003939   -0.66983068560480   -0.47517888619248  
  1.040000   -0.59997868429751   -0.52647229350182   -0.62336045323496   -0.65959596331985   -0.47760177729357  
  1.050000   -0.59951571237372   -0.53109565897366   -0.61962825254912   -0.64933294693007   -0.47996082002029  
  1.060000   -0.59893410321672   -0.53520201589712   -0.61585912037492   -0.63904863274816   -0.48225535497596  
  1.070000   -0.59823650115550   -0.53880292071895   -0.61205744574913   -0.62874972534329   -0.48448427783474  
  1.080000   -0.59742559078701   -0.54191015546365   -0.60822746767250   -0.61844264737236   -0.48664605987512  
  1.090000   -0.59650409093798   -0.54453570191864   -0.60437326893659   -0.60813354985279   -0.48873877286636  
  1.100000   -0.59547474881517   -0.54669171615012   -0.60049877049721   -0.59782832274177   -0.49076011800336  
  1.110000   -0.59434033435379   -0.54839050339257   -0.59660772643120   -0.58753260569085   -0.49270745855089  
  1.120000   -0.59310363477260   -0.54964449335463   -0.59270371950997   -0.57725179884991   -0.49457785582618  
  1.130000   -0.59176744934307   -0.55046621598346   -0.58879015741906   -0.56699107360086   -0.49636810812193  
  1.140000   -0.59033458437873   -0.55086827772926   -0.58487026964929   -0.55675538310840   -0.49807479214771  
  1.150000   -0.58880784844963   -0.55086333835084   -0.58094710508029   -0.54654947258341   -0.49969430654871  
  1.160000   -0.58719004782578   -0.55046408830228   -0.57702353027289   -0.53637788916306   -0.50122291704581  
  1.170000   -0.58548398215223   -0.54968322673985   -0.57310222848191   -0.52624499132156   -0.50265680273041  
  1.180000   -0.58369244035730   -0.54853344018684   -0.56918569939628   -0.51615495773515   -0.50399210304154  
  1.190000   -0.58181819679466   -0.54702738189306   -0.56527625960815   -0.50611179553579   -0.50522496495153  
  1.200000   -0.57986400761867   -0.54517765192385   -0.56137604380790   -0.49611934789857   -0.50635158988950  
  1.210000   -0.57783260739154   -0.54299677801200   -0.55748700669681   -0.48618130091915   -0.50736827993962  
  1.220000   -0.57572670592008   -0.54049719720391   -0.55361092560429   -0.47630118974875   -0.50827148286316  
  1.230000   -0.57354898531887   -0.53769123832955   -0.54974940379169   -0.46648240396527   -0.50905783550928  
  1.240000   -0.57130209729567   -0.53459110532311   -0.54590387441988   -0.45672819217044   -0.50972420519990  
  1.250000   -0.56898866065477   -0.53120886141935   -0.54207560515343   -0.44704166581374   -0.51026772869783  
  1.260000   -0.56661125901248   -0.52755641424763   -0.53826570336967   -0.43742580225430   -0.51068584839480  
  1.270000   -0.56417243871926   -0.52364550184328   -0.53447512193694   -0.42788344708245   -0.51097634538673  
  1.280000   -0.56167470698155   -0.51948767959279   -0.53070466552239   -0.41841731573189   -0.51113736913720  
  1.290000   -0.55912053017683   -0.51509430812652   -0.52695499738636   -0.40902999442276   -0.51116746346616  
  1.300000   -0.55651233235412   -0.51047654216951   -0.52322664661713   -0.39972394048421   -0.51106558863934  
  1.310000   -0.55385249391255   -0.50564532035761   -0.51952001575680   -0.39050148211250   -0.51083113937385  
  1.320000   -0.55114335044996   -0.50061135602308   -0.51583538876724   -0.38136481762779   -0.51046395861713  
  1.330000   -0.54838719177328   -0.49538512895025   -0.51217293928240   -0.37231601429828   -0.50996434699874  
  1.340000   -0.54558626106255   -0.48997687809857   -0.50853273909208   -0.36335700680555   -0.50933306789772  
  1.350000   -0.54274275418007   -0.48439659528689   -0.50491476680125   -0.35448959542904   -0.50857134811162  
  1.360000   -0.53985881911636   -0.47865401982930   -0.50131891660792   -0.34571544403033   -0.50768087415580  
  1.370000   -0.53693655556447   -0.47275863410967   -0.49774500714269   -0.33703607792017   -0.50666378426451  
  1.380000   -0.53397801461439   -0.46671966007823   -0.49419279031326   -0.32845288169201   -0.50552265620607  
  1.390000   -0.53098519855934   -0.46054605665069   -0.49066196009769   -0.31996709710582   -0.50426049106431  
  1.400000   -0.52796006080593   -0.45424651798669   -0.48715216123153   -0.31157982110496   -0.50288069317648  
  1.410000   -0.52490450588039   -0.44782947262159   -0.48366299773543   -0.30329200404690   -0.50138704645338  
  1.420000   -0.52182038952331   -0.44130308342228   -0.48019404123150   -0.29510444822546   -0.49978368734068  
  1.430000   -0.51870951886551   -0.43467524833502   -0.47674483899958   -0.28701780675870   -0.49807507471111  
  1.440000   -0.51557365267819   -0.42795360189047   -0.47331492172672   -0.27903258291168   -0.49626595700383  
  1.450000   -0.51241450169058   -0.42114551742864   -0.46990381090662   -0.27114912991779   -0.49436133695207  
  1.460000   -0.50923372896884   -0.41425811000395   -0.46651102584889   -0.26336765135641   -0.49236643425985  
  1.470000   -0.50603295035012   -0.40729823992870   -0.46313609026183   -0.25568820213756   -0.49028664660581  
  1.480000   -0.50281373492637   -0.40027251691125   -0.45977853837621   -0.24811069013687   -0.48812750936494  
  1.490000   -0.49957760557257   -0.39318730474343   -0.45643792058168   -0.24063487851640   -0.48589465444775  
  1.500000   -0.49632603951446   -0.38604872649062   -0.45311380855168   -0.23326038875824   -0.48359376866196  
  1.510000   -0.49306046893154   -0.37886267013643   -0.44980579983732   -0.22598670442973   -0.48123055200215  
  1.520000   -0.48978228159102   -0.37163479463338   -0.44651352191498   -0.21881317568970   -0.47881067627045  
  1.530000   -0.48649282150914   -0.36437053631025   -0.44323663567721   -0.21173902453674   -0.47633974442403  
  1.540000   -0.48319338963643   -0.35707511558637   -0.43997483836100   -0.20476335079127   -0.47382325103472  
  1.550000   -0.47988524456398   -0.34975354394347   -0.43672786591209   -0.19788513879434   -0.47126654423161  
  1.560000   -0.47656960324788   -0.34241063110556   -0.43349549478853   -0.19110326479746   -0.46867478947981  
  1.570000   -0.47324764174957   -0.33505099237811   -0.43027754321130   -0.18441650500932   -0.46605293552711  
  1.580000   -0.46992049599002   -0.32767905609872   -0.42707387187378   -0.17782354425700   -0.46340568282621  
  1.590000   -0.46658926251576   -0.32029907115227   -0.42388438412634   -0.17132298521189   -0.46073745471335  
  1.600000   -0.46325499927535   -0.31291511450524   -0.42070902565606   -0.16491335812312   -0.45805237159419  
  1.610000   -0.45991872640486   -0.30553109871522   -0.41754778368534   -0.15859313099489   -0.45535422835645  
  1.620000   -0.45658142702118   -0.29815077937381   -0.41440068571656   -0.15236072013817   -0.45264647519497  
  1.630000   -0.45324404802214   -0.29077776244284   -0.41126779785322   -0.14621450102195   -0.44993220199965  
  1.640000   -0.44990750089272   -0.28341551144636   -0.40814922273067   -0.14015281934493   -0.44721412642071  
  1.650000   -0.44657266251644   -0.27606735448336   -0.40504509709201   -0.13417400224479   -0.44449458568805  
  1.660000   -0.44324037599148   -0.26873649102852   -0.40195558904721   -0.12827636955944   -0.44177553222432  
  1.670000   -0.43991145145080   -0.26142599849156   -0.39888089505470   -0.12245824505284   -0.43905853305348  
  1.680000   -0.43658666688592   -0.25413883850821   -0.39582123666664   -0.11671796751684   -0.43634477296928  
  1.690000   -0.43326676897372   -0.24687786293926   -0.39277685707972   -0.11105390166039   -0.43363506139137  
  1.700000   -0.42995247390592   -0.23964581955691   -0.38974801753410   -0.10546444869844   -0.43092984280116  
  1.710000   -0.42664446822066   -0.23244535740113   -0.38673499360334   -0.09994805655425   -0.42822921061519  
  1.720000   -0.42334340963579   -0.22527903179179   -0.38373807141785   -0.09450322959171   -0.42553292432111  
  1.730000   -0.42004992788312   -0.21814930898543   -0.38075754386411   -0.08912853779733   -0.42284042967091  
  1.740000   -0.41676462554329   -0.21105857046918   -0.37779370680078   -0.08382262533615   -0.42015088169746  
  1.750000   -0.41348807888033   -0.20400911688693   -0.37484685533157   -0.07858421841054   -0.41746317029495  
  1.760000   -0.41022083867540   -0.19700317159645   -0.37191728017336   -0.07341213235666   -0.41477594808042  
  1.770000   -0.40696343105866   -0.19004288385908   -0.36900526415576   -0.06830527791983   -0.41208766023397  
  1.780000   -0.40371635833861   -0.18313033166628   -0.36611107888645   -0.06326266665686   -0.40939657599796  
  1.790000   -0.40048009982763   -0.17626752421065   -0.36323498161382   -0.05828341542104   -0.40670082150229  
  1.800000   -0.39725511266291   -0.16945640401114   -0.36037721231600   -0.05336674989347   -0.40399841357241  
  1.810000   -0.39404183262144   -0.16269884870524   -0.35753799104209   -0.04851200713254   -0.40128729417020  
  1.820000   -0.39084067492785   -0.15599667252277   -0.35471751552853   -0.04371863712232   -0.39856536511463  
  1.830000   -0.38765203505382   -0.14935162745845   -0.35191595910997   -0.03898620330921   -0.39583052272945  
  1.840000   -0.38447628950764   -0.14276540416208   -0.34913346894096   -0.03431438212532   -0.39308069206902  
  1.850000   -0.38131379661258   -0.13623963256710   -0.34637016454075   -0.02970296150595   -0.39031386038069  
  1.860000   -0.37816489727239   -0.12977588227965   -0.34362613667048   -0.02515183841759   -0.38752810947277  
  1.870000   -0.37502991572268   -0.12337566275159   -0.34090144654793   -0.02066101542161   -0.38472164667072  
  1.880000   -0.37190916026647   -0.11704042326192   -0.33819612540186   -0.01623059630731   -0.38189283406142  
  1.890000   -0.36880292399234   -0.11077155273202   -0.33551017436417   -0.01186078083662   -0.37904021574465  
  1.900000   -0.36571148547393   -0.10457037940030   -0.33284356469474   -0.00755185865000   -0.37616254283338  
  1.910000   -0.36263510944891   -0.09843817038252   -0.33019623833053   -0.00330420239131   -0.37325879596939  
  1.920000   -0.35957404747629   -0.09237613114392   -0.32756810874727    0.00088173988450   -0.37032820514709  
  1.930000   -0.35652853857049   -0.08638540490916   -0.32495906211902    0.00500545295002   -0.36737026666749  
  1.940000   -0.35349880981092   -0.08046707203563   -0.32236895875818    0.00906636321449   -0.36438475707431  
  1.950000   -0.35048507692580   -0.07462214937520   -0.31979763481572    0.01306384802208   -0.36137174395559  
  1.960000   -0.34748754484914   -0.06885158964835   -0.31724490421934    0.01699724535426   -0.35833159352668  
  1.970000   -0.34450640824976   -0.06315628085408   -0.31471056082472    0.02086586384767   -0.35526497494320  
  1.980000   -0.34154185203165   -0.05753704573713   -0.31219438075379    0.02466899303639   -0.35217286132598  
  1.990000   -0.33859405180471   -0.05199464133328   -0.30969612489180    0.02840591372581   -0.34905652751294  
  2.000000   -0.33566317432547   -0.04652975861156   -0.30721554151425    0.03207590840461   -0.34591754458550  
  2.010000   -0.33274937790726   -0.04114302223052   -0.30475236901353    0.03567827160125   -0.34275777124933  
  2.020000   -0.32985281279962   -0.03583499042421   -0.30230633869458    0.03921232009233   -0.33957934217973  
  2.030000   -0.32697362153688   -0.03060615503129   -0.29987717760869    0.04267740287218   -0.33638465347212  
  2.040000   -0.32411193925599   -0.02545694167872   -0.29746461139455    0.04607291079533   -0.33317634536530  
  2.050000   -0.32126789398389   -0.02038771012977   -0.29506836709586    0.04939828580717   -0.32995728243186  
  2.060000   -0.31844160689499   -0.01539875480350   -0.29268817592570    0.05265302968223   -0.32673053145370  
  2.070000   -0.31563319253926   -0.01049030547112   -0.29032377594864    0.05583671219447   -0.32349933722211  
  2.080000   -0.31284275904191   -0.00566252813236   -0.28797491465291    0.05894897864960   -0.32026709652100  
  2.090000   -0.31007040827565   -0.00091552607283   -0.28564135138617    0.06198955671556   -0.31703733056820  
  2.100000   -0.30731623600671    0.00375065889849   -0.28332285963063    0.06495826249449   -0.31381365620275  
  2.110000   -0.30458033201593    0.00833604503491   -0.28101922909470    0.06785500578621   -0.31059975611695  
  2.120000   -0.30186278019655    0.01284070906551   -0.27873026760099    0.07067979450162   -0.30739934843906  
  2.130000   -0.29916365863022    0.01726478444358   -0.27645580275237    0.07343273819207   -0.30421615597666  
  2.140000   -0.29648303964314    0.02160845943836   -0.27419568336081    0.07611405066929   -0.30105387543195  
  2.150000   -0.29382098984412    0.02587197508039   -0.27194978062583    0.07872405169908   -0.29791614689819  
  2.160000   -0.29117757014655    0.03005562297214   -0.26971798905260    0.08126316776041   -0.29480652394115  
  2.170000   -0.28855283577653    0.03415974297695   -0.26750022710209    0.08373193187062   -0.29172844456170  
  2.180000   -0.28594683626904    0.03818472080058   -0.26529643756895    0.08613098248573   -0.28868520332421  
  2.190000   -0.28335961545457    0.04213098548052   -0.26310658768534    0.08846106149352   -0.28567992492194  
  2.200000   -0.28079121143831    0.04599900679929   -0.26093066895190    0.09072301132546   -0.28271553943401  
  2.210000   -0.27824165657412    0.04978929263853   -0.25876869669990    0.09291777122122   -0.27979475950972  
  2.220000   -0.27571097743560    0.05350238629105   -0.25662070939130    0.09504637268759   -0.27692005969510  
  2.230000   -0.27319919478633    0.05713886374872   -0.25448676766607    0.09710993420040   -0.27409365809304  
  2.240000   -0.27070632355149    0.06069933098368   -0.25236695314875    0.09910965520498   -0.27131750052414  
  2.250000   -0.26823237279293    0.06418442124087   -0.25026136702844    0.10104680947674   -0.26859324732858  
  2.260000   -0.26577734568964    0.06759479235906   -0.24817012842876    0.10292273790897   -0.26592226292205  
  2.270000   -0.26334123952555    0.07093112413789   -0.24609337258632    0.10473884079977   -0.26330560819037  
  2.280000   -0.26092404568642    0.07419411576704   -0.24403124885804    0.10649656971407   -0.26074403577795  
  2.290000   -0.25852574966739    0.07738448333372   -0.24198391857908    0.10819741900034   -0.25823798829645  
  2.300000   -0.25614633109276    0.08050295742318   -0.23995155279496    0.10984291704367   -0.25578759944980  
  2.310000   -0.25378576374932    0.08355028082636   -0.23793432989190    0.11143461733941   -0.25339269804306  
  2.320000   -0.25144401563427    0.08652720636745   -0.23593243315095    0.11297408947172   -0.25105281481355  
  2.330000   -0.24912104901883    0.08943449486286   -0.23394604825145    0.11446291008238   -0.24876719199513  
  2.340000   -0.24681682052823    0.09227291322200   -0.23197536075019    0.11590265391385   -0.24653479549937  
  2.350000   -0.24453128123875    0.09504323269851   -0.23002055356227    0.11729488500962   -0.24435432957240  
  2.360000   -0.24226437679206    0.09774622729929   -0.22808180446980    0.11864114815252   -0.24222425376198  
  2.370000   -0.24001604752718    0.10038267235711   -0.22615928368391    0.11994296061858   -0.24014280200781  
  2.380000   -0.23778622862992    0.10295334327089   -0.22425315148471    0.12120180432039   -0.23810800364782  
  2.390000   -0.23557485029970    0.10545901441616   -0.22236355596332    0.12241911840976   -0.23611770611582  
  2.400000   -0.23338183793316    0.10790045822670   -0.22049063088818    0.12359629240403   -0.23416959909037  
  2.410000   -0.23120711232412    0.11027844444648   -0.21863449371722    0.12473465989513   -0.23226123984207  
  2.420000   -0.22905058987896    0.11259373954979   -0.21679524377512    0.12583549289423   -0.23039007951643  
  2.430000   -0.22691218284652    0.11484710632554   -0.21497296061357    0.12689999685826   -0.22855349008194  
  2.440000   -0.22479179956128    0.11703930362046   -0.21316770257031    0.12792930643754   -0.22674879166849  
  2.450000   -0.22268934469867    0.11917108623446   -0.21137950554046    0.12892448197648   -0.22497328001938  
  2.460000   -0.22060471954089    0.12124320495999   -0.20960838197167    0.12988650679178   -0.22322425378127  
  2.470000   -0.21853782225184    0.12325640675604   -0.20785432009210    0.13081628524469   -0.22149904136011  
  2.480000   -0.21648854815938    0.12521143504639   -0.20611728337781    0.13171464161621   -0.21979502707765  
  2.490000   -0.21445679004314    0.12710903013050   -0.20439721026390    0.13258231978600   -0.21810967637219  
  2.500000   -0.21244243842614    0.12894992969464   -0.20269401410083    0.13341998370816   -0.21644055979908  
  2.510000   -0.21044538186821    0.13073486941023   -0.20100758335540    0.13422821866918   -0.21478537560017  
  2.520000   -0.20846550725931    0.13246458360542   -0.19933778205293    0.13500753330584   -0.21314197062816  
  2.530000   -0.20650270011084    0.13413980599584   -0.19768445045498    0.13575836235379   -0.21150835942967  
  2.540000   -0.20455684484284    0.13576127045974   -0.19604740596470    0.13648107009039   -0.20988274131137  
  2.550000   -0.20262782506539    0.13732971184294   -0.19442644424941    0.13717595442894   -0.20826351523513  
  2.560000   -0.20071552385200    0.13884586677865   -0.19282134056813    0.13784325161564   -0.20664929241157  
  2.570000   -0.19881982400345    0.14031047450759   -0.19123185128964    0.13848314147477   -0.20503890648543  
  2.580000   -0.19694060830009    0.14172427768386   -0.18965771558485    0.13909575314280   -0.20343142123192  
  2.590000   -0.19507775974109    0.14308802315273   -0.18809865727571    0.13968117122785   -0.20182613570876  
  2.600000   -0.19323116176898    0.14440246268674   -0.18655438682126    0.14023944232714   -0.20022258683509  
  2.610000   -0.19140069847808    0.14566835366736   -0.18502460342033    0.14077058183215   -0.19862054939488  
  2.620000   -0.18958625480553    0.14688645970029   -0.18350899720920    0.14127458094894   -0.19702003348862  
  2.630000   -0.18778771670378    0.14805755115321   -0.18200725153189    0.14175141385942   -0.19542127948294  
  2.640000   -0.18600497129355    0.14918240560597   -0.18051904525994    0.14220104494876   -0.19382475053300  
  2.650000   -0.18423790699642    0.15026180820428   -0.17904405513843    0.14262343602378   -0.19223112277659  
  2.660000   -0.18248641364648    0.15129655190900   -0.17758195813471    0.14301855344810   -0.19064127332202  
  2.670000   -0.18075038258059    0.15228743763470   -0.17613243376637    0.14338637512107   -0.18905626617346  
  2.680000   -0.17902970670686    0.15323527427213   -0.17469516638565    0.14372689722967   -0.18747733625734  
  2.690000   -0.17732428055158    0.15414087859075   -0.17326984739766    0.14404014070522   -0.18590587173190  
  2.700000   -0.17563400028435    0.15500507501892   -0.17185617739087    0.14432615732054   -0.18434339477775  
  2.710000   -0.17395876372212    0.15582869530061   -0.17045386815928    0.14458503536675   -0.18279154108198  
  2.720000   -0.17229847031230    0.15661257802891   -0.16906264459679    0.14481690485402   -0.18125203823974  
  2.730000   -0.17065302109591    0.15735756805815   -0.16768224644588    0.14502194218540   -0.17972668330698  
  2.740000   -0.16902231865147    0.15806451579749   -0.16631242988410    0.14520037425866   -0.17821731974495  
  2.750000   -0.16740626702077    0.15873427639053   -0.16495296893367    0.14535248195701   -0.17672581400171  
  2.760000   -0.16580477161754    0.15936770878639   -0.16360365668148    0.14547860299602   -0.17525403197774  
  2.770000   -0.16421773912069    0.15996567470925   -0.16226430629847    0.14557913410074   -0.17380381562253  
  2.780000   -0.16264507735318    0.16052903753406   -0.16093475184981    0.14565453249376   -0.17237695990553  
  2.790000   -0.16108669514848    0.16105866107764   -0.15961484888908    0.14570531668222   -0.17097519039993  
  2.800000   -0.15954250220604    0.16155540831482   -0.15830447483223    0.14573206653872   -0.16960014170916  
  2.810000   -0.15801240893777    0.16202014003053   -0.15700352910903    0.14573542267824   -0.16825333695646  
  2.820000   -0.15649632630717    0.16245371341917   -0.15571193309207    0.14571608514025   -0.16693616854504  
  2.830000   -0.15499416566322    0.16285698064333   -0.15442962980578    0.14567481139219   -0.16564988038208  
  2.840000   -0.15350583857079    0.16323078736439   -0.15315658341976    0.14561241367706   -0.16439555174359  
  2.850000   -0.15203125663969    0.16357597125781   -0.15189277853319    0.14552975573447   -0.16317408293898  
  2.860000   -0.15057033135413    0.16389336052616   -0.15063821925904    0.14542774893063   -0.16198618291477  
  2.870000   -0.14912297390467    0.16418377242307   -0.14939292811862    0.14530734783835   -0.16083235891617  
  2.880000   -0.14768909502447    0.16444801180116   -0.14815694475900    0.14516954531377   -0.15971290830296  
  2.890000   -0.14626860483169    0.16468686969683   -0.14693032450758    0.14501536712082   -0.15862791259389  
  2.900000   -0.14486141267981    0.16490112196448   -0.14571313677943    0.14484586615936   -0.15757723378997  
  2.910000   -0.14346742701747    0.16509152797236   -0.14450546335457    0.14466211635613   -0.15656051300355  
  2.920000   -0.14208655525948    0.16525882937159   -0.14330739654358    0.14446520628089   -0.15557717139622  
  2.930000   -0.14071870367040    0.16540374894922   -0.14211903726071    0.14425623255280   -0.15462641340448  
  2.940000   -0.13936377726189    0.16552698957552   -0.14094049302487    0.14403629310364   -0.15370723220937  
  2.950000   -0.13802167970521    0.16562923325476   -0.13977187590905    0.14380648036571   -0.15281841738268  
  2.960000   -0.13669231325959    0.16571114028763   -0.13861330045944    0.14356787445269   -0.15195856462102  
  2.970000   -0.13537557871754    0.16577334855275   -0.13746488160552    0.14332153640164   -0.15112608745774  
  2.980000   -0.13407137536762    0.16581647291318   -0.13632673258243    0.14306850154314   -0.15031923082305  
  2.990000   -0.13277960097516    0.16584110475299   -0.13519896288667    0.14280977306540   -0.14953608630467  
  3.000000   -0.13150015178132    0.16584781164760   -0.13408167628569    0.14254631583553   -0.14877460894436  
  3.010000   -0.13023292252045    0.16583713717036   -0.13297496890129    0.14227905053881   -0.14803263539117  
  3.020000   -0.12897780645583    0.16580960083659   -0.13187892738589    0.14200884819294   -0.14730790321913  
  3.030000   -0.12773469543341    0.16576569818497   -0.13079362720972    0.14173652509063   -0.14659807120638  
  3.040000   -0.12650347995318    0.16570590099501   -0.12971913107559    0.14146283821923   -0.14590074036379  
  3.050000   -0.12528404925757    0.16563065763787   -0.12865548747685    0.14118848120122   -0.14521347549501  
  3.060000   -0.12407629143599    0.16554039355683   -0.12760272941224    0.14091408079422   -0.14453382706508  
  3.070000   -0.12288009354471    0.16543551187234   -0.12656087326987    0.14064019398295   -0.14385935315343  
  3.080000   -0.12169534174089    0.16531639410542   -0.12552991789091    0.14036730569038   -0.14318764126701  
  3.090000   -0.12052192142958    0.16518340101231   -0.12450984382134    0.14009582712821   -0.14251632979215  
  3.100000   -0.11935971742227    0.16503687352206   -0.12350061275862    0.13982609480119   -0.14184312886867  
  3.110000   -0.11820861410560    0.16487713376793   -0.12250216719763    0.13955837017262   -0.14116584047693  
  3.120000   -0.11706849561853    0.16470448620271   -0.12151443027876    0.13929283999228   -0.14048237753747  
  3.130000   -0.11593924603652    0.16451921878714   -0.12053730583846    0.13902961728124   -0.13979078183452  
  3.140000   -0.11482074956076    0.16432160424030   -0.11957067866079    0.13876874296158   -0.13908924058736  
  3.150000   -0.11371289071088    0.16411190134001   -0.11861441492650    0.13851018811286   -0.13837610150852  
  3.160000   -0.11261555451920    0.16389035626118   -0.11766836285408    0.13825385683085   -0.13764988620417  
  3.170000   -0.11152862672478    0.16365720393952   -0.11673235352530    0.13799958965845   -0.13690930178980  
  3.180000   -0.11045199396544    0.16341266944813   -0.11580620188609    0.13774716755305   -0.13615325061322  
  3.190000   -0.10938554396596    0.16315696937421   -0.11488970791177    0.13749631634943   -0.13538083799693  
  3.200000   -0.10832916572068    0.16289031318343   -0.11398265792399    0.13724671167286   -0.13459137793267  
  3.210000   -0.10728274966885    0.16261290455967   -0.11308482604543    0.13699798425241   -0.13378439668219  
  3.220000   -0.10624618786108    0.16232494270800   -0.11219597577682    0.13674972558117   -0.13295963426011  
  3.230000   -0.10521937411530    0.16202662360955   -0.11131586167985    0.13650149386663   -0.13211704379632  
  3.240000   -0.10420220416097    0.16171814121714   -0.11044423114837    0.13625282021213   -0.13125678879742  
  3.250000   -0.10319457576995    0.16139968858146   -0.10958082624958    0.13600321496787   -0.13037923834759  
  3.260000   -0.10219638887312    0.16107145889819   -0.10872538561644    0.13575217418923   -0.12948496031066  
  3.270000   -0.10120754566150    0.16073364646738   -0.10787764637165    0.13549918613873   -0.12857471261480  
  3.280000   -0.10022795067106    0.16038644755730   -0.10703734606388    0.13524373776830   -0.12764943272067  
  3.290000   -0.09925751085049    0.16003006116601   -0.10620422459653    0.13498532111887   -0.12671022539180  
  3.300000   -0.09829613561129    0.15966468967490   -0.10537802612958    0.13472343957539   -0.12575834890258  
  3.310000   -0.09734373685983    0.15929053938960   -0.10455850093547    0.13445761391720   -0.12479519983458  
  3.320000   -0.09640022901110    0.15890782096481   -0.10374540719041    0.13418738810596   -0.12382229662530  
  3.330000   -0.09546552898420    0.15851674971078   -0.10293851268348    0.13391233475629   -0.12284126204556  
  3.340000   -0.09453955617954    0.15811754578033   -0.10213759642650    0.13363206023755   -0.12185380479130  
  3.350000   -0.09362223243812    0.15771043423650   -0.10134245014888    0.13334620935926   -0.12086170038384  
  3.360000   -0.09271348198342    0.15729564500221   -0.10055287966301    0.13305446959704   -0.11986677157847  
  3.370000   -0.09181323134641    0.15687341269426   -0.09976870608679    0.13275657482047   -0.11887086848501  
  3.380000   -0.09092140927452    0.15644397634546   -0.09898976691182    0.13245230848975   -0.11787584860582  
  3.390000   -0.09003794662559    0.15600757901936   -0.09821591690693    0.13214150629326   -0.11688355699647  
  3.400000   -0.08916277624773    0.15556446732361   -0.09744702884888    0.13182405820389   -0.11589580675134  
  3.410000   -0.08829583284645    0.15511489082843   -0.09668299407348    0.13149990993781   -0.11491436001252  
  3.420000   -0.08743705284033    0.15465910139808   -0.09592372284239    0.13116906380554   -0.11394090969318  
  3.430000   -0.08658637420665    0.15419735244355   -0.09516914452278    0.13083157895117   -0.11297706209846  
  3.440000   -0.08574373631859    0.15372989810598   -0.09441920757878    0.13048757098158   -0.11202432061652  
  3.450000   -0.08490907977552    0.15325699238050   -0.09367387937562    0.13013721099380   -0.11108407064026  
  3.460000   -0.08408234622811    0.15277888819100   -0.09293314579933    0.12978072401447   -0.11015756586651  
  3.470000   -0.08326347819997    0.15229583642669   -0.09219701069660    0.12941838687114   -0.10924591610476  
  3.480000   -0.08245241890753    0.15180808495170   -0.09146549514119    0.12905052552075   -0.10835007671064  
  3.490000   -0.08164911207994    0.15131587759908   -0.09073863653511    0.12867751186586   -0.10747083974230  
  3.500000   -0.08085350178077    0.15081945316085   -0.09001648755425    0.12829976009434   -0.10660882691936  
  3.510000   -0.08006553223309    0.15031904438549   -0.08929911494990    0.12791772258253   -0.10576448444492  
  3.520000   -0.07928514764989    0.14981487699451   -0.08858659821875    0.12753188540623   -0.10493807973160  
  3.530000   -0.07851229207113    0.14930716872904   -0.08787902815533    0.12714276350761   -0.10412970005266  
  3.540000   -0.07774690920925    0.14879612843742   -0.08717650530214    0.12675089556911   -0.10333925311915  
  3.550000   -0.07698894230450    0.14828195521418   -0.08647913831337    0.12635683864843   -0.10256646956425  
  3.560000   -0.07623833399139    0.14776483760017   -0.08578704224914    0.12596116263046   -0.10181090729610  
  3.570000   -0.07549502617769    0.14724495285308   -0.08510033681779    0.12556444455383   -0.10107195766144  
  3.580000   -0.07475895993700    0.14672246629684   -0.08441914458415    0.12516726287068   -0.10034885334405  
  3.590000   -0.07403007541579    0.14619753075742   -0.08374358916190    0.12477019169858   -0.09964067790418  
  3.600000   -0.07330831175601    0.14567028609188   -0.08307379340851    0.12437379512335   -0.09894637684879  
  3.610000   -0.07259360703375    0.14514085881638   -0.08240987764074    0.12397862161086   -0.09826477010732  
  3.620000   -0.07188589821458    0.14460936183799   -0.08175195788884    0.12358519858426   -0.09759456577357  
  3.630000   -0.07118512112586    0.14407589429393   -0.08110014420664    0.12319402722162   -0.09693437496195  
  3.640000   -0.07049121044642    0.14354054150094   -0.08045453905454    0.12280557752593   -0.09628272761593  
  3.650000   -0.06980409971333    0.14300337501630   -0.07981523577136    0.12242028371696   -0.09563808909691  
  3.660000   -0.06912372134598    0.14246445281079   -0.07918231714999    0.12203853999070   -0.09499887737529  
  3.670000   -0.06845000668685    0.14192381955297   -0.07855585413097    0.12166069668837   -0.09436348063953  
  3.680000   -0.06778288605875    0.14138150700283   -0.07793590462644    0.12128705691259   -0.09373027513615  
  3.690000   -0.06712228883771    0.14083753451191   -0.07732251248609    0.12091787362375   -0.09309764305182  
  3.700000   -0.06646814354093    0.14029190962586   -0.07671570661462    0.12055334724452   -0.09246399024962  
  3.710000   -0.06582037792866    0.13974462878436   -0.07611550024934    0.12019362379536   -0.09182776367360  
  3.720000   -0.06517891911915    0.13919567811241   -0.07552189040423    0.11983879357835   -0.09118746824062  
  3.730000   -0.06454369371537    0.13864503429612   -0.07493485748558    0.11948889042109   -0.09054168304443  
  3.740000   -0.06391462794222    0.13809266553505   -0.07435436508238    0.11914389148684   -0.08988907670497  
  3.750000   -0.06329164779281    0.13753853256280   -0.07378035993274    0.11880371765107   -0.08922842170595  
  3.760000   -0.06267467918247    0.13698258972646   -0.07321277206612    0.11846823443934   -0.08855860757458  
  3.770000   -0.06206364810873    0.13642478611517   -0.07265151511905    0.11813725351533   -0.08787865277051  
  3.780000   -0.06145848081576    0.13586506672755   -0.07209648682068    0.11781053470270   -0.08718771516495  
  3.790000   -0.06085910396171    0.13530337366720   -0.07154756964229    0.11748778851883   -0.08648510100621  
  3.800000   -0.06026544478703    0.13473964735546   -0.07100463160381    0.11716867919387   -0.08577027228422  
  3.810000   -0.05967743128241    0.13417382775013   -0.07046752722836    0.11685282814319   -0.08504285242354  
  3.820000   -0.05909499235433    0.13360585555906   -0.06993609863467    0.11653981785732   -0.08430263025240  
  3.830000   -0.05851805798684    0.13303567343739   -0.06941017675587    0.11622919616914   -0.08354956221315  
  3.840000   -0.05794655939777    0.13246322715741   -0.06888958267160    0.11592048085464   -0.08278377279832  
  3.850000   -0.05738042918801    0.13188846674036   -0.06837412903976    0.11561316452005   -0.08200555321478  
  3.860000   -0.05681960148211    0.13131134753964   -0.06786362161287    0.11530671972576   -0.08121535829716  
  3.870000   -0.05626401205909    0.13073183126567   -0.06735786082347    0.11500060429508   -0.08041380170968  
  3.880000   -0.05571359847193    0.13014988694289   -0.06685664342219    0.11469426675403   -0.07960164949329  
  3.890000   -0.05516830015475    0.12956549179023   -0.06635976415166    0.11438715184771   -0.07877981203196  
  3.900000   -0.05462805851642    0.12897863201709   -0.06586701743937    0.11407870607756   -0.07794933452812  
  3.910000   -0.05409281701983    0.12838930352759   -0.06537819909199    0.11376838320432   -0.07711138609252  
  3.920000   -0.05356252124599    0.12779751252690   -0.06489310797425    0.11345564966178   -0.07626724756744  
  3.930000   -0.05303711894217    0.12720327602410   -0.06441154765518    0.11313998982747   -0.07541829821527  
  3.940000   -0.05251656005392    0.12660662222744   -0.06393332800539    0.11282091109815   -0.07456600141551  
  3.950000   -0.05200079674030    0.12600759082847   -0.06345826672918    0.11249794872000   -0.07371188952292  
  3.960000   -0.05148978337234    0.12540623317283   -0.06298619081628    0.11217067032604   -0.07285754804790  
  3.970000   -0.05098347651476    0.12480261231648   -0.06251693789882    0.11183868013653   -0.07200459932638  
  3.980000   -0.05048183489098    0.12419680296737   -0.06205035749995    0.11150162278126   -0.07115468585108  
  3.990000   -0.04998481933187    0.12358889131327   -0.06158631216199    0.11115918670705   -0.07030945343913  
  4.000000   -0.04949239270863    0.12297897473818   -0.06112467844304    0.11081110713767   -0.06947053441179  
  4.010000   -0.04900451985054    0.12236716143007   -0.06066534777223    0.11045716855806   -0.06863953096110  
  4.020000   -0.04852116744826    0.12175356988437   -0.06020822715564    0.11009720669979   -0.06781799887607  
  4.030000   -0.04804230394368    0.12113832830818   -0.05975323972604    0.10973111000938   -0.06700743179620  
  4.040000   -0.04756789940730    0.12052157393136   -0.05930032513143    0.10935882058681   -0.06620924615404  
  4.050000   -0.04709792540442    0.11990345223130   -0.05884943975892    0.10898033458644   -0.06542476696103  
  4.060000   -0.04663235485130    0.11928411607919   -0.05840055679224    0.10859570207832   -0.06465521458106  
  4.070000   -0.04617116186273    0.11866372481632   -0.05795366610276    0.10820502637306   -0.06390169262565  
  4.080000   -0.04571432159249    0.11804244326927   -0.05750877397563    0.10780846281885   -0.06316517709242  
  4.090000   -0.04526181006812    0.11742044071395   -0.05706590267425    0.10740621708463   -0.06244650685507  
  4.100000   -0.04481360402167    0.11679788979838   -0.05662508984805    0.10699854294823   -0.06174637559873  
  4.110000   -0.04436968071809    0.11617496543480   -0.05618638778993    0.10658573961344   -0.06106532527913  
  4.120000   -0.04393001778263    0.11555184367177   -0.05574986255137    0.10616814858445   -0.06040374116790  
  4.130000   -0.04349459302929    0.11492870055732   -0.05531559292443    0.10574615013064   -0.05976184852960  
  4.140000   -0.04306338429156    0.11430571100385   -0.05488366930152    0.10532015937846   -0.05913971095904  
  4.150000   -0.04263636925729    0.11368304766597   -0.05445419242455    0.10489062207089   -0.05853723039003  
  4.160000   -0.04221352530919    0.11306087984166   -0.05402727203661    0.10445801003825   -0.05795414876925  
  4.170000   -0.04179482937238    0.11243937240763   -0.05360302544989    0.10402281642671   -0.05739005137196  
  4.180000   -0.04138025777058    0.11181868479862   -0.05318157604465    0.10358555073324   -0.05684437171877  
  4.190000   -0.04096978609209    0.11119897004048   -0.05276305171447    0.10314673369750   -0.05631639803697  
  4.200000   -0.04056338906697    0.11058037384617   -0.05234758327375    0.10270689210253   -0.05580528119330  
  4.210000   -0.04016104045647    0.10996303378295   -0.05193530284339    0.10226655353664   -0.05531004401072  
  4.220000   -0.03976271295572    0.10934707851867   -0.05152634223116    0.10182624116939   -0.05482959186724  
  4.230000   -0.03936837811058    0.10873262715403   -0.05112083132311    0.10138646859404   -0.05436272446229  
  4.240000   -0.03897800624943    0.10811978864699   -0.05071889650198    0.10094773478811   -0.05390814862406  
  4.250000   -0.03859156643044    0.10750866133431   -0.05032065910869    0.10051051924242   -0.05346449202131  
  4.260000   -0.03820902640474    0.10689933255470   -0.04992623396213    0.10007527730687   -0.05303031763390  
  4.270000   -0.03783035259589    0.10629187837663   -0.04953572795202    0.09964243579930   -0.05260413882926  
  4.280000   -0.03745551009567    0.10568636343301   -0.04914923871883    0.09921238892058   -0.05218443488603  
  4.290000   -0.03708446267619    0.10508284086398   -0.04876685343372    0.09878549451618   -0.05176966680235  
  4.300000   -0.03671717281815    0.10448135236778   -0.04838864769052    0.09836207072070   -0.05135829322360  
  4.310000   -0.03635360175490    0.10388192835883   -0.04801468452053    0.09794239301797   -0.05094878632397  
  4.320000   -0.03599370953179    0.10328458823100   -0.04764501353976    0.09752669174496   -0.05053964747737  
  4.330000   -0.03563745508014    0.10268934072304   -0.04727967023667    0.09711515006341   -0.05012942255575  
  4.340000   -0.03528479630508    0.10209618438213   -0.04691867540728    0.09670790241802   -0.04971671669753  
  4.350000   -0.03493569018630    0.10150510812068   -0.04656203474275    0.09630503349534   -0.04930020839503  
  4.360000   -0.03459009289072    0.10091609186054   -0.04620973857325    0.09590657769234   -0.04887866275703  
  4.370000   -0.03424795989579    0.10032910725778   -0.04586176177001    0.09551251909851   -0.04845094381209  
  4.380000   -0.03390924612233    0.09974411850080   -0.04551806380629    0.09512279199006   -0.04801602572848  
  4.390000   -0.03357390607543    0.09916108317355   -0.04517858897593    0.09473728182992   -0.04757300283824  
  4.400000   -0.03324189399193    0.09857995317500   -0.04484326676688    0.09435582676174   -0.04712109836594  
  4.410000   -0.03291316399317    0.09800067568578   -0.04451201238546    0.09397821958172   -0.04665967177618  
  4.420000   -0.03258767024132    0.09742319417210   -0.04418472742552    0.09360421016673   -0.04618822466884  
  4.430000   -0.03226536709768    0.09684744941697   -0.04386130067531    0.09323350833316   -0.04570640516625  
  4.440000   -0.03194620928153    0.09627338056843   -0.04354160905352    0.09286578709632   -0.04521401075223  
  4.450000   -0.03163015202773    0.09570092619432   -0.04322551866451    0.09250068629660   -0.04471098953953  
  4.460000   -0.03131715124162    0.09513002533314   -0.04291288596182    0.09213781655457   -0.04419743995802  
  4.470000   -0.03100716364963    0.09456061853060   -0.04260355900777    0.09177676351444   -0.04367360887310  
  4.480000   -0.03070014694407    0.09399264885154   -0.04229737881609    0.09141709233215   -0.04313988815937  
  4.490000   -0.03039605992066    0.09342606285739   -0.04199418076386    0.09105835236229   -0.04259680977117  
  4.500000   -0.03009486260744    0.09286081153936   -0.04169379605811    0.09070008199594   -0.04204503936659  
  4.510000   -0.02979651638370    0.09229685119840   -0.04139605324211    0.09034181360024   -0.04148536855669  
  4.520000   -0.02950098408789    0.09173414426308   -0.04110077972603    0.08998307850961   -0.04091870586556  
  4.530000   -0.02920823011319    0.09117266003769   -0.04080780332632    0.08962341201813   -0.04034606649996  
  4.540000   -0.02891822049001    0.09061237537294   -0.04051695379817    0.08926235832259   -0.03976856103925  
  4.550000   -0.02863092295448    0.09005327525303   -0.04022806434563    0.08889947536659   -0.03918738316736  
  4.560000   -0.02834630700223    0.08949535329319   -0.03994097309398    0.08853433953691   -0.03860379657782  
  4.570000   -0.02806434392691    0.08893861214305   -0.03965552450972    0.08816655016515   -0.03801912119115  
  4.580000   -0.02778500684311    0.08838306379188   -0.03937157075369    0.08779573378964   -0.03743471883057  
  4.590000   -0.02750827069341    0.08782872977286   -0.03908897295401    0.08742154813524   -0.03685197850721  
  4.600000   -0.02723411223941    0.08727564126447   -0.03880760238595    0.08704368577130   -0.03627230146920  
  4.610000   -0.02696251003696    0.08672383908807   -0.03852734154707    0.08666187741191   -0.03569708617153  
  4.620000   -0.02669344439557    0.08617337360190   -0.03824808511707    0.08627589482550   -0.03512771332320  
  4.630000   -0.02642689732270    0.08562430449262   -0.03796974079271    0.08588555332575   -0.03456553116745  
  4.640000   -0.02616285245319    0.08507670046643   -0.03769222998987    0.08549071381911   -0.03401184114756  
  4.650000   -0.02590129496463    0.08453063884313   -0.03741548840576    0.08509128438964   -0.03346788410623  
  4.660000   -0.02564221147946    0.08398620505700   -0.03713946643604    0.08468722140578   -0.03293482716069  
  4.670000   -0.02538558995477    0.08344349206961   -0.03686412944295    0.08427853013908   -0.03241375138802  
  4.680000   -0.02513141956085    0.08290259970041   -0.03658945787194    0.08386526488962   -0.03190564044644  
  4.690000   -0.02487969054956    0.08236363388163   -0.03631544721626    0.08344752861772   -0.03141137024802  
  4.700000   -0.02463039411409    0.08182670584508   -0.03604210782994    0.08302547208675   -0.03093169978715  
  4.710000   -0.02438352224104    0.08129193124872   -0.03576946459153    0.08259929252659   -0.03046726321663  
  4.720000   -0.02413906755672    0.08075942925164   -0.03549755642238    0.08216923183206   -0.03001856325008  
  4.730000   -0.02389702316873    0.08022932154670   -0.03522643566463    0.08173557431547   -0.02958596595518  
  4.740000   -0.02365738250474    0.07970173136023   -0.03495616732550    0.08129864403667   -0.02916969698774  
  4.750000   -0.02342013914972    0.07917678242866   -0.03468682819591    0.08085880173830   -0.02876983930144  
  4.760000   -0.02318528668348    0.07865459796211   -0.03441850585266    0.08041644141785   -0.02838633235263  
  4.770000   -0.02295281851979    0.07813529960523   -0.03415129755439    0.07997198657167   -0.02801897280377  
  4.780000   -0.02272272774904    0.07761900640532   -0.03388530904299    0.07952588614931   -0.02766741671405  
  4.790000   -0.02249500698555    0.07710583379795   -0.03362065326258    0.07907861025944   -0.02733118318959  
  4.800000   -0.02226964822134    0.07659589261994   -0.03335744900942    0.07863064567100   -0.02700965945121  
  4.810000   -0.02204664268759    0.07608928815945   -0.03309581952649    0.07818249115511   -0.02670210726270  
  4.820000   -0.02182598072532    0.07558611925238   -0.03283589105706    0.07773465271492   -0.02640767064873  
  4.830000   -0.02160765166626    0.07508647743390   -0.03257779137226    0.07728763875154   -0.02612538481855  
  4.840000   -0.02139164372543    0.07459044615349   -0.03232164828724    0.07684195521468   -0.02585418619889  
  4.850000   -0.02117794390619    0.07409810006103   -0.03206758818141    0.07639810078675   -0.02559292346873  
  4.860000   -0.02096653791881    0.07360950437101   -0.03181573453750    0.07595656214882   -0.02534036947834  
  4.870000   -0.02075741011337    0.07312471431094   -0.03156620651429    0.07551780937564   -0.02509523392603  
  4.880000   -0.02055054342752    0.07264377465940   -0.03131911756751    0.07508229150584   -0.02485617665874  
  4.890000   -0.02034591934981    0.07216671937820   -0.03107457413269    0.07465043233146   -0.02462182145665  
  4.900000   -0.02014351789877    0.07169357134225   -0.03083267438330    0.07422262644852   -0.02439077015690  
  4.910000   -0.01994331761796    0.07122434216967   -0.03059350707663    0.07379923560786   -0.02416161696916  
  4.920000   -0.01974529558718    0.07075903215392   -0.03035715049893    0.07338058540225   -0.02393296283344  
  4.930000   -0.01954942744957    0.07029763029840   -0.03012367152033    0.07296696232237   -0.02370342967132  
  4.940000   -0.01935568745442    0.06984011445346   -0.02989312476898    0.07255861121040   -0.02347167438266  
  4.950000   -0.01916404851522    0.06938645155409   -0.02966555193259    0.07215573313600   -0.02323640244349  
  4.960000   -0.01897448228247    0.06893659795636   -0.02944098119419    0.07175848371514   -0.02299638096499  
  4.970000   -0.01878695923040    0.06849049986906   -0.02921942680760    0.07136697188771   -0.02275045107971  
  4.980000   -0.01860144875693    0.06804809387642   -0.02900088881678    0.07098125916517   -0.02249753952843  
  4.990000   -0.01841791929570    0.06760930754687   -0.02878535292154    0.07060135935485   -0.02223666932985  
  5.000000   -0.01823633843924    0.06717406012189   -0.02857279049089    0.07022723876258   -0.02196696942516  
  5.010000   -0.01805667307194    0.06674226327819   -0.02836315872344    0.06985881687059   -0.02168768320046  
  5.020000   -0.01787888951167    0.06631382195602   -0.02815640095331    0.06949596748277   -0.02139817580202  
  5.030000   -0.01770295365851    0.06588863524534   -0.02795244709782    0.06913852032483   -0.02109794017212  
  5.040000   -0.01752883114920    0.06546659732145   -0.02775121424264    0.06878626308210   -0.02078660174682  
  5.050000   -0.01735648751586    0.06504759842096   -0.02755260735784    0.06843894385355   -0.02046392177082  
  5.060000   -0.01718588834731    0.06463152584866   -0.02735652013773    0.06809627399644   -0.02012979919949  
  5.070000   -0.01701699945147    0.06421826500556   -0.02716283595555    0.06775793133183   -0.01978427117258  
  5.080000   -0.01684978701725    0.06380770042820   -0.02697142892326    0.06742356367818   -0.01942751205902  
  5.090000   -0.01668421777432    0.06339971682918   -0.02678216504558    0.06709279267623   -0.01905983108742  
  5.100000   -0.01652025914925    0.06299420012894   -0.02659490345634    0.06676521786633   -0.01868166859102  
  5.110000   -0.01635787941632    0.06259103846875   -0.02640949772451    0.06644042097615   -0.01829359091058  
  5.120000   -0.01619704784176    0.06219012319537   -0.02622579721671    0.06611797037521   -0.01789628401229  
  5.130000   -0.01603773481976    0.06179134980767   -0.02604364850202    0.06579742565075   -0.01749054589103  
  5.140000   -0.01587991199910    0.06139461885644   -0.02586289678517    0.06547834225839   -0.01707727784175  
  5.150000   -0.01572355239899    0.06099983678856   -0.02568338735313    0.06516027620041   -0.01665747469316  
  5.160000   -0.01556863051309    0.06060691672754   -0.02550496702079    0.06484278868420   -0.01623221410857  
  5.170000   -0.01541512240062    0.06021577918313   -0.02532748556084    0.06452545071376   -0.01580264506794  
  5.180000   -0.01526300576364    0.05982635268311   -0.02515079710337    0.06420784756783   -0.01536997565356  
  5.190000   -0.01511226000979    0.05943857432142   -0.02497476149123    0.06388958311947   -0.01493546026845  
  5.200000   -0.01496286629972    0.05905239021743   -0.02479924557728    0.06357028395362   -0.01450038642223  
  5.210000   -0.01481480757894    0.05866775588218   -0.02462412445047    0.06324960324120   -0.01406606122325  
  5.220000   -0.01466806859352    0.05828463648812   -0.02444928257854    0.06292722433089   -0.01363379771841  
  5.230000   -0.01452263588961    0.05790300704011   -0.02427461485563    0.06260286402255   -0.01320490122327  
  5.240000   -0.01437849779677    0.05752285244604   -0.02410002754457    0.06227627548967   -0.01278065578468  
  5.250000   -0.01423564439510    0.05714416748689   -0.02392543910411    0.06194725082167   -0.01236231091650  
  5.260000   -0.01409406746666    0.05676695668646   -0.02375078089307    0.06161562316077   -0.01195106874542  
  5.270000   -0.01395376043144    0.05639123408251   -0.02357599774432    0.06128126841242   -0.01154807169960  
  5.280000   -0.01381471826870    0.05601702290174   -0.02340104840290    0.06094410651242   -0.01115439086644  
  5.290000   -0.01367693742412    0.05564435514193   -0.02322590582395    0.06060410223853   -0.01077101513873  
  5.300000   -0.01354041570398    0.05527327106567   -0.02305055732771    0.06026126555883   -0.01039884125961  
  5.310000   -0.01340515215712    0.05490381861081   -0.02287500461000    0.05991565151400   -0.01003866486728  
  5.320000   -0.01327114694593    0.05453605272362   -0.02269926360830    0.05956735963512   -0.00969117262963  
  5.330000   -0.01313840120755    0.05417003462149   -0.02252336422497    0.05921653290357   -0.00935693554720  
  5.340000   -0.01300691690671    0.05380583099245   -0.02234734991042    0.05886335626397   -0.00903640349069  
  5.350000   -0.01287669668149    0.05344351313968   -0.02217127711076    0.05850805470587   -0.00872990102596  
  5.360000   -0.01274774368358    0.05308315607962   -0.02199521458545    0.05815089093404   -0.00843762456607  
  5.370000   -0.01262006141457    0.05272483760253   -0.02181924260220    0.05779216265138   -0.00815964087576  
  5.380000   -0.01249365355982    0.05236863730512   -0.02164345201719    0.05743219948248   -0.00789588693976  
  5.390000   -0.01236852382155    0.05201463560475   -0.02146794325019    0.05707135956941   -0.00764617119196  
  5.400000   -0.01224467575275    0.05166291274514   -0.02129282516489    0.05671002587444   -0.00741017608816  
  5.410000   -0.01212211259357    0.05131354780340   -0.02111821386604    0.05634860222771   -0.00718746199151  
  5.420000   -0.01200083711164    0.05096661770844   -0.02094423142552    0.05598750915992   -0.00697747232566  
  5.430000   -0.01188085144809    0.05062219628039   -0.02077100455035    0.05562717956274   -0.00677953993788  
  5.440000   -0.01176215697060    0.05028035330072   -0.02059866320622    0.05526805422098   -0.00659289460172  
  5.450000   -0.01164475413492    0.04994115362226   -0.02042733921043    0.05491057726205   -0.00641667157720  
  5.460000   -0.01152864235639    0.04960465632802   -0.02025716480857    0.05455519156887   -0.00624992113570  
  5.470000   -0.01141381989247    0.04927091394728   -0.02008827124940    0.05420233420297   -0.00609161894661  
  5.480000   -0.01130028373759    0.04893997173664   -0.01992078737231    0.05385243188410   -0.00594067721460  
  5.490000   -0.01118802953139    0.04861186703337   -0.01975483822167    0.05350589657231   -0.00579595644822  
  5.500000   -0.01107705148110    0.04828662868744   -0.01959054370207    0.05316312119724   -0.00565627773473  
  5.510000   -0.01096734229897    0.04796427657800   -0.01942801728817    0.05282447557795   -0.00552043539084  
  5.520000   -0.01085889315529    0.04764482121917   -0.01926736480195    0.05249030257465   -0.00538720985548  
  5.530000   -0.01075169364757    0.04732826345910   -0.01910868326994    0.05216091451127   -0.00525538068864  
  5.540000   -0.01064573178611    0.04701459427550   -0.01895205987177    0.05183658990517   -0.00512373953944  
  5.550000   -0.01054099399611    0.04670379466961   -0.01879757099080    0.05151757053694   -0.00499110294730  
  5.560000   -0.01043746513645    0.04639583565992   -0.01864528137620    0.05120405889026   -0.00485632484220  
  5.570000   -0.01033512853480    0.04609067837577   -0.01849524342501    0.05089621598738   -0.00471830861348  
  5.580000   -0.01023396603893    0.04578827424998   -0.01834749659141    0.05059415964240   -0.00457601862141  
  5.590000   -0.01013395808351    0.04548856530883   -0.01820206692893    0.05029796314995   -0.00442849103203  
  5.600000   -0.01003508377203    0.04519148455662   -0.01805896677043    0.05000765442249   -0.00427484386305  
  5.610000   -0.00993732097288    0.04489695645107   -0.01791819454872    0.04972321558514   -0.00411428613709  
  5.620000   -0.00984064642867    0.04460489746512   -0.01777973475977    0.04944458303197   -0.00394612604821  
  5.630000   -0.00974503587790    0.04431521672960   -0.01764355806869    0.04917164794349   -0.00376977805834  
  5.640000   -0.00965046418762    0.04402781675068   -0.01750962155739    0.04890425725983   -0.00358476885126  
  5.650000   -0.00955690549594    0.04374259419493   -0.01737786911124    0.04864221510017   -0.00339074208439  
  5.660000   -0.00946433336298    0.04345944073459   -0.01724823194089    0.04838528461392   -0.00318746189103  
  5.670000   -0.00937272092870    0.04317824394466   -0.01712062923370    0.04813319024502   -0.00297481509903  
  5.680000   -0.00928204107624    0.04289888824313   -0.01699496892822    0.04788562038674   -0.00275281214540  
  5.690000   -0.00919226659909    0.04262125586506   -0.01687114860383    0.04764223040004   -0.00252158668012  
  5.700000   -0.00910337037045    0.04234522786116   -0.01674905647635    0.04740264596515   -0.00228139386597  
  5.710000   -0.00901532551316    0.04207068511090   -0.01662857248956    0.04716646673268   -0.00203260739521  
  5.720000   -0.00892810556859    0.04179750934031   -0.01650956949146    0.04693327023740   -0.00177571525695  
  5.730000   -0.00884168466266    0.04152558413439   -0.01639191448328    0.04670261603519   -0.00151131430244  
  5.740000   -0.00875603766761    0.04125479593433   -0.01627546992861    0.04647405002168   -0.00124010366777  
  5.750000   -0.00867114035772    0.04098503500948   -0.01616009510923    0.04624710888882   -0.00096287712546  
  5.760000   -0.00858696955753    0.04071619639466   -0.01604564751386    0.04602132467464   -0.00068051444752  
  5.770000   -0.00850350328110    0.04044818078344   -0.01593198424577    0.04579622936019   -0.00039397187266  
  5.780000   -0.00842072086085    0.04018089536861   -0.01581896343487    0.04557135946751   -0.00010427177977  
  5.790000   -0.00833860306487    0.03991425462139   -0.01570644563996    0.04534626061207    0.00018750832242  
  5.800000   -0.00825713220125    0.03964818100170   -0.01559429522676    0.04512049196389    0.00048024737214  
  5.810000   -0.00817629220866    0.03938260559241   -0.01548238170793    0.04489363057236    0.00077279277527  
  5.820000   -0.00809606873203    0.03911746865106   -0.01537058103115    0.04466527551100    0.00106397274240  
  5.830000   -0.00801644918272    0.03885272007366   -0.01525877680243    0.04443505180051    0.00135260881215  
  5.840000   -0.00793742278241    0.03858831976573   -0.01514686143193    0.04420261407039    0.00163752842837  
  5.850000   -0.00785898059033    0.03832423791678   -0.01503473719081    0.04396764992215    0.00191757743899  
  5.860000   -0.00778111551346    0.03806045517541   -0.01492231716824    0.04372988296025    0.00219163238495  
  5.870000   -0.00770382229960    0.03779696272301   -0.01480952611877    0.04348907545992    0.00245861245030  
  5.880000   -0.00762709751326    0.03753376224525   -0.01469630119146    0.04324503064515    0.00271749094815  
  5.890000   -0.00755093949460    0.03727086580136   -0.01458259253322    0.04299759455342    0.00296730622233  
  5.900000   -0.00747534830170    0.03700829559228   -0.01446836376028    0.04274665746863    0.00320717185082  
  5.910000   -0.00740032563683    0.03674608362978   -0.01435359229272    0.04249215490734    0.00343628604458  
  5.920000   -0.00732587475713    0.03648427130956   -0.01423826954880    0.04223406814844    0.00365394014404  
  5.930000   -0.00725200037076    0.03622290889231   -0.01412240099680    0.04197242430060    0.00385952612493  
  5.940000   -0.00717870851933    0.03596205489765   -0.01400600606392    0.04170729590687    0.00405254303585  
  5.950000   -0.00710600644777    0.03570177541671   -0.01388911790298    0.04143880009004    0.00423260230116  
  5.960000   -0.00703390246285    0.03544214334985   -0.01377178301908    0.04116709724740    0.00439943183479  
  5.970000   -0.00696240578164    0.03518323757686   -0.01365406076010    0.04089238930774    0.00455287892314  
  5.980000   -0.00689152637143    0.03492514206776   -0.01353602267590    0.04061491756821    0.00469291184812  
  5.990000   -0.00682127478254    0.03466794494250   -0.01341775175275    0.04033496013244    0.00481962023469  
  6.000000   -0.00675166197572    0.03441173748895   -0.01329934153046    0.04005282897591    0.00493321412068  
  6.010000   -0.00668269914569    0.03415661314852   -0.01318089511126    0.03976886666773    0.00503402175989  
  6.020000   -0.00661439754254    0.03390266647945   -0.01306252407027    0.03948344278205    0.00512248618302  
  6.030000   -0.00654676829274    0.03364999210765   -0.01294434727843    0.03919695003498    0.00519916055363  
  6.040000   -0.00647982222158    0.03339868367564   -0.01282648964990    0.03890980018601    0.00526470236925  
  6.050000   -0.00641356967844    0.03314883279967   -0.01270908082641    0.03862241974525    0.00531986656957  
  6.060000   -0.00634802036706    0.03290052804535   -0.01259225381188    0.03833524552961    0.00536549762506  
  6.070000   -0.00628318318202    0.03265385393195   -0.01247614357106    0.03804872011293    0.00540252069012  
  6.080000   -0.00621906605334    0.03240888997510   -0.01236088560644    0.03776328721585    0.00543193191438  
  6.090000   -0.00615567580056    0.03216570977749   -0.01224661452760    0.03747938708212    0.00545478801465  
  6.100000   -0.00609301799783    0.03192438017657   -0.01213346262778    0.03719745188805    0.00547219521748  
  6.110000   -0.00603109685134    0.03168496045778   -0.01202155848181    0.03691790123149    0.00548529768905  
  6.120000   -0.00596991509019    0.03144750164125   -0.01191102557986    0.03664113774628    0.00549526557410  
  6.130000   -0.00590947387208    0.03121204584916   -0.01180198101068    0.03636754288642    0.00550328276969  
  6.140000   -0.00584977270440    0.03097862576018   -0.01169453420788    0.03609747292294    0.00551053456232  
  6.150000   -0.00579080938198    0.03074726415669   -0.01158878577199    0.03583125519420    0.00551819525817  
  6.160000   -0.00573257994166    0.03051797356944   -0.01148482638021    0.03556918464773    0.00552741593616  
  6.170000   -0.00567507863470    0.03029075602346   -0.01138273579526    0.03531152070914    0.00553931245219  
  6.180000   -0.00561829791685    0.03006560288811   -0.01128258198314    0.03505848451000    0.00555495382024  
  6.190000   -0.00556222845671    0.02984249483294   -0.01118442034927    0.03481025650336    0.00557535109183  
  6.200000   -0.00550685916195    0.02962140189028   -0.01108829310062    0.03456697449135    0.00560144684999  
  6.210000   -0.00545217722351    0.02940228362430   -0.01099422874061    0.03432873208566    0.00563410542782  
  6.220000   -0.00539816817723    0.02918508940516   -0.01090224170210    0.03409557761684    0.00567410395321  
  6.230000   -0.00534481598246    0.02896975878602   -0.01081233212230    0.03386751350419    0.00572212431358  
  6.240000   -0.00529210311695    0.02875622197956   -0.01072448576225    0.03364449609351    0.00577874612389  
  6.250000   -0.00524001068708    0.02854440042976   -0.01063867407175    0.03342643596469    0.00584444077130  
  6.260000   -0.00518851855253    0.02833420747351   -0.01055485439952    0.03321319870723    0.00591956659810  
  6.270000   -0.00513760546421    0.02812554908620   -0.01047297034649    0.03300460615634    0.00600436527281  
  6.280000   -0.00508724921403    0.02791832470403   -0.01039295225917    0.03280043807795    0.00609895938690  
  6.290000   -0.00503742679538    0.02771242811547   -0.01031471785800    0.03260043428654    0.00620335130149  
  6.300000   -0.00498811457249    0.02750774841330   -0.01023817299500    0.03240429717497    0.00631742325564  
  6.310000   -0.00493928845729    0.02730417099830   -0.01016321253289    0.03221169463165    0.00644093873436  
  6.320000   -0.00489092409203    0.02710157862477   -0.01008972133732    0.03202226331625    0.00657354508145  
  6.330000   -0.00484299703582    0.02689985247805   -0.01001757537223    0.03183561226148    0.00671477732917  
  6.340000   -0.00479548295345    0.02669887327344   -0.00994664288758    0.03165132676537    0.00686406320412  
  6.350000   -0.00474835780456    0.02649852236595   -0.00987678568751    0.03146897253512    0.00702072925629  
  6.360000   -0.00470159803129    0.02629868286015   -0.00980786046643    0.03128810004139    0.00718400804671  
  6.370000   -0.00465518074279    0.02609924070905   -0.00973972019951    0.03110824903926    0.00735304631778  
  6.380000   -0.00460908389451    0.02590008579144   -0.00967221557386    0.03092895321083    0.00752691406055  
  6.390000   -0.00456328646069    0.02570111295695   -0.00960519644575    0.03074974488265    0.00770461438339  
  6.400000   -0.00451776859831    0.02550222302844   -0.00953851330950    0.03057015977060    0.00788509407845  
  6.410000   -0.00447251180082    0.02530332375180   -0.00947201876302    0.03038974170441    0.00806725477497  
  6.420000   -0.00442749904016    0.02510433068358   -0.00940556895526    0.03020804728399    0.00824996456239  
  6.430000   -0.00438271489560    0.02490516800748   -0.00933902500103    0.03002465042052    0.00843206996123  
  6.440000   -0.00433814566808    0.02470576927138   -0.00927225434856    0.02983914671609    0.00861240811632  
  6.450000   -0.00429377947892    0.02450607803730   -0.00920513208625    0.02965115763733    0.00878981908433  
  6.460000   -0.00424960635179    0.02430604843748   -0.00913754217488    0.02946033444043    0.00896315808697  
  6.470000   -0.00420561827708    0.02410564563077   -0.00906937859304    0.02926636180719    0.00913130760136  
  6.480000   -0.00416180925794    0.02390484615415   -0.00900054638369    0.02906896115477    0.00929318916066  
  6.490000   -0.00411817533753    0.02370363816555   -0.00893096259122    0.02886789358474    0.00944777474160  
  6.500000   -0.00407471460689    0.02350202157495   -0.00886055707928    0.02866296244077    0.00959409761920  
  6.510000   -0.00403142719353    0.02330000806186   -0.00878927322063    0.02845401544802    0.00973126257513  
  6.520000   -0.00398831523048    0.02309762097825   -0.00871706845201    0.02824094641142    0.00985845535251  
  6.530000   -0.00394538280609    0.02289489513746   -0.00864391468775    0.02802369645438    0.00997495125805  
  6.540000   -0.00390263589502    0.02269187649017   -0.00856979858780    0.02780225478410    0.01008012282130  
  6.550000   -0.00386008227080    0.02248862169012   -0.00849472167689    0.02757665897427    0.01017344643048  
  6.560000   -0.00381773140082    0.02228519755302   -0.00841870031336    0.02734699476067    0.01025450787522  
  6.570000   -0.00377559432456    0.02208168041325   -0.00834176550735    0.02711339535031    0.01032300673790  
  6.580000   -0.00373368351622    0.02187815538398   -0.00826396258990    0.02687604024927    0.01037875958722  
  6.590000   -0.00369201273287    0.02167471552725   -0.00818535073572    0.02663515361949    0.01042170194026  
  6.600000   -0.00365059684951    0.02147146094135   -0.00810600234401    0.02639100217939    0.01045188897206  
  6.610000   -0.00360945168260    0.02126849777404   -0.00802600228323    0.02614389266780    0.01046949496481  
  6.620000   -0.00356859380356    0.02106593717034   -0.00794544700680    0.02589416889502    0.01047481150204  
  6.630000   -0.00352804034404    0.02086389416487   -0.00786444354835    0.02564220840934    0.01046824442617  
  6.640000   -0.00348780879475    0.02066248652890   -0.00778310840626    0.02538841881074    0.01045030959067  
  6.650000   -0.00344791679974    0.02046183358294   -0.00770156632814    0.02513323374773    0.01042162745101  
  6.660000   -0.00340838194794    0.02026205498605   -0.00761994900742    0.02487710863601    0.01038291655014  
  6.670000   -0.00336922156418    0.02006326951343   -0.00753839370463    0.02462051614086    0.01033498596652  
  6.680000   -0.00333045250141    0.01986559383379   -0.00745704180711    0.02436394146769    0.01027872680298  
  6.690000   -0.00329209093627    0.01966914129841   -0.00737603734129    0.02410787750691    0.01021510280506  
  6.700000   -0.00325415216997    0.01947402075342   -0.00729552545243    0.02385281988122    0.01014514020664  
  6.710000   -0.00321665043627    0.01928033538695   -0.00721565086692    0.02359926194454    0.01006991690866  
  6.720000   -0.00317959871870    0.01908818162236   -0.00713655635258    0.02334768978213    0.00999055110385  
  6.730000   -0.00314300857848    0.01889764806855   -0.00705838119229    0.02309857726206    0.00990818946627  
  6.740000   -0.00310688999520    0.01870881453764   -0.00698125968649    0.02285238118747    0.00982399502899  
  6.750000   -0.00307125122157    0.01852175114006   -0.00690531969963    0.02260953659856    0.00973913487683  
  6.760000   -0.00303609865390    0.01833651746611   -0.00683068126526    0.02237045227170    0.00965476778282  
  6.770000   -0.00300143671963    0.01815316186248   -0.00675745526420    0.02213550646136    0.00957203191796  
  6.780000   -0.00296726778299    0.01797172081136   -0.00668574218909    0.02190504292845    0.00949203276318  
  6.790000   -0.00293359206994    0.01779221841871   -0.00661563100830    0.02167936729567    0.00941583135046  
  6.800000   -0.00290040761320    0.01761466601746   -0.00654719814097    0.02145874376787    0.00934443295652  
  6.810000   -0.00286771021803    0.01743906189029   -0.00648050655378    0.02124339225134    0.00927877636838  
  6.820000   -0.00283549344925    0.01726539111544   -0.00641560498931    0.02103348590277    0.00921972383387  
  6.830000   -0.00280374863980    0.01709362553807   -0.00635252733411    0.02082914913399    0.00916805180322  
  6.840000   -0.00277246492088    0.01692372386831   -0.00629129213352    0.02063045609452    0.00912444256014  
  6.850000   -0.00274162927364    0.01675563190625   -0.00623190225884    0.02043742964914    0.00908947683100  
  6.860000   -0.00271122660200    0.01658928289242   -0.00617434473086    0.02025004086296    0.00906362745135  
  6.870000   -0.00268123982618    0.01642459798189   -0.00611859070223    0.02006820900151    0.00904725415763  
  6.880000   -0.00265164999615    0.01626148683806   -0.00606459559977    0.01989180204835    0.00904059956053  
  6.890000   -0.00262243642412    0.01609984834190   -0.00601229942604    0.01972063773743    0.00904378634436  
  6.900000   -0.00259357683506    0.01593957141067   -0.00596162721793    0.01955448509261    0.00905681572370  
  6.910000   -0.00256504753383    0.01578053591939   -0.00591248965859    0.01939306646160    0.00907956717611  
  6.920000   -0.00253682358767    0.01562261371738   -0.00586478383748    0.01923606002650    0.00911179945612  
  6.930000   -0.00250887902230    0.01546566973093   -0.00581839415164    0.01908310276869    0.00915315288247  
  6.940000   -0.00248118703012    0.01530956314268   -0.00577319334005    0.01893379386099    0.00920315287731  
  6.950000   -0.00245372018840    0.01515414863730   -0.00572904364162    0.01878769845574    0.00926121472335  
  6.960000   -0.00242645068585    0.01499927770238   -0.00568579806588    0.01864435183350    0.00932664949169  
  6.970000   -0.00239935055518    0.01484479997283   -0.00564330176456    0.01850326387334    0.00939867108129  
  6.980000   -0.00237239190982    0.01469056460687   -0.00560139349088    0.01836392380228    0.00947640429937  
  6.990000   -0.00234554718253    0.01453642168086   -0.00555990713280    0.01822580517859    0.00955889390069  
  7.000000   -0.00231878936362    0.01438222359034   -0.00551867330537    0.01808837106119    0.00964511449420  
  7.010000   -0.00229209223681    0.01422782644438   -0.00547752098689    0.01795107931516    0.00973398121576  
  7.020000   -0.00226543061022    0.01407309144023   -0.00543627918297    0.01781338800208    0.00982436105803  
  7.030000   -0.00223878054062    0.01391788620542   -0.00539477860220    0.01767476080253    0.00991508474107  
  7.040000   -0.00221211954856    0.01376208609479   -0.00535285332718    0.01753467241776    0.01000495900187  
  7.050000   -0.00218542682251    0.01360557542998   -0.00531034246414    0.01739261389742    0.01009277917603  
  7.060000   -0.00215868340990    0.01344824866959   -0.00526709175523    0.01724809784049    0.01017734194167  
  7.070000   -0.00213187239329    0.01329001149866   -0.00522295513695    0.01710066341792    0.01025745809365  
  7.080000   -0.00210497904980    0.01313078182685   -0.00517779622951    0.01694988116652    0.01033196521559  
  7.090000   -0.00207799099238    0.01297049068531   -0.00513148974187    0.01679535750598    0.01039974011783  
  7.100000   -0.00205089829121    0.01280908301337   -0.00508392277818    0.01663673893307    0.01045971091160  
  7.110000   -0.00202369357422    0.01264651832664   -0.00503499603234    0.01647371585013    0.01051086859311  
  7.120000   -0.00199637210531    0.01248277125982   -0.00498462485817    0.01630602598823    0.01055227801595  
  7.130000   -0.00196893183974    0.01231783197780   -0.00493274020404    0.01613345738901    0.01058308813619  
  7.140000   -0.00194137345551    0.01215170645054   -0.00487928940187    0.01595585091343    0.01060254142177  
  7.150000   -0.00191370036072    0.01198441658788   -0.00482423680193    0.01577310225005    0.01060998232593  
  7.160000   -0.00188591867615    0.01181600023193   -0.00476756424625    0.01558516339989    0.01060486473402  
  7.170000   -0.00185803719339    0.01164651100585   -0.00470927137492    0.01539204362027    0.01058675830291  
  7.180000   -0.00183006730835    0.01147601801925   -0.00464937576116    0.01519380981479    0.01055535362390  
  7.190000   -0.00180202293078    0.01130460543154   -0.00458791287286    0.01499058636194    0.01051046615130  
  7.200000   -0.00177392037013    0.01113237187606   -0.00452493585948    0.01478255438038    0.01045203885169  
  7.210000   -0.00174577819882    0.01095942974882   -0.00446051516551    0.01456995043405    0.01038014354176  
  7.220000   -0.00171761709370    0.01078590436724   -0.00439473797273    0.01435306468578    0.01029498089578  
  7.230000   -0.00168945965708    0.01061193300517   -0.00432770747565    0.01413223851350    0.01019687911758  
  7.240000   -0.00166133021863    0.01043766381191   -0.00425954199579    0.01390786160812    0.01008629128507  
  7.250000   -0.00163325461976    0.01026325462373   -0.00419037394237    0.01368036857744    0.00996379138943  
  7.260000   -0.00160525998231    0.01008887167764   -0.00412034862798    0.01345023508508    0.00983006910397  
  7.270000   -0.00157737446332    0.00991468823801   -0.00404962294996    0.01321797355831    0.00968592333109  
  7.280000   -0.00154962699798    0.00974088314745   -0.00397836394873    0.01298412850248    0.00953225458794  
  7.290000   -0.00152204703302    0.00956763931417   -0.00390674725625    0.01274927146425    0.00937005630386  
  7.300000   -0.00149466425260    0.00939514214862   -0.00383495544847    0.01251399568886    0.00920040511342  
  7.310000   -0.00146750829923    0.00922357796270   -0.00376317631678    0.01227891052020    0.00902445023974  
  7.320000   -0.00144060849197    0.00905313234548   -0.00369160107436    0.01204463559495    0.00884340207208  
  7.330000   -0.00141399354452    0.00888398852923   -0.00362042251380    0.01181179488433    0.00865852005020  
  7.340000   -0.00138769128543    0.00871632576018   -0.00354983313330    0.01158101063872    0.00847109997538  
  7.350000   -0.00136172838316    0.00855031768814   -0.00348002324876    0.01135289729157    0.00828246087421  
  7.360000   -0.00133613007819    0.00838613078919   -0.00341117910941    0.01112805537980    0.00809393154595  
  7.370000   -0.00131091992468    0.00822392283524   -0.00334348103495    0.01090706553786    0.00790683692821  
  7.380000   -0.00128611954391    0.00806384142421   -0.00327710159152    0.01069048262232    0.00772248441748  
  7.390000   -0.00126174839184    0.00790602258357   -0.00321220382400    0.01047883002263    0.00754215028237  
  7.400000   -0.00123782354269    0.00775058945984   -0.00314893956150    0.01027259421248    0.00736706630628  
  7.410000   -0.00121435949062    0.00759765110542   -0.00308744781203    0.01007221959357    0.00719840679478  
  7.420000   -0.00119136797120    0.00744730137319   -0.00302785326180    0.00987810368111    0.00703727607905  
  7.430000   -0.00116885780417    0.00729961792821   -0.00297026489344    0.00969059267669    0.00688469664202  
  7.440000   -0.00114683475882    0.00715466138404   -0.00291477473596    0.00950997747030    0.00674159798740  
  7.450000   -0.00112530144286    0.00701247456960   -0.00286145675803    0.00933649010792    0.00660880636383  
  7.460000   -0.00110425721533    0.00687308193007   -0.00281036591419    0.00917030075552    0.00648703544686  
  7.470000   -0.00108369812371    0.00673648906250   -0.00276153735144    0.00901151518334    0.00637687807003  
  7.480000   -0.00106361686457    0.00660268238327   -0.00271498578124    0.00886017278582    0.00627879908352  
  7.490000   -0.00104400276656    0.00647162892050   -0.00267070501890    0.00871624514310    0.00619312940297  
  7.500000   -0.00102484179359    0.00634327621859   -0.00262866768845    0.00857963511773    0.00612006129367  
  7.510000   -0.00100611656487    0.00621755233606   -0.00258882508725    0.00845017646672    0.00605964491406  
  7.520000   -0.00098780638719    0.00609436590975   -0.00255110719894    0.00832763393146    0.00601178611800  
  7.530000   -0.00096988729315    0.00597360624877   -0.00251542283740    0.00821170374886    0.00597624548661  
  7.540000   -0.00095233207735    0.00585514341142   -0.00248165989731    0.00810201450317    0.00595263852630  
  7.550000   -0.00093511032021    0.00573882820597   -0.00244968567858    0.00799812821162    0.00594043693072  
  7.560000   -0.00091818838728    0.00562449204413   -0.00241934724314    0.00789954150810    0.00593897075926  
  7.570000   -0.00090152938951    0.00551194656430   -0.00239047175306    0.00780568675836    0.00594743133496  
  7.580000   -0.00088509308834    0.00540098293238   -0.00236286673030    0.00771593291117    0.00596487461161  
  7.590000   -0.00086883572864    0.00529137072336   -0.00233632017063    0.00762958586630    0.00599022470731  
  7.600000   -0.00085270978250    0.00518285629008   -0.00231060044060    0.00754588812639    0.00602227725554  
  7.610000   -0.00083666358984    0.00507516054124   -0.00228545588782    0.00746401750613    0.00605970219384  
  7.620000   -0.00082064088630    0.00496797608197   -0.00226061410519    0.00738308470530    0.00610104560739  
  7.630000   -0.00080458021835    0.00486096372418   -0.00223578081205    0.00730212962574    0.00614473028543  
  7.640000   -0.00078841425857    0.00475374845257   -0.00221063835342    0.00722011643710    0.00618905475157  
  7.650000   -0.00077206905268    0.00464591504107   -0.00218484387562    0.00713592758318    0.00623219071512  
  7.660000   -0.00075546325406    0.00453700365362   -0.00215802731580    0.00704835717934    0.00627217917765  
  7.670000   -0.00073850743022    0.00442650593022   -0.00212978944422    0.00695610458213    0.00630692583093  
  7.680000   -0.00072110355892    0.00431386224731   -0.00209970031963    0.00685776930963    0.00633419690226  
  7.690000   -0.00070314486592    0.00419846103561   -0.00206729865390    0.00675184893290    0.00635161722580  
  7.700000   -0.00068451618865    0.00407964121945   -0.00203209272013    0.00663674201027    0.00635667300838  
  7.710000   -0.00066509507574    0.00395669897892   -0.00199356356265    0.00651075854019    0.00634672244833  
  7.720000   -0.00064475384447    0.00382890009772   -0.00195117135502    0.00637214069336    0.00631901796137  
  7.730000   -0.00062336281098    0.00369549910418   -0.00190436577601    0.00621909666202    0.00627074414255  
  7.740000   -0.00060079487368    0.00355576620507   -0.00185260120480    0.00604985023802    0.00619907560086  
  7.750000   -0.00057693156395    0.00340902261721   -0.00179535734719    0.00586270811180    0.00610125829140  
  7.760000   -0.00055167057487    0.00325468430136   -0.00173216557289    0.00565614580023    0.00597471680138  
  7.770000   -0.00052493463946    0.00309231329823   -0.00166264075954    0.00542891153040    0.00581718812935  
  7.780000   -0.00049668145858    0.00292167488414   -0.00158651781111    0.00518014535604    0.00562687981526  
  7.790000   -0.00046691418556    0.00274279766554   -0.00150369127588    0.00490950836251    0.00540264692447  
  7.800000   -0.00043569177686    0.00255603261162   -0.00141425569035    0.00461731421054    0.00514417858042  
  7.810000   -0.00040313833650    0.00236210600859   -0.00131854350109    0.00430465274626    0.00485218083557  
  7.820000   -0.00036945044450    0.00216216055617   -0.00121715677109    0.00397349330204    0.00452853915050  
  7.830000   -0.00033490139187    0.00195777847349   -0.00111098847506    0.00362675400627    0.00417644118252  
  7.840000   -0.00029984127434    0.00175098068137   -0.00100122914396    0.00326832327970    0.00380043956046  
  7.850000   -0.00026469204304    0.00154419699076   -0.00088935502678    0.00290302103065    0.00340643536912  
  7.860000   -0.00022993688152    0.00134020380233   -0.00077709485467    0.00253649005687    0.00300156655702  
  7.870000   -0.00019610367222    0.00114202808091   -0.00066637372209    0.00217501282536    0.00259399153302  
  7.880000   -0.00016374280826    0.00095281918861   -0.00055923447556    0.00182525492188    0.00219256662023  
  7.890000   -0.00013340016331    0.00077569332682   -0.00045773918803    0.00149394359274    0.00180642621513  
  7.900000   -0.00010558659889    0.00061355855076   -0.00036385559092    0.00118749728125    0.00144448552460  
  7.910000   -0.00008074590339    0.00046893122788   -0.00027933548564    0.00091162906559    0.00111489641470  
  7.920000   -0.00005922345431    0.00034375704014   -0.00020559388598    0.00067095254008    0.00082449583872  
  7.930000   -0.00004123811369    0.00023925083945   -0.00014359869142    0.00046862209465    0.00057829218244  
  7.940000   -0.00002685986022    0.00015576959363   -0.00009378084878    0.00030604005547    0.00037903655345  
  7.950000   -0.00001599540496    0.00009273117060   -0.00005597410395    0.00018266035390    0.00022692284790  
  7.960000   -0.00000838353391    0.00004858882168   -0.00002939156824    0.00009591226850    0.00011945221008  
  7.970000   -0.00000360120420    0.00002086713352   -0.00001264354637    0.00004125872659    0.00005148476211  
  7.980000   -0.00000108055133    0.00000626027244   -0.00000379763809    0.00001239245267    0.00001548535602  
  7.990000   -0.00000013602936    0.00000078802533   -0.00000047837570    0.00000156102863    0.00000195224811  
  8.000000    0.00000000000000    0.00000000000000    0.00000000000000    0.00000000000000   -0.00000000000000  
