0	0.008106612743925472
1	0.007604769497762825
2	0.007176624893903669
3	0.006816152807159794
4	0.006512002836273014
5	0.006255611844435145
6	0.00604651474813345
7	0.0059013213579445405
8	0.0058445007572907924
9	0.005879238268169565
10	0.00595197807389199
11	0.005993631182437918
12	0.005986064068408529
13	0.005943826263503067
14	0.005886810951034483
15	0.005830713013759084
16	0.005784980154995879
17	0.005753262081832545
18	0.005734951966910359
19	0.005727072988298371
20	0.005725890624475884
21	0.005727939742292345
22	0.005730496945079544
23	0.005731690204155981
24	0.005730428105352617
25	0.005726260616205072
26	0.0057192247101924614
27	0.0057096968741253504
28	0.0056982614007196055
29	0.005685598328525294
30	0.005672392705856615
31	0.00565926558904468
32	0.005646726160277357
33	0.005635143356089076
34	0.005624734581070523
35	0.005615568783330762
36	0.005607581522900708
37	0.0056006002832429125
38	0.005594378397181193
39	0.005588635044324566
40	0.005583097077889204
41	0.00557753697407789
42	0.005571801076057178
43	0.005565823927959027
44	0.005559627315083017
45	0.005553305606959241
46	0.005547001277339901
47	0.005540875685682735
48	0.005535080377278019
49	0.00552973347469436
50	0.005524904405460368
51	0.005520608490446949
52	0.0055168110999857575
53	0.005513439474076056
54	0.005510399159996609
55	0.005507591525067558
56	0.005504929020305629
57	0.005502345724973376
58	0.0054998019701151075
59	0.00549728320295278
60	0.005494794391191568
61	0.005492351942777591
62	0.005489975241815711
63	0.005487679533808528
64	0.005485471207508006
65	0.0054833457482006895
66	0.0054812879972497685
67	0.005479273986897631
68	0.005477273555723581
69	0.00547525311130361
70	0.005473178159169977
71	0.005471015436938495
72	0.00546873461319552
73	0.005466309536824823
74	0.0054637190061645295
75	0.005460947029109047
76	0.005457982597908343
77	0.005454819096805213
78	0.005451453555156167
79	0.005447886004494345
80	0.005444119165614388
81	0.005440158585017636
82	0.005436013193286272
83	0.0054316961195370675
84	0.005427225508333097
85	0.005422625069883984
86	0.005417924147749754
87	0.005413157188409613
88	0.005408362613919771
89	0.005403581204999898
90	0.005398854178855441
91	0.005394221185316353
92	0.005389718446129649
93	0.005385377230030174
94	0.0053812227981531345
95	0.00537727388052837
96	0.005373542667184914
97	0.005370035230586814
98	0.005366752252212016
99	0.005363689912540753
100	0.0053608408196534115
101	0.005358194887816427
102	0.005355740119405688
103	0.005353463277698515
104	0.0053513504568369055
105	0.005349387558984162
106	0.005347560683720425
107	0.005345856429094263
108	0.0053442621030301285
109	0.005342765849025528
110	0.0053413566984289555
111	0.005340024568661358
112	0.005338760229089922
113	0.005337555253030943
114	0.00533640196730461
115	0.005335293403137843
116	0.0053342232471056674
117	0.005333185789723284
118	0.005332175871860511
119	0.005331188833267617
120	0.005330220470638949
121	0.005329267012914836
122	0.005328325118320323
123	0.00532739189203181
124	0.005326464917213337
125	0.005325542287677055
126	0.005324622629048906
127	0.005323705097435876
128	0.005322789349503058
129	0.0053218754840121
130	0.005320963960574791
131	0.005320055505320267
132	0.005319151014610136
133	0.005318251466976588
134	0.0053173578507331835
135	0.005316471111082587
136	0.0053155921169915936
137	0.00531472164525169
138	0.005313860377378403
139	0.005313008904407482
140	0.005312167735003794
141	0.005311337303370495
142	0.005310517974831737
143	0.005309710048346987
144	0.0053089137563986704
145	0.005308129263426402
146	0.005307356664298652
147	0.005306595984240155
148	0.005305847181239947
149	0.00530511015146712
150	0.00530438473769625
151	0.005303670740314569
152	0.0053029679301882186
153	0.0053022760625073325
154	0.0053015948906827495
155	0.005300924179410988
156	0.0053002637161187706
157	0.005299613320116965
158	0.005298972848973062
159	0.0052983422017590385
160	0.005297721319086296
161	0.005297110179972905
162	0.0052965087959105615
163	0.005295917202636957
164	0.005295335450371515
165	0.005294763593386247
166	0.005294201679923562
167	0.005293649743380887
168	0.0052931077956083015
169	0.0052925758228796315
170	0.005292053784774488
171	0.005291541615840213
172	0.005291039229543245
173	0.00529054652376621
174	0.005290063386962567
175	0.005289589704102472
176	0.005289125361662268
177	0.005288670251217918
178	0.005288224271414922
179	0.0052877873284255025
180	0.005287359335205496
181	0.005286940209946825
182	0.005286529874179331
183	0.005286128250851111
184	0.005285735262617873
185	0.005285350830412702
186	0.005284974872252161
187	0.005284607302164145
188	0.0052842480291449105
189	0.005283896956035587
190	0.005283553978348047
191	0.005283218983073842
192	0.005282891847593787
193	0.005282572438811577
194	0.005282260612609449
195	0.005281956213689164
196	0.005281659075830198
197	0.005281369022510606
198	0.005281085867838443
199	0.005280809417703695
200	0.005280539471078786
201	0.005280275821381691
202	0.005280018257860217
203	0.005279766566945196
204	0.005279520533568111
205	0.005279279942404472
206	0.005279044579056431
207	0.005278814231137159
208	0.005278588689282177
209	0.005278367748038122
210	0.005278151206650275
211	0.005277938869718567
212	0.005277730547723274
213	0.005277526057425143
214	0.005277325222129469
215	0.005277127871850663
216	0.005276933843385095
217	0.005276742980309994
218	0.005276555132957755
219	0.005276370158367327
220	0.005276187920228609
221	0.0052760082888361525
222	0.005275831141059521
223	0.005275656360288622
224	0.0052754838363742555
225	0.0052753134655440246
226	0.005275145150279568
227	0.005274978799154352
228	0.00527481432662723
229	0.005274651652819921
230	0.005274490703256496
231	0.005274331408598429
232	0.0052741737043851995
233	0.0052740175307678045
234	0.0052738628322535315
235	0.0052737095574637025
236	0.005273557658904499
237	0.005273407092721831
238	0.005273257818499981
239	0.005273109799033131
240	0.005272963000132078
241	0.005272817390424037
242	0.005272672941190293
243	0.005272529626196102
244	0.005272387421545179
245	0.005272246305535663
246	0.005272106258547766
247	0.005271967262909761
248	0.005271829302788765
249	0.005271692364084005
250	0.00527155643431973
251	0.005271421502551755
252	0.005271287559273687
253	0.005271154596335678
254	0.005271022606850167
255	0.005270891585137785
256	0.00527076152663556
257	0.005270632427847768
258	0.005270504286274107
259	0.005270377100361202
260	0.005270250869443835
261	0.005270125593694537
262	0.00527000127408205
263	0.005269877912314961
264	0.005269755510810042
265	0.005269634072644008
266	0.005269513601518382
267	0.005269394101715696
268	0.005269275578060436
269	0.005269158035893915
270	0.005269041481012798
271	0.005268925919658212
272	0.00526881135845625
273	0.005268697804392181
274	0.005268585264768767
275	0.005268473747170051
276	0.005268363259428416
277	0.005268253809584325
278	0.005268145405853452
279	0.005268038056590992
280	0.0052679317702575505
281	0.005267826555387588
282	0.005267722420550238
283	0.00526761937432711
284	0.00526751742526865
285	0.00526741658187343
286	0.005267316852549216
287	0.0052672182455906005
288	0.005267120769146358
289	0.005267024431185761
290	0.005266929239479619
291	0.005266835201569839
292	0.005266742324745566
293	0.005266650616005595
294	0.0052665600820517786
295	0.005266470729250833
296	0.005266382563624763
297	0.005266295590814527
298	0.005266209816070634
299	0.005266125244229558
300	0.005266041879697514
301	0.005265959726428898
302	0.005265878787909921
303	0.005265799067150269
304	0.005265720566663782
305	0.005265643288451933
306	0.005265567234002331
307	0.005265492404269544
308	0.00526541879966921
309	0.005265346420071598
310	0.005265275264792431
311	0.005265205332584619
312	0.005265136621645499
313	0.005265069129595671
314	0.0052650028534950355
315	0.005264937789832873
316	0.005264873934526897
317	0.00526481128292761
318	0.005264749829823042
319	0.005264689569444288
320	0.005264630495461589
321	0.005264572600999358
322	0.005264515878641705
323	0.00526446032043593
324	0.0052644059179116605
325	0.005264352662081285
326	0.005264300543455806
327	0.005264249552057638
328	0.005264199677432954
329	0.005264150908662077
330	0.005264103234382861
331	0.005264056642796849
332	0.005264011121690696
333	0.005263966658449442
334	0.005263923240077421
335	0.005263880853216378
336	0.0052638394841557365
337	0.005263799118865359
338	0.005263759742998149
339	0.005263721341925052
340	0.005263683900741278
341	0.005263647404299685
342	0.005263611837216587
343	0.00526357718390251
344	0.005263543428577456
345	0.005263510555292744
346	0.005263478547948467
347	0.005263447390319883
348	0.005263417066068086
349	0.005263387558766602
350	0.005263358851918339
351	0.005263330928975531
352	0.005263303773355627
353	0.005263277368462644
354	0.0052632516977053415
355	0.005263226744513414
356	0.00526320249235446
357	0.0052631789247506
358	0.005263156025297353
359	0.005263133777671891
360	0.005263112165654995
361	0.005263091173146184
362	0.005263070784171346
363	0.005263050982899026
364	0.005263031753653543
365	0.005263013080925213
366	0.005262994949386796
367	0.005262977343892007
368	0.0052629602494984155
369	0.005262943651472786
370	0.005262927535292283
371	0.005262911886664952
372	0.005262896691523187
373	0.005262881936044388
374	0.005262867606647738
375	0.005262853690000098
376	0.005262840173027666
377	0.005262827042908733
378	0.005262814287086122
379	0.005262801893270859
380	0.005262789849438117
381	0.005262778143835857
382	0.005262766764978237
383	0.0052627557016553615
384	0.005262744942930191
385	0.005262734478134476
386	0.005262724296877772
387	0.005262714389035767
388	0.005262704744753101
389	0.0052626953544496645
390	0.005262686208806232
391	0.005262677298767433
392	0.005262668615546937
393	0.005262660150603308
394	0.005262651895665267
395	0.005262643842704957
396	0.005262635983946875
397	0.005262628311857171
398	0.005262620819144036
399	0.0052626134987546706
400	0.005262606343864813
401	0.005262599347878918
402	0.005262592504426237
403	0.005262585807352773
404	0.005262579250715392
405	0.00526257282878719
406	0.005262566536037046
407	0.005262560367138534
408	0.005262554316955154
409	0.005262548380539954
410	0.005262542553133928
411	0.005262536830148384
412	0.005262531207175805
413	0.005262525679974452
414	0.005262520244466919
415	0.005262514896734733
416	0.0052625096330123355
417	0.005262504449682197
418	0.005262499343275367
419	0.005262494310458383
420	0.005262489348035567
421	0.0052624844529377416
422	0.005262479622225161
423	0.00526247485308196
424	0.005262470142800863
425	0.005262465488799397
426	0.005262460888591557
427	0.0052624563398064395
428	0.005262451840167147
429	0.005262447387498415
430	0.005262442979715503
431	0.005262438614827504
432	0.005262434290922106
433	0.005262430006176356
434	0.0052624257588471095
435	0.005262421547263469
436	0.005262417369827549
437	0.005262413225014922
438	0.005262409111367567
439	0.005262405027487985
440	0.00526240097204661
441	0.0052623969437669525
442	0.005262392941428458
443	0.005262388963872211
444	0.005262385009981211
445	0.0052623810786939906
446	0.005262377168993679
447	0.0052623732799075805
448	0.005262369410506855
449	0.005262365559904249
450	0.005262361727249523
451	0.005262357911731735
452	0.005262354112573373
453	0.005262350329030317
454	0.005262346560393831
455	0.005262342805983375
456	0.005262339065148892
457	0.005262335337264841
458	0.005262331621734007
459	0.005262327917986913
460	0.0052623242254750905
461	0.0052623205436735125
462	0.005262316872077941
463	0.005262313210207198
464	0.005262309557596736
465	0.005262305913800943
466	0.005262302278394306
467	0.00526229865096549
468	0.005262295031119748
469	0.0052622914184798555
470	0.0052622878126777775
471	0.005262284213364565
472	0.005262280620200055
473	0.005262277032858991
474	0.005262273451027252
475	0.005262269874401881
476	0.0052622663026859196
477	0.005262262735600683
478	0.0052622591728715105
479	0.0052622556142338656
480	0.005262252059430951
481	0.005262248508216105
482	0.005262244960344864
483	0.005262241415589876
484	0.0052622378737226284
485	0.005262234334522033
486	0.005262230797776726
487	0.005262227263277382
488	0.00526222373082324
489	0.005262220200216701
490	0.005262216671266501
491	0.0052622131437864835
492	0.005262209617594172
493	0.005262206092509934
494	0.005262202568360906
495	0.005262199044978661
496	0.0052621955221940145
497	0.005262191999846864
498	0.005262188477775193
499	0.005262184955823151
500	0.005262181433839717
501	0.005262177911670406
502	0.005262174389170964
503	0.005262170866195658
504	0.005262167342600189
505	0.005262163818244448
506	0.005262160292991579
507	0.005262156766706
508	0.005262153239251607
509	0.005262149710498645
510	0.0052621461803147316
511	0.00526214264857346
512	0.005262139115146681
513	0.005262135579910335
514	0.005262132042740888
515	0.005262128503515288
516	0.005262124962113075
517	0.005262121418415857
518	0.005262117872301294
519	0.0052621143236594985
520	0.005262110772369379
521	0.005262107218317958
522	0.00526210366139227
523	0.005262100101478579
524	0.005262096538468458
525	0.005262092972245266
526	0.005262089402705118
527	0.005262085829734726
528	0.005262082253230863
529	0.005262078673082163
530	0.005262075089184682
531	0.005262071501430111
532	0.005262067909717589
533	0.005262064313938809
534	0.0052620607139916365
535	0.005262057109773595
536	0.005262053501180668
537	0.005262049888113839
538	0.005262046270467217
539	0.005262042648142952
540	0.0052620390210410106
541	0.0052620353890613265
542	0.005262031752105499
543	0.005262028110072141
544	0.005262024462864382
545	0.005262020810382915
546	0.005262017152531582
547	0.005262013489213659
548	0.005262009820331009
549	0.005262006145787701
550	0.00526200246548727
551	0.005261998779332805
552	0.0052619950872312814
553	0.005261991389085801
554	0.005261987684802271
555	0.005261983974286409
556	0.005261980257441001
557	0.005261976534176159
558	0.005261972804393545
559	0.0052619690680034935
560	0.005261965324911277
561	0.00526196157502162
562	0.005261957818243937
563	0.005261954054483858
564	0.005261950283651361
565	0.005261946505650451
566	0.0052619427203904985
567	0.005261938927779428
568	0.005261935127724894
569	0.005261931320134293
570	0.005261927504916557
571	0.005261923681981284
572	0.005261919851233679
573	0.005261916012587074
574	0.005261912165944026
575	0.005261908311218207
576	0.005261904448316161
577	0.005261900577146017
578	0.005261896697618063
579	0.005261892809640806
580	0.005261888913122248
581	0.005261885007973847
582	0.005261881094103254
583	0.005261877171416742
584	0.005261873239829179
585	0.005261869299243358
586	0.005261865349573158
587	0.005261861390725783
588	0.005261857422609758
589	0.005261853445133566
590	0.005261849458207773
591	0.005261845461741054
592	0.005261841455641757
593	0.005261837439819002
594	0.005261833414181108
595	0.005261829378635667
596	0.005261825333095781
597	0.005261821277464255
598	0.005261817211653313
599	0.005261813135570251
600	0.00526180904912329
601	0.005261804952219587
602	0.005261800844770975
603	0.005261796726679248
604	0.00526179259785846
605	0.0052617884582121174
606	0.0052617843076502475
607	0.005261780146078361
608	0.005261775973406558
609	0.005261771789539421
610	0.005261767594386145
611	0.005261763387851369
612	0.005261759169843354
613	0.0052617549402682005
614	0.005261750699031795
615	0.005261746446040774
616	0.005261742181201606
617	0.005261737904418679
618	0.005261733615598071
619	0.005261729314647242
620	0.005261725001468785
621	0.005261720675970319
622	0.005261716338054801
623	0.0052617119876259
624	0.005261707624590634
625	0.005261703248851838
626	0.005261698860313985
627	0.005261694458877449
628	0.005261690044448831
629	0.005261685616931795
630	0.005261681176230005
631	0.0052616767222415425
632	0.005261672254873614
633	0.005261667774025758
634	0.005261663279599427
635	0.005261658771498477
636	0.005261654249623691
637	0.005261649713875033
638	0.005261645164150956
639	0.005261640600357361
640	0.005261636022392932
641	0.005261631430153664
642	0.005261626823542476
643	0.005261622202458661
644	0.005261617566799891
645	0.005261612916463704
646	0.0052616082513517615
647	0.005261603571361826
648	0.00526159887638754
649	0.0052615941663301125
650	0.00526158944108401
651	0.0052615847005475554
652	0.005261579944616334
653	0.005261575173186586
654	0.0052615703861530715
655	0.00526156558341446
656	0.0052615607648599265
657	0.005261555930388351
658	0.005261551079892313
659	0.005261546213265843
660	0.005261541330403319
661	0.005261536431196612
662	0.005261531515538428
663	0.005261526583321002
664	0.005261521634437691
665	0.005261516668778339
666	0.005261511686234954
667	0.005261506686698752
668	0.005261501670057629
669	0.005261496636204212
670	0.005261491585027879
671	0.005261486516416383
672	0.005261481430258636
673	0.005261476326443911
674	0.005261471204860499
675	0.005261466065393851
676	0.005261460907932671
677	0.0052614557323640955
678	0.005261450538572672
679	0.005261445326444245
680	0.005261440095864991
681	0.005261434846720205
682	0.0052614295788943645
683	0.005261424292272519
684	0.0052614189867327245
685	0.005261413662165517
686	0.005261408318450278
687	0.0052614029554681856
688	0.005261397573102237
689	0.005261392171234915
690	0.0052613867497446785
691	0.005261381308514543
692	0.005261375847422044
693	0.005261370366349671
694	0.005261364865173644
695	0.005261359343774687
696	0.0052613538020300195
697	0.005261348239816964
698	0.005261342657013338
699	0.005261337053496612
700	0.005261331429140742
701	0.005261325783823633
702	0.005261320117419146
703	0.005261314429803354
704	0.00526130872085043
705	0.005261302990434664
706	0.005261297238427659
707	0.005261291464703058
708	0.005261285669134583
709	0.005261279851592545
710	0.005261274011950764
711	0.00526126815007724
712	0.005261262265843537
713	0.005261256359120105
714	0.00526125042977682
715	0.005261244477682194
716	0.005261238502703643
717	0.0052612325047101515
718	0.005261226483570404
719	0.005261220439148501
720	0.005261214371314038
721	0.005261208279932413
722	0.005261202164867162
723	0.005261196025985532
724	0.00526118986315105
725	0.005261183676226864
726	0.005261177465079654
727	0.00526117122956834
728	0.005261164969558921
729	0.005261158684912635
730	0.005261152375489717
731	0.0052611460411506605
732	0.0052611396817599295
733	0.005261133297173615
734	0.005261126887252946
735	0.0052611204518561005
736	0.005261113990844631
737	0.005261107504071848
738	0.005261100991399996
739	0.005261094452683456
740	0.005261087887777981
741	0.005261081296542604
742	0.0052610746788312275
743	0.005261068034500183
744	0.005261061363402544
745	0.005261054665392339
746	0.005261047940324574
747	0.005261041188053789
748	0.0052610344084300245
749	0.0052610276013058555
750	0.005261020766533472
751	0.005261013903966091
752	0.005261007013452307
753	0.005261000094841997
754	0.00526099314798774
755	0.00526098617273624
756	0.005260979168937386
757	0.005260972136440606
758	0.005260965075091946
759	0.005260957984741902
760	0.005260950865234119
761	0.005260943716418368
762	0.005260936538139922
763	0.005260929330243608
764	0.005260922092575695
765	0.005260914824980366
766	0.005260907527304574
767	0.005260900199388805
768	0.005260892841078719
769	0.005260885452216939
770	0.00526087803264554
771	0.005260870582210357
772	0.0052608631007501966
773	0.005260855588106879
774	0.005260848044120991
775	0.005260840468634403
776	0.005260832861488722
777	0.005260825222522368
778	0.0052608175515760445
779	0.0052608098484880125
780	0.005260802113097228
781	0.005260794345241958
782	0.00526078654476082
783	0.005260778711491079
784	0.005260770845272826
785	0.005260762945939721
786	0.0052607550133306515
787	0.005260747047280675
788	0.00526073904762801
789	0.005260731014206877
790	0.005260722946851618
791	0.005260714845401313
792	0.005260706709687943
793	0.005260698539546799
794	0.0052606903348133335
795	0.005260682095319627
796	0.005260673820900955
797	0.005260665511391444
798	0.005260657166623238
799	0.005260648786430542
800	0.005260640370645939
801	0.005260631919100786
802	0.005260623431630699
803	0.005260614908064934
804	0.0052606063482364615
805	0.005260597751978544
806	0.005260589119123804
807	0.005260580449499896
808	0.005260571742941585
809	0.005260562999279367
810	0.00526055421834475
811	0.005260545399966518
812	0.0052605365439790455
813	0.00526052765021168
814	0.005260518718495762
815	0.005260509748662605
816	0.005260500740541298
817	0.005260491693963455
818	0.005260482608759695
819	0.0052604734847615485
820	0.005260464321798351
821	0.005260455119700179
822	0.005260445878300706
823	0.005260436597428519
824	0.005260427276914722
825	0.00526041791658944
826	0.005260408516285012
827	0.005260399075832119
828	0.005260389595061553
829	0.005260380073803888
830	0.005260370511893556
831	0.005260360909158415
832	0.005260351265431346
833	0.005260341580545236
834	0.005260331854332486
835	0.0052603220866244416
836	0.005260312277255034
837	0.005260302426054581
838	0.0052602925328596225
839	0.005260282597501599
840	0.0052602726198148105
841	0.005260262599631683
842	0.0052602525367909814
843	0.005260242431123865
844	0.005260232282467481
845	0.00526022209065614
846	0.00526021185552576
847	0.005260201576914507
848	0.0052601912546590655
849	0.0052601808885968625
850	0.005260170478565699
851	0.005260160024403648
852	0.005260149525952312
853	0.005260138983047152
854	0.005260128395533128
855	0.005260117763247822
856	0.005260107086035584
857	0.005260096363735359
858	0.005260085596194676
859	0.005260074783254808
860	0.0052600639247593
861	0.005260053020554496
862	0.00526004207048815
863	0.00526003107440462
864	0.005260020032153488
865	0.0052600089435812115
866	0.005259997808541739
867	0.005259986626881069
868	0.005259975398452634
869	0.005259964123108843
870	0.00525995280070283
871	0.0052599414310907765
872	0.005259930014125773
873	0.005259918549666644
874	0.005259907037570342
875	0.005259895477695826
876	0.005259883869903972
877	0.005259872214056114
878	0.005259860510013726
879	0.005259848757644231
880	0.0052598369568094905
881	0.005259825107376457
882	0.005259813209215329
883	0.005259801262195076
884	0.005259789266186058
885	0.005259777221060469
886	0.005259765126693063
887	0.0052597529829598415
888	0.005259740789736555
889	0.00525972854690224
890	0.0052597162543368756
891	0.005259703911925663
892	0.005259691519548146
893	0.005259679077093819
894	0.005259666584449254
895	0.005259654041501246
896	0.005259641448144007
897	0.005259628804269077
898	0.005259616109771266
899	0.0052596033645474945
900	0.005259590568498432
901	0.005259577721525402
902	0.005259564823528091
903	0.005259551874416638
904	0.005259538874095906
905	0.005259525822476487
906	0.005259512719470596
907	0.005259499564992133
908	0.005259486358958957
909	0.005259473101289784
910	0.005259459791905722
911	0.005259446430730514
912	0.005259433017693001
913	0.005259419552721261
914	0.005259406035747835
915	0.0052593924667047095
916	0.005259378845532914
917	0.005259365172169152
918	0.005259351446556848
919	0.005259337668642913
920	0.005259323838376517
921	0.005259309955708127
922	0.005259296020590267
923	0.005259282032982381
924	0.005259267992845033
925	0.005259253900141864
926	0.00525923975483763
927	0.005259225556904088
928	0.005259211306314132
929	0.005259197003044623
930	0.005259182647075622
931	0.00525916823838944
932	0.0052591537769723085
933	0.00525913926281475
934	0.00525912469591145
935	0.005259110076260849
936	0.00525909540386124
937	0.005259080678716083
938	0.005259065900837503
939	0.005259051070235648
940	0.005259036186927003
941	0.005259021250930477
942	0.005259006262269281
943	0.0052589912209736085
944	0.00525897612707263
945	0.005258960980604122
946	0.00525894578160512
947	0.005258930530123347
948	0.00525891522620432
949	0.005258899869901398
950	0.005258884461271377
951	0.00525886900037581
952	0.005258853487279478
953	0.005258837922051741
954	0.0052588223047699955
955	0.005258806635511435
956	0.00525879091435896
957	0.005258775141401596
958	0.005258759316733814
959	0.005258743440449579
960	0.005258727512655699
961	0.005258711533456397
962	0.0052586955029656855
963	0.005258679421301325
964	0.005258663288581681
965	0.00525864710493892
966	0.005258630870501655
967	0.005258614585408368
968	0.005258598249800591
969	0.00525858186382823
970	0.005258565427641964
971	0.0052585489413994844
972	0.005258532405267555
973	0.005258515819410817
974	0.005258499184005719
975	0.005258482499230653
976	0.005258465765272948
977	0.005258448982321437
978	0.00525843215057339
979	0.005258415270228621
980	0.0052583983414982325
981	0.005258381364591235
982	0.005258364339727591
983	0.005258347267133662
984	0.0052583301470386715
985	0.005258312979678019
986	0.005258295765294374
987	0.005258278504135381
988	0.005258261196455017
989	0.005258243842512709
990	0.005258226442574434
991	0.005258208996912432
992	0.005258191505802614
993	0.005258173969530017
994	0.005258156388383687
995	0.0052581387626612006
996	0.005258121092661846
997	0.005258103378696607
998	0.0052580856210778845
999	0.005258067820126043
1000	0.0052580499761698315
1001	0.005258032089540113
1002	0.00525801416057666
1003	0.005257996189625732
1004	0.005257978177037329
1005	0.005257960123169769
1006	0.005257942028389062
1007	0.005257923893064512
1008	0.005257905717571483
1009	0.005257887502295892
1010	0.0052578692476246015
1011	0.005257850953956164
1012	0.0052578326216892925
1013	0.005257814251234614
1014	0.0052577958430078
1015	0.0052577773974272195
1016	0.005257758914921851
1017	0.005257740395925005
1018	0.005257721840876216
1019	0.005257703250221998
1020	0.005257684624417193
1021	0.005257665963914802
1022	0.005257647269186089
1023	0.005257628540698335
1024	0.005257609778930835
1025	0.005257590984366802
1026	0.005257572157496407
1027	0.005257553298815333
1028	0.00525753440882497
1029	0.005257515488034926
1030	0.005257496536957918
1031	0.005257477556118189
1032	0.0052574585460356
1033	0.0052574395072470205
1034	0.005257420440290392
1035	0.0052574013457092495
1036	0.0052573822240541595
1037	0.005257363075878313
1038	0.005257343901747006
1039	0.005257324702224303
1040	0.005257305477886122
1041	0.0052572862293089094
1042	0.005257266957077718
1043	0.005257247661780887
1044	0.005257228344015875
1045	0.005257209004383012
1046	0.005257189643484828
1047	0.005257170261935897
1048	0.005257150860352155
1049	0.005257131439352874
1050	0.005257111999567741
1051	0.005257092541625071
1052	0.005257073066161824
1053	0.0052570535738223345
1054	0.005257034065250963
1055	0.005257014541097849
1056	0.0052569950020180025
1057	0.005256975448672377
1058	0.005256955881726273
1059	0.005256936301846029
1060	0.005256916709706887
1061	0.005256897105984475
1062	0.005256877491360054
1063	0.00525685786652014
1064	0.005256838232151893
1065	0.005256818588950436
1066	0.00525679893761073
1067	0.005256779278834259
1068	0.005256759613323778
1069	0.005256739941785412
1070	0.005256720264932372
1071	0.0052567005834751835
1072	0.005256680898131993
1073	0.005256661209620801
1074	0.0052566415186655335
1075	0.005256621825991494
1076	0.005256602132325035
1077	0.005256582438394112
1078	0.005256562744935961
1079	0.005256543052682127
1080	0.005256523362369484
1081	0.0052565036747378386
1082	0.005256483990527213
1083	0.0052564643104789106
1084	0.005256444635337831
1085	0.00525642496584859
1086	0.005256405302759653
1087	0.005256385646816862
1088	0.005256365998768782
1089	0.005256346359368626
1090	0.005256326729363299
1091	0.005256307109507212
1092	0.005256287500549057
1093	0.005256267903243144
1094	0.005256248318341543
1095	0.005256228746596486
1096	0.005256209188761283
1097	0.005256189645587892
1098	0.005256170117830192
1099	0.005256150606235479
1100	0.005256131111559102
1101	0.0052561116345500765
1102	0.005256092175959677
1103	0.0052560727365311725
1104	0.0052560533170183735
1105	0.005256033918161865
1106	0.005256014540710874
1107	0.005255995185404228
1108	0.005255975852986804
1109	0.005255956544197407
1110	0.005255937259770714
1111	0.005255918000445206
1112	0.005255898766952095
1113	0.005255879560024107
1114	0.0052558603803854916
1115	0.005255841228765471
1116	0.0052558221058848
1117	0.005255803012463192
1118	0.00525578394921663
1119	0.005255764916859851
1120	0.005255745916099803
1121	0.005255726947647452
1122	0.005255708012199418
1123	0.005255689110460151
1124	0.005255670243121264
1125	0.005255651410874062
1126	0.005255632614405826
1127	0.005255613854399207
1128	0.005255595131533113
1129	0.0052555764464769054
1130	0.005255557799902883
1131	0.005255539192475258
1132	0.005255520624851826
1133	0.005255502097687813
1134	0.005255483611630076
1135	0.005255465167325127
1136	0.005255446765408691
1137	0.0052554284065146045
1138	0.005255410091269503
1139	0.005255391820295918
1140	0.00525537359420801
1141	0.005255355413617886
1142	0.005255337279128593
1143	0.005255319191336623
1144	0.005255301150834588
1145	0.005255283158206212
1146	0.005255265214033175
1147	0.005255247318885284
1148	0.005255229473329986
1149	0.005255211677924859
1150	0.005255193933221981
1151	0.0052551762397706
1152	0.0052551585981056095
1153	0.0052551410087596125
1154	0.005255123472258356
1155	0.005255105989118221
1156	0.005255088559851713
1157	0.005255071184958882
1158	0.005255053864937941
1159	0.005255036600278052
1160	0.005255019391459198
1161	0.00525500223895447
1162	0.005254985143230303
1163	0.005254968104745951
1164	0.00525495112395066
1165	0.005254934201290457
1166	0.005254917337198973
1167	0.005254900532103012
1168	0.005254883786424847
1169	0.005254867100577193
1170	0.005254850474960712
1171	0.005254833909976294
1172	0.005254817406008415
1173	0.005254800963440503
1174	0.0052547845826438925
1175	0.0052547682639842615
1176	0.005254752007816664
1177	0.005254735814491342
1178	0.005254719684348808
1179	0.005254703617720551
1180	0.005254687614932599
1181	0.005254671676299525
1182	0.005254655802133495
1183	0.005254639992731297
1184	0.005254624248388095
1185	0.005254608569386753
1186	0.005254592956004343
1187	0.005254577408508269
1188	0.005254561927160847
1189	0.005254546512214715
1190	0.0052545311639114675
1191	0.005254515882491562
1192	0.0052545006681809486
1193	0.005254485521202292
1194	0.005254470441766235
1195	0.0052544554300784484
1196	0.005254440486337738
1197	0.005254425610732666
1198	0.005254410803445011
1199	0.005254396064648302
1200	0.005254381394509663
1201	0.005254366793189468
1202	0.005254352260836023
1203	0.005254337797591632
1204	0.005254323403597718
1205	0.005254309078977539
1206	0.0052542948238571445
1207	0.005254280638346182
1208	0.005254266522553728
1209	0.005254252476577787
1210	0.005254238500511355
1211	0.00525422459443862
1212	0.0052542107584387186
1213	0.005254196992581344
1214	0.005254183296930142
1215	0.005254169671542196
1216	0.005254156116468359
1217	0.005254142631753078
1218	0.0052541292174292245
1219	0.00525411587352874
1220	0.0052541026000761095
1221	0.005254089397087047
1222	0.005254076264570596
1223	0.005254063202532648
1224	0.005254050210970052
1225	0.005254037289873557
1226	0.0052540244392295776
1227	0.005254011659015477
1228	0.00525399894920558
1229	0.00525398630976767
1230	0.00525397374065849
1231	0.00525396124183917
1232	0.005253948813256927
1233	0.0052539364548545575
1234	0.005253924166570745
1235	0.005253911948339364
1236	0.005253899800086268
1237	0.005253887721734393
1238	0.005253875713200175
1239	0.005253863774394157
1240	0.0052538519052262745
1241	0.005253840105591822
1242	0.0052538283753900145
1243	0.005253816714514765
1244	0.005253805122848752
1245	0.005253793600272439
1246	0.005253782146669138
1247	0.005253770761905722
1248	0.005253759445852366
1249	0.0052537481983722665
1250	0.005253737019323745
1251	0.005253725908562678
1252	0.005253714865938588
1253	0.005253703891300077
1254	0.005253692984487349
1255	0.005253682145338651
1256	0.005253671373689946
1257	0.005253660669370952
1258	0.005253650032208516
1259	0.005253639462027192
1260	0.005253628958644353
1261	0.005253618521878955
1262	0.005253608151540368
1263	0.005253597847438717
1264	0.005253587609379985
1265	0.005253577437168733
1266	0.005253567330602833
1267	0.005253557289477647
1268	0.005253547313589331
1269	0.005253537402723325
1270	0.005253527556672514
1271	0.005253517775218743
1272	0.00525350805814377
1273	0.00525349840522679
1274	0.005253488816246248
1275	0.005253479290974129
1276	0.00525346982918363
1277	0.0052534604306425335
1278	0.005253451095118667
1279	0.005253441822374818
1280	0.005253432612174453
1281	0.005253423464279464
1282	0.005253414378443787
1283	0.005253405354427724
1284	0.00525339639198173
1285	0.005253387490859131
1286	0.005253378650810416
1287	0.005253369871585516
1288	0.005253361152929169
1289	0.005253352494585672
1290	0.005253343896301621
1291	0.0052533353578153195
1292	0.005253326878869571
1293	0.005253318459201371
1294	0.005253310098550895
1295	0.005253301796651365
1296	0.005253293553239914
1297	0.005253285368048647
1298	0.005253277240811125
1299	0.005253269171258115
1300	0.0052532611591196345
1301	0.005253253204126066
1302	0.0052532453060041995
1303	0.00525323746448288
1304	0.005253229679287152
1305	0.005253221950141626
1306	0.005253214276773779
1307	0.00525320665890709
1308	0.005253199096264506
1309	0.005253191588565378
1310	0.005253184135535962
1311	0.0052531767368980764
1312	0.005253169392369696
1313	0.005253162101673022
1314	0.005253154864526629
1315	0.005253147680653319
1316	0.005253140549769095
1317	0.00525313347159404
1318	0.005253126445845537
1319	0.00525311947224505
1320	0.005253112550507606
1321	0.005253105680354103
1322	0.005253098861498446
1323	0.0052530920936629
1324	0.0052530853765612295
1325	0.005253078709912555
1326	0.005253072093434919
1327	0.005253065526845215
1328	0.00525305900986145
1329	0.005253052542202577
1330	0.005253046123584922
1331	0.005253039753725465
1332	0.005253033432343979
1333	0.005253027159160013
1334	0.005253020933889787
1335	0.005253014756254629
1336	0.005253008625972565
1337	0.005253002542761088
1338	0.005252996506343839
1339	0.00525299051643903
1340	0.005252984572765938
1341	0.005252978675048992
1342	0.00525297282300587
1343	0.005252967016362495
1344	0.005252961254839084
1345	0.00525295553815849
1346	0.005252949866046101
1347	0.005252944238224493
1348	0.005252938654416329
1349	0.005252933114350797
1350	0.005252927617751086
1351	0.005252922164346051
1352	0.005252916753859325
1353	0.00525291138602189
1354	0.005252906060560524
1355	0.005252900777207398
1356	0.005252895535685431
1357	0.005252890335734134
1358	0.0052528851770804
1359	0.005252880059455627
1360	0.005252874982595329
1361	0.005252869946231208
1362	0.005252864950099777
1363	0.005252859993936938
1364	0.005252855077476838
1365	0.005252850200458446
1366	0.0052528453626193485
1367	0.00525284056369954
1368	0.005252835803435446
1369	0.005252831081572392
1370	0.00525282639784962
1371	0.005252821752011466
1372	0.005252817143800383
1373	0.005252812572961755
1374	0.0052528080392405425
1375	0.005252803542382928
1376	0.005252799082137073
1377	0.005252794658252041
1378	0.005252790270477735
1379	0.005252785918562497
1380	0.005252781602261825
1381	0.00525277732132526
1382	0.0052527730755076414
1383	0.0052527688645633355
1384	0.005252764688249238
1385	0.005252760546321493
1386	0.005252756438537142
1387	0.005252752364657296
1388	0.005252748324442784
1389	0.005252744317650962
1390	0.005252740344046815
1391	0.005252736403394253
1392	0.005252732495457078
1393	0.005252728620000753
1394	0.005252724776793748
1395	0.005252720965603277
1396	0.005252717186195971
1397	0.005252713438343784
1398	0.005252709721818941
1399	0.0052527060363943565
1400	0.005252702381840733
1401	0.005252698757935437
1402	0.005252695164453895
1403	0.005252691601171284
1404	0.005252688067869176
1405	0.0052526845643252355
1406	0.005252681090318327
1407	0.005252677645633684
1408	0.005252674230052608
1409	0.005252670843357645
1410	0.00525266748533527
1411	0.005252664155771693
1412	0.005252660854455356
1413	0.005252657581174035
1414	0.005252654335717439
1415	0.005252651117877391
1416	0.005252647927445054
1417	0.005252644764214661
1418	0.005252641627980139
1419	0.005252638518538398
1420	0.005252635435684773
1421	0.005252632379218196
1422	0.005252629348937605
1423	0.005252626344644325
1424	0.005252623366138735
1425	0.005252620413224118
1426	0.0052526174857041915
1427	0.0052526145833842325
1428	0.005252611706070553
1429	0.005252608853569445
1430	0.005252606025691236
1431	0.005252603222244611
1432	0.005252600443041226
1433	0.00525259768789204
1434	0.005252594956610874
1435	0.005252592249011362
1436	0.005252589564909496
1437	0.005252586904122605
1438	0.005252584266468237
1439	0.0052525816517634705
1440	0.005252579059830908
1441	0.005252576490490674
1442	0.005252573943564964
1443	0.005252571418875345
1444	0.005252568916251003
1445	0.005252566435513617
1446	0.005252563976491853
1447	0.005252561539013606
1448	0.005252559122907282
1449	0.0052525567280027555
1450	0.0052525543541327435
1451	0.005252552001128814
1452	0.0052525496688221604
1453	0.005252547357051919
1454	0.00525254506565212
1455	0.005252542794459371
1456	0.0052525405433099985
1457	0.005252538312043999
1458	0.00525253610050215
1459	0.005252533908525974
1460	0.00525253173595437
1461	0.005252529582634247
1462	0.005252527448408916
1463	0.00525252533312333
1464	0.005252523236624123
1465	0.005252521158758646
1466	0.005252519099376135
1467	0.005252517058325446
1468	0.005252515035456912
1469	0.005252513030622893
1470	0.005252511043675101
1471	0.005252509074468713
1472	0.005252507122859406
1473	0.005252505188700098
1474	0.005252503271848201
1475	0.00525250137216415
1476	0.005252499489501897
1477	0.005252497623725671
1478	0.00525249577469577
1479	0.0052524939422715754
1480	0.005252492126315051
1481	0.005252490326695948
1482	0.005252488543274198
1483	0.0052524867759157524
1484	0.005252485024487255
1485	0.005252483288858566
1486	0.00525248156889537
1487	0.005252479864467665
1488	0.005252478175447878
1489	0.005252476501706727
1490	0.0052524748431170346
1491	0.005252473199551095
1492	0.005252471570880934
1493	0.005252469956986618
1494	0.005252468357740824
1495	0.005252466773022063
1496	0.0052524652027075795
1497	0.0052524636466746225
1498	0.00525246210480574
1499	0.005252460576978625
1500	0.005252459063077929
1501	0.005252457562984139
1502	0.0052524560765808415
1503	0.0052524546037531795
1504	0.005252453144384758
1505	0.005252451698361052
1506	0.005252450265568894
1507	0.005252448845897987
1508	0.005252447439233653
1509	0.005252446045468028
1510	0.005252444664489371
1511	0.005252443296189026
1512	0.005252441940459887
1513	0.005252440597194249
1514	0.0052524392662826585
1515	0.005252437947623322
1516	0.005252436641109719
1517	0.005252435346635997
1518	0.005252434064102057
1519	0.005252432793401851
1520	0.005252431534437406
1521	0.0052524302871040165
1522	0.005252429051304316
1523	0.0052524278269380584
1524	0.005252426613905921
1525	0.005252425412109362
1526	0.005252424221453204
1527	0.0052524230418430455
1528	0.005252421873176873
1529	0.0052524207153653805
1530	0.005252419568311581
1531	0.005252418431922992
1532	0.0052524173061089885
1533	0.005252416190773254
1534	0.005252415085829562
1535	0.005252413991183412
1536	0.00525241290674705
1537	0.005252411832432179
1538	0.005252410768148202
1539	0.005252409713809605
1540	0.005252408669326021
1541	0.0052524076346172534
1542	0.005252406609592508
1543	0.005252405594167502
1544	0.005252404588260729
1545	0.005252403591786803
1546	0.005252402604662594
1547	0.0052524016268069304
1548	0.005252400658138583
1549	0.005252399698573733
1550	0.005252398748035795
1551	0.005252397806444298
1552	0.00525239687371914
1553	0.005252395949782541
1554	0.005252395034557868
1555	0.00525239412796454
1556	0.005252393229931653
1557	0.005252392340380729
1558	0.005252391459235553
1559	0.005252390586423566
1560	0.00525238972186738
1561	0.005252388865497221
1562	0.005252388017238792
1563	0.005252387177020377
1564	0.005252386344769851
1565	0.005252385520418385
1566	0.005252384703892683
1567	0.005252383895125123
1568	0.005252383094044619
1569	0.005252382300583163
1570	0.005252381514672966
1571	0.005252380736246334
1572	0.00525237996523709
1573	0.0052523792015772
1574	0.005252378445202176
1575	0.005252377696044273
1576	0.005252376954044312
1577	0.0052523762191319
1578	0.005252375491244179
1579	0.005252374770321403
1580	0.005252374056297858
1581	0.005252373349113411
1582	0.0052523726487062414
1583	0.005252371955014108
1584	0.005252371267974467
1585	0.005252370587531712
1586	0.0052523699136236895
1587	0.005252369246191961
1588	0.005252368585177115
1589	0.0052523679305206804
1590	0.00525236728216753
1591	0.005252366640058173
1592	0.005252366004137398
1593	0.0052523653743484795
1594	0.0052523647506351485
1595	0.00525236413294069
1596	0.005252363521216153
1597	0.005252362915399798
1598	0.005252362315442999
1599	0.005252361721291057
1600	0.005252361132889581
1601	0.005252360550188906
1602	0.005252359973132494
1603	0.005252359401674765
1604	0.005252358835757722
1605	0.005252358275336981
1606	0.005252357720358857
1607	0.005252357170772295
1608	0.0052523566265320265
1609	0.0052523560875867015
1610	0.005252355553886822
1611	0.0052523550253851334
1612	0.005252354502035031
1613	0.005252353983787343
1614	0.005252353470594393
1615	0.0052523529624126175
1616	0.005252352459193026
1617	0.00525235196089089
1618	0.005252351467462499
1619	0.005252350978860938
1620	0.0052523504950421785
1621	0.005252350015962432
1622	0.005252349541576018
1623	0.005252349071842046
1624	0.00525234860671642
1625	0.005252348146155246
1626	0.005252347690118063
1627	0.00525234723856181
1628	0.005252346791446556
1629	0.0052523463487295615
1630	0.005252345910368952
1631	0.005252345476325906
1632	0.005252345046560276
1633	0.0052523446210307086
1634	0.005252344199700432
1635	0.0052523437825281825
1636	0.0052523433694751445
1637	0.005252342960504354
1638	0.005252342555576288
1639	0.0052523421546532825
1640	0.005252341757699336
1641	0.005252341364675457
1642	0.005252340975546364
1643	0.005252340590275607
1644	0.005252340208824306
1645	0.005252339831160663
1646	0.005252339457245945
1647	0.005252339087047938
1648	0.005252338720528522
1649	0.005252338357655192
1650	0.005252337998392012
1651	0.005252337642707539
1652	0.0052523372905678555
1653	0.005252336941936833
1654	0.005252336596783526
1655	0.005252336255073112
1656	0.005252335916776743
1657	0.0052523355818579615
1658	0.0052523352502885055
1659	0.005252334922035019
1660	0.005252334597066748
1661	0.005252334275349598
1662	0.005252333956857923
1663	0.0052523336415585395
1664	0.005252333329420114
1665	0.005252333020415074
1666	0.005252332714511011
1667	0.00525233241168022
1668	0.0052523321118938876
1669	0.005252331815120932
1670	0.005252331521335069
1671	0.005252331230506718
1672	0.005252330942608738
1673	0.005252330657610693
1674	0.005252330375486497
1675	0.005252330096210714
1676	0.0052523298197529
1677	0.005252329546089011
1678	0.005252329275189505
1679	0.005252329007029865
1680	0.0052523287415818815
1681	0.005252328478822372
1682	0.005252328218724248
1683	0.005252327961262131
1684	0.005252327706409571
1685	0.005252327454143851
1686	0.005252327204438578
1687	0.005252326957269522
1688	0.005252326712611328
1689	0.005252326470441122
1690	0.005252326230735379
1691	0.005252325993468891
1692	0.005252325758618353
1693	0.005252325526160966
1694	0.005252325296075109
1695	0.005252325068336121
1696	0.0052523248429208
1697	0.005252324619808776
1698	0.0052523243989755575
1699	0.005252324180401276
1700	0.005252323964061206
1701	0.005252323749936688
1702	0.005252323538004776
1703	0.0052523233282442666
1704	0.005252323120634712
1705	0.005252322915154305
1706	0.005252322711783479
1707	0.005252322510501567
1708	0.005252322311286002
1709	0.005252322114118546
1710	0.005252321918981095
1711	0.005252321725851626
1712	0.0052523215347098934
1713	0.005252321345539013
1714	0.005252321158318784
1715	0.005252320973028043
1716	0.005252320789650007
1717	0.005252320608164578
1718	0.005252320428556189
1719	0.00525232025080394
1720	0.005252320074890158
1721	0.005252319900797416
1722	0.005252319728507364
1723	0.00525231955800204
1724	0.005252319389265308
1725	0.005252319222277389
1726	0.005252319057023115
1727	0.005252318893484587
1728	0.005252318731645501
1729	0.0052523185714890425
1730	0.005252318412999637
1731	0.005252318256158029
1732	0.005252318100949562
1733	0.005252317947358483
1734	0.005252317795369317
1735	0.005252317644963532
1736	0.0052523174961292204
1737	0.005252317348849691
1738	0.005252317203107195
1739	0.005252317058888891
1740	0.005252316916178617
1741	0.00525231677496335
1742	0.005252316635226082
1743	0.005252316496952942
1744	0.005252316360129669
1745	0.005252316224740108
1746	0.005252316090773068
1747	0.005252315958212434
1748	0.005252315827044523
1749	0.005252315697255193
1750	0.005252315568831228
1751	0.005252315441760138
1752	0.005252315316025274
1753	0.005252315191615159
1754	0.005252315068517628
1755	0.00525231494671893
1756	0.0052523148262045155
1757	0.0052523147069638626
1758	0.00525231458898268
1759	0.005252314472249722
1760	0.005252314356749815
1761	0.0052523142424727165
1762	0.0052523141294070945
1763	0.005252314017539048
1764	0.0052523139068569435
1765	0.0052523137973488915
1766	0.005252313689003581
1767	0.005252313581808153
1768	0.005252313475752083
1769	0.005252313370822927
1770	0.0052523132670120294
1771	0.005252313164303722
1772	0.005252313062691382
1773	0.005252312962160056
1774	0.005252312862701497
1775	0.005252312764302901
1776	0.005252312666955611
1777	0.005252312570648273
1778	0.005252312475369883
1779	0.005252312381111519
1780	0.0052523122878607165
1781	0.005252312195607295
1782	0.005252312104344066
1783	0.005252312014057166
1784	0.0052523119247383145
1785	0.005252311836378902
1786	0.00525231174896687
1787	0.0052523116624944455
1788	0.005252311576951489
1789	0.005252311492326986
1790	0.005252311408615354
1791	0.0052523113258036245
1792	0.005252311243884085
1793	0.00525231116284739
1794	0.00525231108268507
1795	0.005252311003387482
1796	0.005252310924946009
1797	0.005252310847353062
1798	0.005252310770596825
1799	0.0052523106946728276
1800	0.005252310619569588
1801	0.005252310545278249
1802	0.005252310471794183
1803	0.005252310399106093
1804	0.005252310327205108
1805	0.005252310256086096
1806	0.005252310185738362
1807	0.005252310116154747
1808	0.005252310047326708
1809	0.005252309979250355
1810	0.005252309911912576
1811	0.005252309845310039
1812	0.005252309779431583
1813	0.005252309714273058
1814	0.005252309649823606
1815	0.005252309586078596
1816	0.005252309523030279
1817	0.0052523094606695955
1818	0.005252309398991315
1819	0.005252309337987434
1820	0.0052523092776528635
1821	0.0052523092179771694
1822	0.005252309158957023
1823	0.005252309100584369
1824	0.005252309042851837
1825	0.005252308985752938
1826	0.005252308929281158
1827	0.005252308873430043
1828	0.005252308818192962
1829	0.0052523087635646
1830	0.005252308709537065
1831	0.005252308656105203
1832	0.005252308603262408
1833	0.005252308551001466
1834	0.0052523084993196896
1835	0.005252308448205686
1836	0.005252308397657845
1837	0.005252308347669572
1838	0.005252308298233103
1839	0.005252308249345275
1840	0.00525230820099733
1841	0.005252308153185704
1842	0.005252308105904574
1843	0.005252308059146996
1844	0.005252308012909548
1845	0.005252307967184842
1846	0.005252307921969465
1847	0.005252307877256301
1848	0.00525230783304052
1849	0.005252307789317792
1850	0.0052523077460808355
1851	0.0052523077033266065
1852	0.0052523076610492886
1853	0.005252307619243201
1854	0.005252307577905723
1855	0.005252307537027139
1856	0.005252307496608135
1857	0.005252307456641183
1858	0.005252307417119375
1859	0.005252307378042359
1860	0.005252307339402276
1861	0.005252307301194919
1862	0.0052523072634175555
1863	0.005252307226063171
1864	0.005252307189129209
1865	0.0052523071526105304
1866	0.005252307116501457
1867	0.005252307080798666
1868	0.005252307045498776
1869	0.005252307010595263
1870	0.0052523069760867635
1871	0.005252306941966614
1872	0.005252306908230876
1873	0.0052523068748775055
1874	0.005252306841900609
1875	0.005252306809295901
1876	0.005252306777060033
1877	0.005252306745188667
1878	0.005252306713679276
1879	0.0052523066825268545
1880	0.005252306651727596
1881	0.005252306621277913
1882	0.005252306591173717
1883	0.005252306561410856
1884	0.005252306531987927
1885	0.005252306502897171
1886	0.005252306474139478
1887	0.005252306445708457
1888	0.005252306417601707
1889	0.00525230638981328
1890	0.0052523063623435
1891	0.005252306335188605
1892	0.005252306308342174
1893	0.00525230628180282
1894	0.005252306255567194
1895	0.005252306229631895
1896	0.005252306203991674
1897	0.005252306178646779
1898	0.005252306153592457
1899	0.005252306128824952
1900	0.005252306104341481
1901	0.005252306080140057
1902	0.005252306056216119
1903	0.005252306032566782
1904	0.005252306009188217
1905	0.0052523059860814314
1906	0.005252305963240332
1907	0.005252305940660464
1908	0.0052523059183425804
1909	0.005252305896281661
1910	0.005252305874473451
1911	0.005252305852921083
1912	0.005252305831615887
1913	0.005252305810556896
1914	0.005252305789741081
1915	0.005252305769167087
1916	0.005252305748831147
1917	0.005252305728731274
1918	0.0052523057088641155
1919	0.005252305689227416
1920	0.005252305669820639
1921	0.005252305650635711
1922	0.005252305631675936
1923	0.00525230561293596
1924	0.005252305594415221
1925	0.005252305576109292
1926	0.005252305558018004
1927	0.0052523055401362565
1928	0.0052523055224642816
1929	0.005252305504997312
1930	0.005252305487736181
1931	0.005252305470675164
1932	0.005252305453813919
1933	0.005252305437150818
1934	0.005252305420681946
1935	0.0052523054044068
1936	0.005252305388322429
1937	0.005252305372425529
1938	0.00525230535671746
1939	0.00525230534119241
1940	0.005252305325850372
1941	0.005252305310688654
1942	0.005252305295705075
1943	0.005252305280897148
1944	0.005252305266264507
1945	0.005252305251804755
1946	0.005252305237514092
1947	0.005252305223395325
1948	0.005252305209440104
1949	0.005252305195651383
1950	0.005252305182024966
1951	0.005252305168560133
1952	0.005252305155253938
1953	0.0052523051421052595
1954	0.005252305129114848
1955	0.005252305116276328
1956	0.00525230510359044
1957	0.005252305091055448
1958	0.005252305078668657
1959	0.0052523050664302585
1960	0.005252305054337845
1961	0.005252305042387667
1962	0.0052523050305801535
1963	0.005252305018914288
1964	0.005252305007387386
1965	0.005252304995997286
1966	0.0052523049847434606
1967	0.005252304973624128
1968	0.005252304962639174
1969	0.0052523049517839175
1970	0.005252304941059328
1971	0.0052523049304616185
1972	0.00525230491999289
1973	0.005252304909648971
1974	0.00525230489942853
1975	0.0052523048893314255
1976	0.0052523048793550395
1977	0.00525230486949956
1978	0.005252304859761401
1979	0.005252304850141795
1980	0.005252304840637139
1981	0.005252304831247301
1982	0.005252304821970331
1983	0.005252304812805529
1984	0.005252304803750927
1985	0.005252304794806497
1986	0.005252304785969053
1987	0.005252304777239678
1988	0.005252304768614993
1989	0.005252304760095273
1990	0.0052523047516785685
1991	0.005252304743363833
1992	0.0052523047351502325
1993	0.005252304727036175
1994	0.005252304719020214
1995	0.005252304711101051
1996	0.005252304703279895
1997	0.005252304695553107
1998	0.0052523046879200085
1999	0.005252304680381816
2000	0.005252304672932775
2001	0.005252304665576576
2002	0.005252304658310926
2003	0.00525230465113113
2004	0.00525230464404056
2005	0.005252304637036789
2006	0.005252304630118627
2007	0.005252304623284924
2008	0.0052523046165347
2009	0.005252304609866653
2010	0.005252304603281599
2011	0.005252304596777406
2012	0.005252304590352764
2013	0.005252304584006293
2014	0.0052523045777389575
2015	0.005252304571548209
2016	0.005252304565433908
2017	0.005252304559394052
2018	0.005252304553429267
2019	0.005252304547538134
2020	0.005252304541720012
2021	0.005252304535973487
2022	0.005252304530295841
2023	0.005252304524691985
2024	0.0052523045191549605
2025	0.005252304513687779
2026	0.00525230450828786
2027	0.005252304502954876
2028	0.00525230449768831
2029	0.0052523044924875535
2030	0.005252304487350052
2031	0.00525230448227655
2032	0.005252304477266348
2033	0.005252304472317509
2034	0.005252304467432174
2035	0.005252304462606547
2036	0.005252304457841502
2037	0.005252304453135022
2038	0.0052523044484883916
2039	0.0052523044438989655
2040	0.005252304439367534
2041	0.005252304434892228
2042	0.005252304430473481
2043	0.005252304426109078
2044	0.005252304421799169
2045	0.005252304417544874
2046	0.005252304413342256
2047	0.005252304409193468
2048	0.005252304405096003
2049	0.005252304401050104
2050	0.005252304397054752
2051	0.005252304393112198
2052	0.005252304389216037
2053	0.0052523043853697346
2054	0.005252304381573171
2055	0.005252304377823451
2056	0.005252304374121945
2057	0.005252304370466569
2058	0.005252304366857305
2059	0.005252304363293626
2060	0.005252304359774562
2061	0.005252304356299323
2062	0.005252304352870235
2063	0.005252304349483008
2064	0.0052523043461387775
2065	0.005252304342837879
2066	0.005252304339579174
2067	0.005252304336361047
2068	0.005252304333182708
2069	0.0052523043300466855
2070	0.0052523043269504304
2071	0.005252304323891892
2072	0.005252304320874207
2073	0.005252304317894353
2074	0.00525230431495245
2075	0.005252304312048355
2076	0.005252304309180519
2077	0.005252304306349375
2078	0.005252304303555722
2079	0.005252304300796912
2080	0.005252304298072889
2081	0.00525230429538399
2082	0.005252304292730516
2083	0.005252304290110321
2084	0.0052523042875237385
2085	0.005252304284971365
2086	0.005252304282449701
2087	0.005252304279962868
2088	0.005252304277506383
2089	0.0052523042750814725
2090	0.005252304272688833
2091	0.00525230427032713
2092	0.005252304267995337
2093	0.0052523042656938326
2094	0.005252304263422132
2095	0.005252304261178696
2096	0.005252304258965189
2097	0.00525230425678053
2098	0.005252304254623859
2099	0.005252304252494316
2100	0.005252304250394631
2101	0.0052523042483194875
2102	0.00525230424627279
2103	0.005252304244252403
2104	0.0052523042422583915
2105	0.005252304240289737
2106	0.0052523042383482
2107	0.005252304236429552
2108	0.0052523042345382935
2109	0.005252304232670457
2110	0.005252304230826397
2111	0.005252304229008109
2112	0.005252304227211737
2113	0.0052523042254389776
2114	0.005252304223690899
2115	0.005252304221965452
2116	0.005252304220261366
2117	0.005252304218579604
2118	0.005252304216920973
2119	0.00525230421528411
2120	0.00525230421366841
2121	0.005252304212073291
2122	0.005252304210501177
2123	0.005252304208946521
2124	0.005252304207414556
2125	0.005252304205902636
2126	0.0052523042044099345
2127	0.005252304202936866
2128	0.005252304201483006
2129	0.005252304200049026
2130	0.00525230419863355
2131	0.005252304197237966
2132	0.00525230419585978
2133	0.0052523041944993925
2134	0.005252304193157812
2135	0.005252304191834168
2136	0.005252304190527102
2137	0.0052523041892386735
2138	0.005252304187965675
2139	0.005252304186711096
2140	0.005252304185472423
2141	0.005252304184250366
2142	0.005252304183043415
2143	0.005252304181855288
2144	0.005252304180680857
2145	0.005252304179522828
2146	0.005252304178380076
2147	0.005252304177252934
2148	0.0052523041761400185
2149	0.005252304175042437
2150	0.005252304173959032
2151	0.0052523041728913
2152	0.005252304171836521
2153	0.005252304170797076
2154	0.0052523041697696395
2155	0.005252304168757737
2156	0.005252304167759836
2157	0.005252304166773054
2158	0.005252304165801481
2159	0.005252304164842524
2160	0.005252304163898112
2161	0.005252304162963517
2162	0.005252304162042237
2163	0.005252304161134201
2164	0.005252304160237535
2165	0.005252304159354239
2166	0.005252304158483321
2167	0.005252304157621893
2168	0.0052523041567729585
2169	0.005252304155934994
2170	0.005252304155109403
2171	0.005252304154295407
2172	0.005252304153490777
2173	0.005252304152698154
2174	0.005252304151917098
2175	0.005252304151145088
2176	0.0052523041503843276
2177	0.005252304149634376
2178	0.005252304148892603
2179	0.005252304148163662
2180	0.005252304147442792
2181	0.005252304146732169
2182	0.005252304146031332
2183	0.005252304145340062
2184	0.005252304144657216
2185	0.005252304143984846
2186	0.005252304143322521
2187	0.005252304142668979
2188	0.005252304142022891
2189	0.005252304141386907
2190	0.005252304140757726
2191	0.005252304140140042
2192	0.005252304139529275
2193	0.005252304138925674
2194	0.005252304138332742
2195	0.0052523041377464256
2196	0.00525230413716858
2197	0.005252304136599053
2198	0.005252304136037237
2199	0.005252304135482444
2200	0.005252304134936561
2201	0.0052523041343976225
2202	0.005252304133865666
2203	0.005252304133342
2204	0.0052523041328253785
2205	0.00525230413231507
2206	0.0052523041318129704
2207	0.005252304131316035
2208	0.005252304130827366
2209	0.005252304130345056
2210	0.0052523041298707975
2211	0.005252304129400317
2212	0.005252304128939064
2213	0.005252304128483439
2214	0.0052523041280330245
2215	0.005252304127590046
2216	0.005252304127152094
2217	0.005252304126722547
2218	0.005252304126296662
2219	0.0052523041258764995
2220	0.00525230412546434
2221	0.005252304125057517
2222	0.005252304124654906
2223	0.005252304124257827
2224	0.005252304123867782
2225	0.005252304123481575
2226	0.0052523041231030574
2227	0.005252304122729097
2228	0.0052523041223591135
2229	0.0052523041219953
2230	0.005252304121637066
2231	0.005252304121282887
2232	0.005252304120932848
2233	0.005252304120590488
2234	0.005252304120250505
2235	0.00525230411991621
2236	0.005252304119586396
2237	0.005252304119261404
2238	0.005252304118941699
2239	0.005252304118625386
2240	0.005252304118314306
2241	0.0052523041180067495
2242	0.005252304117705405
2243	0.00525230411740609
2244	0.005252304117112504
2245	0.005252304116821669
2246	0.00525230411653598
2247	0.005252304116255112
2248	0.005252304115976877
2249	0.005252304115702567
2250	0.005252304115433159
2251	0.005252304115167068
2252	0.0052523041149051845
2253	0.005252304114646332
2254	0.005252304114391968
2255	0.0052523041141391575
2256	0.005252304113892261
2257	0.005252304113647948
2258	0.005252304113407319
2259	0.005252304113170728
2260	0.005252304112937163
2261	0.005252304112706449
2262	0.005252304112479684
2263	0.005252304112254315
2264	0.005252304112035255
2265	0.005252304111817999
2266	0.005252304111602554
2267	0.005252304111391906
2268	0.0052523041111835565
2269	0.005252304110977495
2270	0.005252304110776327
2271	0.005252304110575775
2272	0.00525230411038028
2273	0.005252304110185489
2274	0.005252304109995335
2275	0.005252304109807533
2276	0.0052523041096223765
2277	0.005252304109440475
2278	0.005252304109258974
2279	0.00525230410908223
2280	0.005252304108906164
2281	0.0052523041087342605
2282	0.005252304108564307
2283	0.005252304108397542
2284	0.005252304108231459
2285	0.005252304108069528
2286	0.005252304107909809
2287	0.005252304107751149
2288	0.005252304107595613
2289	0.00525230410744279
2290	0.005252304107291446
2291	0.005252304107142634
2292	0.005252304106996239
2293	0.005252304106850986
2294	0.005252304106708586
2295	0.005252304106568899
2296	0.00525230410643036
2297	0.00525230410629374
2298	0.005252304106159185
2299	0.00525230410602745
2300	0.005252304105896987
2301	0.005252304105768284
2302	0.00525230410564161
2303	0.005252304105517245
2304	0.005252304105394819
2305	0.005252304105272419
2306	0.005252304105154508
2307	0.005252304105036213
2308	0.005252304104921585
2309	0.005252304104806685
2310	0.005252304104693852
2311	0.00525230410458428
2312	0.005252304104474921
2313	0.005252304104367493
2314	0.005252304104260655
2315	0.005252304104157307
2316	0.0052523041040535914
2317	0.0052523041039529905
2318	0.0052523041038531025
2319	0.005252304103754582
2320	0.005252304103657475
2321	0.005252304103563362
2322	0.005252304103468605
2323	0.005252304103375
2324	0.005252304103285748
2325	0.005252304103195013
2326	0.005252304103107257
2327	0.0052523041030189625
2328	0.0052523041029336765
2329	0.005252304102849494
2330	0.005252304102764616
2331	0.005252304102683471
2332	0.005252304102603066
2333	0.005252304102522953
2334	0.005252304102444957
2335	0.005252304102368128
2336	0.005252304102291019
2337	0.005252304102216333
2338	0.005252304102143063
2339	0.005252304102070003
2340	0.005252304101999082
2341	0.005252304101927255
2342	0.005252304101857473
2343	0.005252304101789437
2344	0.00525230410172116
2345	0.005252304101655827
2346	0.005252304101591004
2347	0.005252304101526282
2348	0.005252304101462336
2349	0.005252304101399078
2350	0.005252304101339215
2351	0.005252304101278139
2352	0.005252304101218406
2353	0.005252304101159641
2354	0.005252304101101897
2355	0.005252304101045169
2356	0.005252304100988501
2357	0.005252304100932734
2358	0.005252304100878134
2359	0.005252304100825494
2360	0.005252304100772705
2361	0.005252304100720874
2362	0.005252304100668499
2363	0.005252304100619011
2364	0.005252304100569476
2365	0.005252304100519949
2366	0.005252304100473078
2367	0.005252304100424749
2368	0.005252304100377693
2369	0.005252304100331452
2370	0.005252304100286753
2371	0.005252304100242633
2372	0.005252304100198443
2373	0.005252304100155049
2374	0.005252304100113611
2375	0.005252304100070393
2376	0.005252304100029725
2377	0.005252304099989367
2378	0.0052523040999491845
2379	0.005252304099910607
2380	0.005252304099870651
2381	0.005252304099832258
2382	0.0052523040997956676
2383	0.005252304099759138
2384	0.005252304099722416
2385	0.005252304099685969
2386	0.005252304099650919
2387	0.005252304099616617
2388	0.005252304099581713
2389	0.005252304099546889
2390	0.005252304099515358
2391	0.005252304099483077
2392	0.005252304099449677
2393	0.005252304099418289
2394	0.005252304099385593
2395	0.005252304099356524
2396	0.005252304099325424
2397	0.005252304099297706
2398	0.005252304099267063
2399	0.0052523040992381335
2400	0.005252304099210048
2401	0.005252304099183589
2402	0.005252304099155182
2403	0.005252304099127421
2404	0.005252304099101117
2405	0.0052523040990751476
2406	0.005252304099049519
2407	0.005252304099023834
2408	0.005252304098997813
2409	0.005252304098973561
2410	0.005252304098950241
2411	0.005252304098926552
2412	0.005252304098902833
2413	0.005252304098878625
2414	0.005252304098857372
2415	0.005252304098834758
2416	0.005252304098811847
2417	0.005252304098791909
2418	0.005252304098769315
2419	0.005252304098748105
2420	0.005252304098728205
2421	0.005252304098707186
2422	0.005252304098687625
2423	0.00525230409866786
2424	0.005252304098648726
2425	0.005252304098629796
2426	0.005252304098610693
2427	0.005252304098591407
2428	0.005252304098573708
2429	0.005252304098555848
2430	0.005252304098537802
2431	0.005252304098521693
2432	0.005252304098503993
2433	0.005252304098487893
2434	0.005252304098470308
2435	0.00525230409845536
2436	0.005252304098438792
2437	0.005252304098422777
2438	0.0052523040984063475
2439	0.005252304098391885
2440	0.005252304098377633
2441	0.005252304098362481
2442	0.00525230409834824
2443	0.005252304098333558
2444	0.005252304098319362
2445	0.005252304098305816
2446	0.005252304098292142
2447	0.0052523040982776934
2448	0.005252304098265223
2449	0.005252304098252978
2450	0.00525230409824003
2451	0.005252304098227603
2452	0.005252304098214904
2453	0.005252304098202875
2454	0.0052523040981909165
2455	0.005252304098178787
2456	0.005252304098167014
2457	0.005252304098156016
2458	0.005252304098145293
2459	0.005252304098134543
2460	0.005252304098122603
2461	0.005252304098111273
2462	0.005252304098101696
2463	0.005252304098092644
2464	0.005252304098081353
2465	0.005252304098071656
2466	0.005252304098062055
2467	0.005252304098051879
2468	0.005252304098042162
2469	0.005252304098033431
2470	0.005252304098024374
2471	0.0052523040980156244
2472	0.005252304098005014
2473	0.005252304097997301
2474	0.005252304097988734
2475	0.005252304097980921
2476	0.005252304097972339
2477	0.0052523040979645325
2478	0.00525230409795589
2479	0.005252304097948696
2480	0.005252304097938954
2481	0.005252304097932163
2482	0.005252304097924615
2483	0.005252304097916313
2484	0.0052523040979103215
2485	0.005252304097903286
2486	0.005252304097895795
2487	0.005252304097888651
2488	0.00525230409788056
2489	0.0052523040978744336
2490	0.005252304097868711
2491	0.00525230409786235
2492	0.005252304097855548
2493	0.0052523040978494345
2494	0.005252304097843231
2495	0.005252304097836669
2496	0.005252304097831064
2497	0.005252304097826083
2498	0.005252304097819573
2499	0.005252304097813167
2500	0.005252304097808614
2501	0.0052523040978018996
2502	0.005252304097797639
2503	0.005252304097791651
2504	0.005252304097787642
2505	0.005252304097781838
2506	0.005252304097776916
2507	0.005252304097772463
2508	0.005252304097766151
2509	0.005252304097761958
2510	0.005252304097757559
2511	0.005252304097752341
2512	0.005252304097747792
2513	0.005252304097743264
2514	0.005252304097739655
2515	0.005252304097733883
2516	0.005252304097730599
2517	0.005252304097726066
2518	0.005252304097722088
2519	0.005252304097717559
2520	0.0052523040977126385
2521	0.005252304097709582
2522	0.005252304097705964
2523	0.005252304097702092
2524	0.0052523040976978855
2525	0.005252304097695334
2526	0.005252304097691332
2527	0.005252304097687914
2528	0.005252304097684357
2529	0.005252304097680799
2530	0.005252304097677978
2531	0.005252304097674763
2532	0.005252304097671819
2533	0.005252304097667984
2534	0.005252304097665319
2535	0.00525230409766207
2536	0.005252304097658537
2537	0.005252304097655529
2538	0.005252304097652799
2539	0.005252304097651216
2540	0.0052523040976466175
2541	0.005252304097644116
2542	0.005252304097641958
2543	0.005252304097638921
2544	0.005252304097636471
2545	0.005252304097634063
2546	0.0052523040976308845
2547	0.005252304097628904
2548	0.005252304097627076
2549	0.0052523040976235535
2550	0.005252304097621621
2551	0.005252304097618449
2552	0.005252304097616844
2553	0.005252304097613789
2554	0.005252304097611836
2555	0.005252304097610147
2556	0.005252304097607678
2557	0.00525230409760522
2558	0.005252304097604516
2559	0.00525230409760165
2560	0.005252304097598936
2561	0.0052523040975972594
2562	0.00525230409759496
2563	0.005252304097592802
2564	0.005252304097591385
2565	0.005252304097589978
2566	0.005252304097588621
2567	0.005252304097586136
2568	0.005252304097584955
2569	0.005252304097582627
2570	0.005252304097580407
2571	0.005252304097579188
2572	0.005252304097577718
2573	0.0052523040975754115
2574	0.005252304097574403
2575	0.005252304097573545
2576	0.005252304097570449
2577	0.005252304097570345
2578	0.005252304097569221
2579	0.005252304097566831
2580	0.005252304097565184
2581	0.005252304097564709
2582	0.005252304097564127
2583	0.005252304097561572
2584	0.00525230409756051
2585	0.005252304097559969
2586	0.00525230409755721
2587	0.005252304097556653
2588	0.005252304097555713
2589	0.005252304097553406
2590	0.005252304097552691
2591	0.005252304097551187
2592	0.005252304097550077
2593	0.005252304097550125
2594	0.005252304097549065
2595	0.005252304097546366
2596	0.005252304097545603
2597	0.005252304097544956
2598	0.005252304097543733
2599	0.005252304097542345
2600	0.005252304097541465
2601	0.0052523040975406025
2602	0.005252304097539736
2603	0.005252304097538879
2604	0.005252304097538239
2605	0.0052523040975371565
2606	0.005252304097535646
2607	0.005252304097535319
2608	0.005252304097534185
2609	0.005252304097534175
2610	0.005252304097532395
2611	0.005252304097532332
2612	0.005252304097531201
2613	0.005252304097530854
2614	0.005252304097530559
2615	0.005252304097528665
2616	0.005252304097529023
2617	0.005252304097527894
2618	0.0052523040975267325
2619	0.0052523040975253725
2620	0.0052523040975251435
2621	0.00525230409752422
2622	0.005252304097525284
2623	0.005252304097522201
2624	0.005252304097522493
2625	0.005252304097522595
2626	0.005252304097521388
2627	0.005252304097521157
2628	0.0052523040975204546
2629	0.005252304097519795
2630	0.005252304097519088
2631	0.005252304097519222
2632	0.0052523040975186695
2633	0.005252304097518945
2634	0.005252304097517676
2635	0.0052523040975162565
2636	0.005252304097516867
2637	0.005252304097515455
2638	0.005252304097514522
2639	0.005252304097514232
2640	0.005252304097515063
2641	0.005252304097512614
2642	0.005252304097511842
2643	0.005252304097511879
2644	0.005252304097512282
2645	0.005252304097511686
2646	0.005252304097511401
2647	0.00525230409750989
2648	0.005252304097509859
2649	0.005252304097510506
2650	0.005252304097509448
2651	0.005252304097508624
2652	0.005252304097508217
2653	0.005252304097508643
2654	0.005252304097507207
2655	0.005252304097507293
2656	0.005252304097506697
2657	0.0052523040975061405
2658	0.005252304097506128
2659	0.0052523040975063825
2660	0.005252304097505387
2661	0.005252304097505879
2662	0.0052523040975043485
2663	0.005252304097504544
2664	0.0052523040975050285
2665	0.005252304097504178
2666	0.005252304097503302
2667	0.005252304097503829
2668	0.005252304097503774
2669	0.0052523040975029755
2670	0.005252304097503436
2671	0.005252304097503052
2672	0.005252304097502433
2673	0.005252304097503038
2674	0.005252304097501226
2675	0.005252304097501291
2676	0.005252304097501281
2677	0.005252304097501144
2678	0.005252304097501421
2679	0.005252304097500659
2680	0.005252304097500291
2681	0.005252304097499747
2682	0.005252304097499579
2683	0.005252304097499795
2684	0.005252304097499372
2685	0.0052523040974995095
2686	0.005252304097498783
2687	0.005252304097498894
2688	0.005252304097499439
2689	0.0052523040974991
2690	0.0052523040974971616
2691	0.005252304097498284
2692	0.005252304097497714
2693	0.005252304097498585
2694	0.005252304097497471
2695	0.005252304097498008
2696	0.005252304097496208
2697	0.00525230409749753
2698	0.005252304097496856
2699	0.005252304097496393
2700	0.005252304097496872
2701	0.005252304097496206
2702	0.005252304097496671
2703	0.005252304097496723
2704	0.005252304097496542
2705	0.0052523040974955665
2706	0.0052523040974953375
2707	0.005252304097495701
2708	0.00525230409749536
2709	0.005252304097495226
2710	0.005252304097494213
2711	0.005252304097495664
2712	0.005252304097495356
2713	0.005252304097495197
2714	0.005252304097494055
2715	0.005252304097494612
2716	0.0052523040974945395
2717	0.005252304097494189
2718	0.005252304097493695
2719	0.005252304097495292
2720	0.0052523040974946054
2721	0.005252304097494232
2722	0.005252304097493099
2723	0.005252304097493422
2724	0.005252304097493544
2725	0.005252304097492757
2726	0.0052523040974937485
2727	0.005252304097493277
2728	0.005252304097492208
2729	0.005252304097493466
2730	0.005252304097492814
2731	0.005252304097492876
2732	0.00525230409749286
2733	0.005252304097492737
2734	0.0052523040974921794
2735	0.005252304097493174
2736	0.005252304097492495
2737	0.0052523040974922774
2738	0.005252304097492692
2739	0.005252304097492085
2740	0.005252304097491792
2741	0.005252304097491773
2742	0.005252304097491646
2743	0.005252304097491644
2744	0.005252304097491791
2745	0.005252304097491527
2746	0.005252304097491146
2747	0.005252304097492266
2748	0.00525230409749112
2749	0.00525230409749243
2750	0.005252304097492144
2751	0.005252304097491693
2752	0.005252304097492027
2753	0.005252304097491749
2754	0.00525230409749224
2755	0.00525230409749127
2756	0.005252304097491637
2757	0.005252304097491199
2758	0.005252304097491944
2759	0.0052523040974912375
2760	0.005252304097490543
2761	0.005252304097490353
2762	0.005252304097490844
2763	0.00525230409749166
2764	0.005252304097491355
2765	0.005252304097490936
2766	0.005252304097490388
2767	0.005252304097490019
2768	0.005252304097491269
2769	0.0052523040974912175
2770	0.005252304097489918
2771	0.005252304097491025
2772	0.005252304097491633
2773	0.005252304097489956
2774	0.005252304097489568
2775	0.0052523040974904005
2776	0.005252304097490557
2777	0.005252304097489967
2778	0.0052523040974907995
2779	0.005252304097490524
2780	0.005252304097491238
2781	0.005252304097489892
2782	0.0052523040974908185
2783	0.005252304097489583
2784	0.005252304097490631
2785	0.005252304097490522
2786	0.005252304097488932
2787	0.00525230409748914
2788	0.005252304097489776
2789	0.0052523040974907795
2790	0.005252304097490632
2791	0.005252304097489799
2792	0.005252304097490186
2793	0.005252304097489787
2794	0.005252304097490006
2795	0.005252304097489708
2796	0.005252304097490194
2797	0.00525230409749033
2798	0.005252304097488996
2799	0.005252304097490618
2800	0.005252304097489944
2801	0.005252304097488312
2802	0.005252304097490251
2803	0.0052523040974888635
2804	0.0052523040974894325
2805	0.005252304097489018
2806	0.005252304097489421
2807	0.005252304097489598
2808	0.005252304097489545
2809	0.00525230409748976
2810	0.005252304097489297
2811	0.00525230409748938
2812	0.0052523040974903476
2813	0.00525230409748955
2814	0.005252304097488391
2815	0.005252304097489519
2816	0.005252304097489155
2817	0.005252304097488912
2818	0.005252304097488864
2819	0.005252304097488796
2820	0.005252304097489288
2821	0.005252304097489225
2822	0.005252304097488712
2823	0.005252304097489701
2824	0.005252304097489209
2825	0.0052523040974897205
2826	0.005252304097489101
2827	0.005252304097488968
2828	0.005252304097489133
2829	0.005252304097488921
2830	0.005252304097490152
2831	0.005252304097488663
2832	0.005252304097488715
2833	0.005252304097490201
2834	0.005252304097488932
2835	0.00525230409748971
2836	0.005252304097489346
2837	0.005252304097488658
2838	0.00525230409748949
2839	0.005252304097489469
2840	0.0052523040974882754
2841	0.005252304097488895
2842	0.005252304097489013
2843	0.005252304097488453
2844	0.005252304097488539
2845	0.005252304097489357
2846	0.00525230409748916
2847	0.005252304097489759
2848	0.005252304097489247
2849	0.005252304097490074
2850	0.00525230409748822
2851	0.005252304097489289
2852	0.005252304097489348
2853	0.00525230409748907
2854	0.005252304097489535
2855	0.00525230409748847
2856	0.005252304097488012
2857	0.0052523040974884585
2858	0.00525230409748847
2859	0.005252304097489496
2860	0.005252304097489078
2861	0.005252304097488579
2862	0.005252304097489312
2863	0.005252304097488645
2864	0.0052523040974880595
2865	0.005252304097489608
2866	0.005252304097489075
2867	0.00525230409748895
2868	0.005252304097489276
2869	0.005252304097488468
2870	0.0052523040974887724
2871	0.0052523040974890274
2872	0.005252304097488721
2873	0.005252304097489048
2874	0.00525230409748936
2875	0.005252304097488982
2876	0.005252304097489187
2877	0.005252304097488245
2878	0.005252304097488471
2879	0.005252304097488954
2880	0.005252304097488695
2881	0.005252304097488564
2882	0.005252304097489073
2883	0.005252304097487815
2884	0.005252304097488402
2885	0.005252304097488731
2886	0.005252304097488279
2887	0.005252304097489464
2888	0.005252304097488924
2889	0.005252304097488912
2890	0.005252304097488399
2891	0.005252304097488038
2892	0.005252304097488359
2893	0.005252304097487877
2894	0.005252304097489084
2895	0.005252304097487967
2896	0.005252304097488895
2897	0.005252304097488459
2898	0.0052523040974881766
2899	0.005252304097488646
2900	0.00525230409748811
2901	0.005252304097488136
2902	0.0052523040974874905
2903	0.0052523040974884515
2904	0.005252304097487387
2905	0.005252304097488603
2906	0.005252304097488968
2907	0.0052523040974881965
2908	0.005252304097489045
2909	0.005252304097488259
2910	0.0052523040974882165
2911	0.00525230409748942
2912	0.005252304097488404
2913	0.005252304097488817
2914	0.005252304097487953
2915	0.005252304097488812
2916	0.005252304097489408
2917	0.005252304097489186
2918	0.005252304097489647
2919	0.0052523040974886415
2920	0.005252304097488705
2921	0.005252304097487538
2922	0.00525230409748926
2923	0.00525230409748809
2924	0.0052523040974882616
2925	0.005252304097488399
2926	0.0052523040974887004
2927	0.005252304097488175
2928	0.005252304097487677
2929	0.005252304097488494
2930	0.005252304097489131
2931	0.005252304097488939
2932	0.00525230409748755
2933	0.005252304097488875
2934	0.005252304097489647
2935	0.005252304097488143
2936	0.005252304097489025
2937	0.005252304097488478
2938	0.005252304097489084
2939	0.0052523040974888045
2940	0.005252304097488883
2941	0.005252304097489021
2942	0.005252304097488926
2943	0.005252304097488222
2944	0.005252304097487719
2945	0.005252304097489624
2946	0.005252304097488407
2947	0.005252304097488785
2948	0.005252304097489099
2949	0.005252304097487887
2950	0.005252304097488273
2951	0.005252304097488284
2952	0.00525230409748832
2953	0.0052523040974885166
2954	0.0052523040974893995
2955	0.005252304097488635
