0	0.012379132269450605
1	0.011025062097940522
2	0.010295185805369748
3	0.009962249870347412
4	0.009663174513607726
5	0.009342608248755557
6	0.009077089240862276
7	0.00892675576917834
8	0.008854216819914901
9	0.00877799587938498
10	0.008670513372565646
11	0.008556857718571051
12	0.008471208755317195
13	0.00842465740005396
14	0.008399420261797087
15	0.008369896988093385
16	0.00832549830864026
17	0.008274376854769836
18	0.008232121917285245
19	0.00820737057239308
20	0.008194687516941726
21	0.008180592484788161
22	0.008156519061826323
23	0.008125430829896023
24	0.008097063184904085
25	0.008077764903658531
26	0.008064638583464387
27	0.008049444785095863
28	0.008027668631863693
29	0.00800285092210908
30	0.007982197595093521
31	0.007968474793406902
32	0.007957030563120044
33	0.007941762143949106
34	0.00792276714016206
35	0.007905662248884561
36	0.00789366597202897
37	0.007883361675063384
38	0.007869957644608346
39	0.007854165796230427
40	0.007840678700910849
41	0.007830633024249783
42	0.007819725679555274
43	0.007805613954641835
44	0.007791917499997929
45	0.007781332497078911
46	0.007770781221475282
47	0.00775783526938028
48	0.0077455229998193
49	0.007735818683551432
50	0.007725316036544527
51	0.007713029728036535
52	0.0077025572534429034
53	0.0076932174104695425
54	0.007682185381882174
55	0.007671872193268074
56	0.007663195113958316
57	0.007653018704234866
58	0.007643240893976697
59	0.007634935543176968
60	0.007625452838528425
61	0.007617005313275528
62	0.007609283201585702
63	0.007600708874622593
64	0.007593803339987934
65	0.007586460342565709
66	0.007579856713577377
67	0.007573878243518314
68	0.007567662536976941
69	0.007562629780417158
70	0.007557086272490269
71	0.007552681264373203
72	0.007547740574111476
73	0.007543742049975867
74	0.007539316159469667
75	0.007535670383584522
76	0.007531660489940656
77	0.007528358476356984
78	0.00752478840362974
79	0.007521881901820998
80	0.0075188109643200465
81	0.007516325336376115
82	0.007513810647248962
83	0.007511729488665155
84	0.007509754561041672
85	0.00750801194909537
86	0.0075064893848697575
87	0.00750500927161043
88	0.007503797664570884
89	0.007502522285110232
90	0.007501474444652149
91	0.007500365949180862
92	0.007499370049643973
93	0.00749839486994934
94	0.007497408053350265
95	0.0074965143525584895
96	0.007495556032379643
97	0.007494683830201606
98	0.0074937870289364175
99	0.007492902460468355
100	0.007492060817595113
101	0.007491178482626127
102	0.007490345042393447
103	0.007489494116092971
104	0.007488640202090039
105	0.007487814241159656
106	0.007486960446925383
107	0.007486130201083856
108	0.007485303650645349
109	0.007484469649910745
110	0.007483664617396251
111	0.007482856308601292
112	0.007482061472147932
113	0.007481289433679307
114	0.007480517707493313
115	0.00747976809553939
116	0.0074790321051490215
117	0.0074783012874666465
118	0.007477590920946031
119	0.007476887266171819
120	0.0074761917757573265
121	0.007475511633870339
122	0.00747483527211775
123	0.007474168342111811
124	0.007473512350801279
125	0.007472859674537705
126	0.00747221621313327
127	0.007471580557759353
128	0.007470948151253272
129	0.00747032359015719
130	0.007469704497365949
131	0.00746908813308164
132	0.007468477738850277
133	0.007467871072208834
134	0.007467266411808429
135	0.007466666121523352
136	0.007466068600968691
137	0.007465472708819568
138	0.0074648802721347
139	0.00746429035963463
140	0.007463702058626832
141	0.007463116703312806
142	0.007462533830651203
143	0.007461952542843352
144	0.007461373664376063
145	0.007460797050343903
146	0.007460221825342367
147	0.00745964836313606
148	0.007459076763193476
149	0.007458506305749104
150	0.007457937019707194
151	0.0074573691529234275
152	0.007456802250686933
153	0.007456236100662492
154	0.007455670930865039
155	0.007455106549168367
156	0.007454542617365129
157	0.007453979190465738
158	0.0074534162498108335
159	0.0074528534892597505
160	0.007452290775240462
161	0.007451728140093236
162	0.0074511654328808085
163	0.00745060244930533
164	0.0074500391658987265
165	0.007449475569926548
166	0.00744891152060028
167	0.007448346915032137
168	0.00744778175516762
169	0.007447216000267642
170	0.007446649541148943
171	0.007446082318003206
172	0.007445514322982171
173	0.007444945509840662
174	0.007444375801081055
175	0.0074438051585749045
176	0.007443233575637361
177	0.007442661021981902
178	0.0074420874507054235
179	0.007441512840485057
180	0.0074409371905570666
181	0.00744036048823053
182	0.007439782709139515
183	0.007439203842237824
184	0.007438623893529564
185	0.0074380428668971085
186	0.0074374607588083355
187	0.0074368775720126444
188	0.007436293322638721
189	0.0074357080324589705
190	0.007435121720964827
191	0.007434534409528884
192	0.007433946128969002
193	0.00743335691862994
194	0.007432766820992579
195	0.007432175879818485
196	0.007431584143636046
197	0.0074309916688716044
198	0.0074303985181782654
199	0.007429804757860593
200	0.007429210457493907
201	0.007428615691829925
202	0.007428020542432564
203	0.007427425096842103
204	0.007426829447400127
205	0.00742623369078656
206	0.007425637928716598
207	0.007425042268856092
208	0.007424446824531852
209	0.0074238517142648855
210	0.007423257061169031
211	0.007422662993041889
212	0.007422069642785421
213	0.007421477148428652
214	0.0074208856530846145
215	0.007420295304415736
216	0.007419706254399093
217	0.007419118659140169
218	0.007418532678752833
219	0.007417948477312208
220	0.007417366222479682
221	0.007416786085247767
222	0.007416208239497285
223	0.007415632861707158
224	0.007415060130647026
225	0.007414490227054907
226	0.007413923333366177
227	0.007413359633268023
228	0.007412799311374355
229	0.007412242552736746
230	0.007411689542474776
231	0.007411140465327468
232	0.007410595505243582
233	0.00741005484497255
234	0.00740951866561611
235	0.007408987146230013
236	0.007408460463350171
237	0.007407938790604796
238	0.007407422298245666
239	0.007406911152775255
240	0.007406405516492936
241	0.007405905547135222
242	0.007405411397470991
243	0.007404923214941156
244	0.007404441141309939
245	0.007403965312321708
246	0.00740349585740074
247	0.007403032899341277
248	0.007402576554063063
249	0.007402126930327916
250	0.007401684129557828
251	0.007401248245596574
252	0.007400819364576986
253	0.007400397564729631
254	0.0073999829163181475
255	0.007399575481486269
256	0.007399175314261061
257	0.007398782460447136
258	0.007398396957709783
259	0.00739801883550246
260	0.007397648115279128
261	0.007397284810475022
262	0.007396928926950393
263	0.0073965804631518
264	0.00739623941117301
265	0.007395905757712082
266	0.007395579487264251
267	0.007395260586708484
268	0.007394949057084103
269	0.0073946449351249095
270	0.007394348343063099
271	0.00739405959154744
272	0.007393779408959014
273	0.0073935094498842665
274	0.007393253409088668
275	0.007393019613757736
276	0.007392826504042096
277	0.00739271568740847
278	0.0073927753844846645
279	0.00739318993170816
280	0.007394246517983543
281	0.007396208343638536
282	0.007398316653005126
283	0.007398257065279497
284	0.007394441282034317
285	0.0073908815196061135
286	0.007391636345021515
287	0.007393940672096008
288	0.007392979944375771
289	0.007390252989542454
290	0.007390418709439755
291	0.007391930627833934
292	0.007390905477064503
293	0.007389304828364095
294	0.007389979895657591
295	0.00739051198330213
296	0.007389267464969035
297	0.007388807559687323
298	0.007389526866210671
299	0.007389147840082417
300	0.007388308862233312
301	0.0073885990156567025
302	0.007388749357030611
303	0.00738806850424908
304	0.0073879378256391385
305	0.00738821501020041
306	0.007387847004986833
307	0.007387507987267639
308	0.007387689915027885
309	0.007387575180613469
310	0.007387215046747514
311	0.007387243777205437
312	0.007387263077673659
313	0.007386982447298835
314	0.007386888569537714
315	0.007386940397981392
316	0.0073867661684895915
317	0.007386609321094089
318	0.007386633065470863
319	0.007386547776836041
320	0.007386383328566078
321	0.007386357304999729
322	0.007386324594396127
323	0.007386188598436491
324	0.007386119163787762
325	0.007386102275848715
326	0.0073860078358654645
327	0.007385915962216574
328	0.0073858895186193615
329	0.0073858308976187375
330	0.007385739280090087
331	0.00738569378289765
332	0.00738565517278525
333	0.007385578857594358
334	0.007385518272285768
335	0.007385483433364663
336	0.0073854262496179345
337	0.007385361216004914
338	0.00738532033056913
339	0.007385277086197655
340	0.007385217542481106
341	0.007385169238646069
342	0.007385131269358792
343	0.007385081724061269
344	0.0073850305682999304
345	0.007384991269459507
346	0.007384950215377456
347	0.007384901959255167
348	0.007384859583379098
349	0.007384822375095054
350	0.007384780005618737
351	0.007384736848893349
352	0.007384699607713572
353	0.007384662326691381
354	0.0073846216445387775
355	0.0073845834828695466
356	0.007384548544918412
357	0.007384511796822531
358	0.0073844742497475805
359	0.007384439621367431
360	0.0073844059409044665
361	0.007384370768522991
362	0.007384336371721463
363	0.007384304055506315
364	0.007384271610012993
365	0.007384238545542025
366	0.007384206745321037
367	0.007384176108155633
368	0.007384145116266169
369	0.007384114182944247
370	0.007384084412753861
371	0.007384055205731648
372	0.007384025773628172
373	0.007383996735130595
374	0.007383968578976016
375	0.00738394068958872
376	0.00738391275888029
377	0.007383885310671363
378	0.007383858481856699
379	0.007383831804165619
380	0.0073838052124640735
381	0.0073837790686490205
382	0.007383753352714361
383	0.007383727751937184
384	0.007383702295900597
385	0.007383677210168149
386	0.007383652425283367
387	0.007383627744256643
388	0.007383603218751248
389	0.007383578982470601
390	0.007383554964149157
391	0.007383531041241625
392	0.007383507259193611
393	0.0073834836963696015
394	0.007383460295688694
395	0.00738343697931384
396	0.007383413779181165
397	0.007383390742195061
398	0.007383367827760376
399	0.0073833449844433645
400	0.007383322231521771
401	0.007383299598284548
402	0.007383277058188482
403	0.007383254575863409
404	0.007383232160936157
405	0.007383209832516141
406	0.007383187574682046
407	0.007383165362478118
408	0.0073831431989081235
409	0.0073831210966928025
410	0.0073830990474026605
411	0.007383077033418231
412	0.007383055053574193
413	0.007383033116145129
414	0.007383011217635356
415	0.0073829893459529325
416	0.007382967497655918
417	0.007382945677629796
418	0.007382923885304648
419	0.007382902112886505
420	0.007382880356061821
421	0.007382858617080242
422	0.007382836896758991
423	0.007382815190593499
424	0.007382793494412962
425	0.007382771808527808
426	0.007382750134048719
427	0.007382728468814781
428	0.007382706809445774
429	0.007382685155020065
430	0.007382663506279193
431	0.007382641862511377
432	0.0073826202214066165
433	0.007382598581498893
434	0.0073825769429106715
435	0.007382555305592631
436	0.00738253366826211
437	0.007382512029484458
438	0.007382490388825075
439	0.0073824687463423105
440	0.007382447101498502
441	0.007382425453227586
442	0.0073824038008226565
443	0.007382382144153642
444	0.007382360483057638
445	0.007382338816932485
446	0.007382317145091657
447	0.007382295467198705
448	0.007382273783159037
449	0.007382252092714881
450	0.007382230395389979
451	0.007382208690779957
452	0.0073821869787119715
453	0.007382165259080835
454	0.007382143531643828
455	0.007382121796079817
456	0.00738210005215806
457	0.007382078299775549
458	0.0073820565388369105
459	0.007382034769164339
460	0.0073820129905589355
461	0.007381991202892159
462	0.007381969406103434
463	0.007381947600128658
464	0.007381925784855808
465	0.007381903960176039
466	0.007381882126023333
467	0.007381860282373361
468	0.0073818384291957275
469	0.007381816566440081
470	0.0073817946940551065
471	0.007381772812023361
472	0.0073817509203494315
473	0.007381729019036248
474	0.0073817071080785335
475	0.007381685187470959
476	0.007381663257230782
477	0.00738164131738658
478	0.007381619367971985
479	0.0073815974090162785
480	0.007381575440549271
481	0.007381553462612876
482	0.007381531475258626
483	0.00738150947854449
484	0.007381487472526443
485	0.007381465457260636
486	0.007381443432811654
487	0.007381421399250793
488	0.007381399356651848
489	0.007381377305096443
490	0.007381355244661388
491	0.00738133317542784
492	0.0073813110974844075
493	0.007381289010924913
494	0.007381266915842545
495	0.00738124481233387
496	0.007381222700498069
497	0.007381200580437833
498	0.007381178452258479
499	0.007381156316070948
500	0.007381134171985649
501	0.007381112020119018
502	0.007381089860582681
503	0.007381067693498741
504	0.00738104551898906
505	0.007381023337177907
506	0.007381001148192665
507	0.0073809789521618145
508	0.0073809567492173
509	0.007380934539492254
510	0.007380912323124605
511	0.007380890100252084
512	0.0073808678710153165
513	0.007380845635559502
514	0.007380823394028192
515	0.007380801146569229
516	0.007380778893333582
517	0.007380756634471736
518	0.0073807343701408476
519	0.007380712100496078
520	0.007380689825694274
521	0.007380667545899093
522	0.007380645261271452
523	0.00738062297197761
524	0.007380600678182718
525	0.007380578380058924
526	0.007380556077775535
527	0.007380533771505026
528	0.007380511461424019
529	0.007380489147711116
530	0.0073804668305434695
531	0.007380444510104066
532	0.007380422186575057
533	0.0073803998601432745
534	0.007380377530993822
535	0.007380355199317836
536	0.007380332865305797
537	0.007380310529151923
538	0.007380288191051369
539	0.007380265851199136
540	0.007380243509795416
541	0.007380221167042739
542	0.007380198823140349
543	0.007380176478295463
544	0.007380154132714577
545	0.007380131786604596
546	0.007380109440175935
547	0.007380087093640281
548	0.007380064747211934
549	0.007380042401106487
550	0.007380020055540544
551	0.0073799977107332744
552	0.00737997536690606
553	0.007379953024280881
554	0.007379930683081301
555	0.007379908343533153
556	0.007379886005864628
557	0.007379863670304791
558	0.007379841337083708
559	0.007379819006436215
560	0.007379796678592362
561	0.007379774353790241
562	0.007379752032267491
563	0.007379729714259601
564	0.0073797074000121685
565	0.007379685089761312
566	0.007379662783754226
567	0.007379640482234665
568	0.007379618185448002
569	0.007379595893641722
570	0.0073795736070653446
571	0.007379551325969463
572	0.0073795290506052215
573	0.0073795067812259755
574	0.0073794845180864994
575	0.007379462261442102
576	0.00737944001154997
577	0.007379417768668309
578	0.007379395533055785
579	0.007379373304975604
580	0.007379351084686472
581	0.007379328872453511
582	0.007379306668540396
583	0.0073792844732119035
584	0.007379262286735239
585	0.007379240109377603
586	0.007379217941407372
587	0.007379195783092387
588	0.007379173634706849
589	0.007379151496519843
590	0.007379129368803007
591	0.007379107251831075
592	0.007379085145878515
593	0.007379063051219408
594	0.007379040968129552
595	0.007379018896886871
596	0.007378996837767174
597	0.007378974791049932
598	0.00737895275701378
599	0.007378930735938167
600	0.0073789087281028575
601	0.007378886733790348
602	0.007378864753280954
603	0.007378842786857232
604	0.007378820834802261
605	0.007378798897397267
606	0.007378776974928987
607	0.007378755067678976
608	0.007378733175933833
609	0.007378711299976104
610	0.007378689440094897
611	0.007378667596571914
612	0.007378645769695985
613	0.0073786239597522195
614	0.007378602167027348
615	0.007378580391808234
616	0.007378558634383856
617	0.00737853689503736
618	0.007378515174060118
619	0.007378493471737357
620	0.007378471788357443
621	0.007378450124206811
622	0.007378428479574874
623	0.007378406854747613
624	0.007378385250013915
625	0.007378363665661457
626	0.007378342101974678
627	0.007378320559244034
628	0.007378299037755799
629	0.007378277537795185
630	0.007378256059651393
631	0.007378234603609772
632	0.00737821316995582
633	0.00737819175897628
634	0.007378170370955582
635	0.007378149006178358
636	0.007378127664931695
637	0.00737810634749829
638	0.007378085054161559
639	0.0073780637852048185
640	0.00737804254091096
641	0.007378021321562213
642	0.007378000127439077
643	0.007377978958824877
644	0.007377957815998134
645	0.00737793669923849
646	0.007377915608824195
647	0.007377894545035079
648	0.0073778735081475155
649	0.0073778524984370025
650	0.007377831516181994
651	0.007377810561654852
652	0.007377789635130997
653	0.007377768736881055
654	0.00737774786717921
655	0.007377727026296518
656	0.007377706214503519
657	0.007377685432066473
658	0.007377664679256291
659	0.0073776439563384595
660	0.007377623263579565
661	0.007377602601242271
662	0.007377581969591542
663	0.007377561368889677
664	0.007377540799397823
665	0.007377520261374787
666	0.007377499755078856
667	0.007377479280768539
668	0.007377458838697725
669	0.007377438429122742
670	0.007377418052294481
671	0.007377397708465658
672	0.007377377397885157
673	0.007377357120804042
674	0.007377336877467255
675	0.007377316668121057
676	0.007377296493008983
677	0.007377276352374586
678	0.007377256246457317
679	0.0073772361754985616
680	0.007377216139733165
681	0.0073771961393984085
682	0.007377176174730101
683	0.00737715624595806
684	0.007377136353315085
685	0.0073771164970304675
686	0.00737709667733193
687	0.007377076894447749
688	0.0073770571486035524
689	0.007377037440029426
690	0.007377017768955055
691	0.0073769981356179735
692	0.007376978540272101
693	0.00737695898319907
694	0.007376939464733083
695	0.007376919985317187
696	0.0073769005455788334
697	0.007376881146519042
698	0.007376861789821832
699	0.007376842478486745
700	0.007376823218002428
701	0.007376804018645715
702	0.007376784899880303
703	0.00737676589897141
704	0.00737674708773071
705	0.0073767286054253894
706	0.007376710723746091
707	0.007376693974752789
708	0.007376679407317897
709	0.007376669091295501
710	0.007376667142305038
711	0.007376681706924248
712	0.007376729023296375
713	0.007376840827714313
714	0.00737707891524006
715	0.007377555291275716
716	0.007378458584218335
717	0.007380011541422572
718	0.007382261260719313
719	0.0073844052047386645
720	0.007384501196090688
721	0.007381280086528855
722	0.0073773055565976246
723	0.007376666272849249
724	0.007379024472161087
725	0.007380035201111435
726	0.007377947930699152
727	0.00737631553587854
728	0.007377460739034562
729	0.007378470233205326
730	0.00737720431631104
731	0.007376239859838107
732	0.007377150554021415
733	0.007377512339566381
734	0.007376482033603085
735	0.0073762905677232544
736	0.007376999533652401
737	0.007376737796307917
738	0.007376115985272435
739	0.007376440858095135
740	0.007376667004792423
741	0.007376179804166421
742	0.0073761192665523926
743	0.0073764357256271736
744	0.007376221872553662
745	0.00737598714231805
746	0.007376198931351676
747	0.007376187321037668
748	0.007375943598945733
749	0.007376016890667022
750	0.007376099615797181
751	0.0073759235811829485
752	0.00737589493440991
753	0.007375991489300192
754	0.007375896539840986
755	0.0073758170247997116
756	0.0073758852600569825
757	0.007375853346475409
758	0.007375764124133749
759	0.0073757924178665425
760	0.007375796688219813
761	0.007375721722619936
762	0.007375715973760147
763	0.00737573292581037
764	0.007375680765294987
765	0.007375653486796449
766	0.007375667648618725
767	0.007375636909802174
768	0.007375600688653954
769	0.007375604766370112
770	0.007375589296960594
771	0.007375553546357863
772	0.007375546363371758
773	0.0073755388244211685
774	0.007375508740568744
775	0.007375492777874854
776	0.007375486993790258
777	0.007375464031756693
778	0.007375443259481416
779	0.007375435390007061
780	0.007375418445177792
781	0.007375396591378732
782	0.007375385178248457
783	0.0073753719231705525
784	0.007375351476201776
785	0.007375336837440586
786	0.007375324898849081
787	0.007375306900252368
788	0.0073752903046361475
789	0.007375277998682622
790	0.0073752623258231745
791	0.007375245203356431
792	0.007375231760945172
793	0.007375217623589669
794	0.007375201026528782
795	0.0073751864633946835
796	0.007375172933008632
797	0.007375157334616534
798	0.007375142130081629
799	0.007375128521338958
800	0.007375113881845523
801	0.007375098613068826
802	0.007375084629119698
803	0.007375070613332745
804	0.007375055692213634
805	0.007375041375435763
806	0.00737502760251059
807	0.007375013181831199
808	0.007374998758131008
809	0.0073749849740360664
810	0.00737497099009705
811	0.007374956697452483
812	0.007374942827293401
813	0.0073749291134348
814	0.007374915091539048
815	0.007374901197560521
816	0.00737488760029366
817	0.007374873867430903
818	0.007374860063666009
819	0.007374846508351612
820	0.007374833002082403
821	0.007374819377116654
822	0.007374805870238891
823	0.007374792510360039
824	0.007374779092728331
825	0.007374765684159634
826	0.007374752420612266
827	0.007374739188603095
828	0.007374725926919073
829	0.007374712753257644
830	0.007374699666869305
831	0.00737468657260257
832	0.007374673510504578
833	0.0073746605406443755
834	0.007374647605695799
835	0.007374634680144189
836	0.007374621820381606
837	0.007374609024224503
838	0.007374596246688893
839	0.007374583506956393
840	0.007374570833663708
841	0.007374558199987395
842	0.007374545592754657
843	0.007374533038367672
844	0.007374520537307324
845	0.007374508067781819
846	0.007374495637155013
847	0.007374483260099337
848	0.007374470925099396
849	0.00737445862413858
850	0.00737444636908592
851	0.007374434161994717
852	0.007374421992278444
853	0.007374409861630463
854	0.007374397777753076
855	0.0073743857364158205
856	0.007374373732516617
857	0.0073743617708680945
858	0.007374349853748949
859	0.00737433797625256
860	0.007374326137805077
861	0.007374314342262848
862	0.007374302588603745
863	0.00737429087373007
864	0.007374279199114838
865	0.007374267566524623
866	0.007374255973953278
867	0.007374244420259798
868	0.007374232907095529
869	0.007374221434613707
870	0.0073742100011325185
871	0.007374198606692188
872	0.00737418725233614
873	0.007374175937444197
874	0.00737416466103316
875	0.007374153423553318
876	0.007374142225374782
877	0.007374131065728095
878	0.007374119944198485
879	0.007374108861195361
880	0.007374097816644415
881	0.007374086809915463
882	0.007374075840903505
883	0.007374064909827857
884	0.007374054016405366
885	0.007374043160205349
886	0.007374032341233833
887	0.007374021559518717
888	0.007374010814730312
889	0.007374000106595483
890	0.007373989435114651
891	0.007373978800188476
892	0.007373968201513953
893	0.007373957638908333
894	0.007373947112329669
895	0.007373936621608582
896	0.007373926166488628
897	0.007373915746827137
898	0.007373905362533152
899	0.0073738950134143635
900	0.007373884699249151
901	0.0073738744199067915
902	0.007373864175261005
903	0.0073738539651113195
904	0.007373843789268185
905	0.007373833647593291
906	0.0073738235399374765
907	0.007373813466106268
908	0.007373803425922175
909	0.007373793419239368
910	0.0073737834458966565
911	0.007373773505705176
912	0.007373763598495598
913	0.007373753724112949
914	0.007373743882390269
915	0.007373734073144644
916	0.007373724296207246
917	0.007373714551419606
918	0.0073737048386071
919	0.007373695157595832
920	0.007373685508215662
921	0.007373675890302796
922	0.007373666303684266
923	0.007373656748185726
924	0.00737364722363766
925	0.007373637729872795
926	0.007373628266720855
927	0.007373618834004976
928	0.0073736094315587745
929	0.00737360005921117
930	0.007373590716790787
931	0.007373581404126057
932	0.007373572121045628
933	0.007373562867381138
934	0.007373553642958825
935	0.007373544447609129
936	0.0073735352811600185
937	0.007373526143443667
938	0.007373517034286215
939	0.007373507953517963
940	0.0073734989009682315
941	0.007373489876468726
942	0.007373480879846541
943	0.007373471910931304
944	0.007373462969554806
945	0.007373454055545967
946	0.007373445168734862
947	0.007373436308951974
948	0.007373427476027432
949	0.007373418669793269
950	0.007373409890079009
951	0.0073734011367161
952	0.007373392409535437
953	0.007373383708369159
954	0.007373375033048488
955	0.0073733663834054395
956	0.007373357759272065
957	0.007373349160480892
958	0.007373340586864156
959	0.007373332038255373
960	0.007373323514486556
961	0.0073733150153918675
962	0.007373306540805773
963	0.007373298090561605
964	0.007373289664492941
965	0.007373281262435969
966	0.007373272884222799
967	0.007373264529692796
968	0.007373256198677092
969	0.007373247891014824
970	0.007373239606541395
971	0.0073732313450921155
972	0.007373223106506236
973	0.0073732148906187605
974	0.00737320669726912
975	0.007373198526295023
976	0.007373190377533024
977	0.007373182250824381
978	0.007373174146007022
979	0.00737316606292175
980	0.0073731580014077935
981	0.007373149961304588
982	0.007373141942454609
983	0.00737313394469832
984	0.007373125967877981
985	0.007373118011835541
986	0.007373110076412762
987	0.007373102161453498
988	0.007373094266801109
989	0.007373086392300064
990	0.007373078537794324
991	0.007373070703128904
992	0.007373062888148601
993	0.0073730550926998555
994	0.007373047316628608
995	0.007373039559783191
996	0.007373031822009642
997	0.0073730241031566435
998	0.007373016403070051
999	0.007373008721601471
1000	0.007373001058599391
1001	0.007372993413914191
1002	0.007372985787394319
1003	0.007372978178894963
1004	0.007372970588263715
1005	0.007372963015353106
1006	0.007372955460017042
1007	0.0073729479221094265
1008	0.007372940401481241
1009	0.00737293289798958
1010	0.007372925411487155
1011	0.007372917941830728
1012	0.00737291048887729
1013	0.007372903052481455
1014	0.007372895632501389
1015	0.0073728882287950465
1016	0.0073728808412201075
1017	0.007372873469636123
1018	0.007372866113902657
1019	0.007372858773880437
1020	0.007372851449429989
1021	0.007372844140411836
1022	0.007372836846690792
1023	0.00737282956812723
1024	0.007372822304585717
1025	0.0073728150559305115
1026	0.007372807822025557
1027	0.007372800602736789
1028	0.00737279339793067
1029	0.0073727862074721325
1030	0.007372779031232703
1031	0.007372771869077003
1032	0.007372764720875563
1033	0.007372757586497221
1034	0.007372750465811826
1035	0.007372743358691815
1036	0.007372736265007777
1037	0.0073727291846339875
1038	0.0073727221174412355
1039	0.007372715063306048
1040	0.0073727080221008354
1041	0.007372700993701646
1042	0.007372693977987009
1043	0.007372686974831437
1044	0.0073726799841138625
1045	0.007372673005713235
1046	0.007372666039508433
1047	0.007372659085380641
1048	0.007372652143209854
1049	0.00737264521287897
1050	0.00737263829427159
1051	0.007372631387269932
1052	0.007372624491759235
1053	0.007372617607624379
1054	0.00737261073475203
1055	0.007372603873030768
1056	0.007372597022347924
1057	0.007372590182591527
1058	0.007372583353653865
1059	0.007372576535423699
1060	0.00737256972779504
1061	0.007372562930660054
1062	0.007372556143912558
1063	0.0073725493674480815
1064	0.007372542601162813
1065	0.007372535844953757
1066	0.00737252909871864
1067	0.007372522362355954
1068	0.007372515635768149
1069	0.007372508918855851
1070	0.007372502211520958
1071	0.007372495513668662
1072	0.007372488825202905
1073	0.007372482146030333
1074	0.007372475476057233
1075	0.007372468815192892
1076	0.007372462163347698
1077	0.00737245552043057
1078	0.007372448886357567
1079	0.00737244226104045
1080	0.007372435644393729
1081	0.0073724290363341985
1082	0.007372422436780989
1083	0.007372415845650907
1084	0.007372409262867103
1085	0.007372402688351003
1086	0.0073723961220258745
1087	0.0073723895638169255
1088	0.007372383013651284
1089	0.00737237647145831
1090	0.007372369937165198
1091	0.0073723634107062935
1092	0.00737235689201474
1093	0.007372350381024594
1094	0.0073723438776732
1095	0.007372337381899624
1096	0.007372330893643671
1097	0.007372324412848535
1098	0.007372317939458299
1099	0.007372311473418145
1100	0.007372305014677751
1101	0.007372298563187184
1102	0.007372292118897864
1103	0.007372285681766749
1104	0.007372279251748429
1105	0.0073722728288020435
1106	0.007372266412888781
1107	0.007372260003972433
1108	0.00737225360201852
1109	0.007372247206995662
1110	0.007372240818876183
1111	0.007372234437629991
1112	0.0073722280632375885
1113	0.0073722216956724086
1114	0.00737221533491955
1115	0.007372208980960821
1116	0.00737220263378405
1117	0.007372196293379812
1118	0.007372189959740023
1119	0.007372183632859981
1120	0.007372177312738287
1121	0.007372170999378034
1122	0.007372164692783844
1123	0.007372158392963332
1124	0.007372152099929323
1125	0.007372145813696312
1126	0.007372139534285765
1127	0.007372133261716505
1128	0.007372126996015405
1129	0.007372120737213642
1130	0.007372114485343856
1131	0.007372108240443682
1132	0.007372102002555196
1133	0.007372095771723092
1134	0.007372089547997393
1135	0.007372083331432917
1136	0.00737207712208777
1137	0.0073720709200239395
1138	0.0073720647253089225
1139	0.0073720585380156346
1140	0.0073720523582193965
1141	0.007372046186002878
1142	0.007372040021452175
1143	0.007372033864658137
1144	0.007372027715717272
1145	0.0073720215747308205
1146	0.007372015441805287
1147	0.007372009317055439
1148	0.007372003200595348
1149	0.007371997092551274
1150	0.007371990993051819
1151	0.007371984902229306
1152	0.007371978820226123
1153	0.0073719727471869105
1154	0.007371966683267195
1155	0.007371960628623564
1156	0.007371954583421102
1157	0.007371948547831614
1158	0.007371942522031969
1159	0.007371936506206977
1160	0.00737193050054612
1161	0.007371924505247646
1162	0.007371918520515713
1163	0.007371912546560165
1164	0.007371906583598859
1165	0.007371900631858301
1166	0.007371894691567717
1167	0.007371888762966123
1168	0.007371882846301956
1169	0.007371876941824749
1170	0.0073718710497954225
1171	0.00737186517048305
1172	0.007371859304160925
1173	0.007371853451110143
1174	0.007371847611622189
1175	0.007371841785992468
1176	0.00737183597452344
1177	0.007371830177528052
1178	0.007371824395323144
1179	0.007371818628233064
1180	0.007371812876592763
1181	0.00737180714074071
1182	0.007371801421022374
1183	0.007371795717792653
1184	0.007371790031410198
1185	0.0073717843622422485
1186	0.0073717787106613855
1187	0.007371773077048829
1188	0.007371767461789023
1189	0.0073717618652733505
1190	0.007371756287899972
1191	0.007371750730070733
1192	0.007371745192195276
1193	0.007371739674684159
1194	0.007371734177957582
1195	0.007371728702434697
1196	0.00737172324854477
1197	0.007371717816714896
1198	0.007371712407379055
1199	0.007371707020971476
1200	0.007371701657932135
1201	0.007371696318698745
1202	0.007371691003713553
1203	0.007371685713418154
1204	0.007371680448256015
1205	0.0073716752086671646
1206	0.007371669995092185
1207	0.007371664807971968
1208	0.007371659647743781
1209	0.007371654514843335
1210	0.007371649409697919
1211	0.007371644332735961
1212	0.00737163928437987
1213	0.007371634265044219
1214	0.0073716292751371554
1215	0.007371624315060807
1216	0.007371619385208623
1217	0.007371614485964923
1218	0.007371609617701861
1219	0.007371604780784721
1220	0.007371599975563395
1221	0.007371595202376641
1222	0.007371590461550658
1223	0.007371585753395421
1224	0.007371581078204802
1225	0.0073715764362604266
1226	0.007371571827823297
1227	0.007371567253136853
1228	0.007371562712425946
1229	0.007371558205897623
1230	0.007371553733736299
1231	0.00737154929610627
1232	0.007371544893148604
1233	0.007371540524984064
1234	0.0073715361917081074
1235	0.007371531893391769
1236	0.007371527630085072
1237	0.007371523401809145
1238	0.007371519208563199
1239	0.007371515050316705
1240	0.007371510927015245
1241	0.007371506838580802
1242	0.0073715027849025234
1243	0.007371498765848896
1244	0.007371494781260892
1245	0.007371490830947527
1246	0.0073714869146988
1247	0.007371483032273338
1248	0.007371479183408495
1249	0.007371475367811462
1250	0.007371471585167091
1251	0.007371467835137969
1252	0.00737146411735684
1253	0.007371460431440255
1254	0.007371456776979385
1255	0.007371453153545008
1256	0.0073714495606877935
1257	0.0073714459979380515
1258	0.007371442464809845
1259	0.0073714389608009875
1260	0.007371435485392104
1261	0.007371432038048879
1262	0.00737142861822649
1263	0.007371425225366167
1264	0.007371421858901064
1265	0.007371418518255127
1266	0.007371415202843687
1267	0.007371411912075951
1268	0.0073714086453594615
1269	0.0073714054020961265
1270	0.007371402181687227
1271	0.007371398983533672
1272	0.007371395807037447
1273	0.007371392651602636
1274	0.007371389516636833
1275	0.007371386401556427
1276	0.0073713833057779095
1277	0.007371380228729146
1278	0.007371377169844689
1279	0.007371374128570006
1280	0.007371371104360478
1281	0.007371368096680585
1282	0.007371365105009649
1283	0.007371362128837381
1284	0.007371359167668681
1285	0.007371356221021962
1286	0.007371353288428966
1287	0.0073713503694376944
1288	0.007371347463609412
1289	0.0073713445705216206
1290	0.0073713416897675825
1291	0.007371338820957411
1292	0.007371335963712859
1293	0.007371333117677943
1294	0.007371330282504598
1295	0.007371327457867722
1296	0.007371324643451794
1297	0.0073713218389583925
1298	0.007371319044105677
1299	0.007371316258622353
1300	0.007371313482258047
1301	0.0073713107147670015
1302	0.007371307955924335
1303	0.007371305205516069
1304	0.007371302463338433
1305	0.007371299729204441
1306	0.007371297002932755
1307	0.0073712942843596405
1308	0.007371291573325051
1309	0.007371288869685683
1310	0.007371286173303986
1311	0.007371283484052634
1312	0.007371280801814193
1313	0.007371278126477693
1314	0.0073712754579408225
1315	0.007371272796108945
1316	0.00737127014089403
1317	0.007371267492213096
1318	0.007371264849991935
1319	0.007371262214161961
1320	0.007371259584657379
1321	0.007371256961419232
1322	0.00737125434439233
1323	0.007371251733526807
1324	0.0073712491287761354
1325	0.007371246530096668
1326	0.007371243937449057
1327	0.007371241350798124
1328	0.007371238770110089
1329	0.0073712361953536636
1330	0.007371233626501285
1331	0.0073712310635264304
1332	0.007371228506405614
1333	0.0073712259551158114
1334	0.00737122340963596
1335	0.0073712208699499
1336	0.007371218336037511
1337	0.007371215807883072
1338	0.007371213285472614
1339	0.007371210768790898
1340	0.0073712082578249565
1341	0.007371205752563628
1342	0.007371203252994567
1343	0.007371200759106646
1344	0.00737119827088999
1345	0.007371195788335222
1346	0.007371193311433466
1347	0.007371190840175922
1348	0.007371188374552865
1349	0.007371185914558144
1350	0.007371183460184108
1351	0.007371181011422961
1352	0.007371178568267236
1353	0.007371176130710233
1354	0.007371173698746273
1355	0.007371171272367574
1356	0.007371168851568369
1357	0.007371166436340983
1358	0.007371164026682391
1359	0.007371161622585137
1360	0.007371159224042172
1361	0.007371156831049493
1362	0.007371154443599327
1363	0.007371152061689583
1364	0.0073711496853114435
1365	0.007371147314460922
1366	0.007371144949133959
1367	0.007371142589327376
1368	0.007371140235034717
1369	0.0073711378862594676
1370	0.007371135543005391
1371	0.007371133205287234
1372	0.007371130873137667
1373	0.007371128546628608
1374	0.0073711262259041265
1375	0.007371123911257011
1376	0.00737112160327251
1377	0.0073711193031273225
1378	0.007371117013186106
1379	0.00737111473822532
1380	0.007371112487927879
1381	0.0073711102820030105
1382	0.0073711081607607054
1383	0.007371106206987082
1384	0.0073711045915058095
1385	0.007371103668232079
1386	0.00737110417391107
1387	0.0073711076474413505
1388	0.007371117317951577
1389	0.00737113997092292
1390	0.007371189904795027
1391	0.007371297082621985
1392	0.007371523845447121
1393	0.007371995546665648
1394	0.0073729493492399436
1395	0.007374757755993526
1396	0.007377752702205838
1397	0.0073813760738191715
1398	0.007382887881061128
1399	0.007379152909551623
1400	0.007372845017759049
1401	0.007371408681641463
1402	0.00737504668838659
1403	0.007375981786665044
1404	0.007372355424737923
1405	0.0073713862343079434
1406	0.007373871337307418
1407	0.007373283765486864
1408	0.007371131975235794
1409	0.00737226876041922
1410	0.007372920975679816
1411	0.007371287611149189
1412	0.007371629324586031
1413	0.00737238857632736
1414	0.007371281276206002
1415	0.007371404369955268
1416	0.007371983365408933
1417	0.0073711915133126945
1418	0.0073713208794275505
1419	0.007371690270440738
1420	0.007371100800901959
1421	0.007371286572158303
1422	0.007371470371202848
1423	0.007371041400802188
1424	0.00737126368829109
1425	0.0073712990566976895
1426	0.007371015387784825
1427	0.007371235048922442
1428	0.00737116931197229
1429	0.007371015199805963
1430	0.00737119533376332
1431	0.00737107822220451
1432	0.0073710263677352755
1433	0.007371146105967227
1434	0.007371021666205282
1435	0.007371037041133671
1436	0.00737109501810957
1437	0.007370992568272836
1438	0.0073710400915100146
1439	0.0073710489434606966
1440	0.007370981120529118
1441	0.007371033782418221
1442	0.007371012581547432
1443	0.007370978763174305
1444	0.007371020459094546
1445	0.007370987141087528
1446	0.00737097874201236
1447	0.007371003555303578
1448	0.007370971058679517
1449	0.007370977371942743
1450	0.007370986583415442
1451	0.007370961637488592
1452	0.007370973414195928
1453	0.007370971624946007
1454	0.007370955899562668
1455	0.007370967121255218
1456	0.007370959522472049
1457	0.007370951698204152
1458	0.0073709594842112005
1459	0.00737095015028335
1460	0.007370947659344686
1461	0.007370951412685285
1462	0.007370942856800836
1463	0.0073709431921929296
1464	0.007370943613886523
1465	0.007370936930826175
1466	0.00737093819882098
1467	0.007370936415150728
1468	0.007370931727644182
1469	0.007370932803294751
1470	0.007370929893039824
1471	0.007370926836624094
1472	0.00737092722297228
1473	0.007370923969288778
1474	0.007370922012439571
1475	0.0073709216211683614
1476	0.0073709184924446065
1477	0.007370917154468372
1478	0.007370916116890225
1479	0.007370913323418601
1480	0.007370912245335253
1481	0.007370910759421092
1482	0.007370908340686442
1483	0.0073709073010870905
1484	0.007370905558603846
1485	0.007370903467844952
1486	0.00737090235472253
1487	0.007370900500611769
1488	0.00737089865616645
1489	0.007370897430309031
1490	0.007370895559834487
1491	0.007370893882065499
1492	0.0073708925474404085
1493	0.007370890713222028
1494	0.007370889136711302
1495	0.007370887714977994
1496	0.007370885939067243
1497	0.007370884417984617
1498	0.007370882936379186
1499	0.007370881223029289
1500	0.0073708797285094605
1501	0.007370878211081598
1502	0.007370876554510941
1503	0.00737087507041524
1504	0.007370873536108371
1505	0.007370871927325606
1506	0.007370870446397556
1507	0.0073708689084639525
1508	0.007370867337896049
1509	0.007370865857795251
1510	0.007370864324695291
1511	0.00737086278418702
1512	0.007370861305485208
1513	0.007370859782286785
1514	0.007370858265435393
1515	0.007370856789708703
1516	0.00737085527898837
1517	0.007370853781121499
1518	0.007370852310279004
1519	0.007370850813232186
1520	0.0073708493311864295
1521	0.007370847866923465
1522	0.007370846383820104
1523	0.0073708449154894
1524	0.00737084345916287
1525	0.007370841989862775
1526	0.0073708405339865946
1527	0.007370839086606995
1528	0.007370837630746042
1529	0.007370836186558762
1530	0.007370834748812145
1531	0.007370833305967414
1532	0.0073708318730637
1533	0.007370830445417353
1534	0.00737082901516861
1535	0.007370827593334117
1536	0.00737082617607353
1537	0.007370824758029507
1538	0.007370823347158402
1539	0.00737082194046907
1540	0.007370820534299366
1541	0.00737081913433907
1542	0.007370817738321032
1543	0.007370816343736172
1544	0.007370814954644953
1545	0.007370813569352371
1546	0.007370812186124065
1547	0.0073708108078643555
1548	0.007370809433312936
1549	0.0073708080612480105
1550	0.0073708066937681746
1551	0.007370805329951677
1552	0.007370803968896557
1553	0.007370802612142418
1554	0.007370801259026389
1555	0.007370799908857388
1556	0.00737079856276799
1557	0.00737079722030737
1558	0.007370795880915645
1559	0.00737079454542923
1560	0.007370793213563176
1561	0.007370791884854993
1562	0.007370790559909647
1563	0.007370789238572586
1564	0.007370787920455068
1565	0.007370786605989936
1566	0.007370785295109969
1567	0.0073707839875007996
1568	0.007370782683451888
1569	0.0073707813829586005
1570	0.0073707800857705525
1571	0.007370778792074418
1572	0.007370777501896348
1573	0.007370776215046195
1574	0.0073707749316340885
1575	0.007370773651702147
1576	0.007370772375106996
1577	0.007370771101910122
1578	0.007370769832154239
1579	0.007370768565734151
1580	0.007370767302678129
1581	0.0073707660430282086
1582	0.007370764786706078
1583	0.007370763533718357
1584	0.007370762284102139
1585	0.007370761037799864
1586	0.007370759794805822
1587	0.007370758555150175
1588	0.007370757318792727
1589	0.007370756085717608
1590	0.007370754855948538
1591	0.007370753629459186
1592	0.007370752406229261
1593	0.007370751186273362
1594	0.007370749969575109
1595	0.007370748756115355
1596	0.007370747545897827
1597	0.007370746338916052
1598	0.007370745135147837
1599	0.0073707439345958425
1600	0.007370742737253705
1601	0.00737074154310368
1602	0.007370740352141044
1603	0.007370739164362508
1604	0.0073707379797527655
1605	0.007370736798305006
1606	0.007370735620015228
1607	0.007370734444870561
1608	0.007370733272861486
1609	0.007370732103984378
1610	0.0073707309382274825
1611	0.007370729775581668
1612	0.007370728616041084
1613	0.0073707274595970415
1614	0.007370726306238274
1615	0.0073707251559580874
1616	0.007370724008749394
1617	0.0073707228646019635
1618	0.007370721723506499
1619	0.007370720585457919
1620	0.007370719450444448
1621	0.0073707183184583015
1622	0.007370717189492599
1623	0.007370716063536993
1624	0.007370714940584893
1625	0.007370713820625693
1626	0.007370712703652053
1627	0.007370711589654376
1628	0.007370710478627578
1629	0.00737070937055876
1630	0.00737070826544348
1631	0.007370707163269574
1632	0.007370706064031174
1633	0.0073707049677183235
1634	0.007370703874324415
1635	0.007370702783838749
1636	0.007370701696254772
1637	0.007370700611561905
1638	0.007370699529755033
1639	0.007370698450821644
1640	0.007370697374755907
1641	0.007370696301548966
1642	0.0073706952311924645
1643	0.0073706941636775235
1644	0.007370693098995834
1645	0.007370692037138743
1646	0.007370690978098421
1647	0.007370689921866942
1648	0.007370688868434205
1649	0.007370687817793966
1650	0.007370686769936427
1651	0.007370685724852255
1652	0.007370684682535574
1653	0.007370683642975877
1654	0.0073706826061662655
1655	0.00737068157209677
1656	0.007370680540761057
1657	0.007370679512149088
1658	0.0073706784862547
1659	0.007370677463067636
1660	0.007370676442579084
1661	0.0073706754247831975
1662	0.007370674409668378
1663	0.007370673397230418
1664	0.0073706723874568374
1665	0.007370671380343252
1666	0.007370670375878081
1667	0.007370669374055336
1668	0.00737066837486525
1669	0.007370667378300579
1670	0.007370666384354416
1671	0.007370665393015389
1672	0.007370664404276308
1673	0.007370663418130918
1674	0.007370662434570194
1675	0.007370661453584957
1676	0.007370660475167459
1677	0.00737065949931018
1678	0.007370658526004723
1679	0.007370657555242447
1680	0.007370656587016105
1681	0.0073706556213174144
1682	0.007370654658138253
1683	0.00737065369746986
1684	0.007370652739305813
1685	0.007370651783636406
1686	0.007370650830455045
1687	0.007370649879752011
1688	0.00737064893152061
1689	0.007370647985753591
1690	0.00737064704244164
1691	0.007370646101575892
1692	0.0073706451631520425
1693	0.007370644227158351
1694	0.0073706432935901015
1695	0.007370642362436443
1696	0.0073706414336908955
1697	0.007370640507346496
1698	0.007370639583393889
1699	0.007370638661826972
1700	0.00737063774263658
1701	0.007370636825815613
1702	0.007370635911354978
1703	0.00737063499924958
1704	0.0073706340894886205
1705	0.007370633182066509
1706	0.007370632276974803
1707	0.0073706313742069865
1708	0.007370630473753801
1709	0.007370629575608514
1710	0.007370628679762769
1711	0.007370627786210811
1712	0.007370626894941986
1713	0.0073706260059518405
1714	0.007370625119231541
1715	0.007370624234772786
1716	0.007370623352569098
1717	0.0073706224726134625
1718	0.007370621594897225
1719	0.007370620719412711
1720	0.007370619846153631
1721	0.0073706189751133865
1722	0.00737061810628255
1723	0.007370617239654038
1724	0.007370616375221372
1725	0.007370615512977686
1726	0.007370614652914395
1727	0.007370613795025046
1728	0.007370612939302585
1729	0.007370612085739455
1730	0.007370611234326668
1731	0.007370610385059546
1732	0.007370609537930405
1733	0.007370608692931907
1734	0.007370607850056836
1735	0.007370607009297416
1736	0.007370606170647436
1737	0.007370605334100053
1738	0.007370604499646892
1739	0.007370603667282145
1740	0.007370602836998391
1741	0.007370602008788725
1742	0.007370601182645613
1743	0.007370600358562891
1744	0.007370599536534483
1745	0.007370598716551375
1746	0.00737059789860894
1747	0.007370597082697316
1748	0.007370596268813256
1749	0.007370595456947426
1750	0.007370594647093298
1751	0.007370593839246279
1752	0.007370593033396544
1753	0.007370592229540007
1754	0.007370591427668636
1755	0.007370590627775212
1756	0.007370589829853927
1757	0.007370589033898338
1758	0.007370588239901832
1759	0.007370587447857139
1760	0.007370586657758724
1761	0.007370585869598686
1762	0.007370585083372369
1763	0.007370584299072227
1764	0.0073705835166913885
1765	0.007370582736224228
1766	0.007370581957663045
1767	0.007370581181003532
1768	0.007370580406237526
1769	0.007370579633359742
1770	0.007370578862363311
1771	0.0073705780932423045
1772	0.007370577325990722
1773	0.007370576560600205
1774	0.007370575797067375
1775	0.007370575035384224
1776	0.007370574275546057
1777	0.007370573517545272
1778	0.007370572761376675
1779	0.0073705720070339955
1780	0.007370571254509525
1781	0.0073705705038001005
1782	0.007370569754897355
1783	0.007370569007795659
1784	0.00737056826249111
1785	0.007370567518974953
1786	0.007370566777242743
1787	0.007370566037288926
1788	0.007370565299106069
1789	0.007370564562689343
1790	0.007370563828033162
1791	0.007370563095130094
1792	0.0073705623639775016
1793	0.007370561634566699
1794	0.007370560906892415
1795	0.007370560180949604
1796	0.00737055945673212
1797	0.0073705587342358875
1798	0.0073705580134522265
1799	0.007370557294376981
1800	0.007370556577005688
1801	0.007370555861331925
1802	0.007370555147349265
1803	0.007370554435053611
1804	0.007370553724438509
1805	0.007370553015498237
1806	0.0073705523082290975
1807	0.007370551602622619
1808	0.0073705508986756565
1809	0.007370550196382003
1810	0.007370549495736277
1811	0.007370548796735348
1812	0.007370548099370235
1813	0.007370547403637638
1814	0.007370546709532149
1815	0.007370546017046968
1816	0.007370545326179818
1817	0.00737054463692357
1818	0.007370543949273325
1819	0.0073705432632228205
1820	0.007370542578769315
1821	0.007370541895905653
1822	0.007370541214627593
1823	0.0073705405349304455
1824	0.007370539856807722
1825	0.00737053918025557
1826	0.007370538505269678
1827	0.007370537831842935
1828	0.007370537159971769
1829	0.007370536489652215
1830	0.007370535820877284
1831	0.007370535153643251
1832	0.007370534487943341
1833	0.0073705338237761596
1834	0.007370533161134644
1835	0.007370532500013842
1836	0.007370531840409887
1837	0.007370531182317669
1838	0.0073705305257324005
1839	0.007370529870649025
1840	0.007370529217063134
1841	0.007370528564970843
1842	0.007370527914366167
1843	0.007370527265245459
1844	0.007370526617604163
1845	0.0073705259714361765
1846	0.007370525326739434
1847	0.007370524683505478
1848	0.007370524041735352
1849	0.007370523401419152
1850	0.007370522762556132
1851	0.00737052212513924
1852	0.0073705214891661075
1853	0.0073705208546304725
1854	0.0073705202215303516
1855	0.007370519589858854
1856	0.007370518959612528
1857	0.007370518330788481
1858	0.007370517703379958
1859	0.007370517077384427
1860	0.007370516452796435
1861	0.007370515829612872
1862	0.0073705152078278845
1863	0.0073705145874396905
1864	0.007370513968441893
1865	0.007370513350830868
1866	0.007370512734603765
1867	0.007370512119755056
1868	0.007370511506280824
1869	0.00737051089417678
1870	0.007370510283439774
1871	0.007370509674065026
1872	0.007370509066048556
1873	0.007370508459386988
1874	0.007370507854074755
1875	0.007370507250110408
1876	0.007370506647487719
1877	0.007370506046203746
1878	0.007370505446253188
1879	0.007370504847635194
1880	0.007370504250343166
1881	0.007370503654373706
1882	0.007370503059724249
1883	0.007370502466389904
1884	0.007370501874366592
1885	0.0073705012836513505
1886	0.0073705006942398656
1887	0.007370500106127554
1888	0.007370499519313189
1889	0.00737049893379144
1890	0.007370498349558023
1891	0.007370497766610572
1892	0.007370497184944384
1893	0.007370496604556305
1894	0.007370496025443317
1895	0.007370495447601152
1896	0.007370494871025496
1897	0.007370494295712868
1898	0.007370493721662663
1899	0.007370493148866475
1900	0.0073704925773244905
1901	0.007370492007031539
1902	0.007370491437986173
1903	0.007370490870181557
1904	0.007370490303617724
1905	0.007370489738288939
1906	0.007370489174192352
1907	0.0073704886113248585
1908	0.007370488049681968
1909	0.007370487489262308
1910	0.00737048693006066
1911	0.007370486372074698
1912	0.007370485815300666
1913	0.007370485259736437
1914	0.007370484705376946
1915	0.007370484152219733
1916	0.007370483600261166
1917	0.007370483049498795
1918	0.007370482499929135
1919	0.007370481951548353
1920	0.007370481404354003
1921	0.0073704808583426405
1922	0.0073704803135112105
1923	0.007370479769855982
1924	0.0073704792273740416
1925	0.007370478686062441
1926	0.0073704781459186
1927	0.00737047760693827
1928	0.007370477069119604
1929	0.00737047653245863
1930	0.007370475996952829
1931	0.00737047546260006
1932	0.00737047492939541
1933	0.007370474397334965
1934	0.007370473866420049
1935	0.007370473336644043
1936	0.007370472808005137
1937	0.007370472280500975
1938	0.0073704717541258034
1939	0.007370471228881214
1940	0.007370470704761293
1941	0.007370470181762876
1942	0.007370469659884388
1943	0.00737046913912294
1944	0.0073704686194747925
1945	0.007370468100938158
1946	0.00737046758350925
1947	0.007370467067185577
1948	0.007370466551964775
1949	0.007370466037844393
1950	0.007370465524819592
1951	0.007370465012889951
1952	0.007370464502051656
1953	0.007370463992302467
1954	0.007370463483638151
1955	0.007370462976058208
1956	0.007370462469558121
1957	0.007370461964136717
1958	0.007370461459789741
1959	0.007370460956516094
1960	0.007370460454311976
1961	0.007370459953174752
1962	0.007370459453102197
1963	0.007370458954093677
1964	0.0073704584561424865
1965	0.007370457959248927
1966	0.007370457463410246
1967	0.007370456968622055
1968	0.007370456474883448
1969	0.007370455982190811
1970	0.007370455490544824
1971	0.007370454999938266
1972	0.007370454510369852
1973	0.007370454021839499
1974	0.007370453534343375
1975	0.007370453047878322
1976	0.0073704525624414315
1977	0.007370452078033126
1978	0.007370451594647764
1979	0.0073704511122841074
1980	0.007370450630941201
1981	0.007370450150613764
1982	0.007370449671302147
1983	0.007370449193001173
1984	0.007370448715709733
1985	0.007370448239426944
1986	0.007370447764148966
1987	0.007370447289873516
1988	0.007370446816598614
1989	0.007370446344321359
1990	0.007370445873039644
1991	0.007370445402751096
1992	0.0073704449334541875
1993	0.007370444465145412
1994	0.007370443997824273
1995	0.007370443531486179
1996	0.0073704430661303555
1997	0.007370442601754596
1998	0.007370442138355457
1999	0.007370441675931668
2000	0.0073704412144810485
2001	0.007370440754001098
2002	0.0073704402944895185
2003	0.00737043983594482
2004	0.00737043937836369
2005	0.007370438921744629
2006	0.007370438466086026
2007	0.007370438011384668
2008	0.007370437557640087
2009	0.007370437104850297
2010	0.007370436653015141
2011	0.007370436202134604
2012	0.007370435752214917
2013	0.007370435303269181
2014	0.007370434855323347
2015	0.0073704344084368125
2016	0.007370433962738484
2017	0.007370433518499471
2018	0.00737043307629774
2019	0.007370432637369712
2020	0.00737043220434713
2021	0.007370431782966442
2022	0.0073704313854184664
2023	0.007370431038874554
2024	0.00737043080045165
2025	0.007370430801704898
2026	0.007370431308143192
2027	0.007370432961120926
2028	0.00737043689158951
2029	0.007370445972063249
2030	0.007370462910177037
2031	0.007370494555821057
2032	0.007370523941622122
2033	0.0073705381461151576
2034	0.0073704892235010346
2035	0.007370439053250657
2036	0.007370438721936973
2037	0.007370469976428139
2038	0.0073704788537409215
2039	0.007370452327296405
2040	0.0073704414171308595
2041	0.007370458958726514
2042	0.0073704710650547775
2043	0.007370466504449388
2044	0.007370467836474924
2045	0.007370492312339277
2046	0.0073705236470913305
2047	0.007370549522528408
2048	0.00737059715827162
2049	0.007370685613705382
2050	0.007370801127261414
2051	0.0073709562120407735
2052	0.007371189497649961
2053	0.007371505827509689
2054	0.007371885836038537
2055	0.007372303727689559
2056	0.007372666425079841
2057	0.007372804179075809
2058	0.007372557357027097
2059	0.007371924618342919
2060	0.007371127374989116
2061	0.0073705444075591285
2062	0.007370437451998024
2063	0.007370735881008753
2064	0.007371094875207762
2065	0.007371171009998608
2066	0.007370902673828116
2067	0.007370548556110867
2068	0.007370415970302375
2069	0.007370556617957345
2070	0.00737075141487493
2071	0.007370765214874755
2072	0.007370591072300653
2073	0.007370429991792956
2074	0.00737043777142934
2075	0.007370555848861943
2076	0.007370613704452583
2077	0.007370542217876846
2078	0.007370435976271067
2079	0.007370414574578904
2080	0.007370476775419635
2081	0.007370523057378153
2082	0.0073704925431717595
2083	0.007370428981679456
2084	0.007370408409348561
2085	0.007370441446860671
2086	0.007370472209919016
2087	0.007370458228246465
2088	0.0073704203095884616
2089	0.0073704053373378495
2090	0.00737042341999279
2091	0.0073704425427642255
2092	0.007370435943163037
2093	0.00737041366756611
2094	0.007370403229061672
2095	0.0073704126941634834
2096	0.007370424496373816
2097	0.007370421811781693
2098	0.007370408820220681
2099	0.007370401402752786
2100	0.007370405782909696
2101	0.00737041302648142
2102	0.007370412573028707
2103	0.007370405115270441
2104	0.0073703996500389885
2105	0.007370401168933838
2106	0.007370405512443488
2107	0.007370406081377439
2108	0.0073704020176382605
2109	0.007370398052159701
2110	0.007370397946225019
2111	0.007370400322319162
2112	0.007370401242862169
2113	0.007370399243249157
2114	0.0073703964929224455
2115	0.00737039559284575
2116	0.007370396584716501
2117	0.007370397425522965
2118	0.00737039665188532
2119	0.007370394878344507
2120	0.007370393715855816
2121	0.007370393806957633
2122	0.007370394322149687
2123	0.007370394151752025
2124	0.007370393143013489
2125	0.007370392072385573
2126	0.007370391644133808
2127	0.0073703917564908565
2128	0.007370391764698109
2129	0.007370391266617181
2130	0.0073703904691228075
2131	0.007370389848058795
2132	0.007370389610559556
2133	0.007370389540830467
2134	0.0073703893002429605
2135	0.007370388790748989
2136	0.007370388203689117
2137	0.007370387770731587
2138	0.007370387530102094
2139	0.007370387330200373
2140	0.007370387011968543
2141	0.007370386561571653
2142	0.007370386095852458
2143	0.007370385725484702
2144	0.007370385451422493
2145	0.0073703851866691195
2146	0.007370384854565783
2147	0.007370384456257596
2148	0.007370384054012796
2149	0.007370383702789923
2150	0.007370383402032951
2151	0.007370383107673092
2152	0.007370382780213189
2153	0.007370382417721861
2154	0.007370382049462148
2155	0.0073703817048351074
2156	0.007370381388422871
2157	0.007370381080908922
2158	0.007370380760142703
2159	0.007370380420139395
2160	0.007370380072536672
2161	0.007370379733545162
2162	0.007370379410014002
2163	0.007370379095714457
2164	0.007370378778929375
2165	0.007370378452935337
2166	0.007370378120157117
2167	0.007370377788262298
2168	0.007370377463277764
2169	0.007370377145442311
2170	0.007370376830172762
2171	0.007370376512439909
2172	0.007370376190570019
2173	0.0073703758667237294
2174	0.0073703755445379895
2175	0.007370375226273269
2176	0.007370374911496074
2177	0.007370374597893118
2178	0.0073703742832813965
2179	0.007370373967091704
2180	0.007370373650387193
2181	0.007370373334793356
2182	0.007370373021326293
2183	0.007370372709858917
2184	0.0073703723994296795
2185	0.00737037208904298
2186	0.007370371778295246
2187	0.007370371467489189
2188	0.007370371157296045
2189	0.007370370848288543
2190	0.007370370540605452
2191	0.0073703702339535365
2192	0.007370369927879374
2193	0.007370369622062256
2194	0.007370369316466521
2195	0.007370369011296518
2196	0.0073703687068333345
2197	0.0073703684032638715
2198	0.007370368100595864
2199	0.007370367798698345
2200	0.0073703674973999165
2201	0.007370367196575318
2202	0.007370366896204737
2203	0.007370366596360982
2204	0.007370366297151119
2205	0.007370365998654508
2206	0.007370365700893271
2207	0.0073703654038318345
2208	0.007370365107406857
2209	0.007370364811561142
2210	0.007370364516267298
2211	0.0073703642215314745
2212	0.007370363927385013
2213	0.007370363633859225
2214	0.007370363340982155
2215	0.007370363048755824
2216	0.007370362757169009
2217	0.0073703624662020545
2218	0.007370362175833265
2219	0.0073703618860493465
2220	0.0073703615968488834
2221	0.007370361308238571
2222	0.007370361020226392
2223	0.007370360732822059
2224	0.007370360446028394
2225	0.007370360159849239
2226	0.007370359874276967
2227	0.007370359589306731
2228	0.00737035930493085
2229	0.007370359021146274
2230	0.007370358737948773
2231	0.007370358455335874
2232	0.007370358173312615
2233	0.007370357891878436
2234	0.007370357611034597
2235	0.007370357330780965
2236	0.007370357051118181
2237	0.0073703567720438965
2238	0.007370356493555697
2239	0.007370356215652862
2240	0.0073703559383322004
2241	0.007370355661592734
2242	0.007370355385431008
2243	0.0073703551098467475
2244	0.007370354834840179
2245	0.007370354560409693
2246	0.007370354286554136
2247	0.00737035401327309
2248	0.007370353740565193
2249	0.007370353468430695
2250	0.007370353196866883
2251	0.007370352925873808
2252	0.007370352655450926
2253	0.007370352385597041
2254	0.007370352116308193
2255	0.007370351847586285
2256	0.007370351579428461
2257	0.007370351311834726
2258	0.007370351044803102
2259	0.007370350778332544
2260	0.007370350512422264
2261	0.007370350247071311
2262	0.00737034998227855
2263	0.007370349718041465
2264	0.0073703494543600825
2265	0.007370349191235403
2266	0.007370348928663611
2267	0.007370348666643379
2268	0.007370348405175701
2269	0.007370348144257823
2270	0.0073703478838896535
2271	0.007370347624071266
2272	0.007370347364799098
2273	0.007370347106073708
2274	0.007370346847894952
2275	0.007370346590260387
2276	0.007370346333170762
2277	0.007370346076624776
2278	0.007370345820621342
2279	0.007370345565162454
2280	0.007370345310247015
2281	0.0073703450558770724
2282	0.007370344802056666
2283	0.007370344548786267
2284	0.007370344296075911
2285	0.0073703440439358905
2286	0.007370343792382712
2287	0.0073703435414451
2288	0.0073703432911639034
2289	0.007370343041606656
2290	0.007370342792879142
2291	0.007370342545149301
2292	0.0073703422986867275
2293	0.007370342053925682
2294	0.007370341811565054
2295	0.00737034157275095
2296	0.0073703413393645355
2297	0.007370341114519757
2298	0.007370340903401771
2299	0.00737034071471949
2300	0.0073703405631834066
2301	0.0073703404738224634
2302	0.007370340489531178
2303	0.0073703406842547045
2304	0.007370341186458482
2305	0.007370342220506994
2306	0.007370344181311086
2307	0.007370347766987076
2308	0.007370354221332616
2309	0.007370365765275173
2310	0.007370386393378012
2311	0.007370423270702793
2312	0.007370489299589564
2313	0.007370607345409203
2314	0.007370817511374396
2315	0.0073711861401466895
2316	0.0073718151089968735
2317	0.007372824171911811
2318	0.007374271666874605
2319	0.007375895099478482
2320	0.007376855017625735
2321	0.007375931426949055
2322	0.007373149663061873
2323	0.007370673764236023
2324	0.007370686288925985
2325	0.007372340951656665
2326	0.0073727889215537985
2327	0.00737130808157682
2328	0.0073703360584390695
2329	0.007371160270415619
2330	0.007371769982083595
2331	0.007370906609733681
2332	0.007370346071467487
2333	0.007370981859053241
2334	0.0073711553230331305
2335	0.007370482998655926
2336	0.007370455028669458
2337	0.007370909366056359
2338	0.007370668474167962
2339	0.007370333803263874
2340	0.007370614024478242
2341	0.007370686302589174
2342	0.0073703707770547125
2343	0.007370432312503562
2344	0.007370608625639036
2345	0.007370419986796138
2346	0.0073703531053714
2347	0.0073705134738428655
2348	0.007370441732077909
2349	0.007370331623566787
2350	0.007370435840698094
2351	0.00737043793935716
2352	0.007370334020065136
2353	0.007370383141831633
2354	0.007370419919706625
2355	0.007370342430677344
2356	0.007370351825625045
2357	0.007370397204987316
2358	0.007370349324610354
2359	0.0073703357476954156
2360	0.0073703755406241975
2361	0.007370352412327303
2362	0.007370329122917109
2363	0.007370357532496366
2364	0.007370351761448464
2365	0.007370327640360919
2366	0.007370344014339683
2367	0.007370348390189473
2368	0.007370328377495832
2369	0.007370334772503212
2370	0.0073703435523605814
2371	0.007370329605810084
2372	0.007370329089841519
2373	0.007370338289099733
2374	0.007370330376224881
2375	0.00737032604742251
2376	0.007370333384452263
2377	0.007370330323937343
2378	0.0073703247090051854
2379	0.007370329289064926
2380	0.007370329458152064
2381	0.007370324292878498
2382	0.007370326194462086
2383	0.007370327993074335
2384	0.007370324197816055
2385	0.007370324072505053
2386	0.007370326233734789
2387	0.007370324043637248
2388	0.0073703227432697
2389	0.007370324460819701
2390	0.007370323643208964
2391	0.007370321958870588
2392	0.007370322883851322
2393	0.007370322965425365
2394	0.00737032146208009
2395	0.007370321608514138
2396	0.007370322083742579
2397	0.007370321047422316
2398	0.007370320644894777
2399	0.007370321115644845
2400	0.0073703205848108634
2401	0.007370319935341045
2402	0.007370320179886884
2403	0.0073703200309422935
2404	0.007370319395084742
2405	0.007370319368821387
2406	0.007370319422157335
2407	0.007370318966659063
2408	0.007370318760359621
2409	0.007370318882022585
2410	0.00737031869183669
2411	0.007370318501427869
2412	0.0073703186952980655
2413	0.007370318891405993
2414	0.007370319041509393
2415	0.007370319639017695
2416	0.007370320567493137
2417	0.007370321811831358
2418	0.007370323527057421
2419	0.00737032618927786
2420	0.00737032897615993
2421	0.0073703324141213816
2422	0.007370334698418667
2423	0.0073703361306701395
2424	0.007370333775807754
2425	0.007370329387286632
2426	0.0073703229659368204
2427	0.007370317533870251
2428	0.0073703147745272386
2429	0.007370315212961973
2430	0.007370317632822647
2431	0.007370320026343847
2432	0.007370321021018811
2433	0.007370319725381881
2434	0.007370317112522489
2435	0.007370314483074831
2436	0.007370313178246264
2437	0.007370313415994994
2438	0.007370314511613728
2439	0.007370315477755407
2440	0.007370315498919594
2441	0.007370314583370107
2442	0.007370313192773295
2443	0.007370312095968619
2444	0.00737031168283278
2445	0.007370311895753327
2446	0.007370312342348781
2447	0.007370312551657693
2448	0.007370312313346866
2449	0.0073703116842034466
2450	0.007370310976290453
2451	0.007370310451397949
2452	0.007370310235304937
2453	0.007370310266232879
2454	0.007370310359799643
2455	0.007370310341366783
2456	0.007370310126538632
2457	0.007370309764391668
2458	0.00737030935368646
2459	0.007370309008333036
2460	0.007370308787377167
2461	0.007370308677771151
2462	0.007370308615808076
2463	0.007370308531680829
2464	0.007370308384799529
2465	0.007370308165949163
2466	0.0073703079039781905
2467	0.007370307638873421
2468	0.00737030740609113
2469	0.007370307218740744
2470	0.007370307070311137
2471	0.007370306941533598
2472	0.007370306808988839
2473	0.007370306656359373
2474	0.0073703064784353105
2475	0.007370306282001979
2476	0.0073703060773520805
2477	0.007370305876495966
2478	0.007370305687960944
2479	0.0073703055146659684
2480	0.007370305353809486
2481	0.007370305199723906
2482	0.007370305046377715
2483	0.007370304888680524
2484	0.007370304724172725
2485	0.007370304553008313
2486	0.0073703043776272605
2487	0.007370304200707251
2488	0.00737030402503637
2489	0.007370303852670155
2490	0.007370303684553837
2491	0.0073703035203625845
2492	0.007370303359080375
2493	0.007370303199471628
2494	0.007370303040260284
2495	0.007370302880430179
2496	0.00737030271943576
2497	0.0073703025572579555
2498	0.007370302394062271
2499	0.007370302230257558
2500	0.007370302066339025
2501	0.007370301902823744
2502	0.007370301740030092
2503	0.007370301578150182
2504	0.007370301417272406
2505	0.007370301257380574
2506	0.007370301098352519
2507	0.00737030094003496
2508	0.007370300782293425
2509	0.007370300624997844
2510	0.007370300468024043
2511	0.007370300311290681
2512	0.007370300154770692
2513	0.007370299998447138
2514	0.007370299842316454
2515	0.00737029968638845
2516	0.0073702995306966675
2517	0.007370299375262813
2518	0.00737029922011157
2519	0.007370299065260031
2520	0.007370298910739204
2521	0.007370298756555964
2522	0.007370298602725495
2523	0.007370298449253086
2524	0.0073702982961571075
2525	0.007370298143443814
2526	0.0073702979911247045
2527	0.007370297839211618
2528	0.007370297687727899
2529	0.007370297536696408
2530	0.0073702973861551665
2531	0.0073702972361482655
2532	0.007370297086750634
2533	0.007370296938047382
2534	0.007370296790182071
2535	0.0073702966433173735
2536	0.00737029649774049
2537	0.007370296353778268
2538	0.00737029621200982
2539	0.007370296073101561
2540	0.007370295938262201
2541	0.00737029580888458
2542	0.007370295687566985
2543	0.007370295577259508
2544	0.0073702954837509
2545	0.007370295413329279
2546	0.007370295379247061
2547	0.007370295394863204
2548	0.007370295491156195
2549	0.007370295695413065
2550	0.007370296080605825
2551	0.007370296695576373
2552	0.00737029770797516
2553	0.007370299168187456
2554	0.007370301424756741
2555	0.007370304334803985
2556	0.007370308443762931
2557	0.007370312617547632
2558	0.007370317240368619
2559	0.007370318967864879
2560	0.007370318193824635
2561	0.007370312058577168
2562	0.007370303934676004
2563	0.007370296264162565
2564	0.00737029259013755
2565	0.007370293544008286
2566	0.007370297219836806
2567	0.007370300694116918
2568	0.007370301269166258
2569	0.007370298912447132
2570	0.007370294933435677
2571	0.00737029199798146
2572	0.007370291485543131
2573	0.007370292968694354
2574	0.007370294798279208
2575	0.007370295337338217
2576	0.007370294276101865
2577	0.0073702923091699245
2578	0.0073702907877412766
2579	0.007370290442529216
2580	0.007370291084687725
2581	0.007370291907214046
2582	0.007370292120407352
2583	0.00737029155589734
2584	0.007370290543121069
2585	0.007370289711171673
2586	0.007370289425627307
2587	0.007370289632596848
2588	0.0073702899731068906
2589	0.007370290067699976
2590	0.0073702897927565465
2591	0.007370289262947841
2592	0.007370288753719967
2593	0.007370288462717745
2594	0.007370288420422309
2595	0.007370288504324779
2596	0.007370288542994252
2597	0.007370288433274387
2598	0.007370288171968346
2599	0.007370287851256444
2600	0.007370287573879829
2601	0.007370287401755011
2602	0.007370287327423793
2603	0.00737028729357058
2604	0.007370287235040723
2605	0.007370287112340121
2606	0.007370286929940396
2607	0.007370286719346248
2608	0.007370286521621604
2609	0.007370286362513053
2610	0.007370286245044109
2611	0.007370286152805455
2612	0.007370286061651934
2613	0.007370285952647467
2614	0.007370285818273783
2615	0.007370285664734395
2616	0.007370285504704142
2617	0.007370285351789022
2618	0.00737028521376587
2619	0.007370285091018771
2620	0.007370284978002075
2621	0.007370284866786067
2622	0.0073702847507454
2623	0.007370284626468793
2624	0.007370284494620815
2625	0.007370284358362001
2626	0.007370284222050857
2627	0.007370284089205115
2628	0.0073702839616064785
2629	0.0073702838390080055
2630	0.007370283719698546
2631	0.0073702836014026725
2632	0.007370283482124521
2633	0.007370283360740182
2634	0.007370283237037044
2635	0.0073702831116464005
2636	0.007370282985569773
2637	0.007370282859898874
2638	0.00737028273544218
2639	0.007370282612599067
2640	0.007370282491337105
2641	0.007370282371298964
2642	0.007370282251974943
2643	0.007370282132868244
2644	0.00737028201361337
2645	0.007370281894010003
2646	0.007370281774041576
2647	0.007370281653808066
2648	0.007370281533501395
2649	0.0073702814133220045
2650	0.007370281293456466
2651	0.007370281174032113
2652	0.0073702810551090105
2653	0.007370280936688211
2654	0.0073702808187298165
2655	0.007370280701165394
2656	0.007370280583925953
2657	0.007370280466945978
2658	0.007370280350170495
2659	0.0073702802335636804
2660	0.007370280117103724
2661	0.007370280000788715
2662	0.007370279884623569
2663	0.007370279768622606
2664	0.007370279652799982
2665	0.007370279537173127
2666	0.007370279421752609
2667	0.007370279306551701
2668	0.0073702791915762345
2669	0.007370279076832413
2670	0.00737027896232333
2671	0.007370278848048473
2672	0.007370278734007059
2673	0.007370278620197912
2674	0.007370278506617611
2675	0.00737027839326437
2676	0.007370278280136499
2677	0.0073702781672323045
2678	0.007370278054549113
2679	0.007370277942085102
2680	0.007370277829839877
2681	0.007370277717813217
2682	0.007370277606003063
2683	0.007370277494410509
2684	0.007370277383036056
2685	0.0073702772718810105
2686	0.007370277160946923
2687	0.007370277050236168
2688	0.007370276939753029
2689	0.007370276829506731
2690	0.007370276719505076
2691	0.00737027660976236
2692	0.007370276500301038
2693	0.007370276391154095
2694	0.00737027628236497
2695	0.0073702761740040805
2696	0.007370276066174587
2697	0.007370275959035933
2698	0.007370275852819885
2699	0.007370275747895528
2700	0.007370275644803525
2701	0.007370275544429058
2702	0.0073702754480634855
2703	0.007370275357887676
2704	0.007370275277052557
2705	0.007370275211093571
2706	0.007370275167847462
2707	0.007370275161742717
2708	0.007370275212436343
2709	0.007370275358458308
2710	0.007370275648483441
2711	0.007370276186576966
2712	0.007370277085432429
2713	0.007370278619873856
2714	0.007370280992267799
2715	0.007370284848076608
2716	0.0073702901768840185
2717	0.007370297975333593
2718	0.007370305993833581
2719	0.007370314156302448
2720	0.0073703147346607795
2721	0.007370308245056655
2722	0.007370292797057181
2723	0.007370278688732836
2724	0.0073702731497239824
2725	0.007370277521786894
2726	0.00737028582338105
2727	0.007370289624677757
2728	0.007370286178242611
2729	0.007370278114162543
2730	0.007370272873728901
2731	0.007370273848189335
2732	0.007370278295880149
2733	0.007370280949793171
2734	0.00737027886592176
2735	0.007370274538179231
2736	0.007370271998657419
2737	0.007370272984584352
2738	0.007370275466170878
2739	0.007370276304008522
2740	0.007370274700142201
2741	0.007370272294942979
2742	0.007370271341576886
2743	0.0073702722072779125
2744	0.0073702734297343975
2745	0.007370273534645389
2746	0.007370272369281537
2747	0.007370271105179181
2748	0.007370270750617634
2749	0.007370271280467577
2750	0.007370271855999326
2751	0.007370271751062895
2752	0.007370271044637836
2753	0.007370270332240581
2754	0.007370270122685701
2755	0.007370270370656987
2756	0.007370270634090417
2757	0.0073702705556796064
2758	0.007370270139935446
2759	0.007370269700420698
2760	0.007370269504098058
2761	0.007370269562948034
2762	0.007370269674642578
2763	0.007370269633255763
2764	0.00737026940755808
2765	0.007370269119442815
2766	0.0073702689217108285
2767	0.007370268864299086
2768	0.007370268878310613
2769	0.007370268854877476
2770	0.007370268735293042
2771	0.0073702685490512395
2772	0.00737026836946703
2773	0.007370268252203152
2774	0.00737026819612824
2775	0.007370268155921036
2776	0.0073702680846293965
2777	0.0073702679671315
2778	0.007370267825539258
2779	0.007370267694328516
2780	0.0073702675945479254
2781	0.007370267521651063
2782	0.007370267454027926
2783	0.007370267371374417
2784	0.007370267267566318
2785	0.007370267152213806
2786	0.0073702670406398255
2787	0.007370266943078617
2788	0.007370266858883607
2789	0.0073702667792263305
2790	0.007370266694415084
2791	0.007370266600029892
2792	0.0073702664987894745
2793	0.0073702663971705225
2794	0.007370266300763605
2795	0.007370266211027245
2796	0.007370266125332648
2797	0.007370266039364574
2798	0.007370265949956081
2799	0.007370265856714686
2800	0.007370265761584638
2801	0.007370265667323741
2802	0.007370265575773386
2803	0.00737026548702835
2804	0.0073702653997408125
2805	0.007370265312150392
2806	0.0073702652231199895
2807	0.007370265132585599
2808	0.007370265041386442
2809	0.007370264950609713
2810	0.007370264860992263
2811	0.007370264772633177
2812	0.007370264685074731
2813	0.007370264597651057
2814	0.007370264509845587
2815	0.007370264421504967
2816	0.007370264332825042
2817	0.007370264244197404
2818	0.007370264155978393
2819	0.007370264068340884
2820	0.007370263981230164
2821	0.007370263894444487
2822	0.0073702638077477916
2823	0.007370263720982626
2824	0.007370263634113368
2825	0.007370263547214364
2826	0.007370263460413872
2827	0.007370263373833546
2828	0.007370263287540536
2829	0.007370263201536915
2830	0.007370263115769197
2831	0.007370263030162565
2832	0.007370262944652502
2833	0.007370262859202979
2834	0.00737026277381554
2835	0.007370262688516678
2836	0.0073702626033479695
2837	0.007370262518338769
2838	0.007370262433513017
2839	0.007370262348872228
2840	0.0073702622644047245
2841	0.007370262180091786
2842	0.007370262095913191
2843	0.007370262011855439
2844	0.007370261927909764
2845	0.007370261844079875
2846	0.007370261760369373
2847	0.007370261676791376
2848	0.007370261593347976
2849	0.007370261510050425
2850	0.007370261426897948
2851	0.00737026134388989
2852	0.007370261261023761
2853	0.007370261178296149
2854	0.0073702610957026606
2855	0.007370261013238696
2856	0.007370260930903171
2857	0.007370260848694613
2858	0.00737026076661366
2859	0.0073702606846615705
2860	0.007370260602838895
2861	0.007370260521148373
2862	0.0073702604395915385
2863	0.007370260358168539
2864	0.007370260276884437
2865	0.007370260195739498
2866	0.007370260114739675
2867	0.007370260033891567
2868	0.007370259953202815
2869	0.007370259872689766
2870	0.007370259792375191
2871	0.007370259712293179
2872	0.0073702596324978385
2873	0.007370259553073677
2874	0.007370259474149549
2875	0.007370259395928157
2876	0.007370259318728291
2877	0.007370259243052146
2878	0.0073702591696991285
2879	0.007370259099947981
2880	0.007370259035857595
2881	0.007370258980756679
2882	0.007370258940068036
2883	0.007370258922672051
2884	0.007370258943206809
2885	0.0073702590259196
2886	0.007370259211255554
2887	0.007370259566960026
2888	0.00737026020735909
2889	0.007370261326005581
2890	0.007370263253215698
2891	0.007370266553662066
2892	0.007370272201028047
2893	0.007370281872236485
2894	0.007370298481579092
2895	0.007370327057035333
2896	0.007370376338666303
2897	0.007370461193647235
2898	0.007370606857753188
2899	0.007370853572134508
2900	0.00737126250900104
2901	0.007371907276837917
2902	0.007372842776942355
2903	0.007373979135033723
2904	0.007374931605872087
2905	0.007374942238651798
2906	0.007373538275165221
2907	0.007371427504268722
2908	0.007370300544410531
2909	0.007370892392062183
2910	0.007371943939679146
2911	0.007371805660226094
2912	0.00737070270399729
2913	0.007370312681359031
2914	0.00737096328991614
2915	0.007371228105840438
2916	0.007370603863116804
2917	0.0073702803243904215
2918	0.007370702872722101
2919	0.007370835832272232
2920	0.007370401624629332
2921	0.0073703093650012794
2922	0.0073706144013731874
2923	0.007370553353924587
2924	0.007370280309355181
2925	0.007370373552037074
2926	0.007370519335071058
2927	0.007370354000967976
2928	0.00737026973812656
2929	0.00737041037857266
2930	0.007370393708468789
2931	0.007370263076359216
2932	0.0073703138291838916
2933	0.007370378419460546
2934	0.007370291076616781
