0	0.03310395119810752
1	0.030453481625666516
2	0.028360921669246437
3	0.026729493044307738
4	0.0253373921891135
5	0.02403513302852874
6	0.022776344195014543
7	0.021546405401223514
8	0.0203346128155097
9	0.019128906654525546
10	0.017918360381815053
11	0.016697741834482454
12	0.015471505655103112
13	0.01425403320343633
14	0.013066904027857568
15	0.011933739361934646
16	0.010875110303884416
17	0.009906452408386175
18	0.009039230573696093
19	0.0082815748982272
20	0.007636367599058751
21	0.0070996998553382925
22	0.006662046733923826
23	0.0063111724835905195
24	0.006034036239062407
25	0.005817393949862124
26	0.0056483871277038826
27	0.005515561836105379
28	0.005409548121477679
29	0.005323158143337977
30	0.005251085578734053
31	0.005189455532315152
32	0.005135345682502957
33	0.005086397863488626
34	0.0050407741899499295
35	0.004997369638053431
36	0.004955854281898569
37	0.0049163845658082555
38	0.004879257748166175
39	0.004844786664618877
40	0.004813341854496866
41	0.00478531323058838
42	0.004760927994869593
43	0.004740100569011298
44	0.0047224535477148845
45	0.0047074557173224065
46	0.00469454210171176
47	0.004683168073305499
48	0.004672843317541342
49	0.004663173127469149
50	0.004653883647404034
51	0.004644822145741705
52	0.004635949849752258
53	0.004627325974299787
54	0.00461906294064114
55	0.004611263535898585
56	0.004603986403110801
57	0.004597260005027482
58	0.004591108233234662
59	0.004585547397384938
60	0.004580565857896209
61	0.004576123739051216
62	0.004572177616624928
63	0.004568698994851012
64	0.004565667063414167
65	0.004563050278339884
66	0.004560797926837597
67	0.0045588436757993496
68	0.004557112700789053
69	0.004555529741736454
70	0.004554028183808714
71	0.004552556038174676
72	0.004551076610061147
73	0.004549568748886792
74	0.0045480296276985185
75	0.004546474077287354
76	0.004544925508879886
77	0.0045434047956530894
78	0.00454192660652897
79	0.004540502174341227
80	0.004539140212488643
81	0.004537843802766913
82	0.004536608617916043
83	0.004535425295405173
84	0.004534282800922244
85	0.004533170059157919
86	0.0045320768157308105
87	0.0045309947605220125
88	0.0045299182213830985
89	0.004528844256704958
90	0.004527772689848258
91	0.0045267054671027825
92	0.004525644677910971
93	0.004524590785126074
94	0.004523542939978744
95	0.004522500418170899
96	0.004521462914285111
97	0.0045204297252002595
98	0.0045193995079003315
99	0.004518370821992699
100	0.0045173422753295315
101	0.00451631207255123
102	0.004515277849646706
103	0.004514237097513741
104	0.004513187731259425
105	0.0045121285179219855
106	0.004511059230494258
107	0.004509980335039169
108	0.004508892417173735
109	0.004507795893779436
110	0.004506691054119509
111	0.004505577993093423
112	0.0045044564200716845
113	0.004503325739615794
114	0.004502185374662629
115	0.0045010349082199586
116	0.004499873978331752
117	0.004498702221345249
118	0.0044975193437445495
119	0.004496325168792793
120	0.004495119610316199
121	0.004493902611334689
122	0.00449267404192297
123	0.004491433599792605
124	0.004490180790966575
125	0.004488914952590346
126	0.004487635254222779
127	0.004486340738566835
128	0.004485030440453392
129	0.004483703468072759
130	0.004482358963176491
131	0.004480996022806
132	0.0044796136659180814
133	0.0044782108201558545
134	0.004476786302949209
135	0.004475338818004956
136	0.004473866967328264
137	0.004472369258089407
138	0.004470844100972774
139	0.00446928979485311
140	0.004467704492452744
141	0.004466086172351216
142	0.004464432637455252
143	0.0044627415139943775
144	0.004461010227912968
145	0.004459235976393549
146	0.0044574157074347455
147	0.004455546093221169
148	0.00445362349418514
149	0.004451643927908434
150	0.0044496030447721885
151	0.004447496102096546
152	0.004445317933982876
153	0.004443062914883285
154	0.004440724915363925
155	0.004438297253869892
156	0.004435772643344725
157	0.004433143124128967
158	0.0044303999822237344
159	0.00442753365838441
160	0.004424533645598264
161	0.004421388369761571
162	0.0044180850560028295
163	0.004414609582878665
164	0.004410946319606597
165	0.004407077940786772
166	0.00440298521535156
167	0.0043986467665545715
168	0.00439403880116664
169	0.0043891348071306915
170	0.004383905218111798
171	0.004378317045612887
172	0.004372333483507404
173	0.004365913491306871
174	0.0043590113659956985
175	0.004351576321850796
176	0.0043435521084976975
177	0.004334876708666463
178	0.0043254821733487245
179	0.004315294672476789
180	0.004304234860107087
181	0.004292218672724707
182	0.004279158692860274
183	0.004264966209008475
184	0.004249554077899537
185	0.004232840435946247
186	0.0042147532046591975
187	0.004195235192311589
188	0.004174249427685251
189	0.004151784205084793
190	0.004127857226417262
191	0.00410251825760861
192	0.004075849915476504
193	0.004047966559779037
194	0.004019011696924939
195	0.003989154634739298
196	0.003958587154897156
197	0.003927520571592939
198	0.0038961828362572603
199	0.0038648147390962662
200	0.003833664310366406
201	0.0038029795689410928
202	0.0037730014383685036
203	0.0037439597450999785
204	0.003716074351204941
205	0.003689560458498955
206	0.003664633709131767
207	0.0036415095202339074
208	0.0036203933395581598
209	0.003601462861165809
210	0.003584847001275061
211	0.003570607694432652
212	0.0035587292496151637
213	0.003549117327429335
214	0.0035416069585111247
215	0.0035359772466543437
216	0.003531969670232802
217	0.003529307043940173
218	0.003527710943352705
219	0.0035269163546766064
220	0.003526683090456622
221	0.0035268038945454406
222	0.0035271092482208576
223	0.003527468944038655
224	0.003527790672552367
225	0.0035280161379738287
226	0.003528115458251105
227	0.003528080714495588
228	0.003527919467278338
229	0.0035276488858057547
230	0.003527290902914445
231	0.003526868576286213
232	0.003526403645210004
233	0.0035259151380878143
234	0.0035254188081886473
235	0.0035249271475230005
236	0.0035244497409669204
237	0.0035239937616968783
238	0.0035235644617321944
239	0.0035231655688234345
240	0.0035227995560812003
241	0.003522467796096412
242	0.00352217064034385
243	0.0035219074750615273
244	0.0035216767991086426
245	0.0035214763523491585
246	0.0035213033010216216
247	0.0035211544659034823
248	0.003521026565620873
249	0.0035209164434860047
250	0.003520821250406503
251	0.0035207385657138146
252	0.0035206664490371638
253	0.003520603427084632
254	0.003520548427414855
255	0.0035205006763148307
256	0.0035204595802173166
257	0.0035204246100543814
258	0.0035203952056030944
259	0.003520370712225768
260	0.003520350356141856
261	0.0035203332576360024
262	0.0035203184755316923
263	0.0035203050718683603
264	0.0035202921836825977
265	0.003520279089341511
266	0.003520265259419041
267	0.003520250385784824
268	0.0035202343864979774
269	0.0035202173877344053
270	0.0035201996868224825
271	0.003520181702312652
272	0.0035201639177517064
273	0.0035201468258002342
274	0.003520130878505192
275	0.003520116448192701
276	0.003520103801649163
277	0.0035200930883940804
278	0.0035200843420735463
279	0.003520077492637807
280	0.003520072386079784
281	0.003520068808268304
282	0.0035200665096661453
283	0.00352006522833551
284	0.0035200647093878053
285	0.0035200647198050682
286	0.0035200650582865377
287	0.0035200655603478065
288	0.0035200660993379615
289	0.003520066584299078
290	0.0035200669557218884
291	0.0035200671801804604
292	0.0035200672446877375
293	0.003520067151374636
294	0.003520066912853044
295	0.003520066548417223
296	0.003520066081064706
297	0.0035200655352340825
298	0.0035200649351196335
299	0.0035200643034353106
300	0.0035200636605309484
301	0.0035200630237882478
302	0.0035200624072573117
303	0.0035200618215209343
304	0.003520061273762463
305	0.003520060768034669
306	0.0035200603057025355
307	0.0035200598860287043
308	0.0035200595068348006
309	0.003520059165180317
310	0.0035200588579710817
311	0.0035200585824368175
312	0.0035200583364330146
313	0.0035200581185443874
314	0.0035200579280049386
315	0.003520057764482611
316	0.003520057627773547
317	0.003520057517476289
318	0.003520057432707905
319	0.003520057371900972
320	0.003520057332716924
321	0.003520057312086655
322	0.003520057306360024
323	0.0035200573115403643
324	0.003520057323574917
325	0.0035200573386422853
326	0.0035200573534134028
327	0.0035200573652486174
328	0.003520057372307855
329	0.0035200573735774203
330	0.0035200573688106743
331	0.0035200573584047846
332	0.003520057343239027
333	0.0035200573244913423
334	0.0035200573034624987
335	0.0035200572814264516
336	0.0035200572595157544
337	0.0035200572386445794
338	0.0035200572194781198
339	0.003520057202433591
340	0.0035200571877038967
341	0.0035200571753032594
342	0.003520057165111906
343	0.0035200571569270595
344	0.0035200571504973833
345	0.003520057145560022
346	0.0035200571418562547
347	0.0035200571391474206
348	0.0035200571372188917
349	0.0035200571358823965
350	0.0035200571349749904
351	0.003520057134359687
352	0.003520057133920794
353	0.00352005713356632
354	0.0035200571332252607
355	0.0035200571328473634
356	0.0035200571324022186
357	0.003520057131875792
358	0.003520057131268053
359	0.0035200571305883293
360	0.0035200571298543495
361	0.003520057129085528
362	0.0035200571283005733
363	0.0035200571275161544
364	0.003520057126745645
365	0.0035200571259971967
366	0.0035200571252778294
367	0.0035200571245903537
368	0.0035200571239371653
369	0.003520057123320475
370	0.003520057122743577
371	0.0035200571222086265
372	0.003520057121721307
373	0.003520057121285742
374	0.0035200571209054315
375	0.003520057120583397
376	0.0035200571203204737
377	0.0035200571201159997
378	0.003520057119965721
379	0.003520057119864203
380	0.0035200571198035764
381	0.0035200571197760017
382	0.003520057119771913
383	0.0035200571197829657
384	0.0035200571198019874
385	0.0035200571198224185
386	0.0035200571198398135
387	0.0035200571198506546
388	0.0035200571198538543
389	0.003520057119848477
390	0.0035200571198349215
391	0.003520057119814689
392	0.0035200571197889644
393	0.003520057119758525
394	0.003520057119725617
395	0.0035200571196910145
396	0.003520057119656259
397	0.003520057119622181
398	0.0035200571195896854
399	0.0035200571195590923
400	0.0035200571195315522
401	0.003520057119506614
402	0.0035200571194853978
403	0.003520057119467816
404	0.003520057119453336
405	0.0035200571194420735
406	0.0035200571194339645
407	0.003520057119427958
408	0.003520057119423773
409	0.0035200571194212793
410	0.0035200571194190992
411	0.0035200571194183685
412	0.0035200571194169998
413	0.003520057119416023
414	0.003520057119414444
415	0.0035200571194135494
416	0.0035200571194116395
417	0.0035200571194103415
418	0.003520057119408527
419	0.003520057119406968
420	0.003520057119405188
421	0.0035200571194037044
422	0.0035200571194021137
423	0.003520057119400463
424	0.00352005711939944
425	0.0035200571193978684
426	0.0035200571193965448
427	0.003520057119395272
428	0.003520057119394472
429	0.0035200571193933394
430	0.0035200571193924695
431	0.0035200571193915366
432	0.0035200571193906094
433	0.0035200571193902417
434	0.0035200571193897677
435	0.003520057119389337
436	0.003520057119389232
437	0.0035200571193892928
438	0.003520057119388986
439	0.003520057119388849
440	0.003520057119389072
441	0.003520057119388876
442	0.0035200571193888175
443	0.0035200571193890954
444	0.003520057119388867
445	0.003520057119389091
446	0.0035200571193891965
447	0.003520057119389114
448	0.003520057119388681
449	0.003520057119388824
450	0.003520057119388525
451	0.00352005711938849
452	0.003520057119388589
453	0.0035200571193883387
454	0.0035200571193882034
455	0.0035200571193879735
456	0.003520057119388134
457	0.0035200571193878963
458	0.003520057119387374
459	0.0035200571193875836
460	0.0035200571193877155
461	0.003520057119387828
462	0.0035200571193874236
463	0.00352005711938774
464	0.003520057119387727
465	0.0035200571193874843
466	0.0035200571193877766
467	0.0035200571193879
468	0.0035200571193879154
469	0.0035200571193875923
470	0.0035200571193877554
471	0.0035200571193876097
472	0.00352005711938759
473	0.003520057119387596
474	0.0035200571193875806
475	0.00352005711938748
476	0.0035200571193878265
477	0.0035200571193880533
478	0.0035200571193875108
479	0.0035200571193877064
480	0.003520057119387867
481	0.0035200571193876916
482	0.00352005711938779
483	0.0035200571193877623
484	0.003520057119387527
485	0.003520057119387631
486	0.003520057119387654
487	0.0035200571193878625
488	0.0035200571193875455
489	0.003520057119387343
490	0.0035200571193875958
491	0.003520057119387718
492	0.003520057119387807
493	0.0035200571193874978
494	0.0035200571193876084
495	0.0035200571193876977
496	0.0035200571193874787
497	0.0035200571193873525
498	0.0035200571193875563
499	0.0035200571193876834
500	0.003520057119387573
501	0.0035200571193880043
502	0.0035200571193876764
503	0.003520057119387428
504	0.003520057119387633
505	0.0035200571193876344
506	0.003520057119387612
507	0.0035200571193873815
508	0.0035200571193876535
509	0.0035200571193876504
510	0.0035200571193872137
511	0.00352005711938751
512	0.003520057119387485
513	0.0035200571193874566
514	0.0035200571193876335
515	0.0035200571193877506
516	0.0035200571193875273
517	0.0035200571193877107
518	0.0035200571193874965
519	0.003520057119387546
520	0.0035200571193876582
521	0.0035200571193879774
522	0.003520057119387766
523	0.003520057119387977
524	0.003520057119387459
525	0.003520057119387754
526	0.0035200571193874704
527	0.003520057119387572
528	0.0035200571193871894
529	0.003520057119387873
530	0.0035200571193876036
531	0.003520057119387608
532	0.0035200571193878924
533	0.003520057119387403
534	0.0035200571193875567
535	0.0035200571193871274
536	0.0035200571193876816
537	0.0035200571193877202
538	0.0035200571193875698
539	0.0035200571193874128
540	0.003520057119387561
541	0.003520057119387574
542	0.0035200571193874965
543	0.0035200571193875134
544	0.003520057119387402
545	0.0035200571193876487
546	0.003520057119387623
547	0.003520057119387562
548	0.003520057119387283
549	0.0035200571193877233
550	0.003520057119387551
551	0.0035200571193874227
552	0.003520057119387645
553	0.00352005711938763
554	0.0035200571193876136
555	0.0035200571193874986
556	0.0035200571193877562
557	0.0035200571193873547
558	0.0035200571193876747
559	0.0035200571193876513
560	0.00352005711938776
561	0.003520057119387551
562	0.003520057119387655
563	0.003520057119387655
564	0.00352005711938755
565	0.0035200571193874206
566	0.0035200571193877914
567	0.0035200571193879206
568	0.0035200571193876274
569	0.003520057119387742
570	0.003520057119387677
571	0.0035200571193873963
572	0.003520057119387688
573	0.0035200571193873954
574	0.0035200571193878885
575	0.003520057119387372
576	0.00352005711938786
577	0.00352005711938766
578	0.003520057119387611
579	0.0035200571193876257
580	0.0035200571193874665
581	0.0035200571193877484
582	0.003520057119387638
583	0.003520057119387415
584	0.0035200571193873776
585	0.003520057119387816
586	0.0035200571193875433
