0	0.0019919025469401115
1	0.0016966796247436416
2	0.0015824122644022844
3	0.0014710087759100506
4	0.0013654929759851606
5	0.001342054218982495
6	0.0013846253347853412
7	0.0013723190354927772
8	0.0013213615932111756
9	0.0012805522665869148
10	0.0012714585994085931
11	0.0012767476264181402
12	0.0012740372396796626
13	0.0012604219813293373
14	0.0012442421367351703
15	0.0012338050164495764
16	0.0012316846426943693
17	0.0012345480901399832
18	0.001237126517940556
19	0.0012362215635991613
20	0.0012319212269370928
21	0.0012265026750672918
22	0.0012224795380723482
23	0.0012209235011278266
24	0.001220954705365328
25	0.0012207198211133345
26	0.0012190263015425208
27	0.0012162184657206047
28	0.0012136752636404168
29	0.0012125278456878604
30	0.0012127187432843431
31	0.0012131396784255447
32	0.0012126194304241972
33	0.0012108275466756692
34	0.0012083883257902298
35	0.0012062765653792378
36	0.0012050848721152781
37	0.0012047128340192232
38	0.001204607649986494
39	0.0012042571149665556
40	0.0012035250051020227
41	0.0012026357214590317
42	0.0012019053281334018
43	0.001201463929998251
44	0.0012011707390460723
45	0.0012007536123177448
46	0.0012000366648693553
47	0.001199072470559833
48	0.0011980894138297164
49	0.0011973125494033187
50	0.0011968055771874905
51	0.0011964524014041397
52	0.0011960764619620434
53	0.0011955851981255623
54	0.0011950197324654493
55	0.0011944848277835052
56	0.0011940388652457523
57	0.0011936462637230057
58	0.0011932248504636328
59	0.0011927310476668382
60	0.001192199950139885
61	0.0011917100156867621
62	0.0011913136006360867
63	0.0011909983172333867
64	0.0011907073783136194
65	0.0011903920351946278
66	0.0011900467021376086
67	0.0011897009632345654
68	0.0011893839347873387
69	0.001189097233098279
70	0.0011888188237981084
71	0.0011885288230973688
72	0.001188229829833832
73	0.0011879433414675629
74	0.0011876884611409333
75	0.0011874648677206437
76	0.0011872553755410027
77	0.001187043190811019
78	0.0011868258864353818
79	0.0011866137836743825
80	0.0011864170237088714
81	0.0011862356588950265
82	0.0011860617478526942
83	0.0011858891568285652
84	0.0011857198444817382
85	0.001185560759908146
86	0.0011854158760447985
87	0.001185282125954269
88	0.0011851528048669965
89	0.0011850240161312962
90	0.001184897390503532
91	0.0011847770667262109
92	0.001184664923163275
93	0.0011845590936618382
94	0.0011844566158073957
95	0.0011843567045506068
96	0.0011842610974515284
97	0.0011841715681894375
98	0.0011840876937250409
99	0.0011840072444407321
100	0.0011839284374976042
101	0.0011838514230227304
102	0.001183777574716903
103	0.0011837076965416642
104	0.0011836412134563774
105	0.001183577004177692
106	0.0011835146537137408
107	0.001183454667672853
108	0.0011833975882837523
109	0.001183343184539877
110	0.0011832906233174543
111	0.0011832392958326756
112	0.0011831892932784836
113	0.0011831410674703249
114	0.0011830947841566766
115	0.001183050128833528
116	0.0011830066902776353
117	0.0011829643791484816
118	0.0011829233959148083
119	0.001182883862462453
120	0.0011828456022010356
121	0.0011828083047317707
122	0.0011827718273884813
123	0.0011827362650105157
124	0.001182701745540566
125	0.001182668232419124
126	0.001182635558457943
127	0.0011826036071601296
128	0.0011825724000758746
129	0.0011825420029935073
130	0.0011825123952012525
131	0.0011824834664113798
132	0.0011824551253867984
133	0.0011824273720052586
134	0.0011824002520336577
135	0.0011823737678733248
136	0.001182347859167841
137	0.0011823224634821407
138	0.001182297568733665
139	0.0011822731947282385
140	0.001182249339220034
141	0.0011822259617262525
142	0.0011822030191601398
143	0.0011821805003937134
144	0.001182158416779243
145	0.001182136767612685
146	0.0011821155275375443
147	0.001182094667453523
148	0.0011820741765714452
149	0.001182054057607664
150	0.001182034306112247
151	0.00118201490323389
152	0.0011819958290112784
153	0.001181977075665341
154	0.0011819586437352943
155	0.0011819405288039518
156	0.0011819227173777516
157	0.001181905195523848
158	0.0011818879567886162
159	0.0011818709992420955
160	0.001181854317458288
161	0.0011818379008780733
162	0.0011818217396249342
163	0.001181805828804215
164	0.0011817901658299668
165	0.001181774745477646
166	0.0011817595595538407
167	0.0011817446007811017
168	0.0011817298649414616
169	0.0011817153487389562
170	0.0011817010470355856
171	0.0011816869533265448
172	0.001181673062261384
173	0.001181659370430641
174	0.0011816458746194526
175	0.0011816325703117385
176	0.0011816194524039718
177	0.0011816065167349406
178	0.0011815937601798014
179	0.001181581179432946
180	0.001181568770400934
181	0.001181556528953397
182	0.0011815444517598976
183	0.0011815325360326461
184	0.0011815207787140404
185	0.0011815091763277608
186	0.0011814977255593113
187	0.0011814864236118284
188	0.0011814752678660227
189	0.0011814642554521184
190	0.001181453383356425
191	0.0011814426488264743
192	0.0011814320494416698
193	0.001181421582807453
194	0.0011814112463623752
195	0.001181401037551436
196	0.0011813909540375268
197	0.0011813809936374378
198	0.001181371154123417
199	0.001181361433197429
200	0.0011813518286544348
201	0.00118134233845567
202	0.0011813329606260024
203	0.0011813236931494879
204	0.0011813145340110465
205	0.0011813054812938116
206	0.0011812965331757714
207	0.0011812876878459395
208	0.001181278943481856
209	0.001181270298307291
210	0.0011812617506335543
211	0.001181253298821369
212	0.001181244941232617
213	0.0011812366762442954
214	0.0011812285022870911
215	0.0011812204178478626
216	0.0011812124214357663
217	0.0011812045115696837
218	0.0011811966868015126
219	0.0011811889457322895
220	0.0011811812869980153
221	0.0011811737092477445
222	0.001181166211150732
223	0.0011811587914107207
224	0.00118115144876716
225	0.0011811441819797432
226	0.0011811369898254932
227	0.0011811298711060716
228	0.0011811228246560242
229	0.0011811158493330713
230	0.0011811089440117977
231	0.0011811021075842647
232	0.0011810953389702296
233	0.0011810886371124334
234	0.0011810820009720104
235	0.0011810754295251938
236	0.0011810689217717843
237	0.0011810624767315898
238	0.0011810560934437967
239	0.0011810497709613468
240	0.0011810435083556988
241	0.0011810373047180674
242	0.0011810311591552822
243	0.0011810250707911182
244	0.0011810190387636687
245	0.0011810130622280186
246	0.0011810071403553783
247	0.0011810012723305235
248	0.001180995457353719
249	0.001180989694637386
250	0.001180983983409789
251	0.0011809783229138463
252	0.001180972712403737
253	0.0011809671511453877
254	0.0011809616384212374
255	0.0011809561735232062
256	0.001180950755756732
257	0.0011809453844374143
258	0.0011809400588932634
259	0.0011809347784641868
260	0.0011809295425002139
261	0.0011809243503620845
262	0.0011809192014219537
263	0.0011809140950609105
264	0.0011809090306714586
265	0.0011809040076545445
266	0.0011808990254215624
267	0.001180894083392245
268	0.001180889180996572
269	0.0011808843176737028
270	0.0011808794928697148
271	0.0011808747060402512
272	0.0011808699566503405
273	0.0011808652441705622
274	0.0011808605680822583
275	0.0011808559278722029
276	0.00118085132303586
277	0.001180846753075833
278	0.0011808422175020419
279	0.0011808377158317861
280	0.0011808332475882577
281	0.0011808288123019198
282	0.001180824409510455
283	0.00118082003875703
284	0.0011808156995906079
285	0.0011808113915681249
286	0.0011808071142513318
287	0.0011808028672066523
288	0.0011807986500088842
289	0.0011807944622356172
290	0.001180790303472715
291	0.0011807861733081878
292	0.0011807820713371471
293	0.0011807779971606223
294	0.0011807739503820467
295	0.0011807699306109738
296	0.001180765937461735
297	0.001180761970553752
298	0.0011807580295096804
299	0.0011807541139565436
300	0.0011807502235274007
301	0.001180746357857572
302	0.0011807425165871284
303	0.0011807386993597086
304	0.0011807349058235734
305	0.001180731135629975
306	0.0011807273884337612
307	0.0011807236638937306
308	0.0011807199616723574
309	0.001180716281434981
310	0.0011807126228499751
311	0.001180708985589861
312	0.0011807053693293078
313	0.0011807017737467166
314	0.0011806981985230081
315	0.0011806946433415555
316	0.0011806911078890412
317	0.001180687591855302
318	0.0011806840949317868
319	0.001180680616813475
320	0.0011806771571965548
321	0.001180673715780773
322	0.0011806702922675153
323	0.0011806668863610158
324	0.0011806634977666493
325	0.0011806601261926482
326	0.0011806567713501474
327	0.0011806534329501363
328	0.0011806501107066436
329	0.0011806468043358337
330	0.0011806435135552087
331	0.0011806402380834134
332	0.0011806369776423005
333	0.0011806337319537456
334	0.0011806305007416545
335	0.001180627283731167
336	0.0011806240806488547
337	0.0011806208912235336
338	0.0011806177151834655
339	0.001180614552259321
340	0.0011806114021833173
341	0.0011806082646869827
342	0.001180605139504382
343	0.0011806020263697501
344	0.0011805989250185146
345	0.001180595835187234
346	0.0011805927566117922
347	0.001180589689030373
348	0.0011805866321814439
349	0.0011805835858028511
350	0.0011805805496347224
351	0.0011805775234158956
352	0.0011805745068867125
353	0.0011805714997879038
354	0.0011805685018592854
355	0.0011805655128422088
356	0.0011805625324771405
357	0.0011805595605049346
358	0.0011805565966671846
359	0.0011805536407039612
360	0.001180550692356262
361	0.001180547751364463
362	0.0011805448174694207
363	0.001180541890410414
364	0.0011805389699267805
365	0.0011805360557577472
366	0.00118053314764211
367	0.0011805302453173005
368	0.001180527348520967
369	0.0011805244569891207
370	0.0011805215704569713
371	0.0011805186886601291
372	0.0011805158113317247
373	0.0011805129382048843
374	0.001180510069010852
375	0.0011805072034798054
376	0.0011805043413408863
377	0.0011805014823217572
378	0.0011804986261493276
379	0.0011804957725471536
380	0.0011804929212390959
381	0.001180490071945844
382	0.0011804872243877905
383	0.0011804843782817268
384	0.0011804815333439796
385	0.0011804786892878206
386	0.0011804758458248998
387	0.0011804730026644087
388	0.0011804701595125961
389	0.0011804673160743322
390	0.0011804644720507093
391	0.0011804616271407606
392	0.0011804587810416588
393	0.0011804559334458362
394	0.0011804530840436418
395	0.0011804502325222371
396	0.0011804473785648126
397	0.0011804445218529282
398	0.0011804416620625285
399	0.0011804387988675743
400	0.0011804359319366087
401	0.001180433060935137
402	0.0011804301855252112
403	0.0011804273053634662
404	0.0011804244201027094
405	0.001180421529391094
406	0.0011804186328722161
407	0.0011804157301848796
408	0.0011804128209625866
409	0.0011804099048336974
410	0.0011804069814210858
411	0.0011804040503432351
412	0.0011804011112106702
413	0.0011803981636301748
414	0.001180395207200241
415	0.0011803922415150958
416	0.0011803892661615247
417	0.001180386280719225
418	0.001180383284761904
419	0.0011803802778543328
420	0.00118037725955525
421	0.0011803742294153488
422	0.001180371186977574
423	0.0011803681317756293
424	0.0011803650633364275
425	0.0011803619811763283
426	0.0011803588848034487
427	0.001180355773717609
428	0.0011803526474074796
429	0.0011803495053518617
430	0.00118034634701997
431	0.001180343171870107
432	0.00118033997934974
433	0.0011803367688948494
434	0.001180333539929793
435	0.0011803302918668621
436	0.0011803270241063266
437	0.0011803237360349477
438	0.0011803204270266466
439	0.001180317096441232
440	0.0011803137436254907
441	0.001180310367909581
442	0.0011803069686111235
443	0.001180303545030448
444	0.0011803000964524927
445	0.0011802966221447534
446	0.001180293121358832
447	0.001180289593328126
448	0.0011802860372683067
449	0.0011802824523741613
450	0.0011802788378241637
451	0.0011802751927738968
452	0.001180271516360344
453	0.001180267807697853
454	0.0011802640658791768
455	0.0011802602899732412
456	0.0011802564790265341
457	0.0011802526320607099
458	0.0011802487480722503
459	0.001180244826031967
460	0.001180240864882935
461	0.001180236863542391
462	0.001180232820896518
463	0.0011802287358028542
464	0.001180224607088675
465	0.001180220433550246
466	0.0011802162139497299
467	0.001180211947016414
468	0.0011802076314460306
469	0.0011802032658949928
470	0.001180198848985958
471	0.001180194379301991
472	0.001180189855385155
473	0.0011801852757388216
474	0.0011801806388230696
475	0.0011801759430537999
476	0.0011801711868031563
477	0.0011801663683944788
478	0.001180161486105616
479	0.0011801565381616983
480	0.0011801515227404073
481	0.0011801464379625998
482	0.001180141281896599
483	0.0011801360525529885
484	0.0011801307478857199
485	0.0011801253657867496
486	0.001180119904086677
487	0.0011801143605519328
488	0.0011801087328824195
489	0.001180103018710553
490	0.0011800972155980376
491	0.0011800913210332237
492	0.0011800853324301424
493	0.0011800792471256887
494	0.0011800730623773652
495	0.0011800667753604122
496	0.0011800603831657744
497	0.001180053882797658
498	0.001180047271170329
499	0.001180040545106584
500	0.0011800337013345968
501	0.0011800267364846957
502	0.0011800196470876897
503	0.0011800124295713306
504	0.0011800050802586622
505	0.001179997595362914
506	0.001179989970989482
507	0.0011799822031263079
508	0.0011799742876480398
509	0.0011799662203095915
510	0.0011799579967437487
511	0.0011799496124599192
512	0.0011799410628400987
513	0.0011799323431377008
514	0.0011799234484756557
515	0.001179914373841999
516	0.0011799051140909342
517	0.0011798956639385472
518	0.0011798860179624837
519	0.001179876170600604
520	0.001179866116150295
521	0.001179855848766072
522	0.0011798453624615023
523	0.0011798346511081715
524	0.0011798237084362443
525	0.0011798125280360115
526	0.0011798011033591518
527	0.0011797894277214515
528	0.0011797774943060678
529	0.0011797652961664314
530	0.0011797528262319414
531	0.0011797400773137028
532	0.001179727042110659
533	0.0011797137132181224
534	0.0011797000831359897
535	0.001179686144281313
536	0.0011796718889971467
537	0.0011796573095689353
538	0.001179642398239971
539	0.0011796271472259677
540	0.0011796115487363549
541	0.0011795955949956047
542	0.0011795792782659837
543	0.0011795625908733536
544	0.001179545525238276
545	0.0011795280739041224
546	0.001179510229572865
547	0.0011794919851428668
548	0.0011794733337483045
549	0.0011794542688025461
550	0.0011794347840467735
551	0.0011794148735988666
552	0.0011793945320083955
553	0.0011793737543130762
554	0.0011793525361020378
555	0.0011793308735799331
556	0.0011793087636333577
557	0.0011792862039060707
558	0.0011792631928732584
559	0.0011792397299180226
560	0.00117921581541516
561	0.0011791914508135456
562	0.0011791666387208906
563	0.00117914138299515
564	0.0011791156888276567
565	0.0011790895628347711
566	0.0011790630131457095
567	0.0011790360494871813
568	0.0011790086832702534
569	0.0011789809276687524
570	0.0011789527976939188
571	0.001178924310267331
572	0.0011788954842795792
573	0.0011788663406436277
574	0.0011788369023386096
575	0.0011788071944368267
576	0.0011787772441223896
577	0.0011787470806895418
578	0.0011787167355268979
579	0.001178686242082037
580	0.0011786556358056603
581	0.0011786249540757581
582	0.0011785942360980212
583	0.001178563522781654
584	0.0011785328565979592
585	0.0011785022814060598
586	0.00117847184226038
587	0.0011784415851948185
588	0.0011784115569841878
589	0.00117838180488173
590	0.0011783523763423316
591	0.0011783233187290163
592	0.0011782946790026162
593	0.0011782665034027562
594	0.0011782388371246331
595	0.001178211723991322
596	0.0011781852061276215
597	0.0011781593236393768
598	0.0011781341143084166
599	0.001178109613297641
600	0.0011780858528790204
601	0.0011780628621856331
602	0.001178040666993474
603	0.0011780192895316003
604	0.001177998748332194
605	0.0011779790581133598
606	0.0011779602297092328
607	0.0011779422700293105
608	0.0011779251820712906
609	0.0011779089649647655
610	0.0011778936140618436
611	0.0011778791210610648
612	0.0011778654741692865
613	0.0011778526582957136
614	0.0011778406552744346
615	0.0011778294441126577
616	0.001177819001258794
617	0.0011778093008890937
618	0.0011778003152018745
619	0.001177792014721809
620	0.0011777843686078863
621	0.0011777773449551715
622	0.0011777709110944597
623	0.0011777650338790616
624	0.0011777596799635985
625	0.0011777548160600971
626	0.0011777504091813212
627	0.0011777464268622462
628	0.001177742837356183
629	0.0011777396098143936
630	0.0011777367144396764
631	0.0011777341226113782
632	0.0011777318069974094
633	0.00117772974163611
634	0.0011777279019984075
635	0.0011777262650305492
636	0.001177724809178506
637	0.0011777235143910821
638	0.0011777223621139143
639	0.001177721335262624
640	0.0011777204181889211
641	0.0011777195966320188
642	0.0011777188576660225
643	0.001177718189635443
644	0.0011777175820904882
645	0.0011777170257125523
646	0.0011777165122413525
647	0.001177716034400363
648	0.001177715585819144
649	0.0011777151609596531
650	0.0011777147550419886
651	0.0011777143639729885
652	0.0011777139842782988
653	0.0011777136130365017
654	0.0011777132478176106
655	0.001177712886625577
656	0.0011777125278439496
657	0.0011777121701868466
658	0.0011777118126536593
659	0.0011777114544858826
660	0.0011777110951317477
661	0.001177710734213013
662	0.0011777103714922898
663	0.0011777100068493052
664	0.001177709640255997
665	0.001177709271757883
666	0.0011777089014540245
667	0.0011777085294862922
668	0.0011777081560223734
669	0.0011777077812484991
670	0.001177707405359194
671	0.0011777070285516717
672	0.0011777066510181835
673	0.0011777062729443535
674	0.0011777058945030973
675	0.0011777055158547494
676	0.0011777051371460513
677	0.0011777047585050501
678	0.0011777043800465258
679	0.001177704001867795
680	0.0011777036240513462
681	0.001177703246664091
682	0.0011777028697603532
683	0.00117770249338143
684	0.0011777021175551356
685	0.0011777017423017732
686	0.0011777013676298742
687	0.0011777009935410516
688	0.001177700620029254
689	0.0011777002470841113
690	0.0011776998746875953
691	0.0011776995028197426
692	0.0011776991314564021
693	0.001177698760572269
694	0.0011776983901390366
695	0.001177698020127062
696	0.0011776976505074334
697	0.0011776972812496329
698	0.0011776969123250588
699	0.0011776965437043014
700	0.0011776961753588312
701	0.0011776958072612425
702	0.0011776954393862744
703	0.0011776950717084906
704	0.0011776947042051915
705	0.0011776943368531547
706	0.0011776939696325943
707	0.0011776936025234002
708	0.0011776932355087519
709	0.0011776928685710828
710	0.001177692501695744
711	0.0011776921348680915
712	0.0011776917680753557
713	0.0011776914013057278
714	0.0011776910345478275
715	0.0011776906677919419
716	0.001177690301028927
717	0.0011776899342500803
718	0.00117768956744818
719	0.0011776892006148002
720	0.001177688833744909
721	0.0011776884668305964
722	0.00117768809986805
723	0.001177687732850448
724	0.0011776873657731457
725	0.0011776869986313075
726	0.0011776866314209208
727	0.0011776862641371527
728	0.00117768589677591
729	0.0011776855293330261
730	0.0011776851618048837
731	0.0011776847941872624
732	0.0011776844264768372
733	0.0011776840586696156
734	0.001177683690762531
735	0.0011776833227512583
736	0.0011776829546324852
737	0.0011776825864021328
738	0.001177682218057533
739	0.001177681849594995
740	0.0011776814810102521
741	0.0011776811123004488
742	0.0011776807434618762
743	0.0011776803744908808
744	0.0011776800053838422
745	0.001177679636137603
746	0.0011776792667486128
747	0.0011776788972127832
748	0.001177678527527353
749	0.0011776781576885583
750	0.0011776777876924722
751	0.0011776774175360002
752	0.0011776770472157953
753	0.0011776766767283545
754	0.0011776763060696686
755	0.0011776759352371913
756	0.0011776755642262065
757	0.0011776751930341646
758	0.0011776748216577745
759	0.0011776744500936766
760	0.001177674078338126
761	0.0011776737063876497
762	0.001177673334239261
763	0.0011776729618894618
764	0.0011776725893349613
765	0.0011776722165726516
766	0.0011776718435984566
767	0.0011776714704107858
768	0.001177671097004936
769	0.0011776707233782957
770	0.0011776703495275792
771	0.0011776699754494052
772	0.0011776696011409978
773	0.00117766922659885
774	0.0011776688518199917
775	0.0011776684768017144
776	0.0011776681015397573
777	0.001177667726032069
778	0.001177667350276255
779	0.0011776669742672966
780	0.0011776665980040393
781	0.001177666221482104
782	0.001177665844699547
783	0.0011776654676525055
784	0.0011776650903385162
785	0.001177664712754812
786	0.0011776643348983548
787	0.0011776639567655264
788	0.0011776635783546673
789	0.0011776631996621263
790	0.00117766282068472
791	0.001177662441420188
792	0.0011776620618659114
793	0.001177661682018565
794	0.0011776613018755866
795	0.0011776609214334578
796	0.0011776605406908067
797	0.00117766015964332
798	0.0011776597782895875
799	0.001177659396626235
800	0.0011776590146508194
801	0.0011776586323600853
802	0.0011776582497515905
803	0.0011776578668229848
804	0.0011776574835708534
805	0.0011776570999939067
806	0.0011776567160878047
807	0.0011776563318513476
808	0.0011776559472812412
809	0.0011776555623754124
810	0.0011776551771300974
811	0.0011776547915440896
812	0.0011776544056139064
813	0.0011776540193375639
814	0.0011776536327125732
815	0.001177653245735738
816	0.0011776528584051867
817	0.0011776524707184175
818	0.0011776520826726233
819	0.0011776516942655804
820	0.001177651305495164
821	0.001177650916358375
822	0.0011776505268532769
823	0.0011776501369764074
824	0.0011776497467268106
825	0.001177649356101387
826	0.0011776489650978832
827	0.0011776485737141293
828	0.0011776481819470606
829	0.0011776477897957227
830	0.0011776473972566468
831	0.0011776470043272464
832	0.0011776466110070068
833	0.0011776462172918805
834	0.001177645823180811
835	0.0011776454286703058
836	0.001177645033759246
837	0.0011776446384454342
838	0.0011776442427259767
839	0.0011776438465995358
840	0.0011776434500624065
841	0.0011776430531145255
842	0.001177642655752189
843	0.0011776422579740091
844	0.001177641859777253
845	0.0011776414611605315
846	0.0011776410621212854
847	0.0011776406626579127
848	0.0011776402627677223
849	0.0011776398624493943
850	0.0011776394617003612
851	0.001177639060518691
852	0.0011776386589023992
853	0.0011776382568499616
854	0.0011776378543584228
855	0.0011776374514268497
856	0.0011776370480528456
857	0.0011776366442343158
858	0.0011776362399696884
859	0.0011776358352570695
860	0.0011776354300940064
861	0.0011776350244790334
862	0.0011776346184107253
863	0.0011776342118864978
864	0.001177633804905098
865	0.001177633397463964
866	0.001177632989561655
867	0.001177632581197041
868	0.0011776321723679828
869	0.0011776317630714738
870	0.0011776313533077782
871	0.0011776309430743576
872	0.0011776305323687078
873	0.0011776301211899815
874	0.0011776297095365009
875	0.0011776292974061714
876	0.0011776288847976158
877	0.0011776284717093192
878	0.0011776280581389657
879	0.0011776276440856703
880	0.001177627229547975
881	0.0011776268145235387
882	0.0011776263990111741
883	0.001177625983009489
884	0.0011776255665168528
885	0.001177625149530937
886	0.0011776247320516946
887	0.0011776243140767342
888	0.0011776238956048408
889	0.001177623476634327
890	0.0011776230571634433
891	0.0011776226371919053
892	0.0011776222167171615
893	0.0011776217957380338
894	0.001177621374253609
895	0.001177620952262084
896	0.0011776205297627088
897	0.001177620106752915
898	0.0011776196832322607
899	0.0011776192591992493
900	0.0011776188346528343
901	0.0011776184095915133
902	0.0011776179840139434
903	0.0011776175579186168
904	0.0011776171313048567
905	0.0011776167041714835
906	0.0011776162765164482
907	0.0011776158483397879
908	0.0011776154196389626
909	0.0011776149904141806
910	0.0011776145606631845
911	0.0011776141303853293
912	0.0011776136995795205
913	0.0011776132682445994
914	0.0011776128363796235
915	0.0011776124039830104
916	0.0011776119710548033
917	0.0011776115375930108
918	0.0011776111035966812
919	0.001177610669064761
920	0.0011776102339969257
921	0.0011776097983918616
922	0.0011776093622480888
923	0.0011776089255653955
924	0.001177608488343157
925	0.0011776080505792458
926	0.0011776076122733093
927	0.00117760717342493
928	0.0011776067340330688
929	0.0011776062940968377
930	0.001177605853614753
931	0.0011776054125873178
932	0.0011776049710127525
933	0.001177604528890167
934	0.0011776040862198475
935	0.001177603642999949
936	0.0011776031992301581
937	0.0011776027549104
938	0.0011776023100390847
939	0.0011776018646156609
940	0.0011776014186402322
941	0.001177600972111123
942	0.0011776005250283333
943	0.0011776000773914257
944	0.0011775996291995205
945	0.0011775991804517424
946	0.001177598731147779
947	0.0011775982812872255
948	0.0011775978308696756
949	0.0011775973798946447
950	0.0011775969283613534
951	0.0011775964762694739
952	0.0011775960236186434
953	0.001177595570408033
954	0.0011775951166379474
955	0.0011775946623075967
956	0.001177594207416088
957	0.0011775937519643953
958	0.00117759329595087
959	0.0011775928393756706
960	0.0011775923822385686
961	0.0011775919245391353
962	0.0011775914662772945
963	0.0011775910074525026
964	0.0011775905480649342
965	0.0011775900881142187
966	0.0011775896275999574
967	0.0011775891665218624
968	0.0011775887048800487
969	0.0011775882426741046
970	0.0011775877799051137
971	0.001177587316571089
972	0.0011775868526732935
973	0.0011775863882108296
974	0.001177585923184089
975	0.0011775854575929166
976	0.0011775849914374787
977	0.0011775845247175719
978	0.0011775840574335078
979	0.0011775835895847379
980	0.0011775831211720052
981	0.0011775826521948191
982	0.001177582182653692
983	0.0011775817125481976
984	0.001177581241878877
985	0.0011775807706459137
986	0.0011775802988493321
987	0.0011775798264895903
988	0.0011775793535664545
989	0.0011775788800802802
990	0.0011775784060320288
991	0.0011775779314206615
992	0.001177577456246836
993	0.0011775769805117168
994	0.0011775765042149884
995	0.0011775760273567977
996	0.0011775755499375017
997	0.0011775750719581555
998	0.0011775745934181174
999	0.0011775741143190753
1000	0.0011775736346605922
1001	0.001177573154442872
1002	0.0011775726736668972
1003	0.0011775721923334064
1004	0.0011775717104420863
1005	0.0011775712279939656
1006	0.0011775707449900165
1007	0.0011775702614296476
1008	0.0011775697773145643
1009	0.0011775692926445313
1010	0.001177568807420835
1011	0.001177568321643536
1012	0.0011775678353139253
1013	0.0011775673484319662
1014	0.0011775668609990742
1015	0.0011775663730152059
1016	0.0011775658844812129
1017	0.0011775653953990184
1018	0.0011775649057677233
1019	0.0011775644155896398
1020	0.001177563924864472
1021	0.0011775634335928122
1022	0.0011775629417764958
1023	0.0011775624494158254
1024	0.0011775619565121947
1025	0.0011775614630658267
1026	0.0011775609690782836
1027	0.0011775604745499746
1028	0.0011775599794819837
1029	0.001177559483875293
1030	0.0011775589877311664
1031	0.0011775584910506394
1032	0.0011775579938343285
1033	0.0011775574960833067
1034	0.0011775569977991527
1035	0.0011775564989822797
1036	0.001177555999634655
1037	0.0011775554997566081
1038	0.0011775549993498708
1039	0.0011775544984153645
1040	0.0011775539969541744
1041	0.001177553494967637
1042	0.0011775529924566695
1043	0.0011775524894233952
1044	0.001177551985867847
1045	0.001177551481792458
1046	0.0011775509771979602
1047	0.0011775504720851556
1048	0.0011775499664568418
1049	0.001177549460312515
1050	0.0011775489536554403
1051	0.0011775484464860977
1052	0.0011775479388052698
1053	0.0011775474306154644
1054	0.0011775469219176542
1055	0.001177546412713748
1056	0.0011775459030040844
1057	0.0011775453927916893
1058	0.0011775448820771383
1059	0.0011775443708620871
1060	0.001177543859148485
1061	0.001177543346937583
1062	0.0011775428342306344
1063	0.0011775423210301074
1064	0.0011775418073371223
1065	0.0011775412931537318
1066	0.001177540778480874
1067	0.0011775402633207109
1068	0.0011775397476753607
1069	0.0011775392315461445
1070	0.0011775387149346637
1071	0.001177538197842601
1072	0.0011775376802727424
1073	0.001177537162225362
1074	0.0011775366437034604
1075	0.0011775361247084361
1076	0.0011775356052418254
1077	0.001177535085306409
1078	0.001177534564903791
1079	0.0011775340440353262
1080	0.0011775335227032103
1081	0.00117753300090938
1082	0.001177532478656464
1083	0.0011775319559453922
1084	0.001177531432778743
1085	0.0011775309091587762
1086	0.0011775303850869601
1087	0.001177529860565917
1088	0.0011775293355975156
1089	0.001177528810183789
1090	0.0011775282843262832
1091	0.001177527758028284
1092	0.0011775272312912987
1093	0.001177526704117457
1094	0.0011775261765089402
1095	0.0011775256484682097
1096	0.0011775251199973012
1097	0.001177524591098521
1098	0.001177524061774419
1099	0.0011775235320264257
1100	0.0011775230018573894
1101	0.00117752247126987
1102	0.0011775219402654518
1103	0.00117752140884708
1104	0.0011775208770173858
1105	0.001177520344777678
1106	0.0011775198121312142
1107	0.0011775192790799988
1108	0.0011775187456270358
1109	0.0011775182117739033
1110	0.0011775176775236029
1111	0.0011775171428786092
1112	0.0011775166078412053
1113	0.0011775160724138876
1114	0.0011775155365994826
1115	0.0011775150003999813
1116	0.001177514463818734
1117	0.0011775139268577841
1118	0.0011775133895195857
1119	0.0011775128518071276
1120	0.0011775123137225494
1121	0.0011775117752691096
1122	0.0011775112364493055
1123	0.001177510697265439
1124	0.0011775101577202348
1125	0.001177509617816863
1126	0.001177509077557558
1127	0.0011775085369447032
1128	0.0011775079959818013
1129	0.0011775074546714439
1130	0.001177506913016135
1131	0.0011775063710191345
1132	0.0011775058286827682
1133	0.0011775052860102495
1134	0.0011775047430035933
1135	0.0011775041996664889
1136	0.001177503656001547
1137	0.0011775031120123181
1138	0.0011775025676998927
1139	0.001177502023068861
1140	0.0011775014781210686
1141	0.001177500932860651
1142	0.001177500387289134
1143	0.0011774998414104765
1144	0.0011774992952273769
1145	0.0011774987487428586
1146	0.0011774982019596022
1147	0.001177497654881315
1148	0.0011774971075102754
1149	0.0011774965598500317
1150	0.0011774960119029603
1151	0.0011774954636730424
1152	0.0011774949151628948
1153	0.001177494366375279
1154	0.0011774938173137375
1155	0.0011774932679813773
1156	0.0011774927183814527
1157	0.0011774921685166393
1158	0.0011774916183903692
1159	0.0011774910680056375
1160	0.0011774905173660868
1161	0.0011774899664743663
1162	0.0011774894153344596
1163	0.0011774888639483644
1164	0.001177488312319946
1165	0.001177487760452733
1166	0.001177487208349442
1167	0.0011774866560138866
1168	0.0011774861034493911
1169	0.0011774855506583607
1170	0.001177484997644575
1171	0.0011774844444118002
1172	0.0011774838909625242
1173	0.0011774833373006605
1174	0.001177482783429415
1175	0.0011774822293518852
1176	0.0011774816750722578
1177	0.0011774811205929395
1178	0.0011774805659176052
1179	0.0011774800110493336
1180	0.0011774794559923983
1181	0.0011774789007497075
1182	0.0011774783453240571
1183	0.001177477789720236
1184	0.0011774772339407105
1185	0.001177476677988836
1186	0.001177476121868484
1187	0.0011774755655835829
1188	0.0011774750091360455
1189	0.0011774744525310417
1190	0.001177473895771047
1191	0.0011774733388601637
1192	0.001177472781801296
1193	0.001177472224598622
1194	0.001177471667254961
1195	0.0011774711097748208
1196	0.0011774705521601623
1197	0.0011774699944162698
1198	0.001177469436545779
1199	0.00117746887855244
1200	0.0011774683204398098
1201	0.0011774677622113133
1202	0.0011774672038705365
1203	0.001177466645421055
1204	0.0011774660868671444
1205	0.001177465528211832
1206	0.0011774649694584597
1207	0.0011774644106114125
1208	0.0011774638516733299
1209	0.0011774632926489937
1210	0.0011774627335410246
1211	0.0011774621743538317
1212	0.0011774616150904867
1213	0.0011774610557548702
1214	0.0011774604963510234
1215	0.00117745993688161
1216	0.0011774593773516808
1217	0.0011774588177639383
1218	0.0011774582581218257
1219	0.0011774576984298181
1220	0.001177457138692286
1221	0.0011774565789101526
1222	0.0011774560190898951
1223	0.0011774554592342626
1224	0.0011774548993470362
1225	0.001177454339431584
1226	0.001177453779492147
1227	0.0011774532195324467
1228	0.00117745265955511
1229	0.0011774520995650665
1230	0.001177451539566199
1231	0.0011774509795613153
1232	0.001177450419554926
1233	0.0011774498595497301
1234	0.0011774492995509822
1235	0.0011774487395611495
1236	0.0011774481795847125
1237	0.0011774476196250996
1238	0.0011774470596861404
1239	0.0011774464997718797
1240	0.0011774459398856676
1241	0.001177445380031449
1242	0.0011774448202126419
1243	0.0011774442604337084
1244	0.0011774437006979784
1245	0.0011774431410090747
1246	0.001177442581371519
1247	0.0011774420217882842
1248	0.0011774414622633918
1249	0.001177440902800683
1250	0.001177440343404179
1251	0.001177439784076979
1252	0.0011774392248235061
1253	0.0011774386656471063
1254	0.0011774381065519192
1255	0.0011774375475410808
1256	0.0011774369886195773
1257	0.0011774364297903075
1258	0.0011774358710570992
1259	0.001177435312423732
1260	0.001177434753894484
1261	0.0011774341954720116
1262	0.0011774336371616284
1263	0.0011774330789660378
1264	0.0011774325208890506
1265	0.0011774319629349697
1266	0.001177431405106711
1267	0.0011774308474095108
1268	0.0011774302898457899
1269	0.001177429732419932
1270	0.001177429175134976
1271	0.0011774286179957298
1272	0.00117742806100545
1273	0.001177427504168012
1274	0.001177426947487009
1275	0.0011774263909658897
1276	0.0011774258346094063
1277	0.001177425278420422
1278	0.001177424722403017
1279	0.0011774241665607008
1280	0.001177423610897285
1281	0.001177423055416914
1282	0.0011774225001226404
1283	0.001177421945019228
1284	0.0011774213901090999
1285	0.0011774208353973964
1286	0.0011774202808860833
1287	0.0011774197265804081
1288	0.001177419172483569
1289	0.001177418618598778
1290	0.0011774180649305763
1291	0.0011774175114825846
1292	0.0011774169582575485
1293	0.0011774164052598414
1294	0.0011774158524933975
1295	0.0011774152999615057
1296	0.0011774147476679127
1297	0.0011774141956167826
1298	0.0011774136438105229
1299	0.001177413092253931
1300	0.0011774125409503373
1301	0.0011774119899029393
1302	0.00117741143911616
1303	0.0011774108885931908
1304	0.001177410338337633
1305	0.0011774097883531474
1306	0.0011774092386437013
1307	0.0011774086892118803
1308	0.0011774081400622001
1309	0.0011774075911983944
1310	0.001177407042623683
1311	0.001177406494341221
1312	0.001177405946355467
1313	0.0011774053986695781
1314	0.0011774048512870102
1315	0.0011774043042111857
1316	0.0011774037574460428
1317	0.0011774032109945053
1318	0.001177402664861052
1319	0.0011774021190483713
1320	0.0011774015735599346
1321	0.001177401028400212
1322	0.0011774004835716592
1323	0.0011773999390778842
1324	0.00117739939492328
1325	0.0011773988511102093
1326	0.001177398307642492
1327	0.0011773977645239651
1328	0.0011773972217575743
1329	0.0011773966793474137
1330	0.0011773961372959412
1331	0.0011773955956075317
1332	0.0011773950542849848
1333	0.00117739451333168
1334	0.0011773939727513978
1335	0.0011773934325469203
1336	0.0011773928927221585
1337	0.0011773923532806642
1338	0.001177391814225152
1339	0.0011773912755591517
1340	0.0011773907372861381
1341	0.0011773901994094195
1342	0.0011773896619318531
1343	0.0011773891248576308
1344	0.0011773885881896247
1345	0.0011773880519308484
1346	0.0011773875160840338
1347	0.00117738698065405
1348	0.0011773864456429502
1349	0.0011773859110539922
1350	0.0011773853768909535
1351	0.0011773848431565512
1352	0.001177384309854246
1353	0.001177383776986821
1354	0.0011773832445580764
1355	0.0011773827125707843
1356	0.0011773821810279542
1357	0.0011773816499334629
1358	0.0011773811192895614
1359	0.001177380589099823
1360	0.0011773800593673821
1361	0.0011773795300949247
1362	0.0011773790012862015
1363	0.0011773784729436176
1364	0.001177377945070635
1365	0.0011773774176694954
1366	0.0011773768907447134
1367	0.0011773763642979934
1368	0.0011773758383330163
1369	0.0011773753128526173
1370	0.001177374787859586
1371	0.001177374263357262
1372	0.0011773737393486162
1373	0.0011773732158358167
1374	0.0011773726928224928
1375	0.0011773721703114343
1376	0.0011773716483056934
1377	0.001177371126807743
1378	0.0011773706058208146
1379	0.0011773700853474525
1380	0.0011773695653907248
1381	0.0011773690459537327
1382	0.0011773685270388221
1383	0.0011773680086490032
1384	0.0011773674907868364
1385	0.001177366973455099
1386	0.0011773664566571934
1387	0.0011773659403961098
1388	0.001177365424672622
1389	0.0011773649094914214
1390	0.0011773643948545143
1391	0.0011773638807643192
1392	0.0011773633672243714
1393	0.0011773628542360462
1394	0.0011773623418032439
1395	0.001177361829928245
1396	0.0011773613186132452
1397	0.0011773608078613712
1398	0.001177360297674535
1399	0.0011773597880562552
1400	0.0011773592790081055
1401	0.0011773587705336992
1402	0.0011773582626347916
1403	0.0011773577553142124
1404	0.0011773572485740305
1405	0.0011773567424172226
1406	0.0011773562368462035
1407	0.0011773557318631987
1408	0.001177355227471279
1409	0.0011773547236718573
1410	0.001177354220468395
1411	0.00117735371786204
1412	0.0011773532158565496
1413	0.0011773527144536933
1414	0.0011773522136560128
1415	0.0011773517134654318
1416	0.001177351213884525
1417	0.0011773507149154248
1418	0.001177350216560363
1419	0.00117734971882222
1420	0.0011773492217028612
1421	0.00117734872520443
1422	0.0011773482293295093
1423	0.0011773477340803462
1424	0.001177347239458597
1425	0.0011773467454664144
1426	0.0011773462521069593
1427	0.0011773457593808208
1428	0.0011773452672917733
1429	0.001177344775840523
1430	0.0011773442850304134
1431	0.0011773437948629584
1432	0.0011773433053401173
1433	0.001177342816464529
1434	0.0011773423282374676
1435	0.0011773418406608189
1436	0.0011773413537379163
1437	0.0011773408674697963
1438	0.0011773403818581944
1439	0.0011773398969058106
1440	0.0011773394126139976
1441	0.001177338928984857
1442	0.0011773384460206464
1443	0.001177337963723083
1444	0.001177337482093697
1445	0.0011773370011345032
1446	0.00117733652084815
1447	0.0011773360412355278
1448	0.001177335562298808
1449	0.0011773350840397763
1450	0.001177334606459938
1451	0.0011773341295615546
1452	0.0011773336533460865
1453	0.0011773331778152656
1454	0.0011773327029714362
1455	0.0011773322288151518
1456	0.0011773317553487612
1457	0.001177331282574514
1458	0.0011773308104929077
1459	0.0011773303391065435
1460	0.001177329868416397
1461	0.0011773293984250063
1462	0.001177328929132525
1463	0.0011773284605416643
1464	0.0011773279926538807
1465	0.0011773275254701818
1466	0.001177327058992797
1467	0.0011773265932229296
1468	0.0011773261281616987
1469	0.001177325663811109
1470	0.0011773252001724284
1471	0.0011773247372477776
1472	0.001177324275037353
1473	0.001177323813543336
1474	0.0011773233527667243
1475	0.0011773228927099463
1476	0.0011773224333732743
1477	0.0011773219747583082
1478	0.0011773215168666752
1479	0.0011773210596993575
1480	0.001177320603258136
1481	0.0011773201475438729
1482	0.0011773196925583232
1483	0.0011773192383024858
1484	0.0011773187847772752
1485	0.0011773183319841558
1486	0.0011773178799245809
1487	0.0011773174286001655
1488	0.0011773169780109353
1489	0.0011773165281589336
1490	0.0011773160790448393
1491	0.0011773156306707298
1492	0.0011773151830362688
1493	0.0011773147361434134
1494	0.0011773142899935835
1495	0.0011773138445870111
1496	0.0011773133999257663
1497	0.0011773129560095073
1498	0.0011773125128410604
1499	0.0011773120704203705
1500	0.00117731162874773
1501	0.0011773111878261723
1502	0.0011773107476549269
1503	0.0011773103082354688
1504	0.0011773098695686756
1505	0.0011773094316558698
1506	0.0011773089944975368
1507	0.0011773085580948281
1508	0.001177308122448103
1509	0.0011773076875593942
1510	0.0011773072534285909
1511	0.0011773068200564049
1512	0.001177306387444399
1513	0.0011773059555928954
1514	0.0011773055245028897
1515	0.0011773050941749554
1516	0.0011773046646101606
1517	0.001177304235808945
1518	0.0011773038077726493
1519	0.0011773033805006815
1520	0.0011773029539952251
1521	0.0011773025282560863
1522	0.0011773021032844095
1523	0.001177301679080717
1524	0.0011773012556454744
1525	0.001177300832979265
1526	0.001177300411083824
1527	0.0011772999899580055
1528	0.001177299569603063
1529	0.001177299150020272
1530	0.0011772987312095341
1531	0.0011772983131713387
1532	0.0011772978959067862
1533	0.0011772974794158786
1534	0.0011772970636994015
1535	0.0011772966487577266
1536	0.0011772962345914877
1537	0.0011772958212008364
1538	0.0011772954085866579
1539	0.0011772949967490786
1540	0.0011772945856884183
1541	0.0011772941754054616
1542	0.0011772937658999978
1543	0.0011772933571737177
1544	0.0011772929492252138
1545	0.00117729254205625
1546	0.001177292135666715
1547	0.0011772917300571725
1548	0.0011772913252273568
1549	0.001177290921177927
1550	0.001177290517909247
1551	0.0011772901154214555
1552	0.0011772897137148945
1553	0.001177289312789927
1554	0.0011772889126462713
1555	0.0011772885132850812
1556	0.0011772881147058055
1557	0.0011772877169089224
1558	0.001177287319894749
1559	0.0011772869236633173
1560	0.0011772865282145657
1561	0.001177286133548822
1562	0.001177285739666565
1563	0.0011772853465675775
1564	0.0011772849542518984
1565	0.0011772845627199557
1566	0.0011772841719715392
1567	0.0011772837820072126
1568	0.0011772833928264219
1569	0.0011772830044292865
1570	0.001177282616816634
1571	0.0011772822299873976
1572	0.0011772818439422326
1573	0.0011772814586814362
1574	0.0011772810742041151
1575	0.0011772806905109747
1576	0.0011772803076013536
1577	0.0011772799254765232
1578	0.0011772795441349643
1579	0.0011772791635771126
1580	0.0011772787838032533
1581	0.0011772784048131129
1582	0.0011772780266062896
1583	0.0011772776491833174
1584	0.0011772772725431799
1585	0.001177276896686368
1586	0.0011772765216124267
1587	0.0011772761473217916
1588	0.0011772757738136785
1589	0.001177275401088367
1590	0.001177275029144931
1591	0.0011772746579841765
1592	0.0011772742876053146
1593	0.0011772739180084097
1594	0.0011772735491927034
1595	0.0011772731811585911
1596	0.0011772728139054598
1597	0.001177272447432956
1598	0.0011772720817412024
1599	0.0011772717168294583
1600	0.00117727135269832
1601	0.0011772709893464839
1602	0.0011772706267739652
1603	0.0011772702649807372
1604	0.001177269903966064
1605	0.0011772695437300715
1606	0.001177269184271894
1607	0.0011772688255910306
1608	0.0011772684676882056
1609	0.0011772681105619446
1610	0.001177267754212406
1611	0.0011772673986391612
1612	0.0011772670438416574
1613	0.001177266689819162
1614	0.001177266336572166
1615	0.0011772659840990525
1616	0.0011772656324007568
1617	0.0011772652814751598
1618	0.0011772649313234445
1619	0.0011772645819442974
1620	0.0011772642333372366
1621	0.0011772638855020402
1622	0.0011772635384379704
1623	0.001177263192144374
1624	0.0011772628466212107
1625	0.0011772625018679362
1626	0.0011772621578834785
1627	0.0011772618146681023
1628	0.0011772614722206334
1629	0.0011772611305403415
1630	0.001177260789626868
1631	0.001177260449480178
1632	0.0011772601100995118
1633	0.0011772597714835781
1634	0.001177259433632284
1635	0.0011772590965452787
1636	0.0011772587602216409
1637	0.0011772584246605973
1638	0.001177258089861838
1639	0.0011772577558246883
1640	0.0011772574225479959
1641	0.0011772570900320624
1642	0.0011772567582753494
1643	0.001177256427277445
1644	0.0011772560970380378
1645	0.0011772557675558634
1646	0.001177255438830778
1647	0.0011772551108618578
1648	0.0011772547836482199
1649	0.0011772544571896307
1650	0.0011772541314843156
1651	0.0011772538065329564
1652	0.0011772534823338374
1653	0.0011772531588863956
1654	0.0011772528361904324
1655	0.0011772525142447106
1656	0.0011772521930483262
1657	0.001177251872600621
1658	0.0011772515529012376
1659	0.001177251233948743
1660	0.0011772509157434686
1661	0.0011772505982830235
1662	0.001177250281568237
1663	0.0011772499655963381
1664	0.0011772496503685722
1665	0.001177249335883025
1666	0.0011772490221386223
1667	0.001177248709135562
1668	0.0011772483968721507
1669	0.0011772480853480486
1670	0.0011772477745617517
1671	0.0011772474645132744
1672	0.001177247155201514
1673	0.0011772468466246635
1674	0.0011772465387826516
1675	0.00117724623167492
1676	0.0011772459253002858
1677	0.0011772456196570858
1678	0.0011772453147460115
1679	0.00117724501056492
1680	0.0011772447071131129
1681	0.0011772444043898864
1682	0.0011772441023944016
1683	0.0011772438011251004
1684	0.0011772435005819996
1685	0.0011772432007636586
1686	0.0011772429016691003
1687	0.0011772426032970044
1688	0.0011772423056474856
1689	0.0011772420087189281
1690	0.0011772417125101397
1691	0.0011772414170205681
1692	0.0011772411222496736
1693	0.0011772408281955076
1694	0.0011772405348571067
1695	0.001177240242234685
1696	0.0011772399503262362
1697	0.0011772396591307474
1698	0.0011772393686478853
1699	0.0011772390788761195
1700	0.0011772387898146986
1701	0.0011772385014620762
1702	0.0011772382138180524
1703	0.001177237926880807
1704	0.0011772376406502562
1705	0.001177237355124374
1706	0.0011772370703029692
1707	0.001177236786184638
1708	0.001177236502768173
1709	0.0011772362200530419
1710	0.0011772359380372703
1711	0.001177235656721185
1712	0.0011772353761021989
1713	0.0011772350961807019
1714	0.001177234816954701
1715	0.0011772345384230406
1716	0.0011772342605852336
1717	0.0011772339834402316
1718	0.0011772337069862675
1719	0.0011772334312232919
1720	0.0011772331561492949
1721	0.0011772328817636541
1722	0.001177232608064675
1723	0.0011772323350521512
1724	0.001177232062724613
1725	0.0011772317910804637
1726	0.0011772315201199878
1727	0.0011772312498400243
1728	0.0011772309802414004
1729	0.0011772307113221082
1730	0.0011772304430805209
1731	0.0011772301755169849
1732	0.001177229908629307
1733	0.0011772296424165276
1734	0.001177229376877256
1735	0.0011772291120108705
1736	0.0011772288478164477
1737	0.001177228584292207
1738	0.001177228321437225
1739	0.0011772280592508594
1740	0.0011772277977310215
1741	0.0011772275368773866
1742	0.0011772272766880695
1743	0.0011772270171627745
1744	0.0011772267582997108
1745	0.0011772265000982104
1746	0.0011772262425564773
1747	0.001177225985674109
1748	0.0011772257294494172
1749	0.0011772254738811984
1750	0.0011772252189687568
1751	0.0011772249647105184
1752	0.0011772247111057385
1753	0.0011772244581528513
1754	0.0011772242058500017
1755	0.0011772239541977198
1756	0.001177223703193744
1757	0.0011772234528366024
1758	0.001177223203126406
1759	0.0011772229540608773
1760	0.0011772227056389547
1761	0.0011772224578596752
1762	0.001177222210721517
1763	0.001177221964224156
1764	0.0011772217183653353
1765	0.001177221473144533
1766	0.0011772212285602302
1767	0.0011772209846116128
1768	0.0011772207412967736
1769	0.0011772204986156597
1770	0.0011772202565658375
1771	0.00117722001514665
1772	0.0011772197743571558
1773	0.0011772195341957438
1774	0.0011772192946611483
1775	0.0011772190557533201
1776	0.0011772188174693646
1777	0.0011772185798088735
1778	0.0011772183427706058
1779	0.0011772181063537078
1780	0.0011772178705564986
1781	0.0011772176353776463
1782	0.0011772174008160856
1783	0.001177217166871378
1784	0.0011772169335408254
1785	0.001177216700824252
1786	0.0011772164687204433
1787	0.0011772162372278
1788	0.0011772160063449348
1789	0.001177215776071422
1790	0.001177215546405382
1791	0.0011772153173459116
1792	0.0011772150888910585
1793	0.0011772148610408489
1794	0.0011772146337929543
1795	0.0011772144071470342
1796	0.0011772141811010055
1797	0.0011772139556543216
1798	0.0011772137308053968
1799	0.0011772135065529037
1800	0.0011772132828962918
1801	0.0011772130598336488
1802	0.0011772128373640912
1803	0.0011772126154864792
1804	0.0011772123941988049
1805	0.001177212173500524
1806	0.0011772119533906373
1807	0.0011772117338677453
1808	0.0011772115149298443
1809	0.0011772112965769699
1810	0.0011772110788066086
1811	0.0011772108616184503
1812	0.001177210645011157
1813	0.0011772104289834737
1814	0.0011772102135339112
1815	0.0011772099986609346
1816	0.0011772097843644224
1817	0.001177209570641957
1818	0.001177209357492908
1819	0.001177209144916002
1820	0.0011772089329101735
1821	0.0011772087214733879
1822	0.001177208510605644
1823	0.0011772083003047506
1824	0.001177208090569713
1825	0.0011772078813998765
1826	0.0011772076727931654
1827	0.0011772074647490394
1828	0.0011772072572659115
1829	0.0011772070503422189
1830	0.0011772068439774267
1831	0.0011772066381698079
1832	0.0011772064329187658
1833	0.0011772062282223888
1834	0.0011772060240797858
1835	0.0011772058204896903
1836	0.001177205617450338
1837	0.0011772054149615995
1838	0.0011772052130217276
1839	0.0011772050116290345
1840	0.0011772048107827346
1841	0.0011772046104817945
1842	0.0011772044107248214
1843	0.0011772042115101916
1844	0.00117720401283714
1845	0.001177203814704131
1846	0.0011772036171107522
1847	0.0011772034200548222
1848	0.0011772032235356391
1849	0.0011772030275514897
1850	0.001177202832101931
1851	0.0011772026371850485
1852	0.001177202442800084
1853	0.0011772022489456295
1854	0.0011772020556200336
1855	0.0011772018628228272
1856	0.0011772016705528516
1857	0.0011772014788081272
1858	0.0011772012875881672
1859	0.0011772010968915492
1860	0.0011772009067166384
1861	0.0011772007170628889
1862	0.001177200527928321
1863	0.001177200339312713
1864	0.0011772001512138834
1865	0.0011771999636311526
1866	0.001177199776563245
1867	0.0011771995900092887
1868	0.0011771994039674607
1869	0.00117719921843678
1870	0.001177199033415812
1871	0.00117719884890436
1872	0.0011771986649001971
1873	0.00117719848140242
1874	0.0011771982984102203
1875	0.001177198115921862
1876	0.0011771979339361852
1877	0.001177197752451784
1878	0.00117719757146857
1879	0.0011771973909844079
1880	0.0011771972109986067
1881	0.0011771970315092577
1882	0.0011771968525156715
1883	0.001177196674016609
1884	0.001177196496011181
1885	0.001177196318497947
1886	0.0011771961414752128
1887	0.0011771959649430853
1888	0.0011771957888988636
1889	0.0011771956133424363
1890	0.0011771954382719405
1891	0.0011771952636871579
1892	0.001177195089585716
1893	0.00117719491596742
1894	0.0011771947428302505
1895	0.0011771945701741348
1896	0.0011771943979970452
1897	0.0011771942262977634
1898	0.001177194055075625
1899	0.0011771938843294842
1900	0.0011771937140576992
1901	0.0011771935442592238
1902	0.001177193374933233
1903	0.0011771932060782226
1904	0.0011771930376931476
1905	0.0011771928697772507
1906	0.0011771927023286571
1907	0.00117719253534705
1908	0.0011771923688303192
1909	0.0011771922027781958
1910	0.0011771920371883285
1911	0.0011771918720615004
1912	0.0011771917073949293
1913	0.0011771915431880932
1914	0.0011771913794392528
1915	0.001177191216148309
1916	0.0011771910533133734
1917	0.0011771908909335117
1918	0.0011771907290077691
1919	0.001177190567535029
1920	0.0011771904065135707
1921	0.0011771902459427224
1922	0.0011771900858210953
1923	0.0011771899261481852
1924	0.0011771897669226113
1925	0.001177189608142508
1926	0.0011771894498075952
1927	0.0011771892919167398
1928	0.0011771891344681596
1929	0.0011771889774613452
1930	0.0011771888208949447
1931	0.0011771886647680516
1932	0.0011771885090792157
1933	0.0011771883538272223
1934	0.0011771881990120458
1935	0.0011771880446312904
1936	0.001177187890684038
1937	0.001177187737169802
1938	0.001177187584087358
1939	0.001177187431435308
1940	0.0011771872792124254
1941	0.0011771871274175942
1942	0.001177186976051031
1943	0.0011771868251096913
1944	0.0011771866745936132
1945	0.001177186524501452
1946	0.00117718637483243
1947	0.0011771862255849567
1948	0.0011771860767578785
1949	0.00117718592835085
1950	0.0011771857803623438
1951	0.0011771856327909803
1952	0.0011771854856358426
1953	0.0011771853388964151
1954	0.0011771851925710518
1955	0.0011771850466590107
1956	0.001177184901158594
1957	0.0011771847560695062
1958	0.0011771846113902231
1959	0.0011771844671198592
1960	0.0011771843232577521
1961	0.0011771841798016718
1962	0.0011771840367516802
1963	0.0011771838941063769
1964	0.0011771837518644956
1965	0.0011771836100252838
1966	0.0011771834685870648
1967	0.0011771833275498625
1968	0.0011771831869118324
1969	0.0011771830466720228
1970	0.0011771829068299424
1971	0.0011771827673834525
1972	0.0011771826283328963
1973	0.0011771824896759575
1974	0.0011771823514121656
1975	0.0011771822135410736
1976	0.0011771820760604896
1977	0.0011771819389700547
1978	0.0011771818022689637
1979	0.0011771816659551628
1980	0.001177181530029033
1981	0.0011771813944886308
1982	0.0011771812593329121
1983	0.0011771811245612739
1984	0.001177180990172683
1985	0.001177180856165872
1986	0.001177180722539885
1987	0.0011771805892935596
1988	0.0011771804564262756
1989	0.0011771803239364982
1990	0.0011771801918239043
1991	0.0011771800600868685
1992	0.001177179928725141
1993	0.0011771797977363602
1994	0.001177179667121255
1995	0.0011771795368775422
1996	0.0011771794070048337
1997	0.0011771792775018357
1998	0.001177179148367549
1999	0.0011771790196016265
2000	0.0011771788912020276
2001	0.0011771787631685402
2002	0.0011771786354997397
2003	0.0011771785081950304
2004	0.00117717838125381
2005	0.0011771782546740092
2006	0.0011771781284546472
2007	0.0011771780025957013
2008	0.0011771778770966472
2009	0.0011771777519543956
2010	0.0011771776271703833
2011	0.0011771775027418071
2012	0.001177177378668653
2013	0.0011771772549499246
2014	0.0011771771315840524
2015	0.0011771770085703724
2016	0.001177176885908384
2017	0.0011771767635968453
2018	0.0011771766416344433
2019	0.0011771765200207182
2020	0.0011771763987549057
2021	0.0011771762778353908
2022	0.0011771761572618126
2023	0.0011771760370322883
2024	0.0011771759171468428
2025	0.0011771757976044082
2026	0.0011771756784039282
2027	0.0011771755595440668
2028	0.001177175441024593
2029	0.0011771753228438625
2030	0.0011771752050016146
2031	0.0011771750874965254
2032	0.0011771749703279578
2033	0.0011771748534944425
2034	0.0011771747369957745
2035	0.0011771746208307469
2036	0.0011771745049978875
2037	0.0011771743894972277
2038	0.0011771742743271402
2039	0.001177174159487155
2040	0.0011771740449757076
2041	0.0011771739307927876
2042	0.0011771738169372814
2043	0.0011771737034074236
2044	0.00117717359020347
2045	0.0011771734773236033
2046	0.0011771733647681752
2047	0.0011771732525344416
2048	0.0011771731406230459
2049	0.0011771730290326822
2050	0.0011771729177618598
2051	0.0011771728068107421
2052	0.0011771726961776403
2053	0.0011771725858617536
2054	0.0011771724758626698
2055	0.0011771723661788385
2056	0.001177172256810154
2057	0.0011771721477550265
2058	0.0011771720390130185
2059	0.0011771719305831063
2060	0.0011771718224647767
2061	0.0011771717146562119
2062	0.001177171607157484
2063	0.0011771714999673358
2064	0.001177171393084909
2065	0.0011771712865099014
2066	0.0011771711802405502
2067	0.0011771710742762413
2068	0.0011771709686166604
2069	0.0011771708632604462
2070	0.0011771707582067573
2071	0.0011771706534551717
2072	0.0011771705490041884
2073	0.00117717044485388
2074	0.0011771703410020414
2075	0.0011771702374492998
2076	0.0011771701341939278
2077	0.0011771700312350412
2078	0.0011771699285722677
2079	0.0011771698262046473
2080	0.0011771697241315104
2081	0.0011771696223516163
2082	0.0011771695208643712
2083	0.0011771694196685834
2084	0.001177169318764046
2085	0.0011771692181494248
2086	0.0011771691178243107
2087	0.0011771690177875074
2088	0.0011771689180383894
2089	0.0011771688185764307
2090	0.0011771687194002435
2091	0.0011771686205092643
2092	0.0011771685219027807
2093	0.0011771684235801119
2094	0.0011771683255397344
2095	0.0011771682277817907
2096	0.0011771681303049952
2097	0.0011771680331081375
2098	0.0011771679361915269
2099	0.00117716783955348
2100	0.0011771677431934545
2101	0.0011771676471110128
2102	0.0011771675513041584
2103	0.0011771674557734186
2104	0.0011771673605176427
2105	0.001177167265535271
2106	0.0011771671708272647
2107	0.0011771670763914021
2108	0.0011771669822265084
2109	0.0011771668883334171
2110	0.0011771667947101812
2111	0.0011771667013565396
2112	0.0011771666082717228
2113	0.0011771665154538934
2114	0.0011771664229036504
2115	0.0011771663306200473
2116	0.0011771662386015963
2117	0.001177166146847968
2118	0.0011771660553584137
2119	0.0011771659641321146
2120	0.001177165873168232
2121	0.0011771657824664866
2122	0.001177165692025188
2123	0.0011771656018446004
2124	0.0011771655119233943
2125	0.0011771654222611071
2126	0.001177165332856369
2127	0.001177165243708955
2128	0.0011771651548183443
2129	0.0011771650661830352
2130	0.0011771649778035246
2131	0.0011771648896773124
2132	0.0011771648018060626
2133	0.0011771647141864097
2134	0.001177164626819258
2135	0.0011771645397030764
2136	0.0011771644528377144
2137	0.0011771643662229386
2138	0.0011771642798562886
2139	0.001177164193738679
2140	0.0011771641078687591
2141	0.001177164022245719
2142	0.0011771639368691718
2143	0.0011771638517378959
2144	0.0011771637668514974
2145	0.0011771636822093818
2146	0.0011771635978105742
2147	0.0011771635136547977
2148	0.0011771634297406458
2149	0.0011771633460678334
2150	0.0011771632626357052
2151	0.0011771631794434492
2152	0.0011771630964905395
2153	0.0011771630137760037
2154	0.00117716293129917
2155	0.0011771628490593463
2156	0.0011771627670558048
2157	0.0011771626852881921
2158	0.0011771626037558047
2159	0.0011771625224570599
2160	0.0011771624413924946
2161	0.001177162360560472
2162	0.0011771622799613105
2163	0.0011771621995931769
2164	0.0011771621194562717
2165	0.0011771620395494547
2166	0.001177161959872447
2167	0.0011771618804238824
2168	0.0011771618012036697
2169	0.0011771617222107252
2170	0.0011771616434448073
2171	0.0011771615649051508
2172	0.001177161486590641
2173	0.0011771614085014225
2174	0.001177161330635858
2175	0.0011771612529941555
2176	0.0011771611755753883
2177	0.0011771610983784765
2178	0.0011771610214030203
2179	0.0011771609446484315
2180	0.0011771608681145742
2181	0.0011771607917998098
2182	0.0011771607157039887
2183	0.0011771606398267348
2184	0.0011771605641664816
2185	0.0011771604887233975
2186	0.0011771604134968605
2187	0.0011771603384857713
2188	0.0011771602636899022
2189	0.0011771601891079038
2190	0.001177160114740132
2191	0.0011771600405850553
2192	0.0011771599666427395
2193	0.0011771598929119801
2194	0.0011771598193930381
2195	0.0011771597460842203
2196	0.0011771596729852223
2197	0.001177159600095165
2198	0.0011771595274149207
2199	0.001177159454941658
2200	0.0011771593826759297
2201	0.001177159310617436
2202	0.0011771592387650792
2203	0.001177159167117669
2204	0.0011771590956758456
2205	0.0011771590244379119
2206	0.001177158953404237
2207	0.0011771588825732504
2208	0.0011771588119446857
2209	0.0011771587415179408
2210	0.001177158671292935
2211	0.0011771586012682689
2212	0.001177158531443346
2213	0.001177158461818561
2214	0.0011771583923920201
2215	0.0011771583231639648
2216	0.0011771582541334415
2217	0.0011771581852999136
2218	0.0011771581166632504
2219	0.0011771580482217647
2220	0.0011771579799760316
2221	0.0011771579119249586
2222	0.0011771578440676546
2223	0.0011771577764042374
2224	0.0011771577089331976
2225	0.0011771576416546906
2226	0.001177157574568523
2227	0.0011771575076726197
2228	0.0011771574409675956
2229	0.0011771573744526883
2230	0.0011771573081266968
2231	0.001177157241990085
2232	0.0011771571760412494
2233	0.0011771571102804136
2234	0.0011771570447065365
2235	0.0011771569793193701
2236	0.0011771569141178222
2237	0.0011771568491022258
2238	0.0011771567842709808
2239	0.0011771567196239147
2240	0.001177156655160731
2241	0.0011771565908807481
2242	0.001177156526783027
2243	0.0011771564628673028
2244	0.0011771563991334615
2245	0.0011771563355802309
2246	0.0011771562722073252
2247	0.0011771562090142642
2248	0.0011771561459999998
2249	0.0011771560831647658
2250	0.0011771560205075446
2251	0.0011771559580279563
2252	0.0011771558957253826
2253	0.0011771558335993153
2254	0.0011771557716491153
2255	0.0011771557098744414
2256	0.0011771556482742663
2257	0.0011771555868491624
2258	0.0011771555255969967
2259	0.0011771554645176978
2260	0.0011771554036119755
2261	0.001177155342878089
2262	0.00117715528231598
2263	0.0011771552219244973
2264	0.0011771551617038788
2265	0.001177155101653239
2266	0.001177155041772454
2267	0.0011771549820601926
2268	0.001177154922516528
2269	0.0011771548631404505
2270	0.0011771548039321961
2271	0.0011771547448904188
2272	0.0011771546860149906
2273	0.0011771546273057734
2274	0.0011771545687616575
2275	0.0011771545103820833
2276	0.0011771544521670457
2277	0.0011771543941158436
2278	0.0011771543362278903
2279	0.0011771542785027123
2280	0.0011771542209394674
2281	0.0011771541635380008
2282	0.0011771541062978775
2283	0.0011771540492179653
2284	0.00117715399229883
2285	0.0011771539355393762
2286	0.0011771538789391532
2287	0.0011771538224973485
2288	0.0011771537662138586
2289	0.001177153710088086
2290	0.0011771536541191655
2291	0.0011771535983071122
2292	0.0011771535426514403
2293	0.0011771534871514299
2294	0.0011771534318066026
2295	0.001177153376616654
2296	0.0011771533215805302
2297	0.001177153266698241
2298	0.0011771532119694004
2299	0.0011771531573932762
2300	0.001177153102969513
2301	0.0011771530486974309
2302	0.0011771529945769342
2303	0.0011771529406065095
2304	0.0011771528867873151
2305	0.0011771528331171357
2306	0.001177152779597086
2307	0.0011771527262256422
2308	0.0011771526730026969
2309	0.0011771526199276672
2310	0.0011771525670003075
2311	0.001177152514220034
2312	0.0011771524615858133
2313	0.0011771524090983968
2314	0.001177152356756083
2315	0.0011771523045593269
2316	0.001177152252506948
2317	0.0011771522005988436
2318	0.0011771521488343544
2319	0.0011771520972138074
2320	0.0011771520457356296
2321	0.0011771519943995208
2322	0.001177151943205481
2323	0.0011771518921531634
2324	0.001177151841241654
2325	0.0011771517904709645
2326	0.0011771517398403949
2327	0.0011771516893490262
2328	0.0011771516389974153
2329	0.0011771515887842856
2330	0.0011771515387092365
2331	0.0011771514887724739
2332	0.0011771514389728004
2333	0.001177151389309906
2334	0.0011771513397839648
2335	0.0011771512903937912
2336	0.0011771512411394432
2337	0.0011771511920200895
2338	0.0011771511430359002
2339	0.0011771510941854739
2340	0.0011771510454690831
2341	0.0011771509968863665
2342	0.0011771509484363634
2343	0.0011771509001187433
2344	0.0011771508519338694
2345	0.0011771508038803426
2346	0.0011771507559581661
2347	0.0011771507081667781
2348	0.001177150660505789
2349	0.0011771506129750297
2350	0.0011771505655737676
2351	0.0011771505183011356
2352	0.0011771504711573276
2353	0.0011771504241421052
2354	0.0011771503772551235
2355	0.001177150330494968
2356	0.0011771502838618924
2357	0.0011771502373555483
2358	0.0011771501909752088
2359	0.0011771501447207066
2360	0.001177150098592072
2361	0.0011771500525876168
2362	0.0011771500067080732
2363	0.001177149960952624
2364	0.0011771499153211316
2365	0.0011771498698124442
2366	0.0011771498244268243
2367	0.0011771497791636246
2368	0.0011771497340227347
2369	0.001177149689003018
2370	0.0011771496441051108
2371	0.0011771495993277076
2372	0.0011771495546707364
2373	0.0011771495101343574
2374	0.0011771494657174708
2375	0.001177149421419304
2376	0.001177149377240184
2377	0.0011771493331795952
2378	0.001177149289236935
2379	0.001177149245412242
2380	0.0011771492017049567
2381	0.0011771491581143902
2382	0.001177149114639643
2383	0.0011771490712820158
2384	0.001177149028039216
2385	0.0011771489849121645
2386	0.0011771489419003418
2387	0.0011771488990023281
2388	0.001177148856219092
2389	0.0011771488135489466
2390	0.0011771487709930583
2391	0.0011771487285496638
2392	0.001177148686218605
2393	0.0011771486440001091
2394	0.0011771486018937202
2395	0.0011771485598986266
2396	0.0011771485180142802
2397	0.0011771484762412422
2398	0.001177148434578169
2399	0.00117714839302534
2400	0.0011771483515815896
2401	0.0011771483102476202
2402	0.0011771482690222206
2403	0.0011771482279052323
2404	0.0011771481868967852
2405	0.001177148145995587
2406	0.001177148105202112
2407	0.0011771480645158552
2408	0.0011771480239356155
2409	0.0011771479834617549
2410	0.0011771479430940405
2411	0.001177147902831612
2412	0.0011771478626747959
2413	0.0011771478226224063
2414	0.00117714778267445
2415	0.0011771477428307896
2416	0.0011771477030907182
2417	0.0011771476634544204
2418	0.0011771476239208346
2419	0.0011771475844900724
2420	0.0011771475451613118
2421	0.0011771475059347103
2422	0.0011771474668101866
2423	0.001177147427786013
2424	0.0011771473888633035
2425	0.0011771473500412114
2426	0.0011771473113189718
2427	0.0011771472726969962
2428	0.001177147234174183
2429	0.0011771471957510418
2430	0.0011771471574260261
2431	0.0011771471192003114
2432	0.0011771470810716964
2433	0.0011771470430417548
2434	0.001177147005108671
2435	0.001177146967272902
2436	0.0011771469295340624
2437	0.0011771468918917425
2438	0.0011771468543450186
2439	0.0011771468168945832
2440	0.0011771467795390865
2441	0.001177146742278693
2442	0.0011771467051134876
2443	0.001177146668042567
2444	0.0011771466310653736
2445	0.0011771465941820772
2446	0.0011771465573924673
2447	0.00117714652069556
2448	0.0011771464840916986
2449	0.001177146447580089
2450	0.0011771464111610746
2451	0.001177146374833037
2452	0.0011771463385967544
2453	0.0011771463024517993
2454	0.0011771462663974638
2455	0.0011771462304335076
2456	0.0011771461945596952
2457	0.0011771461587758922
2458	0.0011771461230816313
2459	0.0011771460874763597
2460	0.0011771460519601218
2461	0.001177146016532634
2462	0.0011771459811927196
2463	0.0011771459459412434
2464	0.0011771459107773425
2465	0.0011771458757002648
2466	0.0011771458407107108
2467	0.0011771458058076588
2468	0.0011771457709908418
2469	0.0011771457362599734
2470	0.0011771457016153258
2471	0.0011771456670556866
2472	0.0011771456325810603
2473	0.0011771455981918581
2474	0.0011771455638864231
2475	0.0011771455296654344
2476	0.001177145495528146
2477	0.0011771454614746806
2478	0.00117714542750418
2479	0.0011771453936171917
2480	0.0011771453598124048
2481	0.0011771453260905453
2482	0.0011771452924505372
2483	0.0011771452588917272
2484	0.0011771452254148663
2485	0.0011771451920191455
2486	0.0011771451587040134
2487	0.0011771451254696805
2488	0.0011771450923156058
2489	0.0011771450592417407
2490	0.001177145026247205
2491	0.0011771449933322801
2492	0.0011771449604963743
2493	0.0011771449277390299
2494	0.001177144895060396
2495	0.0011771448624599548
2496	0.0011771448299378311
2497	0.0011771447974929371
2498	0.0011771447651258598
2499	0.0011771447328354327
2500	0.0011771447006216397
2501	0.0011771446684848816
2502	0.001177144636423775
2503	0.0011771446044394115
2504	0.0011771445725295032
2505	0.0011771445406960545
2506	0.0011771445089373061
2507	0.0011771444772532538
2508	0.0011771444456438645
2509	0.0011771444141086148
2510	0.0011771443826476369
2511	0.001177144351259682
2512	0.0011771443199458606
2513	0.0011771442887048096
2514	0.0011771442575365405
2515	0.001177144226441243
2516	0.0011771441954179264
2517	0.0011771441644669249
2518	0.0011771441335873749
2519	0.0011771441027798263
2520	0.0011771440720429755
2521	0.0011771440413771105
2522	0.001177144010782272
2523	0.0011771439802577225
2524	0.0011771439498031743
2525	0.0011771439194183321
2526	0.0011771438891033925
2527	0.0011771438588577014
2528	0.0011771438286811203
2529	0.0011771437985733455
2530	0.001177143768534293
2531	0.0011771437385632837
2532	0.001177143708660518
2533	0.0011771436788255752
2534	0.0011771436490577453
2535	0.001177143619357652
2536	0.001177143589724273
2537	0.0011771435601577007
2538	0.0011771435306578083
2539	0.001177143501223637
2540	0.0011771434718556145
2541	0.0011771434425535375
2542	0.0011771434133164523
2543	0.0011771433841449215
2544	0.0011771433550384872
2545	0.001177143325996403
2546	0.0011771432970187018
2547	0.0011771432681050254
2548	0.0011771432392557685
2549	0.0011771432104699124
2550	0.0011771431817477389
2551	0.0011771431530885267
2552	0.0011771431244924737
2553	0.001177143095958757
2554	0.0011771430674876616
2555	0.0011771430390786267
2556	0.0011771430107318484
2557	0.0011771429824465245
2558	0.0011771429542229925
2559	0.0011771429260604908
2560	0.0011771428979588069
2561	0.001177142869918103
2562	0.0011771428419375537
2563	0.0011771428140176375
2564	0.0011771427861573891
2565	0.001177142758356941
2566	0.0011771427306162133
2567	0.0011771427029349166
2568	0.0011771426753123104
2569	0.0011771426477488259
2570	0.0011771426202437387
2571	0.0011771425927970332
2572	0.0011771425654084715
2573	0.001177142538077737
2574	0.001177142510804747
2575	0.0011771424835893397
2576	0.0011771424564308325
2577	0.0011771424293294797
2578	0.001177142402284581
2579	0.0011771423752963265
2580	0.001177142348364327
2581	0.0011771423214884415
2582	0.0011771422946679079
2583	0.001177142267904003
2584	0.001177142241194864
2585	0.0011771422145406322
2586	0.0011771421879418374
2587	0.0011771421613967679
2588	0.0011771421349069994
2589	0.0011771421084708935
2590	0.0011771420820891386
2591	0.0011771420557611404
2592	0.0011771420294867298
2593	0.0011771420032655499
2594	0.0011771419770976893
2595	0.0011771419509824356
2596	0.0011771419249200778
2597	0.001177141898910315
2598	0.0011771418729525137
2599	0.001177141847046956
2600	0.0011771418211929683
2601	0.0011771417953905508
2602	0.00117714176963969
2603	0.001177141743940274
2604	0.0011771417182915845
2605	0.0011771416926936284
2606	0.0011771416671457595
2607	0.0011771416416489766
2608	0.0011771416162015007
2609	0.0011771415908045173
2610	0.0011771415654568806
2611	0.0011771415401592123
2612	0.0011771415149100788
2613	0.00117714148971035
2614	0.0011771414645596018
2615	0.0011771414394569743
2616	0.0011771414144038195
2617	0.0011771413893978875
2618	0.0011771413644404156
2619	0.0011771413395306987
2620	0.001177141314668427
2621	0.0011771412898539159
2622	0.0011771412650862002
2623	0.0011771412403657564
2624	0.0011771412156917763
2625	0.0011771411910646416
2626	0.0011771411664841282
2627	0.0011771411419493115
2628	0.0011771411174608098
2629	0.0011771410930181804
2630	0.0011771410686209028
2631	0.0011771410442691862
2632	0.0011771410199623135
2633	0.0011771409957008821
2634	0.0011771409714840895
2635	0.001177140947312121
2636	0.0011771409231838524
2637	0.001177140899100816
2638	0.0011771408750611036
2639	0.0011771408510653824
2640	0.0011771408271132949
2641	0.0011771408032047231
2642	0.001177140779339602
2643	0.0011771407555171433
2644	0.0011771407317381
2645	0.0011771407080008766
2646	0.001177140684306687
2647	0.0011771406606548706
2648	0.00117714063704527
2649	0.001177140613476969
2650	0.0011771405899510363
2651	0.0011771405664662696
2652	0.001177140543023362
2653	0.001177140519621183
2654	0.0011771404962602082
2655	0.0011771404729400236
2656	0.0011771404496601994
2657	0.0011771404264212164
2658	0.0011771404032223246
2659	0.0011771403800633407
2660	0.0011771403569440441
2661	0.001177140333865292
2662	0.001177140310825634
2663	0.0011771402878254266
2664	0.0011771402648639018
2665	0.001177140241941787
2666	0.001177140219058416
2667	0.0011771401962138257
2668	0.0011771401734076785
2669	0.0011771401506398336
2670	0.0011771401279097391
2671	0.0011771401052177652
2672	0.0011771400825637344
2673	0.0011771400599471574
2674	0.0011771400373679537
2675	0.0011771400148259104
2676	0.001177139992320892
2677	0.0011771399698530449
2678	0.0011771399474215759
2679	0.0011771399250269153
2680	0.0011771399026685042
2681	0.0011771398803462267
2682	0.00117713985805991
2683	0.0011771398358094466
2684	0.0011771398135952851
2685	0.0011771397914161763
2686	0.0011771397692722312
2687	0.001177139747163449
2688	0.0011771397250900009
2689	0.0011771397030517258
2690	0.00117713968104724
2691	0.0011771396590777722
2692	0.0011771396371424675
2693	0.0011771396152413095
2694	0.00117713959337462
2695	0.001177139571541026
2696	0.0011771395497420466
2697	0.001177139527975885
2698	0.00117713950624327
2699	0.0011771394845439477
2700	0.0011771394628774267
2701	0.0011771394412443657
2702	0.001177139419643394
2703	0.0011771393980751868
2704	0.001177139376539443
2705	0.0011771393550356834
2706	0.0011771393335646412
2707	0.001177139312125255
2708	0.0011771392907175566
2709	0.001177139269341469
2710	0.0011771392479968748
2711	0.0011771392266834077
2712	0.0011771392054012893
2713	0.0011771391841497694
2714	0.0011771391629293963
2715	0.0011771391417394871
2716	0.0011771391205804486
2717	0.0011771390994517288
2718	0.0011771390783528709
2719	0.0011771390572846035
2720	0.0011771390362458976
2721	0.0011771390152371952
2722	0.0011771389942580777
2723	0.0011771389733079272
2724	0.0011771389523873943
2725	0.0011771389314961364
2726	0.0011771389106342155
2727	0.0011771388898003604
2728	0.001177138868995631
2729	0.0011771388482195028
2730	0.001177138827471605
2731	0.00117713880675239
2732	0.0011771387860610735
2733	0.0011771387653973934
2734	0.0011771387447620618
2735	0.0011771387241545543
2736	0.0011771387035741394
2737	0.0011771386830210532
2738	0.0011771386624955856
2739	0.0011771386419966998
2740	0.0011771386215250572
2741	0.001177138601080167
2742	0.0011771385806628055
2743	0.0011771385602710816
2744	0.0011771385399059271
2745	0.0011771385195671724
2746	0.0011771384992540677
2747	0.001177138478967357
2748	0.0011771384587069029
2749	0.001177138438471607
2750	0.00117713841826212
2751	0.0011771383980778323
2752	0.0011771383779190132
2753	0.0011771383577849712
2754	0.0011771383376766365
2755	0.0011771383175923794
2756	0.001177138297533316
2757	0.001177138277498718
2758	0.0011771382574886097
2759	0.0011771382375032203
2760	0.001177138217541487
2761	0.001177138197604274
2762	0.001177138177690945
2763	0.0011771381578010547
2764	0.00117713813793514
2765	0.0011771381180923789
2766	0.0011771380982734255
2767	0.0011771380784779146
2768	0.0011771380587047968
2769	0.0011771380389557328
2770	0.0011771380192287391
2771	0.0011771379995248142
2772	0.0011771379798432937
2773	0.0011771379601847264
2774	0.0011771379405478935
2775	0.0011771379209336535
2776	0.001177137901341716
2777	0.0011771378817714078
2778	0.0011771378622230805
2779	0.0011771378426962647
2780	0.001177137823191295
2781	0.0011771378037078212
2782	0.001177137784245825
2783	0.0011771377648050465
2784	0.0011771377453851405
2785	0.0011771377259861425
2786	0.0011771377066081413
2787	0.0011771376872511021
2788	0.0011771376679145153
2789	0.0011771376485985533
2790	0.0011771376293025172
2791	0.0011771376100269426
2792	0.0011771375907719285
2793	0.0011771375715363254
2794	0.0011771375523206928
2795	0.001177137533125055
2796	0.0011771375139490116
2797	0.0011771374947922302
2798	0.0011771374756552266
2799	0.0011771374565371828
2800	0.0011771374374385394
2801	0.001177137418359035
2802	0.001177137399298062
2803	0.0011771373802562514
2804	0.0011771373612328724
2805	0.0011771373422283062
2806	0.0011771373232423085
2807	0.0011771373042744951
2808	0.0011771372853245994
2809	0.0011771372663933082
2810	0.001177137247479737
2811	0.001177137228583759
2812	0.0011771372097063584
2813	0.0011771371908465005
2814	0.001177137172003627
2815	0.0011771371531784601
2816	0.0011771371343709048
2817	0.001177137115580157
2818	0.001177137096806481
2819	0.0011771370780501904
2820	0.0011771370593104894
2821	0.0011771370405875136
2822	0.00117713702188142
2823	0.0011771370031917537
2824	0.0011771369845183005
2825	0.0011771369658615401
2826	0.0011771369472208958
2827	0.0011771369285964802
2828	0.0011771369099876745
2829	0.001177136891395407
2830	0.0011771368728183587
2831	0.001177136854257257
2832	0.0011771368357117056
2833	0.0011771368171816974
2834	0.001177136798666986
2835	0.0011771367801673605
2836	0.0011771367616833298
2837	0.001177136743214458
2838	0.0011771367247596777
2839	0.0011771367063202099
2840	0.0011771366878952725
2841	0.0011771366694851913
2842	0.001177136651089607
2843	0.0011771366327084953
2844	0.0011771366143417238
2845	0.001177136595989212
2846	0.0011771365776504842
2847	0.001177136559326063
2848	0.001177136541015505
2849	0.0011771365227187436
2850	0.0011771365044359965
2851	0.0011771364861668427
2852	0.0011771364679108534
2853	0.0011771364496682402
2854	0.0011771364314392225
2855	0.0011771364132235507
2856	0.0011771363950204734
2857	0.0011771363768308504
2858	0.0011771363586542602
2859	0.001177136340490003
2860	0.0011771363223389312
2861	0.001177136304200648
2862	0.0011771362860744923
2863	0.0011771362679611438
2864	0.0011771362498597874
2865	0.0011771362317716404
2866	0.0011771362136954538
2867	0.0011771361956322197
2868	0.0011771361775821183
2869	0.0011771361595466622
2870	0.0011771361415283186
2871	0.0011771361235327173
2872	0.001177136105569392
2873	0.0011771360876601917
2874	0.001177136069849105
2875	0.0011771360522240513
2876	0.0011771360349667995
2877	0.0011771360184529504
2878	0.0011771360034586503
2879	0.001177135991600899
2880	0.0011771359862623656
2881	0.0011771359945525466
2882	0.0011771360314948242
2883	0.0011771361289700914
2884	0.001177136355002121
2885	0.0011771368553047216
2886	0.0011771379437467194
2887	0.001177140298318623
2888	0.0011771453917852116
2889	0.0011771564214198454
2890	0.0011771803534045195
2891	0.0011772321721870357
2892	0.0011773437448446878
2893	0.001177578518755532
2894	0.0011780497879745804
2895	0.0011788869555144415
2896	0.0011800323929123265
2897	0.001180716967629992
2898	0.0011797969947974496
2899	0.0011777914148399851
2900	0.0011772229310726486
2901	0.0011783707103271814
2902	0.0011785413051980983
2903	0.001177356888538084
2904	0.0011773932596199324
2905	0.0011781003750522068
2906	0.0011775001085844968
2907	0.001177202620338103
2908	0.0011777579528784794
2909	0.0011774143628693712
2910	0.0011771843569386763
2911	0.0011775762597448973
2912	0.0011772846508051815
2913	0.0011772083882177105
2914	0.001177453088411787
2915	0.0011771847951930169
2916	0.0011772464070062228
2917	0.0011773399887819757
2918	0.0011771400372205735
2919	0.0011772712213124514
2920	0.001177236562202736
2921	0.001177146707950307
2922	0.001177261784247406
2923	0.001177163988411742
2924	0.001177177126524809
2925	0.0011772200020876782
2926	0.0011771367495930578
2927	0.0011771971068552478
2928	0.0011771706815950139
2929	0.0011771452348138306
2930	0.001177189826468486
2931	0.0011771405888132535
