0	0.004114910408873208
1	0.004028460758890413
2	0.003946596188723867
3	0.0038668792090602523
4	0.0037889112955034865
5	0.003713648157208385
6	0.0036427230603093474
7	0.0035777810300875435
8	0.0035196752965237048
9	0.0034685143038202405
10	0.0034239965126625772
11	0.003385584602480473
12	0.003352580543887233
13	0.00332419397834849
14	0.003299613079792475
15	0.0032780569587413395
16	0.0032588040683966695
17	0.003241210215580752
18	0.00322472319574963
19	0.0032088923715924743
20	0.003193370932462153
21	0.0031779103042210754
22	0.003162347653230377
23	0.0031465892899290144
24	0.00313059378975395
25	0.0031143576762765962
26	0.0030979046602335526
27	0.003081278017210768
28	0.0030645350411884244
29	0.0030477424640282446
30	0.003030972082327604
31	0.003014296364538416
32	0.002997784266361031
33	0.0029814977160034593
34	0.0029654892718799578
35	0.002949801361711963
36	0.002934467258098014
37	0.002919513506220466
38	0.0029049630374047295
39	0.0028908379750478136
40	0.002877161345864662
41	0.0028639574049579017
42	0.0028512507626512213
43	0.0028390647883117836
44	0.0028274198634458646
45	0.0028163320040075577
46	0.0028058121729472615
47	0.002795866284166768
48	0.0027864955881849447
49	0.00277769701371354
50	0.002769463190329929
51	0.0027617821712553
52	0.002754637112863714
53	0.002748006240163013
54	0.0027418633439596795
55	0.002736178873573288
56	0.0027309214743738066
57	0.0027260596493856926
58	0.00272156317688941
59	0.002717404019097742
60	0.0027135566557854565
61	0.0027099979691248433
62	0.0027067069120373247
63	0.0027036641888322412
64	0.0027008520872513877
65	0.0026982544734107713
66	0.002695856853213537
67	0.0026936463634784705
68	0.002691611596997093
69	0.002689742258032346
70	0.002688028733926975
71	0.0026864617091353757
72	0.002685031925662583
73	0.002683730125904591
74	0.0026825471369683425
75	0.0026814740076608915
76	0.0026805021110415405
77	0.0026796231698972394
78	0.0026788292206512444
79	0.0026781125703750565
80	0.002677465803346397
81	0.0026768818614969483
82	0.0026763541781683843
83	0.0026758768124670626
84	0.0026754445288534076
85	0.0026750527923475906
86	0.0026746976875389153
87	0.0026743757985292537
88	0.0026740840936947544
89	0.002673819844046589
90	0.002673580578738628
91	0.0026733640612607466
92	0.002673168264940077
93	0.002672991336238627
94	0.0026728315502057877
95	0.0026726872731551304
96	0.00267255694703956
97	0.00267243909947925
98	0.002672332370388347
99	0.002672235538677071
100	0.0026721475345532347
101	0.002672067432313322
102	0.00267199442902255
103	0.0026719278201641186
104	0.002671866981771876
105	0.002671811362049628
106	0.0026717604786549417
107	0.002671713914951067
108	0.002671671310583229
109	0.0026716323466533607
110	0.002671596729958441
111	0.0026715641816511325
112	0.0026715344331523054
113	0.0026715072282337193
114	0.002671482327499532
115	0.002671459511433036
116	0.002671438580376039
117	0.0026714193524343703
118	0.002671401661597842
119	0.0026713853577751863
120	0.0026713703085824033
121	0.0026713564012032696
122	0.002671343542343056
123	0.002671331655442335
124	0.0026713206759454034
125	0.0026713105464063556
126	0.002671301213092042
127	0.0026712926246675603
128	0.0026712847323394798
129	0.002671277490324311
130	0.002671270855801249
131	0.0026712647882584364
132	0.002671259248790041
133	0.0026712541999240258
134	0.0026712496061398225
135	0.0026712454346767803
136	0.002671241656045042
137	0.002671238243845097
138	0.0026712351740144336
139	0.002671232423916505
140	0.0026712299717327557
141	0.0026712277963155907
142	0.0026712258773002365
143	0.002671224195183647
144	0.0026712227311437562
145	0.002671221466668499
146	0.0026712203832328176
147	0.0026712194622380177
148	0.002671218685270421
149	0.0026712180345318547
150	0.0026712174932418493
151	0.002671217045880704
152	0.0026712166782788035
153	0.0026712163776515534
154	0.002671216132666107
155	0.0026712159335196784
156	0.0026712157719602767
157	0.0026712156411964165
158	0.0026712155356614043
159	0.0026712154507283177
160	0.0026712153824737335
161	0.002671215327528231
162	0.0026712152830171555
163	0.002671215246543131
164	0.0026712152161423807
165	0.0026712151902294748
166	0.0026712151675244303
167	0.0026712151470119866
168	0.0026712151279313034
169	0.002671215109766485
170	0.0026712150922352726
171	0.002671215075232293
172	0.00267121505876888
173	0.0026712150429142214
174	0.002671215027759969
175	0.002671215013402224
176	0.0026712149999375103
177	0.002671214987453514
178	0.0026712149760075377
179	0.0026712149656153037
180	0.0026712149562461334
181	0.002671214947837379
182	0.002671214940308097
183	0.002671214933577599
184	0.002671214927570272
185	0.002671214922215428
186	0.002671214917447513
187	0.0026712149132052535
188	0.0026712149094332404
189	0.0026712149060851217
190	0.0026712149031209317
191	0.0026712149005022833
192	0.0026712148981854924
193	0.0026712148961288637
194	0.0026712148942840113
195	0.002671214892609971
196	0.0026712148910700974
197	0.0026712148896320675
198	0.002671214888274121
199	0.0026712148869731302
200	0.0026712148857150316
201	0.0026712148844890895
202	0.002671214883290682
203	0.002671214882120077
204	0.0026712148809779823
205	0.0026712148798667835
206	0.00267121487879183
207	0.002671214877753908
208	0.0026712148767557534
209	0.002671214875799331
210	0.002671214874885351
211	0.00267121487401506
212	0.002671214873187628
213	0.0026712148724005458
214	0.002671214871654897
215	0.0026712148709496456
216	0.002671214870286539
217	0.002671214869664392
218	0.002671214869085128
219	0.0026712148685482454
220	0.002671214868053989
221	0.0026712148676020404
222	0.0026712148671899343
223	0.002671214866816432
224	0.0026712148664801132
225	0.002671214866177265
226	0.002671214865906626
227	0.002671214865664337
228	0.0026712148654491315
229	0.002671214865259222
230	0.0026712148650920695
231	0.002671214864946584
232	0.0026712148648197057
233	0.0026712148647111897
234	0.002671214864618731
235	0.0026712148645413256
236	0.0026712148644769344
237	0.002671214864424377
238	0.0026712148643820927
239	0.002671214864349244
240	0.0026712148643222022
241	0.002671214864303287
242	0.0026712148642883274
243	0.002671214864277102
244	0.002671214864269827
245	0.0026712148642647295
246	0.0026712148642614644
247	0.002671214864258978
248	0.0026712148642578522
249	0.0026712148642577646
250	0.0026712148642570213
251	0.002671214864257758
252	0.0026712148642574983
253	0.0026712148642582933
254	0.002671214864258092
255	0.002671214864257271
256	0.0026712148642572494
257	0.002671214864255924
258	0.0026712148642555455
259	0.0026712148642538125
260	0.002671214864252044
261	0.0026712148642497194
262	0.002671214864248733
263	0.002671214864247175
264	0.0026712148642453817
265	0.0026712148642434206
266	0.002671214864241796
267	0.002671214864240121
268	0.0026712148642387707
269	0.0026712148642380183
270	0.0026712148642367723
271	0.002671214864235241
272	0.0026712148642341455
273	0.002671214864233492
274	0.0026712148642328262
275	0.002671214864231827
276	0.002671214864231237
277	0.0026712148642304093
278	0.0026712148642298724
279	0.0026712148642291755
280	0.002671214864228949
281	0.0026712148642278498
282	0.0026712148642282245
283	0.002671214864226893
284	0.0026712148642268714
285	0.0026712148642269802
286	0.002671214864225686
287	0.002671214864225524
288	0.0026712148642259238
289	0.0026712148642254636
290	0.0026712148642250664
291	0.002671214864224801
292	0.0026712148642245733
293	0.0026712148642247637
294	0.0026712148642242246
295	0.0026712148642237623
296	0.002671214864223083
297	0.0026712148642240477
298	0.0026712148642237367
299	0.0026712148642239345
300	0.0026712148642227323
301	0.002671214864222701
302	0.0026712148642236513
303	0.0026712148642231044
304	0.002671214864222921
305	0.0026712148642230177
306	0.002671214864222415
307	0.002671214864223318
308	0.0026712148642227974
309	0.0026712148642226083
310	0.0026712148642226794
311	0.0026712148642233794
312	0.00267121486422315
313	0.002671214864222688
314	0.002671214864222961
315	0.0026712148642227484
316	0.0026712148642230654
317	0.0026712148642228655
318	0.0026712148642228303
319	0.002671214864222617
320	0.0026712148642228455
321	0.002671214864223167
322	0.0026712148642227596
323	0.0026712148642224712
324	0.0026712148642223394
325	0.0026712148642231803
326	0.0026712148642233967
327	0.0026712148642227818
328	0.002671214864222593
329	0.0026712148642230754
330	0.0026712148642230025
331	0.002671214864223295
332	0.002671214864223109
333	0.0026712148642230506
334	0.002671214864222755
335	0.002671214864223089
336	0.002671214864222903
337	0.0026712148642226608
338	0.0026712148642230402
339	0.0026712148642229552
340	0.0026712148642233555
341	0.0026712148642226187
342	0.0026712148642226647
343	0.0026712148642233963
344	0.0026712148642227505
345	0.002671214864223281
346	0.002671214864222385
347	0.00267121486422248
348	0.002671214864222646
349	0.0026712148642225233
350	0.0026712148642229257
351	0.002671214864223079
352	0.0026712148642229804
353	0.0026712148642229817
354	0.002671214864222614
355	0.00267121486422258
356	0.0026712148642232068
357	0.0026712148642230225
358	0.0026712148642231088
359	0.00267121486422263
360	0.002671214864223059
361	0.002671214864222456
362	0.0026712148642230905
363	0.0026712148642230532
364	0.002671214864222794
365	0.0026712148642228394
366	0.002671214864222772
367	0.0026712148642228533
368	0.002671214864223184
369	0.002671214864222924
370	0.0026712148642227106
371	0.0026712148642233234
372	0.0026712148642226035
373	0.002671214864222611
374	0.0026712148642226994
375	0.002671214864223048
