0	0.0013632339071361222
1	0.0012874773239359223
2	0.0012640252345935711
3	0.0012229168889006646
4	0.0011966770929948574
5	0.0011795247850765848
6	0.0011629860704105727
7	0.0011450079223634666
8	0.0011266686688340842
9	0.0011095386307090303
10	0.0010946098362464918
11	0.001082013647950275
12	0.0010712062240855202
13	0.0010614210542807426
14	0.0010520968433937522
15	0.0010430452237994315
16	0.0010343612674997894
17	0.0010262290383055445
18	0.0010187648160601822
19	0.0010119653645879266
20	0.0010057444770185165
21	0.0009999966152956497
22	0.0009946424089465361
23	0.0009896442259259535
24	0.000984997846918841
25	0.0009807138241586355
26	0.0009768040905621855
27	0.0009732793779674458
28	0.0009701495118947179
29	0.0009674191239372547
30	0.000965079024900153
31	0.0009630975744006505
32	0.0009614177942196135
33	0.0009599643875960877
34	0.0009586592092902398
35	0.0009574375562730937
36	0.0009562579537551514
37	0.0009551031784953799
38	0.0009539741905960622
39	0.0009528810426348437
40	0.0009518353765254038
41	0.0009508466027744686
42	0.0009499207561667913
43	0.0009490604674138892
44	0.0009482654063917481
45	0.0009475329280788493
46	0.0009468588317016805
47	0.0009462384937309042
48	0.0009456683336829467
49	0.0009451468640540888
50	0.000944674623039476
51	0.000944252987693653
52	0.0009438823687399292
53	0.0009435606664269129
54	0.0009432830636080553
55	0.0009430434799098187
56	0.000942836740071874
57	0.0009426600580761308
58	0.0009425128907616266
59	0.0009423951816229454
60	0.0009423052794626964
61	0.0009422390582515107
62	0.0009421905130299558
63	0.000942153050932788
64	0.0009421205254231226
65	0.0009420875357517859
66	0.0009420495350554075
67	0.0009420034043118703
68	0.0009419482198512676
69	0.0009418855342522587
70	0.0009418187124154952
71	0.0009417515618194473
72	0.0009416871395512467
73	0.0009416272828041629
74	0.0009415727946907444
75	0.0009415238941934789
76	0.0009414804993855546
77	0.000941442294655469
78	0.0009414087437314411
79	0.0009413791268956318
80	0.0009413526509010039
81	0.0009413285873291089
82	0.0009413063799178747
83	0.0009412857067842978
84	0.0009412664499081908
85	0.0009412485914098657
86	0.0009412321047221904
87	0.0009412168900362581
88	0.0009412027902324456
89	0.0009411896342837449
90	0.0009411772476706655
91	0.0009411654418283894
92	0.0009411540164053543
93	0.0009411428054390778
94	0.0009411317321924188
95	0.0009411208127336776
96	0.0009411101056989677
97	0.0009410996451083019
98	0.0009410894095390258
99	0.0009410793346904592
100	0.000941069338897813
101	0.0009410593517506728
102	0.0009410493450667314
103	0.000941039363063545
104	0.0009410295230554124
105	0.0009410199659279753
106	0.0009410107853532724
107	0.0009410019873530042
108	0.0009409935119048948
109	0.0009409852877832893
110	0.0009409772680401856
111	0.0009409694276763819
112	0.0009409617455773654
113	0.0009409542007836274
114	0.000940946780307374
115	0.0009409394784702331
116	0.0009409322824411838
117	0.0009409251610457024
118	0.0009409180744855717
119	0.0009409109966083628
120	0.0009409039276233869
121	0.0009408968867967975
122	0.0009408898957749966
123	0.0009408829692576682
124	0.0009408761152831028
125	0.0009408693381107799
126	0.0009408626375777923
127	0.0009408560087427898
128	0.0009408494454389992
129	0.0009408429452486786
130	0.000940836510378212
131	0.0009408301436597718
132	0.0009408238446491941
133	0.0009408176092359871
134	0.0009408114317177543
135	0.0009408053060460091
136	0.0009407992260394863
137	0.0009407931860711042
138	0.0009407871828644829
139	0.0009407812164175055
140	0.0009407752888263712
141	0.0009407694022012566
142	0.0009407635576824078
143	0.0009407577559353572
144	0.0009407519976848274
145	0.0009407462833464653
146	0.0009407406121743477
147	0.0009407349821396359
148	0.0009407293906992038
149	0.0009407238356795131
150	0.0009407183155724023
151	0.0009407128290864788
152	0.0009407073748812794
153	0.0009407019513694094
154	0.0009406965570460101
155	0.0009406911905260872
156	0.0009406858505895631
157	0.0009406805361094399
158	0.0009406752460236379
159	0.0009406699794132684
160	0.0009406647354653446
161	0.000940659513355107
162	0.0009406543121420613
163	0.0009406491308195851
164	0.0009406439682855276
165	0.000940638823459617
166	0.0009406336952331832
167	0.0009406285825611164
168	0.0009406234845009165
169	0.0009406184002200848
170	0.0009406133289370235
171	0.0009406082699332133
172	0.0009406032225126281
173	0.0009405981859921678
174	0.0009405931596635066
175	0.0009405881427799847
176	0.0009405831345229134
177	0.0009405781340852484
178	0.0009405731406424623
179	0.0009405681533951938
180	0.0009405631714901502
181	0.0009405581941267315
182	0.0009405532205152615
183	0.0009405482499193253
184	0.0009405432816233173
185	0.0009405383148963788
186	0.0009405333490498183
187	0.0009405283833953539
188	0.0009405234172964377
189	0.0009405184500642682
190	0.0009405134810559708
191	0.0009405085096101406
192	0.0009405035350780904
193	0.0009404985568147037
194	0.0009404935741750468
195	0.0009404885865189671
196	0.0009404835931906148
197	0.0009404785935578756
198	0.0009404735869870782
199	0.0009404685728517746
200	0.0009404635504960625
201	0.0009404585193100088
202	0.0009404534786471788
203	0.0009404484278673726
204	0.0009404433663310674
205	0.000940438293377466
206	0.000940433208375674
207	0.0009404281106652645
208	0.0009404229996015073
209	0.0009404178745180546
210	0.000940412734749557
211	0.0009404075796242235
212	0.0009404024084723725
213	0.0009403972206040752
214	0.0009403920153297361
215	0.0009403867919537616
216	0.0009403815497737422
217	0.000940376288069965
218	0.0009403710061302494
219	0.0009403657032116987
220	0.0009403603785732401
221	0.0009403550314702447
222	0.0009403496611236115
223	0.0009403442667771713
224	0.0009403388476311165
225	0.0009403334028901438
226	0.0009403279317545045
227	0.000940322433394626
228	0.000940316906978795
229	0.0009403113516599982
230	0.0009403057665925724
231	0.0009403001508954823
232	0.0009402945036847503
233	0.000940288824073808
234	0.0009402831111599589
235	0.0009402773640008594
236	0.0009402715816831135
237	0.0009402657632517256
238	0.0009402599077517836
239	0.0009402540142146269
240	0.0009402480816457538
241	0.0009402421090573143
242	0.0009402360954450491
243	0.0009402300397744699
244	0.0009402239410341132
245	0.0009402177981668679
246	0.0009402116101226957
247	0.0009402053758388642
248	0.0009401990942447874
249	0.0009401927642601238
250	0.0009401863847868164
251	0.0009401799547272482
252	0.000940173472988781
253	0.0009401669384389379
254	0.0009401603499717626
255	0.0009401537064600866
256	0.0009401470067860731
257	0.000940140249798233
258	0.0009401334343862364
259	0.0009401265593984829
260	0.0009401196237167641
261	0.0009401126262022929
262	0.000940105565725336
263	0.0009400984411755157
264	0.0009400912514179825
265	0.0009400839953489888
266	0.0009400766718604647
267	0.0009400692798708175
268	0.0009400618182966828
269	0.0009400542860658208
270	0.0009400466821264307
271	0.0009400390054664972
272	0.0009400312550609709
273	0.0009400234299287363
274	0.0009400155290999134
275	0.0009400075516321208
276	0.0009399994966253892
277	0.0009399913632101292
278	0.0009399831505291816
279	0.000939974857793475
280	0.0009399664842281285
281	0.0009399580291049822
282	0.0009399494917674247
283	0.0009399408715714635
284	0.0009399321679498759
285	0.0009399233803618662
286	0.0009399145083761796
287	0.0009399055515634425
288	0.000939896509584248
289	0.0009398873821745435
290	0.0009398781691352308
291	0.0009398688703281206
292	0.0009398594857071098
293	0.0009398500153128586
294	0.0009398404592545819
295	0.0009398308177261272
296	0.0009398210910330672
297	0.0009398112795594149
298	0.0009398013837923986
299	0.0009397914043266552
300	0.000939781341831483
301	0.0009397711971324915
302	0.0009397609711148853
303	0.0009397506648183198
304	0.0009397402793826723
305	0.0009397298160514881
306	0.0009397192762213784
307	0.0009397086613818079
308	0.0009396979731800212
309	0.0009396872133549383
310	0.0009396763838079465
311	0.0009396654865554018
312	0.0009396545237597956
313	0.000939643497703389
314	0.0009396324107938157
315	0.0009396212656196266
316	0.0009396100648512199
317	0.0009395988113356319
318	0.0009395875080144872
319	0.0009395761580097325
320	0.0009395647645504695
321	0.0009395533309858674
322	0.000939541860814776
323	0.0009395303576665312
324	0.0009395188252710138
325	0.0009395072674967633
326	0.000939495688326618
327	0.0009394840918453589
328	0.0009394724822685475
329	0.0009394608638962178
330	0.0009394492411166016
331	0.000939437618446647
332	0.0009394260004491747
333	0.0009394143917839818
334	0.0009394027971866946
335	0.0009393912214440396
336	0.0009393796694071097
337	0.0009393681459619463
338	0.0009393566560510413
339	0.000939345204641579
340	0.000939333796713857
341	0.0009393224372654217
342	0.0009393111312931486
343	0.0009392998837838513
344	0.0009392886997188833
345	0.0009392775840257303
346	0.0009392665416147514
347	0.0009392555773409711
348	0.0009392446959970115
349	0.0009392339023158731
350	0.0009392232009257809
351	0.0009392125964075574
352	0.0009392020931994443
353	0.0009391916956622239
354	0.0009391814080215978
355	0.0009391712343885041
356	0.0009391611787265755
357	0.0009391512448583996
358	0.0009391414364686085
359	0.0009391317570603887
360	0.000939122209993023
361	0.0009391127984438535
362	0.0009391035254112898
363	0.0009390943937128295
364	0.0009390854059948008
365	0.0009390765646713219
366	0.0009390678720080132
367	0.0009390593300499762
368	0.0009390509406411786
369	0.0009390427054455919
370	0.0009390346258879988
371	0.0009390267032369642
372	0.0009390189385132849
373	0.0009390113325880218
374	0.0009390038860861777
375	0.0009389965994644429
376	0.0009389894729857687
377	0.0009389825067102229
378	0.0009389757005239408
379	0.000938969054109351
380	0.0009389625670080835
381	0.0009389562385600408
382	0.000938950067943952
383	0.0009389440541916869
384	0.0009389381961700176
385	0.0009389324925798083
386	0.000938926942020307
387	0.0009389215429303327
388	0.0009389162936400592
389	0.000938911192325405
390	0.000938906237088372
391	0.0009389014258954999
392	0.0009388967566316497
393	0.0009388922271084989
394	0.0009388878350168853
395	0.0009388835779993371
396	0.0009388794536217959
397	0.0009388754593888781
398	0.000938871592750688
399	0.0009388678511120928
400	0.0009388642318452114
401	0.0009388607322736563
402	0.0009388573497109611
403	0.0009388540814332094
404	0.0009388509247100143
405	0.0009388478767948576
406	0.0009388449349461897
407	0.0009388420964257805
408	0.0009388393584774534
409	0.0009388367183975519
410	0.0009388341734546565
411	0.0009388317209654358
412	0.0009388293582483479
413	0.0009388270826681731
414	0.0009388248916018948
415	0.0009388227824746844
416	0.0009388207527425635
417	0.0009388187998857582
418	0.0009388169214488278
419	0.0009388151150114694
420	0.000938813378188147
421	0.0009388117086386524
422	0.0009388101040847754
423	0.0009388085622842613
424	0.0009388070810647817
425	0.0009388056582729935
426	0.0009388042918380974
427	0.0009388029797211116
428	0.0009388017199493423
429	0.0009388005105810974
430	0.0009387993497617499
431	0.0009387982356560895
432	0.0009387971665002354
433	0.0009387961405800437
434	0.0009387951562228359
435	0.0009387942118202473
436	0.0009387933058203873
437	0.0009387924366922356
438	0.0009387916029855193
439	0.0009387908032950076
440	0.0009387900362354155
441	0.0009387893004973942
442	0.0009387885948148077
443	0.0009387879179506514
444	0.0009387872687223288
445	0.0009387866460067816
446	0.0009387860486876936
447	0.0009387854757179513
448	0.0009387849260856078
449	0.0009387843988058203
450	0.0009387838929364168
451	0.0009387834075862763
452	0.0009387829418826837
453	0.0009387824949893339
454	0.000938782066115827
455	0.0009387816544955984
456	0.0009387812593871276
457	0.0009387808800905659
458	0.0009387805159213405
459	0.0009387801662552489
460	0.0009387798304546055
461	0.0009387795079308386
462	0.0009387791981111017
463	0.0009387789004591111
464	0.0009387786144440834
465	0.0009387783395898485
466	0.0009387780754017608
467	0.0009387778214280934
468	0.0009387775772390114
469	0.0009387773424129864
470	0.0009387771165573065
471	0.0009387768992873844
472	0.0009387766902406033
473	0.000938776489076526
474	0.0009387762954624095
475	0.0009387761090723018
476	0.0009387759296165027
477	0.0009387757568008329
478	0.0009387755903502753
479	0.0009387754299960922
480	0.0009387752755000979
481	0.0009387751266056774
482	0.0009387749830977614
483	0.0009387748447562568
484	0.0009387747113599671
485	0.0009387745827305114
486	0.0009387744586502299
487	0.0009387743389575016
488	0.0009387742234797976
489	0.0009387741120367402
490	0.0009387740044685693
491	0.0009387739006329672
492	0.000938773800391014
493	0.0009387737035996472
494	0.0009387736101122587
495	0.0009387735198193314
496	0.000938773432593796
497	0.0009387733483163182
498	0.0009387732668963371
499	0.0009387731881945714
500	0.0009387731121303239
501	0.0009387730386017335
502	0.0009387729675168698
503	0.0009387728987970095
504	0.0009387728323454245
505	0.0009387727680726353
506	0.0009387727059165778
507	0.0009387726457865456
508	0.0009387725876252524
509	0.000938772531359124
510	0.0009387724769250845
511	0.0009387724242419746
512	0.0009387723732740356
513	0.0009387723239442362
514	0.0009387722762111569
515	0.0009387722299992961
516	0.0009387721852797609
517	0.00093877214198936
518	0.0009387721000863366
519	0.0009387720595202614
520	0.0009387720202440147
521	0.0009387719822260279
522	0.0009387719454151791
523	0.0009387719097666542
524	0.0009387718752570335
525	0.0009387718418470979
526	0.0009387718094848116
527	0.0009387717781563676
528	0.0009387717478233819
529	0.0009387717184472006
530	0.0009387716899935004
531	0.0009387716624495094
532	0.000938771635773362
533	0.0009387716099379826
534	0.0009387715849193234
535	0.0009387715606963157
536	0.0009387715372361626
537	0.0009387715145211443
538	0.0009387714925293907
539	0.0009387714712280152
540	0.000938771450601124
541	0.0009387714306222412
542	0.0009387714112873509
543	0.0009387713925599647
544	0.000938771374431447
545	0.0009387713568721782
546	0.0009387713398754555
547	0.0009387713234132414
548	0.0009387713074898203
549	0.000938771292052423
550	0.0009387712771197397
551	0.0009387712626637187
552	0.0009387712486661559
553	0.000938771235110825
554	0.0009387712220002286
555	0.0009387712093055142
556	0.0009387711970152865
557	0.0009387711851253078
558	0.0009387711736098405
559	0.0009387711624718742
560	0.0009387711516924231
561	0.0009387711412538314
562	0.0009387711311621971
563	0.0009387711213890256
564	0.0009387711119350384
565	0.0009387711027872912
566	0.0009387710939442705
567	0.0009387710853742472
568	0.0009387710770949355
569	0.0009387710690827998
570	0.0009387710613295683
571	0.0009387710538296118
572	0.0009387710465793286
573	0.0009387710395554559
574	0.0009387710327762584
575	0.0009387710262090297
576	0.000938771019858919
577	0.0009387710137285376
578	0.0009387710077896232
579	0.000938771002054416
580	0.000938770996499069
581	0.0009387709911428102
582	0.0009387709859539472
583	0.000938770980939768
584	0.0009387709760900885
585	0.0009387709714077699
586	0.0009387709668853958
587	0.000938770962501245
588	0.0009387709582738565
589	0.0009387709541810027
590	0.0009387709502333515
591	0.0009387709464194153
592	0.0009387709427246904
593	0.0009387709391617637
594	0.000938770935715041
595	0.0009387709323912317
596	0.0009387709291718868
597	0.0009387709260648614
598	0.0009387709230691878
599	0.0009387709201772618
600	0.0009387709173709782
601	0.0009387709146713249
602	0.0009387709120611252
603	0.0009387709095358699
604	0.000938770907107901
605	0.0009387709047599985
606	0.000938770902480376
607	0.0009387709002847313
608	0.000938770898173976
609	0.0009387708961372408
610	0.0009387708941576233
611	0.0009387708922574087
612	0.0009387708904187739
613	0.0009387708886465874
614	0.000938770886932552
615	0.0009387708852790411
616	0.0009387708836791351
617	0.00093877088214296
618	0.0009387708806591333
619	0.0009387708792248942
620	0.0009387708778490929
621	0.0009387708765097039
622	0.0009387708752299264
623	0.0009387708739867169
624	0.0009387708727839971
625	0.0009387708716314374
626	0.0009387708705159788
627	0.0009387708694458745
628	0.0009387708684055028
629	0.0009387708674140414
630	0.0009387708664400766
631	0.0009387708655189078
632	0.000938770864619797
633	0.00093877086375944
634	0.000938770862929972
635	0.0009387708621235527
636	0.0009387708613480374
637	0.0009387708606037273
638	0.0009387708598831543
639	0.0009387708591905803
640	0.0009387708585206623
641	0.0009387708578751295
642	0.0009387708572590294
643	0.0009387708566634458
644	0.0009387708560867801
645	0.0009387708555368034
646	0.0009387708549957767
647	0.0009387708544812248
648	0.0009387708539856716
649	0.0009387708535064222
650	0.0009387708530572347
651	0.0009387708526229978
652	0.0009387708522176649
653	0.0009387708518680802
654	0.0009387708516298565
655	0.0009387708516026258
656	0.0009387708520788904
657	0.0009387708538040005
658	0.0009387708585222947
659	0.0009387708706385585
660	0.000938770900901009
661	0.0009387709749380913
662	0.0009387711483835799
663	0.0009387715121399729
664	0.0009387720838820771
665	0.0009387724428228015
666	0.0009387718632703252
667	0.0009387709442818064
668	0.0009387710794057038
669	0.0009387717007799304
670	0.00093877141260286
671	0.0009387708549105743
672	0.0009387711690577326
673	0.0009387714086373324
674	0.000938770966695014
675	0.000938770927474019
676	0.0009387712419430959
677	0.0009387710299582474
678	0.0009387708563070172
679	0.0009387710941042362
680	0.000938771031902669
681	0.0009387708448269847
682	0.0009387709940704285
683	0.0009387710064202686
684	0.0009387708487209301
685	0.0009387709315413912
686	0.0009387709742117969
687	0.0009387708542653131
688	0.0009387708934327482
689	0.0009387709439880947
690	0.000938770858181488
691	0.0009387708704530324
692	0.0009387709184527999
693	0.0009387708602052164
694	0.0009387708568218905
695	0.0009387708979130693
696	0.0009387708607270194
697	0.00093877084903392
698	0.0009387708818101674
699	0.0009387708601670884
700	0.0009387708449092786
701	0.0009387708694249377
702	0.0009387708588363802
703	0.000938770843092021
704	0.0009387708601030062
705	0.0009387708569624135
706	0.0009387708426384752
707	0.0009387708532586352
708	0.0009387708547392643
709	0.0009387708429311782
710	0.0009387708484388984
711	0.0009387708523436086
712	0.0009387708435167144
713	0.000938770845247663
714	0.0009387708499349276
715	0.0009387708440936262
716	0.0009387708433285553
717	0.0009387708476724769
718	0.0009387708444752204
719	0.0009387708423596027
720	0.0009387708456861976
721	0.0009387708445472268
722	0.0009387708420255013
723	0.0009387708441010182
724	0.0009387708443328237
725	0.00093877084207283
726	0.0009387708429430491
727	0.0009387708438810393
728	0.0009387708422663257
729	0.0009387708422130875
730	0.0009387708432948865
731	0.0009387708424350227
732	0.0009387708418586112
733	0.0009387708427014208
734	0.0009387708424849727
735	0.000938770841764854
736	0.0009387708422085543
737	0.0009387708424080606
738	0.0009387708418086056
739	0.0009387708418629994
740	0.0009387708422180554
741	0.0009387708418876282
742	0.0009387708416909497
743	0.000938770841982449
744	0.0009387708419102873
745	0.0009387708416414717
746	0.0009387708417752838
747	0.000938770841863164
748	0.0009387708416545263
749	0.0009387708416311417
750	0.0009387708417736812
751	0.0009387708416789532
752	0.0009387708415745264
753	0.0009387708416627252
754	0.0009387708416717303
755	0.000938770841561914
756	0.0009387708415720012
757	0.0009387708416344359
758	0.0009387708415792846
759	0.0009387708415311857
760	0.0009387708415767777
761	0.0009387708415731196
762	0.0009387708415236164
763	0.0009387708415203118
764	0.0009387708415495991
765	0.0009387708415196346
766	0.0009387708415015935
767	0.0009387708415174368
768	0.0009387708415194682
769	0.0009387708414843633
770	0.0009387708414804382
771	0.000938770841499231
772	0.0009387708414835233
773	0.0009387708414766488
774	0.0009387708414829877
775	0.0009387708414753586
776	0.000938770841471629
777	0.0009387708414600889
778	0.0009387708414638743
779	0.0009387708414607947
780	0.000938770841450441
781	0.0009387708414571165
782	0.0009387708414572951
783	0.0009387708414535899
784	0.0009387708414449877
785	0.0009387708414488398
786	0.0009387708414510678
787	0.00093877084143993
788	0.0009387708414365774
789	0.000938770841439926
790	0.0009387708414431087
791	0.0009387708414376459
792	0.0009387708414322839
793	0.0009387708414372804
794	0.0009387708414323257
795	0.0009387708414364537
796	0.0009387708414370912
797	0.0009387708414309782
798	0.0009387708414276121
799	0.0009387708414281125
800	0.0009387708414328082
801	0.0009387708414241499
802	0.0009387708414233681
803	0.0009387708414258116
804	0.0009387708414258396
805	0.0009387708414268882
806	0.0009387708414205669
807	0.0009387708414180097
808	0.0009387708414219045
809	0.0009387708414180729
810	0.0009387708414231411
811	0.0009387708414185623
812	0.0009387708414141147
813	0.0009387708414244824
814	0.0009387708414188437
815	0.0009387708414201981
816	0.0009387708414133715
817	0.0009387708414196071
818	0.0009387708414156676
819	0.0009387708414165314
820	0.0009387708414122183
821	0.0009387708414172921
822	0.0009387708414153706
823	0.0009387708414157997
824	0.0009387708414208382
825	0.0009387708414076552
826	0.0009387708414102707
827	0.0009387708414158105
828	0.0009387708414120479
829	0.0009387708414073168
830	0.0009387708414106456
831	0.0009387708414145486
832	0.0009387708414094498
833	0.000938770841414095
834	0.0009387708414098008
835	0.0009387708414024779
836	0.0009387708414104035
837	0.0009387708414128752
838	0.0009387708414113345
839	0.0009387708414109048
840	0.000938770841406226
841	0.0009387708414109519
842	0.0009387708414094454
843	0.0009387708414120026
844	0.0009387708414092854
845	0.0009387708414160386
846	0.0009387708414111379
847	0.0009387708414093062
848	0.0009387708414099887
849	0.0009387708414155074
850	0.0009387708414067553
851	0.0009387708414069578
852	0.0009387708414044788
853	0.0009387708414054959
854	0.0009387708414071695
855	0.0009387708414157836
856	0.0009387708414091349
857	0.0009387708414074938
858	0.0009387708414180404
859	0.0009387708414105166
860	0.0009387708414101276
861	0.0009387708414089495
862	0.000938770841404957
863	0.0009387708414052169
864	0.0009387708414043542
865	0.0009387708414137436
866	0.0009387708414066133
867	0.0009387708414069543
868	0.0009387708414079312
869	0.0009387708414133333
870	0.0009387708414140234
871	0.0009387708414083345
872	0.0009387708414167513
873	0.0009387708414109441
874	0.0009387708414075875
875	0.0009387708414121016
876	0.0009387708414145615
877	0.0009387708414089168
878	0.0009387708414069484
879	0.0009387708414125347
880	0.000938770841410007
881	0.0009387708414042118
882	0.0009387708414075757
883	0.0009387708414119208
884	0.000938770841409873
885	0.0009387708414117058
886	0.000938770841410729
