0	0.006365402116143894
1	0.005778450211082498
2	0.00537543656195512
3	0.005188154867903182
4	0.005083873253850729
5	0.0049807371445934195
6	0.004859626537536065
7	0.004748581563912539
8	0.004664815604131612
9	0.004606879759955481
10	0.004574132973057756
11	0.004553673542800038
12	0.004533526748151065
13	0.004512824855303083
14	0.004489585540000834
15	0.004462142168572208
16	0.004434981368460571
17	0.004411089599889398
18	0.004389388246752131
19	0.004370617305841998
20	0.004354414565583208
21	0.004337366030251803
22	0.004318652036917351
23	0.004299338766940603
24	0.004279051725087432
25	0.004258754236881694
26	0.004240635560088409
27	0.004224753671548506
28	0.0042105419648646916
29	0.004198051192601666
30	0.0041860086364320466
31	0.004173117523850459
32	0.004159613802202502
33	0.004145547573034435
34	0.004130865363045634
35	0.0041163030819696645
36	0.00410195001945097
37	0.004087436732534491
38	0.004073010683486453
39	0.004058511195506657
40	0.004043440258619093
41	0.004027727792529911
42	0.004011133538826149
43	0.0039937245741600135
44	0.0039761206433051284
45	0.003958367047574969
46	0.003940323792635801
47	0.0039221923846601515
48	0.0039039994985897017
49	0.0038857438991705723
50	0.0038675108906615413
51	0.0038497270713157153
52	0.0038331454529386875
53	0.0038182064238057056
54	0.003805631244838262
55	0.003796151531010995
56	0.0037898538788550644
57	0.0037871009119707904
58	0.003787570086279778
59	0.003790554518154508
60	0.003795222308019075
61	0.003800203825426229
62	0.0038045546595526607
63	0.003807241907723004
64	0.0038079675152837707
65	0.003806658437105691
66	0.00380383060733976
67	0.003800027842456315
68	0.003795994950678764
69	0.003792228811816821
70	0.0037891451292501933
71	0.003786899962728395
72	0.003785486999189245
73	0.0037848198880975105
74	0.003784687137252869
75	0.003784965218574938
76	0.003785436462821143
77	0.003786007869046675
78	0.0037865264271273722
79	0.003786929792339688
80	0.0037871483171065343
81	0.0037871568198704466
82	0.0037869681578467087
83	0.0037865973564342806
84	0.003786104002862687
85	0.0037855198955794537
86	0.003784906590000434
87	0.0037842923621016766
88	0.003783723313781762
89	0.003783220218005638
90	0.0037828115345694435
91	0.0037825027468722386
92	0.0037822982466290686
93	0.0037821797879595076
94	0.0037821296536704177
95	0.003782115279692612
96	0.003782114970897343
97	0.003782101006328942
98	0.003782062739773058
99	0.0037819861418271583
100	0.0037818733050553463
101	0.003781722565711198
102	0.003781545265450781
103	0.003781348395584343
104	0.0037811472004886356
105	0.0037809506481278005
106	0.0037807699278332805
107	0.003780608645217966
108	0.0037804696219860064
109	0.0037803502971577915
110	0.0037802476331740245
111	0.0037801567637003246
112	0.0037800730170462656
113	0.0037799919938176045
114	0.0037799094038443656
115	0.0037798226393622814
116	0.0037797293754009984
117	0.0037796298380648827
118	0.0037795243436418227
119	0.00377941533510666
120	0.0037793044319010772
121	0.0037791942465595025
122	0.0037790861025059005
123	0.0037789815598101083
124	0.0037788812034723956
125	0.003778785385093425
126	0.0037786939433958402
127	0.0037786060758945757
128	0.0037785210029143874
129	0.00377843737270605
130	0.0037783544085069148
131	0.003778271135999231
132	0.0037781872926284242
133	0.003778102639994939
134	0.0037780173186064414
135	0.0037779315922926156
136	0.0037778457640608334
137	0.0037777603012486833
138	0.003777675534731256
139	0.0037775918271620436
140	0.0037775093512372477
141	0.0037774281306329205
142	0.0037773481050850386
143	0.00377726903061209
144	0.003777190741643442
145	0.0037771129653021472
146	0.0037770355431548013
147	0.003776958299912294
148	0.0037768811275928657
149	0.0037768039831193685
150	0.0037767268533836535
151	0.003776649807366588
152	0.003776572916606282
153	0.0037764962670105585
154	0.0037764199340030707
155	0.0037763439441553114
156	0.003776268325225778
157	0.0037761930513069354
158	0.0037761181001237675
159	0.003776043422480107
160	0.0037759689611104284
161	0.0037758946650107983
162	0.003775820478668662
163	0.003775746373122436
164	0.0037756723288424133
165	0.003775598344273266
166	0.0037755244308571865
167	0.0037754505991798117
168	0.003775376867741403
169	0.003775303249045764
170	0.0037752297541353754
171	0.0037751563912188897
172	0.0037750831583736027
173	0.0037750100533715534
174	0.0037749370647798108
175	0.0037748641837378047
176	0.0037747914008933493
177	0.003774718709771147
178	0.003774646108893393
179	0.003774573598279274
180	0.003774501182497134
181	0.003774428867862275
182	0.0037743566628335354
183	0.003774284577698474
184	0.0037742126217745636
185	0.00377414080461683
186	0.003774069133669572
187	0.0037739976152559988
188	0.003773926255155797
189	0.0037738550581218454
190	0.0037737840297788535
191	0.0037737131751967596
192	0.003773642500717189
193	0.003773572013058772
194	0.0037735017199275814
195	0.003773431630139667
196	0.003773361752838919
197	0.0037732920978486052
198	0.003773222674562644
199	0.003773153492456845
200	0.0037730845604516147
201	0.003773015887139531
202	0.0037729474808217696
203	0.0037728793493590237
204	0.0037728115004578436
205	0.0037727439415032337
206	0.003772676679966554
207	0.0037726097232327832
208	0.0037725430787383784
209	0.003772476753892195
210	0.0037724107559653462
211	0.0037723450920568733
212	0.003772279768945235
213	0.0037722147931685975
214	0.0037721501708539275
215	0.003772085907766912
216	0.0037720220092455066
217	0.0037719584802509984
218	0.0037718953253704566
219	0.0037718325488453365
220	0.003771770154633548
221	0.003771708146372253
222	0.00377164652741278
223	0.003771585300769117
224	0.0037715244691687304
225	0.003771464034987265
226	0.003771404000266888
227	0.003771344366685847
228	0.0037712851355626935
229	0.003771226307843514
230	0.003771167884105065
231	0.0037711098645863833
232	0.0037710522491870803
233	0.003770995037488647
234	0.0037709382287553148
235	0.0037708818219615897
236	0.003770825815788623
237	0.0037707702086377604
238	0.003770714998636283
239	0.003770660183645325
240	0.0037706057612603297
241	0.0037705517288160236
242	0.0037704980834022176
243	0.003770444821871947
244	0.003770391940852467
245	0.00377033943675775
246	0.0037702873058034145
247	0.0037702355440176064
248	0.003770184147253993
249	0.0037701331112015265
250	0.003770082431397635
251	0.0037700321032363175
252	0.0037699821219751616
253	0.003769932482744598
254	0.003769883180559341
255	0.0037698342103224623
256	0.0037697855668378305
257	0.003769737244816561
258	0.003769689238885783
259	0.0037696415435994864
260	0.003769594153443693
261	0.0037695470628458685
262	0.003769500266181152
263	0.003769453757780668
264	0.003769407531934374
265	0.0037693615828983265
266	0.0037693159049013267
267	0.0037692704921464776
268	0.0037692253388175705
269	0.003769180439082779
270	0.003769135787096433
271	0.003769091377005698
272	0.003769047202951262
273	0.0037690032590706386
274	0.0037689595394994092
275	0.003768916038374797
276	0.0037688727498349194
277	0.003768829668019291
278	0.0037687867870717416
279	0.003768744101136466
280	0.0037687016043616963
281	0.0037686592908949355
282	0.0037686171548847493
283	0.0037685751904767014
284	0.0037685333918125027
285	0.003768491753029263
286	0.00376845026825385
287	0.0037684089316017927
288	0.003768367737173938
289	0.003768326679051751
290	0.0037682857512927924
291	0.0037682449479269284
292	0.0037682042629510297
293	0.0037681636903239314
294	0.0037681232239584693
295	0.003768082857719986
296	0.0037680425854132024
297	0.0037680024007807657
298	0.0037679622974919813
299	0.003767922269137256
300	0.0037678823092182475
301	0.0037678424111388577
302	0.0037678025681959623
303	0.0037677627735691953
304	0.0037677230203108526
305	0.0037676833013315595
306	0.0037676436093939704
307	0.003767603937094411
308	0.0037675642768528624
309	0.003767524620896333
310	0.0037674849612469663
311	0.0037674452897032886
312	0.0037674055978257947
313	0.003767365876916557
314	0.0037673261180027565
315	0.0037672863118166228
316	0.003767246448771941
317	0.0037672065189443124
318	0.003767166512046706
319	0.003767126417402609
320	0.0037670862239216657
321	0.0037670459200685406
322	0.0037670054938360236
323	0.0037669649327083735
324	0.0037669242236307416
325	0.003766883352969773
326	0.0037668423064769452
327	0.0037668010692446722
328	0.0037667596256626776
329	0.003766717959370434
330	0.003766676053206846
331	0.003766633889154668
332	0.0037665914482815314
333	0.0037665487106807666
334	0.0037665056554012383
335	0.0037664622603761147
336	0.003766418502349103
337	0.0037663743567871518
338	0.003766329797794327
339	0.0037662847980172933
340	0.003766239328540428
341	0.0037661933587755736
342	0.003766146856347071
343	0.0037660997869582
344	0.0037660521142566135
345	0.0037660037996854736
346	0.003765954802321062
347	0.003765905078702274
348	0.0037658545826398902
349	0.0037658032650185664
350	0.0037657510735732216
351	0.0037656979526578525
352	0.0037656438429840102
353	0.0037655886813497087
354	0.003765532400332958
355	0.003765474927971378
356	0.0037654161874081413
357	0.003765356096509715
358	0.003765294567449698
359	0.0037652315062636377
360	0.003765166812357477
361	0.003765100377977873
362	0.0037650320876418068
363	0.0037649618175087975
364	0.0037648894347057354
365	0.0037648147965949437
366	0.003764737749973675
367	0.0037646581302148937
368	0.0037645757603298954
369	0.0037644904499537645
370	0.0037644019942529652
371	0.0037643101727367215
372	0.0037642147479793556
373	0.003764115464243934
374	0.0037640120459992
375	0.0037639041963289746
376	0.0037637915952322266
377	0.003763673897808898
378	0.0037635507323329188
379	0.0037634216982175596
380	0.003763286363875896
381	0.003763144264485416
382	0.0037629948996803888
383	0.0037628377311862945
384	0.003762672180423547
385	0.003762497626134167
386	0.0037623134020642055
387	0.003762118794772912
388	0.0037619130416519375
389	0.0037616953292364547
390	0.0037614647919238225
391	0.0037612205112353197
392	0.003760961515754614
393	0.003760686781920739
394	0.003760395235844295
395	0.0037600857563391795
396	0.0037597571793672084
397	0.0037594083040698475
398	0.0037590379005745618
399	0.0037586447197022112
400	0.0037582275046773505
401	0.003757785004874481
402	0.003757315991549549
403	0.0037568192754247505
404	0.00375629372587508
405	0.003755738291376078
406	0.003755152020741155
407	0.0037545340845962717
408	0.0037538837964549944
409	0.0037532006326907695
410	0.003752484250685398
411	0.003751734504439754
412	0.003750951456955964
413	0.003750135388786871
414	0.003749286802218252
415	0.00374840642068379
416	0.0037474951831353793
417	0.003746554233243631
418	0.0037455849034785174
419	0.003744588694296826
420	0.0037435672488727732
421	0.003742522324001109
422	0.0037414557580245904
423	0.0037403694368223477
424	0.003739265259027564
425	0.0037381451017787335
426	0.0037370107883151343
427	0.003735864058686873
428	0.003734706544724087
429	0.00373353975019498
430	0.0037323650368055556
431	0.0037311836163764944
432	0.0037299965491629215
433	0.0037288047479550495
434	0.003727608987261626
435	0.003726409916619618
436	0.0037252080768961577
437	0.0037240039183482274
438	0.0037227978192289134
439	0.003721590103843631
440	0.003720381059160948
441	0.003719170949358887
442	0.0037179600280035593
443	0.0037167485478558564
444	0.003715536768620953
445	0.003714324963153676
446	0.0037131134227815863
447	0.003711902462452884
448	0.0037106924263095673
449	0.0037094836941238846
450	0.003708276688724187
451	0.003707071884214886
452	0.0037058698144201655
453	0.003704671080650009
454	0.0037034763576456404
455	0.0037022863964453357
456	0.003701102022980356
457	0.0036999241314556643
458	0.0036987536720066477
459	0.0036975916327243665
460	0.003696439016827466
461	0.003695296816483753
462	0.0036941659854921823
463	0.0036930474136282563
464	0.003691941905909457
465	0.00369085017029886
466	0.003689772817458902
467	0.0036887103759171117
468	0.003687663325552582
469	0.003686632151237528
470	0.0036856174168734728
471	0.0036846198573797784
472	0.0036836404824026362
473	0.0036826806803472796
474	0.0036817423053890743
475	0.003680827724338294
476	0.0036799397974362673
477	0.0036790817705768366
478	0.0036782570699890804
479	0.003677469015284209
480	0.003676720498521463
481	0.003676013704107862
482	0.0036753499504626826
483	0.003674729708206769
484	0.003674152793881301
485	0.003673618674255804
486	0.003673126773152831
487	0.0036726766726127903
488	0.003672268143554701
489	0.0036719010084697856
490	0.0036715748986054127
491	0.0036712889964271283
492	0.003671041843609365
493	0.0036708312586787224
494	0.003670654368679788
495	0.003670507731823069
496	0.0036703875173797365
497	0.0036702897095148455
498	0.003670210307051172
499	0.0036701454976997847
500	0.0036700917929480712
501	0.003670046118136797
502	0.003670005859982713
503	0.0036699688787277668
504	0.0036699334934924208
505	0.0036698984480685194
506	0.0036698628622281143
507	0.003669826172589844
508	0.0036697880676996495
509	0.0036697484230116106
510	0.0036697072420330047
511	0.0036696646085384054
512	0.003669620652259971
513	0.003669575527322885
514	0.00366952940068344
515	0.0036694824469594984
516	0.003669434846690473
517	0.003669386785862198
518	0.0036693384555123113
519	0.003669290050452723
520	0.003669241766463067
521	0.0036691937955381456
522	0.003669146319428362
523	0.003669099502327365
524	0.0036690534839858924
525	0.0036690083745179788
526	0.0036689642516340853
527	0.003668921160402158
528	0.003668879115016465
529	0.0036688381020509126
530	0.0036687980844729976
531	0.0036687590060139152
532	0.0036687207956385675
533	0.0036686833718408123
534	0.003668646646649777
535	0.003668610529250308
536	0.003668574929183914
537	0.0036685397592610435
538	0.003668504938106314
539	0.00366847039242099
540	0.0036684360587026293
541	0.0036684018844081977
542	0.0036683678283729215
543	0.0036683338605719585
544	0.003668299961286977
545	0.0036682661198763826
546	0.0036682323332874727
547	0.00366819860443375
548	0.0036681649405528494
549	0.0036681313516507934
550	0.0036680978491356996
551	0.0036680644446836167
552	0.0036680311494249563
553	0.0036679979733672523
554	0.0036679649250629673
555	0.003667932011379954
556	0.00366789923743238
557	0.003667866606558703
558	0.0036678341203843093
559	0.0036678017790126947
560	0.003667769581215334
561	0.003667737524703976
562	0.0036677056063955183
563	0.0036676738226757034
564	0.003667642169614912
565	0.0036676106431975134
566	0.003667579239455464
567	0.003667547954615032
568	0.003667516785164181
569	0.003667485727891828
570	0.003667454779885593
571	0.0036674239385284272
572	0.003667393201465487
573	0.0036673625665829693
574	0.003667332031975213
575	0.0036673015959431962
576	0.0036672712569399885
577	0.0036672410135728303
578	0.0036672108645892216
579	0.003667180808837729
580	0.003667150845283654
581	0.003667120972986335
582	0.003667091191069999
583	0.003667061498736692
584	0.003667031895244083
585	0.0036670023798991364
586	0.00366697295205054
587	0.00366694361108343
588	0.0036669143564132265
589	0.003666885187466817
590	0.0036668561036838597
591	0.003666827104493616
592	0.003666798189323974
593	0.003666769357578599
594	0.0036667406086486817
595	0.0036667119419051077
596	0.003666683356702689
597	0.0036666548523821623
598	0.00366662642827327
599	0.0036665980836992663
600	0.003666569817990222
601	0.0036665416304815053
602	0.0036665135205113247
603	0.0036664854874380506
604	0.0036664575306236025
605	0.0036664296494572876
606	0.0036664018433271235
607	0.003666374111651498
608	0.0036663464538533095
609	0.0036663188693766145
610	0.003666291357686049
611	0.003666263918242074
612	0.003666236550537618
613	0.003666209254068218
614	0.0036661820283403323
615	0.0036661548728676822
616	0.0036661277871814137
617	0.0036661007708091277
618	0.0036660738232893965
619	0.003666046944169947
620	0.003666020132994048
621	0.0036659933893262034
622	0.003665966712717599
623	0.003665940102742696
624	0.0036659135589686997
625	0.003665887080974757
626	0.0036658606683423493
627	0.003665834320661816
628	0.003665808037523223
629	0.003665781818527512
630	0.0036657556632757934
631	0.003665729571380255
632	0.0036657035424448345
633	0.00366567757609202
634	0.003665651671942687
635	0.0036656258296261005
636	0.0036656000487658947
637	0.0036655743289995516
638	0.0036655486699669606
639	0.0036655230713123917
640	0.0036654975326820315
641	0.0036654720537282535
642	0.0036654466341045217
643	0.0036654212734700754
644	0.0036653959714932505
645	0.003665370727838784
646	0.0036653455421799923
647	0.003665320414194019
648	0.0036652953435594195
649	0.003665270329961508
650	0.0036652453730864594
651	0.0036652204726302685
652	0.003665195628280099
653	0.003665170839737707
654	0.00366514610670957
655	0.003665121428898409
656	0.003665096806013496
657	0.0036650722377635416
658	0.0036650477238687855
659	0.0036650232640428613
660	0.003664998858012118
661	0.0036649745054987536
662	0.00366495020623109
663	0.003664925959939497
664	0.003664901766354073
665	0.003664877625220392
666	0.0036648535362700583
667	0.0036648294992513955
668	0.0036648055139041564
669	0.0036647815799787375
670	0.0036647576972301584
671	0.003664733865406741
672	0.003664710084269064
673	0.0036646863535734946
674	0.003664662673085133
675	0.0036646390425683277
676	0.0036646154617878436
677	0.0036645919305147525
678	0.0036645684485216864
679	0.003664545015584683
680	0.0036645216314857513
681	0.0036644982959977397
682	0.00366447500890694
683	0.0036644517699960296
684	0.0036644285790562482
685	0.003664405435874921
686	0.0036643823402486373
687	0.0036643592919671196
688	0.0036643362908347823
689	0.003664313336639371
690	0.00366429042919327
691	0.0036642675682963493
692	0.003664244753757644
693	0.0036642219853810997
694	0.003664199262985203
695	0.003664176586376692
696	0.003664153955371916
697	0.0036641313697904653
698	0.0036641088294552637
699	0.0036640863341828546
700	0.003664063883798371
701	0.0036640414781314396
702	0.003664019117008398
703	0.003663996800260463
704	0.0036639745277196284
705	0.0036639522992226543
706	0.0036639301146037242
707	0.0036639079737057247
708	0.0036638858763632237
709	0.0036638638224264107
710	0.0036638418117389262
711	0.003663819844147088
712	0.003663797919499766
713	0.0036637760376452017
714	0.0036637541984459662
715	0.00366373240174698
716	0.0036637106474142443
717	0.003663688935300658
718	0.0036636672652718494
719	0.003663645637184577
720	0.003663624050915584
721	0.003663602506324478
722	0.0036635810032768215
723	0.0036635595416538093
724	0.003663538121321229
725	0.003663516742151888
726	0.0036634954040315713
727	0.0036634741068349327
728	0.0036634528504400857
729	0.0036634316347305394
730	0.003663410459596215
731	0.0036633893249179246
732	0.003663368230586601
733	0.0036633471764904576
734	0.003663326162527191
735	0.0036633051885868705
736	0.0036632842545595273
737	0.0036632633603547082
738	0.0036632425058663776
739	0.0036632216909971978
740	0.0036632009156483914
741	0.0036631801797305254
742	0.0036631594831439407
743	0.00366313882580477
744	0.003663118207622158
745	0.0036630976285082417
746	0.0036630770883773816
747	0.003663056587146683
748	0.0036630361247354483
749	0.003663015701062406
750	0.0036629953160554835
751	0.003662974969631296
752	0.003662954661720506
753	0.0036629343922534884
754	0.003662914161155259
755	0.0036628939683571236
756	0.0036628738137964513
757	0.003662853697409085
758	0.0036628336191315853
759	0.0036628135789023124
760	0.0036627935766585214
761	0.0036627736123498655
762	0.0036627536859216523
763	0.003662733797315734
764	0.003662713946483979
765	0.0036626941333727987
766	0.003662674357942726
767	0.0036626546201411142
768	0.0036626349199271263
769	0.0036626152572581173
770	0.0036625956320937587
771	0.0036625760443991873
772	0.0036625564941347452
773	0.0036625369812675846
774	0.0036625175057625548
775	0.003662498067596219
776	0.003662478666732608
777	0.0036624593031503784
778	0.003662439976821386
779	0.0036624206877214614
780	0.0036624014358360335
781	0.0036623822211430557
782	0.003662363043621702
783	0.0036623439032632344
784	0.00366232480004983
785	0.003662305733972068
786	0.003662286705020685
787	0.0036622677131867075
788	0.0036622487584682195
789	0.0036622298408580762
790	0.003662210960352438
791	0.0036621921169609686
792	0.0036621733106748655
793	0.003662154541506193
794	0.0036621358094608277
795	0.003662117114542748
796	0.0036620984567621436
797	0.0036620798361316556
798	0.003662061252666586
799	0.003662042706384568
800	0.003662024197300477
801	0.003662005725432004
802	0.0036619872908067166
803	0.0036619688934440477
804	0.003661950533371054
805	0.0036619322106164936
806	0.003661913925204367
807	0.0036618956771738292
808	0.003661877466553284
809	0.00366185929337957
810	0.0036618411576908186
811	0.003661823059524089
812	0.0036618049989223123
813	0.0036617869759277165
814	0.0036617689905876155
815	0.0036617510429487916
816	0.0036617331330570085
817	0.0036617152609665065
818	0.003661697426728018
819	0.003661679630399692
820	0.003661661872034306
821	0.003661644151692024
822	0.00366162646943465
823	0.0036616088253253534
824	0.003661591219425412
825	0.003661573651807352
826	0.003661556122532073
827	0.003661538631676931
828	0.0036615211793083443
829	0.003661503765505015
830	0.0036614863903385473
831	0.0036614690538945495
832	0.0036614517562434667
833	0.0036614344974738398
834	0.003661417277667656
835	0.003661400096908981
836	0.003661382955286026
837	0.0036613658528887416
838	0.003661348789809118
839	0.0036613317661373496
840	0.003661314781970803
841	0.003661297837404739
842	0.003661280932540156
843	0.0036612640674762997
844	0.0036612472423136477
845	0.003661230457154976
846	0.0036612137121127156
847	0.0036611970072861523
848	0.00366118034279341
849	0.0036611637187405933
850	0.003661147135236172
851	0.003661130592401408
852	0.003661114090352693
853	0.003661097629206364
854	0.0036610812090800415
855	0.003661064830098475
856	0.0036610484923804082
857	0.0036610321960578287
858	0.0036610159412537066
859	0.0036609997280919616
860	0.003660983556707358
861	0.0036609674272304314
862	0.0036609513397908794
863	0.0036609352945284617
864	0.0036609192915740877
865	0.0036609033310674556
866	0.0036608874131476166
867	0.003660871537955617
868	0.0036608557056303243
869	0.00366083991631637
870	0.00366082417016536
871	0.0036608084673133306
872	0.0036607928079130094
873	0.0036607771921123764
874	0.0036607616200604685
875	0.0036607460919140505
876	0.003660730607822196
877	0.003660715167935157
878	0.0036606997724161856
879	0.003660684421416066
880	0.003660669115095349
881	0.0036606538536136327
882	0.003660638637125552
883	0.003660623465800733
884	0.003660608339794991
885	0.0036605932592749042
886	0.003660578224403255
887	0.003660563235346925
888	0.003660548292267362
889	0.0036605333953399297
890	0.0036605185447238803
891	0.003660503740594343
892	0.003660488983118118
893	0.0036604742724674626
894	0.003660459608813332
895	0.003660444992325534
896	0.003660430423179179
897	0.003660415901548017
898	0.003660401427601173
899	0.00366038700151899
900	0.003660372623473889
901	0.003660358293641323
902	0.0036603440121991317
903	0.003660329779322239
904	0.003660315595184542
905	0.0036603014599663466
906	0.003660287373840273
907	0.0036602733369920344
908	0.0036602593495968726
909	0.0036602454118259136
910	0.003660231523866835
911	0.0036602176858930345
912	0.0036602038980783715
913	0.003660190160608015
914	0.003660176473655454
915	0.003660162837402204
916	0.0036601492520222144
917	0.003660135717694738
918	0.003660122234598914
919	0.003660108802905717
920	0.0036600954228008563
921	0.0036600820944541756
922	0.0036600688180380234
923	0.0036600555937367357
924	0.0036600424217159344
925	0.0036600293021551294
926	0.003660016235230589
927	0.0036600032211059658
928	0.003659990259959517
929	0.0036599773519593636
930	0.0036599644972728444
931	0.003659951696080623
932	0.003659938948536677
933	0.003659926254817803
934	0.0036599136150836614
935	0.0036599010295051623
936	0.0036598884982395187
937	0.003659876021454566
938	0.003659863599307225
939	0.0036598512319576774
940	0.003659838919567934
941	0.003659826662290218
942	0.0036598144602831804
943	0.003659802313699435
944	0.0036597902226893847
945	0.003659778187401438
946	0.0036597662079887287
947	0.003659754284592584
948	0.0036597424173663152
949	0.0036597306064423685
950	0.0036597188519647567
951	0.003659707154076943
952	0.003659695512909838
953	0.0036596839285982603
954	0.003659672401276998
955	0.0036596609310741083
956	0.0036596495181159417
957	0.0036596381625264105
958	0.0036596268644340513
959	0.0036596156239554188
960	0.003659604441207294
961	0.003659593316303866
962	0.00365958224935783
963	0.0036595712404784487
964	0.0036595602897748726
965	0.003659549397345943
966	0.003659538563295891
967	0.003659527787721801
968	0.0036595170707196274
969	0.003659506412379316
970	0.0036594958127921986
971	0.003659485272038784
972	0.003659474790206764
973	0.0036594643673701945
974	0.003659454003608441
975	0.0036594436989936525
976	0.003659433453593039
977	0.0036594232674752535
978	0.0036594131406971226
979	0.0036594030733213623
980	0.0036593930654003613
981	0.0036593831169866356
982	0.00365937322813035
983	0.003659363398867711
984	0.0036593536292443937
985	0.0036593439192964573
986	0.0036593342690563547
987	0.003659324678552826
988	0.003659315147806002
989	0.0036593056768418827
990	0.0036592962656748973
991	0.003659286914318708
992	0.003659277622780027
993	0.003659268391066167
994	0.0036592592191740524
995	0.00365925010710246
996	0.003659241054843625
997	0.0036592320623842255
998	0.0036592231297077477
999	0.0036592142567931866
1000	0.003659205443619813
1001	0.003659196690151429
1002	0.0036591879963635806
1003	0.0036591793622082025
1004	0.0036591707876510123
1005	0.0036591622726451175
1006	0.003659153817135218
1007	0.0036591454210689245
1008	0.0036591370843853245
1009	0.0036591288070222244
1010	0.0036591205889108516
1011	0.0036591124299762143
1012	0.003659104330140784
1013	0.003659096289327877
1014	0.0036590883074439926
1015	0.0036590803844065104
1016	0.003659072520112946
1017	0.003659064714467859
1018	0.0036590569673664464
1019	0.0036590492787015646
1020	0.003659041648357202
1021	0.003659034076221232
1022	0.003659026562166207
1023	0.0036590191060680384
1024	0.0036590117077990227
1025	0.0036590043672231893
1026	0.003658997084200433
1027	0.0036589898585849137
1028	0.0036589826902356866
1029	0.0036589755789953387
1030	0.003658968524708892
1031	0.003658961527216037
1032	0.003658954586351447
1033	0.0036589477019469884
1034	0.0036589408738267265
1035	0.003658934101818269
1036	0.0036589273857360856
1037	0.003658920725396018
1038	0.0036589141206093898
1039	0.0036589075711819905
1040	0.003658901076914828
1041	0.0036588946376090886
1042	0.0036588882530574113
1043	0.0036588819230518824
1044	0.003658875647377207
1045	0.003658869425819391
1046	0.0036588632581572994
1047	0.0036588571441656245
1048	0.0036588510836157414
1049	0.003658845076279082
1050	0.003658839121918968
1051	0.003658833220295844
1052	0.0036588273711713956
1053	0.0036588215742945347
1054	0.003658815829417868
1055	0.003658810136295519
1056	0.0036588044946664205
1057	0.0036587989042724464
1058	0.0036587933648560915
1059	0.0036587878761483034
1060	0.0036587824378854048
1061	0.0036587770497946833
1062	0.0036587717116007886
1063	0.003658766423034282
1064	0.0036587611838087386
1065	0.003658755993648831
1066	0.003658750852264643
1067	0.003658745759371831
1068	0.0036587407146822957
1069	0.003658735717905097
1070	0.003658730768741256
1071	0.0036587258668981182
1072	0.0036587210120770375
1073	0.0036587162039764124
1074	0.003658711442293877
1075	0.0036587067267267225
1076	0.003658702056961056
1077	0.0036586974326946386
1078	0.003658692853613452
1079	0.003658688319407552
1080	0.0036586838297609113
1081	0.003658679384357863
1082	0.003658674982882725
1083	0.0036586706250168882
1084	0.0036586663104343983
1085	0.003658662038824932
1086	0.003658657809856993
1087	0.003658653623205753
1088	0.0036586494785544234
1089	0.003658645375569571
1090	0.0036586413139244383
1091	0.003658637293293609
1092	0.00365863331334795
1093	0.003658629373753035
1094	0.00365862547418785
1095	0.003658621614311915
1096	0.0036586177937969356
1097	0.0036586140123107402
1098	0.003658610269521391
1099	0.003658606565093575
1100	0.0036586028986990045
1101	0.003658599269995141
1102	0.0036585956786563904
1103	0.0036585921243433637
1104	0.0036585886067257763
1105	0.003658585125466125
1106	0.0036585816802304468
1107	0.0036585782706892215
1108	0.0036585748965045303
1109	0.0036585715573445154
1110	0.003658568252875476
1111	0.0036585649827626677
1112	0.0036585617466764367
1113	0.003658558544283647
1114	0.0036585553752517238
1115	0.0036585522392528717
1116	0.0036585491359521828
1117	0.0036585460650239146
1118	0.0036585430261380754
1119	0.003658540018966431
1120	0.003658537043182171
1121	0.0036585340984591794
1122	0.0036585311844702113
1123	0.0036585283008932126
1124	0.0036585254474049604
1125	0.0036585226236801336
1126	0.0036585198293997826
1127	0.00365851706424644
1128	0.0036585143278968137
1129	0.003658511620038658
1130	0.003658508940349355
1131	0.0036585062885197157
1132	0.003658503664233768
1133	0.003658501067180672
1134	0.003658498497050277
1135	0.0036584959535302507
1136	0.0036584934363183544
1137	0.0036584909451034043
1138	0.003658488479585901
1139	0.003658486039461549
1140	0.0036584836244291574
1141	0.0036584812341914465
1142	0.003658478868448088
1143	0.003658476526902888
1144	0.0036584742092652034
1145	0.0036584719152413167
1146	0.0036584696445393127
1147	0.0036584673968759144
1148	0.003658465171959739
1149	0.003658462969510222
1150	0.003658460789241381
1151	0.0036584586308750708
1152	0.003658456494130214
1153	0.0036584543787350076
1154	0.0036584522844124237
1155	0.00365845021089579
1156	0.0036584481579184933
1157	0.0036584461252213056
1158	0.0036584441125632203
1159	0.0036584421197164915
1160	0.0036584401465072887
1161	0.003658438192855603
1162	0.0036584362588620153
1163	0.0036584343450392427
1164	0.0036584324527186864
1165	0.0036584305850011203
1166	0.0036584287487365233
1167	0.0036584269588388835
1168	0.003658425247580325
1169	0.003658423685015502
1170	0.0036584224234506987
1171	0.0036584217967152513
1172	0.0036584225365344737
1173	0.0036584262650228203
1174	0.003658436551556869
1175	0.00365846135674139
1176	0.003658517889670592
1177	0.003658643455361865
1178	0.003658909315434744
1179	0.003659435978351578
1180	0.003660290318234524
1181	0.0036611995721872333
1182	0.0036610858175669505
1183	0.003659523466311183
1184	0.003658402365058791
1185	0.0036591647838884666
1186	0.003659611640269635
1187	0.003658615894922139
1188	0.0036586327778814105
1189	0.003659177853490265
1190	0.0036585444481258287
1191	0.0036586023268149756
1192	0.0036588904215851055
1193	0.003658416257024007
1194	0.003658669137780229
1195	0.0036586254747626853
1196	0.0036584141805604186
1197	0.0036586644014235236
1198	0.003658420030071959
1199	0.0036585155364773792
1200	0.0036585198839698637
1201	0.0036583941975967716
1202	0.0036585354523102883
1203	0.0036583876057727886
1204	0.0036584682123451855
1205	0.003658430365358108
1206	0.003658399258493693
1207	0.003658453252526867
1208	0.0036583697937481443
1209	0.0036584376169028843
1210	0.0036583785376667955
1211	0.0036583996396183545
1212	0.0036583969557707915
1213	0.003658369922744922
1214	0.0036584008980315146
1215	0.0036583595092995764
1216	0.00365838943823409
1217	0.0036583630931713417
1218	0.0036583703615060735
1219	0.0036583701660857513
1220	0.003658355347919938
1221	0.0036583702552741636
1222	0.0036583497741100443
1223	0.003658363124757871
1224	0.00365835032839056
1225	0.0036583529010871343
1226	0.0036583524149184266
1227	0.00365834444791126
1228	0.0036583512249176546
1229	0.0036583407082855035
1230	0.00365834635292768
1231	0.0036583399335609083
1232	0.0036583401812102278
1233	0.0036583397308184123
1234	0.0036583349810428763
1235	0.0036583378799052023
1236	0.0036583322121772404
1237	0.003658334158956342
1238	0.0036583308835662787
1239	0.0036583299823569
1240	0.0036583296391739977
1241	0.0036583264779388885
1242	0.003658327473634239
1243	0.0036583242481019293
1244	0.003658324402601747
1245	0.0036583226416674296
1246	0.003658321279724208
1247	0.003658320900613587
1248	0.0036583186469545774
1249	0.0036583186246224664
1250	0.0036583166636566743
1251	0.0036583159725985946
1252	0.0036583148787331103
1253	0.0036583134434972227
1254	0.0036583129118427414
1255	0.0036583112501276365
1256	0.0036583106625354567
1257	0.0036583093529972866
1258	0.0036583083196433854
1259	0.003658307459320471
1260	0.0036583061376007885
1261	0.0036583054226883294
1262	0.0036583041515195194
1263	0.0036583032717563482
1264	0.0036583022644198853
1265	0.003658301153998732
1266	0.0036583003195839485
1267	0.0036582991621900377
1268	0.0036582982994824986
1269	0.0036582972580853626
1270	0.00365829626474166
1271	0.003658295360866542
1272	0.0036582942959949402
1273	0.003658293415886088
1274	0.003658292396775096
1275	0.0036582914548360128
1276	0.0036582905204302738
1277	0.0036582895216306453
1278	0.003658288626559702
1279	0.0036582876388976306
1280	0.0036582867172861772
1281	0.003658285780186536
1282	0.0036582848234109973
1283	0.0036582839194063957
1284	0.003658282960526633
1285	0.003658282049747549
1286	0.003658281120711806
1287	0.0036582801888267466
1288	0.0036582792837538754
1289	0.0036582783486127316
1290	0.0036582774447940195
1291	0.003658276526457738
1292	0.003658275611179575
1293	0.003658274710153387
1294	0.0036582737927343565
1295	0.003658272894817782
1296	0.0036582719876332784
1297	0.003658271084554015
1298	0.003658270189340345
1299	0.003658269285233991
1300	0.003658268393428811
1301	0.0036582674964049794
1302	0.003658266602656102
1303	0.0036582657137172146
1304	0.0036582648201383874
1305	0.0036582639344056693
1306	0.0036582630459955755
1307	0.0036582621598632657
1308	0.003658261277118419
1309	0.0036582603920456494
1310	0.0036582595119844454
1311	0.0036582586308155423
1312	0.003658257751204719
1313	0.003658256874186268
1314	0.003658255996056718
1315	0.0036582551211685774
1316	0.0036582542461301836
1317	0.003658253372154341
1318	0.0036582525002008
1319	0.0036582516278168206
1320	0.003658250757580328
1321	0.0036582498877124766
1322	0.0036582490185726652
1323	0.00365824815101725
1324	0.0036582472834315893
1325	0.003658246417295479
1326	0.003658245551759953
1327	0.003658244686747725
1328	0.0036582438229639403
1329	0.0036582429593916333
1330	0.0036582420967984997
1331	0.0036582412348704907
1332	0.0036582403733491694
1333	0.0036582395127664788
1334	0.003658238652512312
1335	0.0036582377929394675
1336	0.0036582369339914333
1337	0.003658236075381186
1338	0.003658235217478326
1339	0.0036582343599428106
1340	0.003658233502883532
1341	0.0036582326463641636
1342	0.0036582317901450705
1343	0.0036582309344398416
1344	0.0036582300790922967
1345	0.003658229224085258
1346	0.003658228369514279
1347	0.003658227515204843
1348	0.003658226661262055
1349	0.0036582258076353863
1350	0.0036582249542562377
1351	0.0036582241012007724
1352	0.0036582232483747873
1353	0.0036582223957979817
1354	0.0036582215434725987
1355	0.003658220691329854
1356	0.0036582198394149576
1357	0.003658218987679103
1358	0.0036582181361054108
1359	0.0036582172847145996
1360	0.0036582164334543477
1361	0.0036582155823313145
1362	0.0036582147313394212
1363	0.003658213880443759
1364	0.0036582130296611906
1365	0.003658212178953969
1366	0.0036582113283229367
1367	0.0036582104777594083
1368	0.003658209627243914
1369	0.0036582087767729502
1370	0.00365820792633374
1371	0.0036582070759111074
1372	0.0036582062255043654
1373	0.0036582053750946544
1374	0.0036582045246760712
1375	0.003658203674244488
1376	0.003658202823778682
1377	0.0036582019732799595
1378	0.00365820112273517
1379	0.0036582002721361976
1380	0.0036581994214733163
1381	0.0036581985707403028
1382	0.0036581977199269373
1383	0.0036581968690290803
1384	0.0036581960180331287
1385	0.0036581951669388026
1386	0.0036581943157324368
1387	0.003658193464408376
1388	0.003658192612961744
1389	0.0036581917613835316
1390	0.0036581909096675513
1391	0.0036581900578069645
1392	0.0036581892057966528
1393	0.003658188353626925
1394	0.0036581875012968793
1395	0.0036581866487929156
1396	0.00365818579611723
1397	0.0036581849432609534
1398	0.0036581840902148123
1399	0.003658183236978574
1400	0.0036581823835437535
1401	0.003658181529907515
1402	0.003658180676063696
1403	0.003658179822004489
1404	0.003658178967730733
1405	0.003658178113233371
1406	0.0036581772585064726
1407	0.003658176403548836
1408	0.003658175548359501
1409	0.0036581746929239866
1410	0.0036581738372473407
1411	0.003658172981321164
1412	0.0036581721251415433
1413	0.003658171268706611
1414	0.003658170412012536
1415	0.003658169555053356
1416	0.003658168697822583
1417	0.003658167840327649
1418	0.0036581669825548157
1419	0.003658166124504561
1420	0.0036581652661724032
1421	0.003658164407556414
1422	0.0036581635486517923
1423	0.0036581626894612207
1424	0.003658161829972523
1425	0.003658160970192469
1426	0.003658160110111523
1427	0.003658159249730632
1428	0.003658158389044584
1429	0.0036581575280520712
1430	0.003658156666751315
1431	0.003658155805138341
1432	0.0036581549432133844
1433	0.00365815408097197
1434	0.0036581532184121702
1435	0.0036581523555327708
1436	0.003658151492332533
1437	0.003658150628808784
1438	0.003658149764955289
1439	0.0036581489007769166
1440	0.0036581480362689748
1441	0.003658147171430985
1442	0.0036581463062569297
1443	0.0036581454407487207
1444	0.0036581445749077537
1445	0.003658143708728992
1446	0.0036581428422102504
1447	0.003658141975348631
1448	0.00365814110815031
1449	0.003658140240606957
1450	0.0036581393727189247
1451	0.0036581385044861868
1452	0.0036581376359054187
1453	0.0036581367669803037
1454	0.003658135897701866
1455	0.0036581350280790303
1456	0.003658134158101637
1457	0.0036581332877771524
1458	0.0036581324170954204
1459	0.003658131546064533
1460	0.0036581306746754565
1461	0.0036581298029378104
1462	0.003658128930837886
1463	0.003658128058385784
1464	0.003658127185577971
1465	0.003658126312410806
1466	0.0036581254388862454
1467	0.0036581245650034585
1468	0.0036581236907626408
1469	0.003658122816161802
1470	0.003658121941201468
1471	0.0036581210658799745
1472	0.003658120190199821
1473	0.0036581193141600197
1474	0.0036581184377559557
1475	0.0036581175609907367
1476	0.0036581166838664486
1477	0.003658115806379394
1478	0.0036581149285319185
1479	0.0036581140503212416
1480	0.0036581131717488328
1481	0.003658112292814988
1482	0.0036581114135184156
1483	0.003658110533858768
1484	0.0036581096538397233
1485	0.0036581087734537947
1486	0.0036581078927096595
1487	0.003658107011603737
1488	0.003658106130131314
1489	0.003658105248302115
1490	0.003658104366110431
1491	0.0036581034835556315
1492	0.003658102600640989
1493	0.0036581017173626072
1494	0.003658100833726443
1495	0.0036580999497282485
1496	0.0036580990653708114
1497	0.003658098180653377
1498	0.0036580972955759213
1499	0.0036580964101403197
1500	0.0036580955243428258
1501	0.003658094638189072
1502	0.003658093751678378
1503	0.0036580928648083486
1504	0.003658091977580301
1505	0.003658091089997686
1506	0.0036580902020586607
1507	0.0036580893137650367
1508	0.0036580884251157827
1509	0.0036580875361149866
1510	0.0036580866467664968
1511	0.003658085757070509
1512	0.0036580848670403386
1513	0.003658083976696072
1514	0.0036580830860713093
1515	0.0036580821952393377
1516	0.003658081304348549
1517	0.0036580804137107256
1518	0.003658079523959742
1519	0.003658078636427054
1520	0.003658077753929731
1521	0.0036580768824690936
1522	0.0036580760349098013
1523	0.003658075239112635
1524	0.0036580745557871146
1525	0.003658074118466543
1526	0.003658074222560032
1527	0.003658075527940569
1528	0.0036580795134469805
1529	0.003658089527915613
1530	0.0036581131219927316
1531	0.0036581674471305187
1532	0.0036582902346988166
1533	0.003658562491261029
1534	0.0036591310173653352
1535	0.003660187606248226
1536	0.003661607186796691
1537	0.0036623394065958227
1538	0.0036608329667338685
1539	0.0036584687123203752
1540	0.003658404892329609
1541	0.0036599041077843356
1542	0.003659564102428901
1543	0.003658143350729112
1544	0.003658638518394552
1545	0.003659290660204474
1546	0.00365833467175522
1547	0.003658259694061864
1548	0.0036588948091716943
1549	0.00365831050177983
1550	0.0036581798480186554
1551	0.003658636190368403
1552	0.0036582075510511285
1553	0.003658180305291323
1554	0.0036584602898320244
1555	0.0036581149333851986
1556	0.0036582022874052825
1557	0.0036583183983360155
1558	0.0036580647197559215
1559	0.0036582170345150987
1560	0.0036581986054125227
1561	0.0036580582097891752
1562	0.0036582067226810086
1563	0.003658109356230075
1564	0.003658077236261421
1565	0.0036581699115439213
1566	0.0036580589629363613
1567	0.0036580975472635295
1568	0.0036581203362353047
1569	0.003658043614659561
1570	0.003658102869178771
1571	0.0036580760418871055
1572	0.0036580485555552313
1573	0.003658091012310292
1574	0.0036580481057779854
1575	0.0036580573346746918
1576	0.003658069958780174
1577	0.0036580368939677648
1578	0.0036580599257873946
1579	0.003658049564319764
1580	0.003658035803293274
1581	0.0036580546012319913
1582	0.003658035589747635
1583	0.003658037337490719
1584	0.0036580447436259382
1585	0.003658028573281735
1586	0.00365803697025495
1587	0.003658034571387579
1588	0.0036580259748174014
1589	0.0036580336821389558
1590	0.0036580266064451285
1591	0.003658024830159478
1592	0.0036580285244241307
1593	0.003658021316228378
1594	0.003658023260308862
1595	0.0036580229754880076
1596	0.0036580179482363917
1597	0.0036580206771462498
1598	0.0036580180116949387
1599	0.0036580154809635534
1600	0.0036580173001312145
1601	0.003658013937209147
1602	0.003658013169706216
1603	0.0036580135979885704
1604	0.0036580106122777855
1605	0.0036580106678597147
1606	0.003658009949387569
1607	0.003658007743020809
1608	0.003658007919504041
1609	0.0036580065400495954
1610	0.003658005068653299
1611	0.003658005004147553
1612	0.0036580033973840666
1613	0.0036580024287676855
1614	0.0036580020254637557
1615	0.003658000465562284
1616	0.003657999755203891
1617	0.00365799905952192
1618	0.0036579976673031117
1619	0.003657997037153448
1620	0.0036579961447755467
1621	0.0036579949375840186
1622	0.003657994288370157
1623	0.0036579932907697555
1624	0.003657992234230477
1625	0.0036579915268019495
1626	0.003657990490830796
1627	0.003657989535659611
1628	0.003657988765852287
1629	0.0036579877319359096
1630	0.0036579868340683983
1631	0.0036579860128547583
1632	0.003657985000693414
1633	0.003657984128797634
1634	0.003657983270560919
1635	0.00365798228610201
1636	0.0036579814216628013
1637	0.003657980539089909
1638	0.0036579795804575384
1639	0.0036579787145168594
1640	0.0036579778172936613
1641	0.003657976879100782
1642	0.003657976008420028
1643	0.0036579751034827705
1644	0.00365797417968953
1645	0.0036579733037153607
1646	0.003657972395781667
1647	0.0036579714812874646
1648	0.003657970600399456
1649	0.0036579696923565034
1650	0.003657968783585572
1651	0.003657967898373214
1652	0.0036579669916396345
1653	0.003657966086408822
1654	0.0036579651975370856
1655	0.003657964292472877
1656	0.003657963389515317
1657	0.0036579624977326787
1658	0.003657961594118834
1659	0.003657960692632571
1660	0.0036579597987032465
1661	0.0036579588961514254
1662	0.003657957995527636
1663	0.003657957100113582
1664	0.0036579561983148567
1665	0.003657955298073187
1666	0.0036579544016160396
1667	0.0036579535003819948
1668	0.0036579526002088938
1669	0.0036579517029411064
1670	0.0036579508021435236
1671	0.0036579499018900437
1672	0.0036579490039080763
1673	0.0036579481034057044
1674	0.0036579472030279594
1675	0.003657946304400931
1676	0.003657945404037056
1677	0.00365794450353001
1678	0.003657943604330089
1679	0.0036579427039564604
1680	0.003657941803299572
1681	0.0036579409036029383
1682	0.003657940003112348
1683	0.0036579391022659017
1684	0.0036579382021253927
1685	0.003657937301458435
1686	0.0036579364003954612
1687	0.0036579354998324907
1688	0.0036579345989492702
1689	0.003657933697649404
1690	0.0036579327966796502
1691	0.0036579318955424437
1692	0.0036579309940037736
1693	0.003657930092641117
1694	0.003657929191208571
1695	0.0036579282894259875
1696	0.003657927387691673
1697	0.003657926485938402
1698	0.003657925583896224
1699	0.0036579246818110897
1700	0.0036579237797238853
1701	0.0036579228774014684
1702	0.003657921974985434
1703	0.003657921072556203
1704	0.0036579201699437416
1705	0.0036579192672038735
1706	0.003657918364435175
1707	0.0036579174615244845
1708	0.00365791655846723
1709	0.0036579156553622413
1710	0.003657914752145379
1711	0.0036579138487792045
1712	0.003657912945341058
1713	0.0036579120418102733
1714	0.003657911138144616
1715	0.0036579102343827553
1716	0.0036579093305390375
1717	0.0036579084265701235
1718	0.0036579075224963736
1719	0.003657906618340101
1720	0.003657905714071823
1721	0.0036579048096950515
1722	0.003657903905231715
1723	0.0036579030006690053
1724	0.0036579020959953195
1725	0.0036579011912299796
1726	0.00365790028637367
1727	0.0036578993814113513
1728	0.0036578984763561665
1729	0.003657897571211559
1730	0.0036578966659670557
1731	0.0036578957606297246
1732	0.003657894855202812
1733	0.0036578939496839584
1734	0.0036578930440726827
1735	0.00365789213837264
1736	0.0036578912325857856
1737	0.0036578903267089884
1738	0.003657889420744495
1739	0.003657888514697927
1740	0.003657887608562195
1741	0.0036578867023449478
1742	0.003657885796044769
1743	0.0036578848896640873
1744	0.0036578839831996183
1745	0.003657883076657235
1746	0.003657882170037061
1747	0.0036578812633392462
1748	0.0036578803565634798
1749	0.0036578794497150666
1750	0.00365787854279051
1751	0.0036578776357929204
1752	0.0036578767287225008
1753	0.00365787582158472
1754	0.0036578749143737605
1755	0.0036578740070934736
1756	0.0036578730997483032
1757	0.0036578721923368465
1758	0.0036578712848583037
1759	0.003657870377318442
1760	0.003657869469716643
1761	0.003657868562051001
1762	0.0036578676543239097
1763	0.003657866746539949
1764	0.0036578658386969753
1765	0.0036578649308012688
1766	0.0036578640228453634
1767	0.0036578631148380205
1768	0.0036578622067788558
1769	0.003657861298666234
1770	0.0036578603905009907
1771	0.0036578594822926484
1772	0.0036578585740328342
1773	0.0036578576657251794
1774	0.0036578567573747073
1775	0.0036578558489795683
1776	0.0036578549405418123
1777	0.003657854032061564
1778	0.0036578531235420967
1779	0.003657852214983464
1780	0.0036578513063889543
1781	0.0036578503977555852
1782	0.0036578494890900344
1783	0.00365784858038822
1784	0.003657847671656964
1785	0.0036578467628929296
1786	0.0036578458540978557
1787	0.0036578449452771495
1788	0.003657844036430675
1789	0.0036578431275558865
1790	0.0036578422186563622
1791	0.0036578413097346774
1792	0.0036578404007923857
1793	0.0036578394918277816
1794	0.0036578385828461525
1795	0.0036578376738436954
1796	0.003657836764828154
1797	0.003657835855799115
1798	0.0036578349467517733
1799	0.003657834037695399
1800	0.003657833128627338
1801	0.003657832219549444
1802	0.003657831310464808
1803	0.003657830401371001
1804	0.0036578294922744352
1805	0.003657828583172205
1806	0.003657827674068655
1807	0.0036578267649612192
1808	0.003657825855856343
1809	0.0036578249467528945
1810	0.0036578240376491113
1811	0.003657823128552335
1812	0.0036578222194594084
1813	0.003657821310374786
1814	0.003657820401298123
1815	0.003657819492231283
1816	0.003657818583174717
1817	0.0036578176741310425
1818	0.003657816765100354
1819	0.003657815856083691
1820	0.0036578149470875053
1821	0.0036578140381064665
1822	0.0036578131291463457
1823	0.003657812220205585
1824	0.003657811311285947
1825	0.003657810402391497
1826	0.003657809493520513
1827	0.0036578085846764035
1828	0.003657807675861388
1829	0.0036578067670721983
1830	0.003657805858315892
1831	0.0036578049495908276
1832	0.0036578040408986887
1833	0.0036578031322404593
1834	0.0036578022236207247
1835	0.0036578013150325244
1836	0.003657800406486683
1837	0.003657799497982237
1838	0.0036577985895198985
1839	0.0036577976810978187
1840	0.003657796772719264
1841	0.0036577958643880374
1842	0.0036577949561033838
1843	0.0036577940478682326
1844	0.00365779313968084
1845	0.0036577922315475055
1846	0.003657791323464047
1847	0.0036577904154334743
1848	0.003657789507460288
1849	0.003657788599543417
1850	0.003657787691683773
1851	0.003657786783885208
1852	0.0036577858761451605
1853	0.0036577849684703216
1854	0.003657784060857314
1855	0.003657783153310261
1856	0.0036577822458267475
1857	0.0036577813384160735
1858	0.003657780431070567
1859	0.0036577795237960637
1860	0.003657778616592857
1861	0.003657777709465942
1862	0.0036577768024109105
1863	0.0036577758954315087
1864	0.003657774988533115
1865	0.0036577740817117232
1866	0.003657773174968007
1867	0.0036577722683080746
1868	0.0036577713617312905
1869	0.0036577704552391904
1870	0.0036577695488313362
1871	0.003657768642512336
1872	0.0036577677362797665
1873	0.0036577668301380445
1874	0.0036577659240873157
1875	0.0036577650181306405
1876	0.003657764112266138
1877	0.0036577632064960152
1878	0.0036577623008260743
1879	0.0036577613952503227
1880	0.0036577604897745316
1881	0.0036577595843993054
1882	0.0036577586791270537
1883	0.0036577577739608834
1884	0.003657756868896958
1885	0.003657755963939709
1886	0.0036577550590883366
1887	0.0036577541543484767
1888	0.003657753249715969
1889	0.0036577523451988966
1890	0.0036577514407916236
1891	0.00365775053650061
1892	0.003657749632323168
1893	0.0036577487282629245
1894	0.0036577478243248747
1895	0.0036577469205030244
1896	0.003657746016804673
1897	0.003657745113226072
1898	0.0036577442097733884
1899	0.003657743306445673
1900	0.003657742403245409
1901	0.00365774150017006
1902	0.0036577405972253426
1903	0.0036577396944115657
1904	0.003657738791728373
1905	0.0036577378891813755
1906	0.0036577369867640884
1907	0.003657736084488587
1908	0.0036577351823466582
1909	0.00365773428034246
1910	0.0036577333784800874
1911	0.0036577324767596915
1912	0.0036577315751781256
1913	0.0036577306737454775
1914	0.003657729772454778
1915	0.003657728871311834
1916	0.003657727970316862
1917	0.0036577270694700677
1918	0.0036577261687743053
1919	0.0036577252682300204
1920	0.0036577243678411284
1921	0.0036577234676045184
1922	0.003657722567525479
1923	0.0036577216676006085
1924	0.00365772076783767
1925	0.003657719868231422
1926	0.003657718968787414
1927	0.0036577180695048245
1928	0.0036577171703879563
1929	0.003657716271433841
1930	0.003657715372646659
1931	0.0036577144740279595
1932	0.003657713575579611
1933	0.0036577126772997497
1934	0.0036577117791904176
1935	0.003657710881254198
1936	0.0036577099834942447
1937	0.0036577090859077244
1938	0.0036577081884946057
1939	0.0036577072912664997
1940	0.003657706394213452
1941	0.0036577054973410206
1942	0.0036577046006494446
1943	0.003657703704145132
1944	0.003657702807821536
1945	0.0036577019116855528
1946	0.0036577010157372762
1947	0.0036577001199756716
1948	0.0036576992244010953
1949	0.0036576983290226087
1950	0.0036576974338308997
1951	0.00365769653883667
1952	0.003657695644033834
1953	0.0036576947494297075
1954	0.003657693855021293
1955	0.0036576929608108104
1956	0.0036576920667999767
1957	0.003657691172992293
1958	0.003657690279383341
1959	0.00365768938597995
1960	0.0036576884927824057
1961	0.003657687599788566
1962	0.0036576867070015526
1963	0.0036576858144257954
1964	0.0036576849220572617
1965	0.0036576840299001063
1966	0.0036576831379541343
1967	0.00365768224622665
1968	0.0036576813547091434
1969	0.0036576804634067903
1970	0.003657679572322525
1971	0.003657678681456658
1972	0.003657677790811937
1973	0.0036576769003878896
1974	0.003657676010182821
1975	0.0036576751202066046
1976	0.0036576742304504444
1977	0.003657673340919757
1978	0.0036576724516178727
1979	0.003657671562542246
1980	0.0036576706736991854
1981	0.003657669785082676
1982	0.0036576688967020635
1983	0.0036576680085525603
1984	0.0036576671206365588
1985	0.003657666232956343
1986	0.0036576653455141065
1987	0.003657664458307137
1988	0.0036576635713417294
1989	0.003657662684613793
1990	0.0036576617981279604
1991	0.0036576609118864753
1992	0.0036576600258869966
1993	0.0036576591401352755
1994	0.0036576582546268563
1995	0.0036576573693675707
1996	0.003657656484355102
1997	0.0036576555995967604
1998	0.0036576547150827025
1999	0.0036576538308246836
2000	0.0036576529468187137
2001	0.003657652063067408
2002	0.0036576511795722516
2003	0.003657650296333535
2004	0.003657649413351188
2005	0.0036576485306310308
2006	0.003657647648167911
2007	0.0036576467659679202
2008	0.003657645884031101
2009	0.003657645002356643
2010	0.003657644120948113
2011	0.0036576432398034956
2012	0.003657642358927436
2013	0.0036576414783235553
2014	0.003657640597982895
2015	0.003657639717914631
2016	0.00365763883811921
2017	0.0036576379585965607
2018	0.0036576370793472866
2019	0.0036576362003734385
2020	0.0036576353216772072
2021	0.003657634443254876
2022	0.0036576335651142176
2023	0.003657632687252785
2024	0.0036576318096711155
2025	0.0036576309323720435
2026	0.0036576300553549266
2027	0.003657629178623621
2028	0.003657628302174793
2029	0.003657627426015269
2030	0.003657626550139929
2031	0.0036576256745556035
2032	0.0036576247992594004
2033	0.003657623924255924
2034	0.003657623049542081
2035	0.003657622175123533
2036	0.0036576213009968895
2037	0.0036576204271670325
2038	0.003657619553629332
2039	0.003657618680394618
2040	0.003657617807454907
2041	0.0036576169348145806
2042	0.0036576160624759153
2043	0.003657615190438118
2044	0.0036576143187031403
2045	0.0036576134472688275
2046	0.003657612576143703
2047	0.0036576117053253795
2048	0.003657610834812435
2049	0.003657609964605364
2050	0.003657609094708641
2051	0.0036576082251234265
2052	0.003657607355846859
2053	0.003657606486883685
2054	0.0036576056182343352
2055	0.0036576047498969393
2056	0.0036576038818776887
2057	0.0036576030141733957
2058	0.003657602146786278
2059	0.0036576012797194662
2060	0.003657600412970483
2061	0.0036575995465452753
2062	0.0036575986804412187
2063	0.0036575978146646125
2064	0.0036575969492237724
2065	0.003657596084121238
2066	0.0036575952193838397
2067	0.0036575943550498074
2068	0.003657593491211768
2069	0.0036575926280533197
2070	0.00365759176597537
2071	0.0036575909058475277
2072	0.003657590049565602
2073	0.003657589201292114
2074	0.0036575883702526318
2075	0.003657587577006998
2076	0.0036575868676969998
2077	0.003657586346643917
2078	0.0036575862510888238
2079	0.0036575871247591313
2080	0.0036575902189489905
2081	0.00365759843737475
2082	0.0036576185123519634
2083	0.0036576661497618322
2084	0.00365777727893621
2085	0.0036580327396670198
2086	0.0036585951137733047
2087	0.003659729726109605
2088	0.0036615280970348067
2089	0.0036630854371912857
2090	0.0036621314228071715
2091	0.003659169460005473
2092	0.0036585433535001603
2093	0.003660465721437402
2094	0.003660095126069037
2095	0.0036579049420539874
2096	0.0036583510495842623
2097	0.003659130506369011
2098	0.0036580176951334815
2099	0.0036582907325297415
2100	0.0036586912829948684
2101	0.0036576592425217784
2102	0.0036580646276275493
2103	0.0036583557606511895
2104	0.003657675970411586
2105	0.0036580282534396285
2106	0.0036578973963544235
2107	0.003657707370196912
2108	0.003658032874654631
2109	0.0036576388158463475
2110	0.0036577455666288545
2111	0.0036578712780099875
2112	0.00365760204175003
2113	0.0036577771644604917
2114	0.0036576604593936343
2115	0.0036576645289015442
2116	0.0036577315837239394
2117	0.0036575653293734237
2118	0.0036576982625297766
2119	0.003657636759839276
2120	0.0036575922736414132
2121	0.0036576564634527727
2122	0.003657577961383748
2123	0.0036576343924642077
2124	0.0036575895190647345
2125	0.003657577957640983
2126	0.00365762236484948
2127	0.0036575594148024345
2128	0.003657591672255804
2129	0.003657578658020949
2130	0.0036575675484449505
2131	0.00365758387201468
2132	0.0036575517003487493
2133	0.0036575766838645644
2134	0.0036575627973284624
2135	0.003657551948728182
2136	0.003657567375933686
2137	0.0036575493249430937
2138	0.0036575583981500784
2139	0.003657550511154303
2140	0.0036575472709288164
2141	0.0036575552456452557
2142	0.003657541183429468
2143	0.003657547509598752
2144	0.0036575451364959655
2145	0.003657540409984107
2146	0.003657543954197765
2147	0.0036575370482706303
2148	0.0036575406155202926
2149	0.003657537978132793
2150	0.0036575340919070528
2151	0.003657537405570998
2152	0.00365753295400511
2153	0.003657533291120772
2154	0.0036575322561947284
2155	0.003657529911988568
2156	0.003657531314086189
2157	0.003657527994278329
2158	0.003657527843602781
2159	0.0036575277013299293
2160	0.0036575253177890126
2161	0.003657525606405849
2162	0.0036575238734526806
2163	0.0036575232406841065
2164	0.003657522835573507
2165	0.0036575208972270136
2166	0.0036575209068403537
2167	0.003657519797083386
2168	0.0036575186411013094
2169	0.0036575182484429314
2170	0.003657516916681042
2171	0.003657516449091417
2172	0.003657515527439873
2173	0.0036575143933963846
2174	0.0036575139917855845
2175	0.003657512895840587
2176	0.003657512096166007
2177	0.0036575113887754584
2178	0.0036575103813340252
2179	0.003657509776314234
2180	0.0036575088381425383
2181	0.003657507976820987
2182	0.003657507334142192
2183	0.0036575063841006077
2184	0.0036575056350773225
2185	0.003657504847663052
2186	0.003657503984160852
2187	0.0036575032804432544
2188	0.0036575024090196697
2189	0.0036575016152159993
2190	0.0036575008821857534
2191	0.003657500025348721
2192	0.0036574992674924425
2193	0.0036574984750909322
2194	0.0036574976650059895
2195	0.003657496918599535
2196	0.0036574960969603474
2197	0.0036574953165161585
2198	0.003657494556859912
2199	0.0036574937464757184
2200	0.0036574929798261664
2201	0.0036574921966825357
2202	0.0036574914075710838
2203	0.0036574906465402135
2204	0.0036574898531475516
2205	0.003657489076669424
2206	0.0036574883112295144
2207	0.0036574875238387307
2208	0.003657486754711777
2209	0.0036574859802741035
2210	0.003657485201831548
2211	0.0036574844372147704
2212	0.003657483659499759
2213	0.0036574828868432404
2214	0.0036574821216511064
2215	0.0036574813469036215
2216	0.0036574805791298962
2217	0.003657479811108448
2218	0.0036574790400130054
2219	0.0036574782759228684
2220	0.003657477507498154
2221	0.0036574767394374676
2222	0.0036574759762701093
2223	0.0036574752094846296
2224	0.0036574744448570054
2225	0.0036574736816442407
2226	0.003657472916524287
2227	0.003657472154674834
2228	0.0036574713923188265
2229	0.0036574706291394978
2230	0.003657469868722592
2231	0.0036574691075755613
2232	0.003657468346811998
2233	0.0036574675875479315
2234	0.003657466827540974
2235	0.0036574660688053766
2236	0.0036574653108784085
2237	0.0036574645524040184
2238	0.003657463795212254
2239	0.0036574630384690393
2240	0.0036574622817457637
2241	0.0036574615260747964
2242	0.003657460770507109
2243	0.003657460015349622
2244	0.0036574592611214804
2245	0.0036574585069416234
2246	0.0036574577532805805
2247	0.003657457000325739
2248	0.0036574562475610267
2249	0.0036574554954099197
2250	0.0036574547437537163
2251	0.0036574539923513874
2252	0.003657453241602636
2253	0.003657452491287814
2254	0.00365745174129341
2255	0.0036574509918858933
2256	0.0036574502428725853
2257	0.003657449494272504
2258	0.0036574487462142625
2259	0.003657447998515955
2260	0.0036574472512609967
2261	0.0036574465045219073
2262	0.0036574457581577714
2263	0.0036574450122427195
2264	0.0036574442668031977
2265	0.0036574435217529835
2266	0.00365744277717169
2267	0.0036574420330370014
2268	0.003657441289297512
2269	0.003657440546019905
2270	0.003657439803183654
2271	0.0036574390607579527
2272	0.0036574383187821745
2273	0.0036574375772341463
2274	0.003657436836106081
2275	0.0036574360954304964
2276	0.003657435355175549
2277	0.0036574346153410535
2278	0.003657433875949472
2279	0.0036574331369824556
2280	0.0036574323984402603
2281	0.00365743166033608
2282	0.003657430922652782
2283	0.0036574301853955246
2284	0.003657429448572803
2285	0.003657428712173198
2286	0.0036574279761995556
2287	0.0036574272406548493
2288	0.003657426505534534
2289	0.0036574257708441096
2290	0.0036574250365776374
2291	0.0036574243027349285
2292	0.0036574235693182192
2293	0.003657422836330614
2294	0.0036574221037678012
2295	0.0036574213716292145
2296	0.0036574206399187337
2297	0.0036574199086295
2298	0.003657419177768172
2299	0.0036574184473327468
2300	0.0036574177173227277
2301	0.003657416987735757
2302	0.0036574162585746653
2303	0.0036574155298395045
2304	0.003657414801529908
2305	0.0036574140736461026
2306	0.003657413346186304
2307	0.003657412619155303
2308	0.0036574118925447275
2309	0.003657411166361285
2310	0.0036574104406074726
2311	0.0036574097152743544
2312	0.0036574089903698196
2313	0.0036574082658906533
2314	0.0036574075418364716
2315	0.003657406818210743
2316	0.003657406095009009
2317	0.003657405372237484
2318	0.00365740464988977
2319	0.003657403927967367
2320	0.0036574032064727938
2321	0.003657402485406632
2322	0.00365740176476675
2323	0.0036574010445548197
2324	0.003657400324769692
2325	0.0036573996054128136
2326	0.0036573988864822184
2327	0.003657398167979372
2328	0.003657397449907185
2329	0.0036573967322587678
2330	0.0036573960150438714
2331	0.003657395298256424
2332	0.003657394581897451
2333	0.003657393865968293
2334	0.003657393150467874
2335	0.0036573924353976426
2336	0.00365739172075341
2337	0.00365739100654399
2338	0.003657390292758113
2339	0.00365738957941126
2340	0.0036573888664907274
2341	0.003657388154000024
2342	0.0036573874419388495
2343	0.0036573867303138483
2344	0.003657386019114847
2345	0.003657385308351579
2346	0.0036573845980174984
2347	0.0036573838881175554
2348	0.0036573831786480978
2349	0.0036573824696119394
2350	0.0036573817610093314
2351	0.0036573810528374817
2352	0.003657380345097429
2353	0.0036573796377948786
2354	0.00365737893092326
2355	0.0036573782244850484
2356	0.0036573775184828507
2357	0.0036573768129155373
2358	0.0036573761077797664
2359	0.003657375403078753
2360	0.0036573746988141096
2361	0.003657373994987024
2362	0.003657373291592175
2363	0.003657372588635222
2364	0.003657371886109765
2365	0.0036573711840212613
2366	0.003657370482372279
2367	0.0036573697811576513
2368	0.0036573690803801935
2369	0.0036573683800403575
2370	0.003657367680136888
2371	0.0036573669806706293
2372	0.003657366281640687
2373	0.003657365583050556
2374	0.003657364884899396
2375	0.0036573641871843294
2376	0.003657363489908711
2377	0.0036573627930691624
2378	0.003657362096671624
2379	0.0036573614007133913
2380	0.003657360705193821
2381	0.0036573600101129262
2382	0.003657359315473135
2383	0.0036573586212727788
2384	0.0036573579275108676
2385	0.0036573572341903242
2386	0.0036573565413123023
2387	0.0036573558488726837
2388	0.0036573551568763363
2389	0.0036573544653192755
2390	0.003657353774204866
2391	0.0036573530835318528
2392	0.003657352393301766
2393	0.0036573517035101335
2394	0.003657351014163772
2395	0.0036573503252595955
2396	0.0036573496367976665
2397	0.0036573489487777963
2398	0.003657348261201643
2399	0.0036573475740708994
2400	0.003657346887380639
2401	0.003657346201135877
2402	0.003657345515334951
2403	0.003657344829976886
2404	0.003657344145061855
2405	0.0036573434605950542
2406	0.0036573427765701247
2407	0.0036573420929904765
2408	0.0036573414098564298
2409	0.003657340727165893
2410	0.0036573400449240565
2411	0.0036573393631252797
2412	0.003657338681775795
2413	0.0036573380008660763
2414	0.0036573373204056613
2415	0.00365733664038927
2416	0.0036573359608222575
2417	0.0036573352817028666
2418	0.0036573346030301457
2419	0.0036573339248028272
2420	0.003657333247021611
2421	0.003657332569689902
2422	0.003657331892802808
2423	0.0036573312163660516
2424	0.003657330540375134
2425	0.0036573298648340823
2426	0.00365732918973905
2427	0.003657328515095617
2428	0.003657327840898725
2429	0.0036573271671469913
2430	0.0036573264938489173
2431	0.003657325820999883
2432	0.0036573251485977915
2433	0.003657324476646801
2434	0.0036573238051416045
2435	0.003657323134090698
2436	0.003657322463485533
2437	0.003657321793332163
2438	0.0036573211236277593
2439	0.003657320454376194
2440	0.0036573197855730376
2441	0.0036573191172195483
2442	0.0036573184493186306
2443	0.0036573177818672777
2444	0.003657317114865677
2445	0.0036573164483179907
2446	0.00365731578222068
2447	0.003657315116570629
2448	0.003657314451378826
2449	0.0036573137866333805
2450	0.0036573131223396798
2451	0.0036573124585007636
2452	0.00365731179511184
2453	0.0036573111321759662
2454	0.0036573104696921667
2455	0.003657309807658973
2456	0.003657309146079928
2457	0.0036573084849540255
2458	0.0036573078242795334
2459	0.003657307164058864
2460	0.0036573065042915303
2461	0.00365730584497649
2462	0.003657305186113678
2463	0.0036573045277053244
2464	0.003657303869748822
2465	0.003657303212249568
2466	0.0036573025551999592
2467	0.0036573018986035227
2468	0.0036573012424630288
2469	0.0036573005867762123
2470	0.003657299931544603
2471	0.003657299276764981
2472	0.0036572986224415733
2473	0.003657297968570467
2474	0.0036572973151559867
2475	0.003657296662196264
2476	0.003657296009687452
2477	0.0036572953576377073
2478	0.0036572947060397854
2479	0.0036572940548992446
2480	0.003657293404210233
2481	0.003657292753980156
2482	0.003657292104202127
2483	0.003657291454882537
2484	0.0036572908060156237
2485	0.0036572901576053278
2486	0.003657289509651722
2487	0.003657288862150991
2488	0.003657288215108476
2489	0.003657287568522152
2490	0.003657286922389692
2491	0.0036572862767132695
2492	0.0036572856314912665
2493	0.0036572849867296227
2494	0.00365728434241945
2495	0.00365728369856834
2496	0.0036572830551744634
2497	0.003657282412235529
2498	0.003657281769750942
2499	0.003657281127726583
2500	0.003657280486156283
2501	0.0036572798450428363
2502	0.0036572792043888286
2503	0.00365727856418875
2504	0.003657277924445891
2505	0.0036572772851594555
2506	0.003657276646330636
2507	0.003657276007959897
2508	0.0036572753700456206
2509	0.0036572747325873257
2510	0.0036572740955864574
2511	0.0036572734590442765
2512	0.0036572728229580112
2513	0.0036572721873314533
2514	0.003657271552158437
2515	0.0036572709174440407
2516	0.0036572702831876706
2517	0.0036572696493879777
2518	0.0036572690160457744
2519	0.003657268383162284
2520	0.0036572677507357874
2521	0.0036572671187674217
2522	0.0036572664872569593
2523	0.003657265856204163
2524	0.0036572652256068447
2525	0.0036572645954691474
2526	0.0036572639657911337
2527	0.0036572633365689676
2528	0.003657262707803713
2529	0.0036572620794972344
2530	0.003657261451649824
2531	0.0036572608242570366
2532	0.003657260197325719
2533	0.0036572595708523627
2534	0.003657258944833563
2535	0.0036572583192763745
2536	0.003657257694178309
2537	0.003657257069535456
2538	0.0036572564453531326
2539	0.003657255821624565
2540	0.003657255198357764
2541	0.0036572545755499267
2542	0.0036572539531983745
2543	0.0036572533313047237
2544	0.0036572527098699473
2545	0.003657252088893514
2546	0.003657251468374986
2547	0.0036572508483155523
2548	0.0036572502287130068
2549	0.003657249609569731
2550	0.003657248990882877
2551	0.003657248372656015
2552	0.003657247754888474
2553	0.0036572471375771348
2554	0.003657246520725275
2555	0.003657245904333093
2556	0.0036572452883963094
2557	0.0036572446729190387
2558	0.0036572440578989665
2559	0.003657243443337955
2560	0.003657242829235718
2561	0.003657242215592234
2562	0.0036572416024057254
2563	0.0036572409896777278
2564	0.003657240377406046
2565	0.0036572397655975477
2566	0.003657239154243923
2567	0.003657238543347837
2568	0.003657237932910889
2569	0.003657237322932317
2570	0.003657236713411318
2571	0.0036572361043499214
2572	0.0036572354957442894
2573	0.0036572348875992633
2574	0.0036572342799108108
2575	0.003657233672680119
2576	0.003657233065908277
2577	0.0036572324595931524
2578	0.003657231853736835
2579	0.003657231248338782
2580	0.0036572306433970683
2581	0.0036572300389152426
2582	0.0036572294348900043
2583	0.0036572288313235215
2584	0.0036572282282141093
2585	0.003657227625562789
2586	0.0036572270233700063
2587	0.0036572264216328336
2588	0.0036572258203551693
2589	0.0036572252195342845
2590	0.0036572246191703063
2591	0.003657224019265574
2592	0.003657223419816513
2593	0.0036572228208251755
2594	0.0036572222222919365
2595	0.0036572216242183753
2596	0.0036572210265974087
2597	0.0036572204294362887
2598	0.003657219832732469
2599	0.003657219236485956
2600	0.003657218640696485
2601	0.0036572180453638475
2602	0.0036572174504883527
2603	0.0036572168560688157
2604	0.0036572162621070505
2605	0.00365721566860272
2606	0.0036572150755544326
2607	0.003657214482962734
2608	0.0036572138908285944
2609	0.003657213299150663
2610	0.003657212707927685
2611	0.0036572121171616827
2612	0.003657211526854111
2613	0.003657210937004072
2614	0.0036572103476084734
2615	0.0036572097586676133
2616	0.0036572091701851652
2617	0.003657208582158954
2618	0.0036572079945879897
2619	0.0036572074074737605
2620	0.0036572068208147175
2621	0.0036572062346117485
2622	0.0036572056488639766
2623	0.003657205063572611
2624	0.003657204478737671
2625	0.0036572038943581318
2626	0.003657203310434578
2627	0.003657202726966575
2628	0.003657202143953267
2629	0.0036572015613976355
2630	0.0036572009792971956
2631	0.003657200397652303
2632	0.003657199816469086
2633	0.003657199235746366
2634	0.0036571986554897974
2635	0.003657198075704578
2636	0.003657197496409958
2637	0.003657196917623334
2638	0.0036571963393932268
2639	0.0036571957617931358
2640	0.003657195184964954
2641	0.003657194609149647
2642	0.003657194034801663
2643	0.0036571934627281843
2644	0.0036571928944034264
2645	0.003657192332527524
2646	0.003657191782050281
2647	0.00365719125211911
2648	0.00365719075964511
2649	0.003657190336123883
2650	0.0036571900402938076
2651	0.003657189982465566
2652	0.0036571903697187854
2653	0.003657191594173102
2654	0.003657194394577434
2655	0.0036572001776994214
2656	0.003657211580407076
2657	0.0036572335972450483
2658	0.0036572752743650595
2659	0.0036573529081872567
2660	0.003657491846059426
2661	0.0036577266756814904
2662	0.0036580706429146866
2663	0.0036584596401727154
2664	0.00365863205804412
2665	0.003658308375887192
2666	0.0036576090323231945
2667	0.0036572421329042477
2668	0.003657503993313369
2669	0.0036577352348770267
2670	0.003657438002048037
2671	0.003657183882899375
2672	0.003657405524752348
2673	0.0036575012733354364
2674	0.0036572630279241396
2675	0.0036572720146059454
2676	0.0036574077913466008
2677	0.0036572593295093854
2678	0.0036571964697647546
2679	0.0036573141724986643
2680	0.0036572449180655177
2681	0.003657193162484084
2682	0.0036572839289032593
2683	0.0036572375649762037
2684	0.0036571914601345925
2685	0.0036572483764078113
2686	0.00365720655059099
2687	0.0036571771756817545
2688	0.0036572213046393667
2689	0.003657190951118654
2690	0.0036571800692854835
2691	0.0036572121108136516
2692	0.0036571845480174855
2693	0.003657179848276389
2694	0.0036571973575551665
2695	0.003657172287055084
2696	0.0036571732146202297
2697	0.003657183805944944
2698	0.003657165957323816
2699	0.003657171858797495
2700	0.0036571777685720313
2701	0.003657164769258361
2702	0.0036571707158222187
2703	0.003657171586074286
2704	0.0036571614330152147
2705	0.003657166226687749
2706	0.0036571647192373963
2707	0.003657158012597436
2708	0.003657162465152029
2709	0.0036571605768351855
2710	0.003657156675189585
2711	0.0036571603164667925
2712	0.003657158092853193
2713	0.0036571555327862774
2714	0.003657157855572085
2715	0.003657155351290099
2716	0.003657153513852478
2717	0.003657154855932118
2718	0.0036571525400535647
2719	0.003657151351837377
2720	0.003657152183165549
2721	0.0036571503011914646
2722	0.003657149589238238
2723	0.003657150079611351
2724	0.003657148556296925
2725	0.003657148057288927
2726	0.0036571482346249343
2727	0.0036571469350766108
2728	0.0036571464796925257
2729	0.00365714639918102
2730	0.003657145257040764
2731	0.0036571447928920157
2732	0.0036571445410426475
2733	0.0036571435352530566
2734	0.0036571430609573068
2735	0.003657142710839183
2736	0.0036571418249025604
2737	0.0036571413448487546
2738	0.003657140940746894
2739	0.00365714015281967
2740	0.003657139668342273
2741	0.003657139234535055
2742	0.0036571385238477927
2743	0.0036571380370913026
2744	0.003657137589604196
2745	0.0036571369426263564
2746	0.0036571364612971837
2747	0.003657136017549876
2748	0.0036571354346084826
2749	0.003657134980336865
2750	0.0036571345737209443
2751	0.003657134085809901
2752	0.0036571337196864896
2753	0.003657133439214498
2754	0.003657133164811595
2755	0.0036571330739302143
2756	0.003657133197220013
2757	0.0036571335437524406
2758	0.0036571343535235345
2759	0.0036571358306464663
2760	0.003657138248721062
2761	0.003657142199995841
2762	0.003657148502718809
2763	0.0036571583712984874
2764	0.003657173828539863
2765	0.003657197854849997
2766	0.0036572348874786597
2767	0.0036572911526936117
2768	0.0036573747616229797
2769	0.003657493558833123
2770	0.003657651112755418
2771	0.0036578341762212854
2772	0.0036580003342072853
2773	0.0036580689083192865
2774	0.0036579601041054613
2775	0.0036576700216186717
2776	0.003657331075779544
2777	0.003657133966518936
2778	0.0036571667407921333
2779	0.0036573360494571738
2780	0.003657452661042429
2781	0.003657399303489085
2782	0.003657234406457404
2783	0.003657123214746244
2784	0.003657153966331401
2785	0.003657252348304065
2786	0.0036572845004413878
2787	0.003657213993404302
2788	0.003657130189604462
2789	0.0036571242628675514
2790	0.0036571794695861616
2791	0.0036572090482919813
2792	0.0036571739374602766
2793	0.003657123301618023
2794	0.003657117611145163
2795	0.0036571499427316997
2796	0.0036571667735234457
2797	0.0036571447986770405
2798	0.0036571154983315547
2799	0.0036571143348349726
2800	0.0036571339228809443
2801	0.0036571416021772348
2802	0.0036571266447352844
2803	0.00365711011969496
2804	0.0036571113493337943
2805	0.0036571230120833347
2806	0.0036571257718780235
2807	0.0036571157205487585
2808	0.0036571064856678534
2809	0.0036571081395780493
2810	0.0036571148424960707
2811	0.0036571154704501604
2812	0.003657108941379988
2813	0.0036571036356678735
2814	0.003657104819907785
2815	0.0036571085490166217
2816	0.003657108478023743
2817	0.0036571043362460445
2818	0.0036571010639302095
2819	0.0036571015940490776
2820	0.0036571035966817458
2821	0.003657103408242207
2822	0.0036571008060308783
2823	0.0036570985932875277
2824	0.0036570985750598237
2825	0.0036570995679741005
2826	0.003657099422892663
2827	0.003657097791008734
2828	0.0036570961768212476
2829	0.0036570957828902526
2830	0.0036570961545028128
2831	0.003657096043939826
2832	0.00365709501861959
2833	0.0036570937953434085
2834	0.0036570931851886545
2835	0.003657093149515179
2836	0.003657093014825443
2837	0.00365709235777284
2838	0.0036570914267885658
2839	0.003657090729898427
2840	0.003657090422178766
2841	0.0036570902072886723
2842	0.003657089750524184
2843	0.00365708904723023
2844	0.003657088360472429
2845	0.003657087886801685
2846	0.003657087562134631
2847	0.0036570871816266823
2848	0.0036570866410724876
2849	0.0036570860237856093
2850	0.003657085477042104
2851	0.0036570850492247337
2852	0.0036570846609953666
2853	0.003657084210554407
2854	0.00365708367922264
2855	0.003657083132870989
2856	0.0036570826402566895
2857	0.003657082205668736
2858	0.0036570817778139248
2859	0.0036570813100111356
2860	0.0036570808034157676
2861	0.0036570802961875927
2862	0.003657079820384136
2863	0.003657079373535863
2864	0.0036570789278707926
2865	0.003657078460651081
2866	0.0036570779736195295
2867	0.0036570774864640573
2868	0.0036570770157016773
2869	0.0036570765608002574
2870	0.0036570761080683117
2871	0.003657075645134085
2872	0.003657075171250481
2873	0.00365707469555291
2874	0.0036570742273608686
2875	0.0036570737683629217
2876	0.003657073312769513
2877	0.0036570728535653715
2878	0.003657072388430348
2879	0.003657071920638054
2880	0.0036570714552897976
2881	0.0036570709949338485
2882	0.003657070538081262
2883	0.0036570700812056955
2884	0.0036570696218335883
2885	0.003657069160205191
2886	0.0036570686985123815
2887	0.0036570682388709012
2888	0.003657067781789657
2889	0.0036570673261296467
2890	0.0036570668702796934
2891	0.0036570664133767574
2892	0.0036570659557548005
2893	0.00365706549845782
2894	0.003657065042361698
2895	0.0036570645876379555
2896	0.003657064133777661
2897	0.003657063680076792
2898	0.003657063226131211
2899	0.0036570627720289234
2900	0.003657062318182939
2901	0.0036570618650081273
2902	0.0036570614126564603
2903	0.003657060960994218
2904	0.00365706050973723
2905	0.0036570600586487353
2906	0.0036570596076683877
2907	0.0036570591569028204
2908	0.0036570587065340343
2909	0.0036570582566953025
2910	0.0036570578074164055
2911	0.0036570573586240007
2912	0.0036570569102035563
2913	0.0036570564620720504
2914	0.003657056014203834
2915	0.003657055566641953
2916	0.0036570551194520847
2917	0.00365705467269009
2918	0.0036570542263734823
2919	0.0036570537804928053
2920	0.003657053335000043
2921	0.00365705288985983
2922	0.0036570524450486716
2923	0.003657052000571118
2924	0.0036570515564455855
2925	0.003657051112697554
2926	0.003657050669343934
2927	0.003657050226386018
2928	0.003657049783821478
2929	0.003657049341634409
2930	0.0036570488998103976
2931	0.0036570484583428237
2932	0.0036570480172298243
2933	0.00365704757647718
2934	0.0036570471360890984
2935	0.0036570466960701613
2936	0.0036570462564304513
2937	0.0036570458171623055
2938	0.0036570453782728872
2939	0.0036570449397493538
2940	0.0036570445015926102
2941	0.0036570440638002935
2942	0.003657043626369421
2943	0.003657043189300316
2944	0.003657042752594019
2945	0.0036570423162509786
2946	0.003657041880273147
2947	0.0036570414446615383
2948	0.003657041009414765
2949	0.0036570405745367882
2950	0.00365704014002195
2951	0.0036570397058706483
2952	0.003657039272082
2953	0.003657038838659761
2954	0.0036570384055956287
2955	0.003657037972894103
2956	0.00365703754055279
2957	0.00365703710857234
2958	0.0036570366769513585
2959	0.003657036245694998
2960	0.0036570358147972855
2961	0.0036570353842612503
2962	0.0036570349540852596
2963	0.003657034524267788
2964	0.0036570340948121763
2965	0.003657033665715392
2966	0.0036570332369767586
2967	0.0036570328086018298
2968	0.003657032380581367
2969	0.0036570319529226217
2970	0.0036570315256196197
2971	0.003657031098674879
2972	0.003657030672090231
2973	0.003657030245860723
2974	0.003657029819989285
2975	0.003657029394474204
2976	0.0036570289693165356
2977	0.0036570285445141145
2978	0.003657028120072627
2979	0.0036570276959826814
2980	0.0036570272722512703
2981	0.003657026848872098
2982	0.003657026425853923
2983	0.0036570260031875226
2984	0.003657025580876017
2985	0.003657025158920203
2986	0.003657024737320739
2987	0.0036570243160799
2988	0.0036570238951920343
2989	0.0036570234746611165
2990	0.003657023054494079
2991	0.003657022634680337
2992	0.003657022215233458
2993	0.003657021796156396
2994	0.0036570213774543294
2995	0.0036570209591419885
2996	0.003657020541240839
2997	0.003657020123782294
2998	0.0036570197068110013
2999	0.003657019290411823
3000	0.003657018874714982
3001	0.0036570184599279106
3002	0.00365701804639896
3003	0.0036570176347025998
3004	0.003657017225789213
3005	0.003657016821257065
3006	0.0036570164238125783
3007	0.003657016038057067
3008	0.003657015671891888
3009	0.0036570153389626926
3010	0.003657015063031494
3011	0.0036570148857562493
3012	0.003657014880665108
3013	0.0036570151784674873
3014	0.003657016012946735
3015	0.003657017804957616
3016	0.0036570213157215026
3017	0.0036570279284659237
3018	0.003657040159120618
3019	0.0036570625775371904
3020	0.0036571033939255745
3021	0.003657177033329033
3022	0.0036573075071639803
3023	0.0036575305385920034
3024	0.0036578854328019506
3025	0.0036583754979844915
3026	0.003658874280379632
3027	0.003659045155006581
3028	0.0036585510844060146
3029	0.003657604649470534
3030	0.0036570232326124663
3031	0.0036572583996967744
3032	0.003657773674741265
3033	0.003657754502243126
3034	0.0036572393409053452
3035	0.003657018306086805
3036	0.00365731100278161
3037	0.0036574748922312645
3038	0.0036572048104461545
3039	0.003657015082167905
3040	0.0036571857863899825
3041	0.0036572861603938025
3042	0.0036571081412228503
3043	0.003657023471564956
3044	0.003657148261060018
3045	0.0036571621013720274
3046	0.003657038446675107
3047	0.0036570407229008584
3048	0.0036571187156672746
3049	0.0036570741019234295
3050	0.0036570104498561823
3051	0.003657055774622793
3052	0.0036570793243014595
3053	0.003657020609528861
3054	0.0036570113960640842
3055	0.003657055045692261
3056	0.003657038801227584
3057	0.0036569997043240923
3058	0.003657019413341026
3059	0.0036570388110949044
3060	0.0036570105546229704
3061	0.003656998890934097
3062	0.003657020365052555
3063	0.003657018029804736
3064	0.0036569981505546758
3065	0.003657003126735988
3066	0.0036570131155431776
3067	0.0036570024029148208
3068	0.003656995880681326
3069	0.003657004038212847
3070	0.003657003208519579
3071	0.0036569944509572457
3072	0.0036569964278581448
3073	0.0036570008078213737
3074	0.0036569953358360306
3075	0.0036569916518144644
3076	0.0036569958332172783
3077	0.0036569959101707588
3078	0.0036569907370985954
3079	0.0036569906922515457
3080	0.0036569935664514048
3081	0.003656991475833082
3082	0.0036569884433888594
3083	0.003656989674232585
3084	0.003656990546929489
3085	0.0036569882320608782
3086	0.003656987101402468
3087	0.003656988122683555
3088	0.0036569876420938646
3089	0.0036569859749267133
3090	0.003656985865955247
3091	0.0036569862285243167
3092	0.003656985210443633
3093	0.0036569842565079744
3094	0.0036569844483894613
3095	0.0036569842699106223
3096	0.0036569832333267754
3097	0.0036569827416458437
3098	0.0036569828632564824
3099	0.0036569824023177534
3100	0.0036569815532762695
3101	0.0036569812680242687
3102	0.0036569812090781494
3103	0.003656980662520284
3104	0.0036569800209483544
3105	0.003656979785906814
3106	0.0036569795646350695
3107	0.0036569790301883374
3108	0.0036569785426917717
3109	0.003656978292564903
3110	0.0036569779662053085
3111	0.003656977472937857
3112	0.003656977075733916
3113	0.003656976796073618
3114	0.003656976418261746
3115	0.0036569759644646356
3116	0.003656975608461948
3117	0.003656975303302135
3118	0.0036569749102168822
3119	0.0036569744868299855
3120	0.0036569741427734488
3121	0.0036569738187325266
3122	0.003656973428734783
3123	0.0036569730280203356
3124	0.0036569726830589446
3125	0.003656972345252363
3126	0.0036569719639280456
3127	0.003656971580108725
3128	0.0036569712315348297
3129	0.0036569708842296104
3130	0.0036569705106490004
3131	0.003656970138665132
3132	0.00365696978786888
3133	0.0036569694352188123
3134	0.003656969066927286
3135	0.0036569687022017638
3136	0.003656968350756017
3137	0.0036569679963378127
3138	0.003656967631833216
3139	0.0036569672710016436
3140	0.003656966919385137
3141	0.003656966565371565
3142	0.0036569662042613077
3143	0.0036569658456548923
3144	0.0036569654937545428
3145	0.0036569651408025674
3146	0.003656964782935495
3147	0.0036569644262096387
3148	0.003656964074112674
3149	0.0036569637220674944
3150	0.003656963366971808
3151	0.0036569630121926202
3152	0.003656962660381005
3153	0.0036569623090859467
3154	0.0036569619560913313
3155	0.0036569616031667035
3156	0.0036569612521341727
3157	0.0036569609017044016
3158	0.003656960550345697
3159	0.0036569601989993824
3160	0.003656959848971669
3161	0.0036569594995902255
3162	0.0036569591497065774
3163	0.003656958799755558
3164	0.003656958450748241
3165	0.0036569581024508305
3166	0.0036569577539911574
3167	0.0036569574054175747
3168	0.003656957057451093
3169	0.003656956710183927
3170	0.0036569563630467227
3171	0.003656956015852319
3172	0.003656955669020407
3173	0.0036569553227735084
3174	0.0036569549768303055
3175	0.0036569546309586755
3176	0.003656954285328045
3177	0.00365695394015901
3178	0.003656953595347086
3179	0.0036569532507133976
3180	0.0036569529062950136
3181	0.0036569525622447766
3182	0.0036569522185639367
3183	0.003656951875117488
3184	0.0036569515318883965
3185	0.003656951188971888
3186	0.0036569508464153327
3187	0.0036569505041402477
3188	0.003656950162093201
3189	0.0036569498203189287
3190	0.0036569494788756705
3191	0.0036569491377440046
3192	0.0036569487968706234
3193	0.003656948456251638
3194	0.0036569481159301
3195	0.0036569477759205433
3196	0.0036569474361954897
3197	0.003656947096732012
3198	0.0036569467575446758
3199	0.003656946418658703
3200	0.003656946080061301
3201	0.0036569457417422826
3202	0.0036569454036934875
3203	0.0036569450659285356
3204	0.0036569447284573947
3205	0.0036569443912696196
3206	0.003656944054354614
3207	0.0036569437177187856
3208	0.003656943381369123
3209	0.003656943045303793
3210	0.003656942709516905
3211	0.0036569423740073805
3212	0.003656942038778102
3213	0.003656941703831879
3214	0.003656941369169423
3215	0.0036569410347827747
3216	0.003656940700674384
3217	0.0036569403668434293
3218	0.003656940033297578
3219	0.0036569397000303597
3220	0.0036569393670392676
3221	0.0036569390343279967
3222	0.0036569387018961902
3223	0.0036569383697417834
3224	0.0036569380378690883
3225	0.0036569377062715177
3226	0.0036569373749535915
3227	0.0036569370439111246
3228	0.003656936713149047
3229	0.003656936382665454
3230	0.0036569360524585674
3231	0.003656935722527032
3232	0.0036569353928760573
3233	0.0036569350635008305
3234	0.003656934734401128
3235	0.0036569344055815277
3236	0.0036569340770344137
3237	0.0036569337487672004
3238	0.0036569334207779912
3239	0.0036569330930622
3240	0.0036569327656249067
3241	0.003656932438462641
3242	0.003656932111575252
3243	0.003656931784965997
3244	0.0036569314586326527
3245	0.0036569311325734726
3246	0.0036569308067903395
3247	0.0036569304812826327
3248	0.0036569301560499
3249	0.0036569298310939937
3250	0.0036569295064122634
3251	0.003656929182004914
3252	0.0036569288578738885
3253	0.0036569285340179595
3254	0.0036569282104345242
3255	0.0036569278871268337
3256	0.003656927564094419
3257	0.003656927241335144
3258	0.003656926918853923
3259	0.0036569265966412056
3260	0.0036569262747053848
3261	0.0036569259530426354
3262	0.0036569256316544654
3263	0.0036569253105411233
3264	0.003656924989701155
3265	0.003656924669131212
3266	0.0036569243488378733
3267	0.003656924028817914
3268	0.0036569237090703895
3269	0.003656923389597607
3270	0.0036569230703975253
3271	0.0036569227514687847
3272	0.00365692243281334
3273	0.0036569221144295526
3274	0.003656921796322708
3275	0.0036569214784848616
3276	0.0036569211609195993
3277	0.003656920843628205
3278	0.003656920526608536
3279	0.0036569202098590946
3280	0.003656919893384992
3281	0.0036569195771816755
3282	0.0036569192612485348
3283	0.0036569189455895263
3284	0.0036569186302005076
3285	0.003656918315084636
3286	0.003656918000239073
3287	0.0036569176856639657
3288	0.0036569173713619247
3289	0.0036569170573311537
3290	0.0036569167435718435
3291	0.0036569164300837035
3292	0.0036569161168652315
3293	0.00365691580391679
3294	0.003656915491242419
3295	0.0036569151788365174
3296	0.003656914866700264
3297	0.0036569145548372385
3298	0.0036569142432437626
3299	0.003656913931918566
3300	0.003656913620867561
3301	0.0036569133100821673
3302	0.0036569129995698687
3303	0.0036569126893251534
3304	0.0036569123793538604
3305	0.0036569120696487065
3306	0.0036569117602156084
3307	0.003656911451050688
3308	0.003656911142156943
3309	0.003656910833530967
3310	0.0036569105251776013
3311	0.0036569102170895757
3312	0.0036569099092731367
3313	0.003656909601722404
3314	0.0036569092944440254
3315	0.0036569089874349445
3316	0.003656908680692798
3317	0.0036569083742218583
3318	0.0036569080680160368
3319	0.0036569077620821617
3320	0.003656907456414619
3321	0.0036569071510161727
3322	0.0036569068458871447
3323	0.0036569065410243726
3324	0.003656906236431126
3325	0.0036569059321051997
3326	0.0036569056280488657
3327	0.0036569053242578053
3328	0.003656905020736981
3329	0.0036569047174849056
3330	0.003656904414494956
3331	0.0036569041117773425
3332	0.0036569038093287017
3333	0.0036569035071445516
3334	0.0036569032052278867
3335	0.0036569029035788117
3336	0.0036569026021965392
3337	0.003656902301084368
3338	0.0036569020002358886
3339	0.0036569016996536386
3340	0.003656901399341954
3341	0.0036569010992956617
3342	0.0036569007995154897
3343	0.0036569005000031234
3344	0.0036569002007547273
3345	0.003656899901776866
3346	0.0036568996030626934
3347	0.0036568993046133
3348	0.0036568990064325064
3349	0.0036568987085164226
3350	0.0036568984108686924
3351	0.003656898113486273
3352	0.003656897816369821
3353	0.003656897519518989
3354	0.0036568972229341296
3355	0.0036568969266153866
3356	0.0036568966305602245
3357	0.0036568963347722136
3358	0.0036568960392497902
3359	0.0036568957439931543
3360	0.0036568954490009678
3361	0.003656895154274743
3362	0.0036568948598152207
3363	0.0036568945656166698
3364	0.0036568942716844596
3365	0.00365689397802086
3366	0.0036568936846180095
3367	0.003656893391481887
3368	0.003656893098610469
3369	0.0036568928060034976
3370	0.003656892513663461
3371	0.0036568922215844436
3372	0.0036568919297693854
3373	0.0036568916382229994
3374	0.0036568913469387566
3375	0.0036568910559175295
3376	0.003656890765162086
3377	0.0036568904746694447
3378	0.0036568901844415648
3379	0.0036568898944788672
3380	0.0036568896047786082
3381	0.0036568893153442134
3382	0.003656889026172732
3383	0.0036568887372629647
3384	0.003656888448617588
3385	0.003656888160236344
3386	0.0036568878721189293
3387	0.0036568875842637686
3388	0.0036568872966722013
3389	0.0036568870093457917
3390	0.003656886722280034
3391	0.0036568864354786625
3392	0.003656886148940692
3393	0.0036568858626650057
3394	0.003656885576653366
3395	0.0036568852909054862
3396	0.0036568850054187157
3397	0.003656884720195251
3398	0.003656884435234377
3399	0.003656884150535179
3400	0.0036568838660986764
3401	0.003656883581924898
3402	0.0036568832980147016
3403	0.003656883014366173
3404	0.003656882730981037
3405	0.0036568824478545765
3406	0.0036568821649924014
3407	0.0036568818823946147
3408	0.003656881600056832
3409	0.0036568813179802527
3410	0.0036568810361682523
3411	0.0036568807546138284
3412	0.0036568804733232195
3413	0.003656880192296152
3414	0.003656879911526892
3415	0.003656879631023005
3416	0.003656879350781096
3417	0.0036568790707964347
3418	0.00365687879107672
3419	0.0036568785116138963
3420	0.0036568782324204576
3421	0.003656877953480321
3422	0.003656877674804604
3423	0.003656877396388707
3424	0.00365687711823651
3425	0.0036568768403422687
3426	0.003656876562714138
3427	0.0036568762853463476
3428	0.003656876008240834
3429	0.003656875731403361
3430	0.0036568754548344613
3431	0.0036568751785452853
3432	0.003656874902546985
3433	0.00365687462686852
3434	0.003656874351562188
3435	0.0036568740767244793
3436	0.0036568738025423595
3437	0.0036568735293697873
3438	0.0036568732578928214
3439	0.0036568729894252993
3440	0.003656872726526597
3441	0.0036568724741864126
3442	0.003656872242190185
3443	0.00365687204978996
3444	0.003656871935171158
3445	0.003656871974149152
3446	0.0036568723186355934
3447	0.0036568732727093657
3448	0.0036568754521026023
3449	0.00365688009528515
3450	0.0036568897331774853
3451	0.0036569094342534013
3452	0.003656949557546163
3453	0.0036570301018952305
3454	0.0036571901529400307
3455	0.003657493074603086
3456	0.0036580317451143504
3457	0.0036588304399907514
3458	0.003659733381254268
3459	0.0036602088358538313
3460	0.0036600656118740017
3461	0.003659599359569622
3462	0.0036589023897782656
3463	0.003657810716736244
3464	0.0036572024402175703
3465	0.0036578964547706594
3466	0.0036584438514895693
3467	0.003657488749270291
3468	0.003656902753279684
3469	0.003657673716427322
3470	0.0036577207338101482
3471	0.0036569825182685848
3472	0.003657146571972483
3473	0.0036574643588239064
3474	0.003657128098699014
3475	0.0036570016094359162
3476	0.0036571845091881838
3477	0.0036571484652717767
3478	0.003656981444660257
3479	0.003657010841602184
3480	0.003657111521834464
3481	0.003656971249349068
3482	0.0036569244051942547
3483	0.0036570629805187565
3484	0.003656950912447849
3485	0.0036568898034721933
3486	0.003657015899317385
3487	0.003656927417771002
3488	0.003656880291978094
3489	0.0036569731517742394
3490	0.003656908885152286
3491	0.003656879251098768
3492	0.003656936750478967
3493	0.003656897483859012
3494	0.0036568783068274963
3495	0.003656908734783208
