0	0.4926893870301931
1	0.33522204847003056
2	0.226957544896467
3	0.15553609270464766
4	0.11040845442465338
5	0.08249726211866532
6	0.06518449110579913
7	0.054457615740992574
8	0.04795745568278826
9	0.04421231942001655
10	0.04222446300147281
11	0.041282500193651185
12	0.04089209451346309
13	0.0407355775069804
14	0.04062574646119677
15	0.040460503448611684
16	0.040188579478423976
17	0.03978839396965432
18	0.03925760329868884
19	0.03860893207856458
20	0.037867364136706466
21	0.037065600900834356
22	0.03623775589394544
23	0.03541310223468132
24	0.03461163053762734
25	0.03384220758031873
26	0.033103159625556884
27	0.03238444704778445
28	0.03167031719003262
29	0.030941466727236126
30	0.03017643319420741
31	0.029352782784583538
32	0.028448893851425378
33	0.027446868604077017
34	0.026336692179313028
35	0.02512092348652813
36	0.023817867376065824
37	0.02246091801550192
38	0.021093633284119975
39	0.019762069328667385
40	0.018507167015836212
41	0.017359954893893702
42	0.01634029170382307
43	0.015457863213469543
44	0.014713917860000699
45	0.014102972250338918
46	0.01361445257246888
47	0.01323442395939392
48	0.012947284351744649
49	0.012737171646977961
50	0.012588980552913487
51	0.012489019069746619
52	0.012425369231999413
53	0.012388021031879658
54	0.012368842879853938
55	0.012361441756666564
56	0.012360959637529279
57	0.012363843529486846
58	0.012367610899558307
59	0.012370620955511606
60	0.012371861437636088
61	0.012370762646564764
62	0.012367047147065269
63	0.012360616227074317
64	0.012351469044025865
65	0.012339650937803922
66	0.012325231231855683
67	0.012308311554764494
68	0.012289058588879362
69	0.012267743067215222
70	0.012244759795072887
71	0.01222061038593347
72	0.012195850175459325
73	0.012171021377961319
74	0.01214660170322544
75	0.012122986117445816
76	0.012100497493674818
77	0.012079405304999142
78	0.01205993156200426
79	0.012042238298885783
80	0.01202640834290091
81	0.012012437372173557
82	0.012000246587318826
83	0.011989709801811096
84	0.011980679127329131
85	0.011972996711798932
86	0.011966492458338106
87	0.011960978712297057
88	0.011956254049762817
89	0.011952119635537209
90	0.011948400900192009
91	0.011944963013118908
92	0.011941713298747696
93	0.011938592652537498
94	0.011935563900647544
95	0.011932604126811294
96	0.01192970235966921
97	0.011926859020029558
98	0.011924082958591629
99	0.011921385252790614
100	0.011918772572600973
101	0.011916243702014436
102	0.011913790507187811
103	0.01191140163875449
104	0.011909066042891447
105	0.011906774492830589
106	0.011904519412051055
107	0.011902294430922444
108	0.011900094761037767
109	0.011897918332259758
110	0.011895766859458583
111	0.011893646081560304
112	0.011891564994820882
113	0.011889534377945005
114	0.011887565023117181
115	0.011885666008811635
116	0.011883843303047871
117	0.011882098972460703
118	0.011880431153213827
119	0.011878834689252304
120	0.011877302131877017
121	0.011875824796407992
122	0.011874393750817839
123	0.011873000750583614
124	0.011871639080171565
125	0.011870304101422494
126	0.011868993274835413
127	0.011867705625225287
128	0.011866440924428016
129	0.011865198996342485
130	0.011863979396156852
131	0.01186278142036705
132	0.011861604223230621
133	0.011860446867844814
134	0.011859308316091539
135	0.011858187461702582
136	0.011857083252636048
137	0.01185599482851445
138	0.011854921562464048
139	0.011853862981724967
140	0.011852818651201833
141	0.011851788125127764
142	0.011850770992932563
143	0.011849766955507435
144	0.011848775853330145
145	0.0118477976263844
146	0.011846832245666038
147	0.011845879661040866
148	0.011844939772570694
149	0.01184401240491014
150	0.011843097275411893
151	0.01184219397422336
152	0.011841301980602369
153	0.011840420715464744
154	0.011839549603073738
155	0.011838688112944858
156	0.011837835774681048
157	0.011836992178299881
158	0.01183615697268696
159	0.011835329861976494
160	0.011834510592980583
161	0.011833698933836189
162	0.01183289465438677
163	0.011832097518992602
164	0.011831307292043588
165	0.011830523746980504
166	0.011829746670222031
167	0.01182897585940839
168	0.011828211121173564
169	0.01182745227217937
170	0.011826699142042384
171	0.011825951574415008
172	0.01182520942461591
173	0.011824472555398733
174	0.011823740833242845
175	0.01182301412613214
176	0.0118222923024355
177	0.011821575230408526
178	0.011820862778198474
179	0.011820154814182839
180	0.01181945120735992
181	0.011818751827838519
182	0.01181805654793082
183	0.011817365243971992
184	0.011816677797983727
185	0.01181599409790744
186	0.011815314036137024
187	0.011814637507591633
188	0.011813964408893348
189	0.01181329463897362
190	0.011812628100014698
191	0.011811964697584436
192	0.011811304340041342
193	0.011810646938209334
194	0.01180999240596102
195	0.01180934066120654
196	0.01180869162630155
197	0.011808045227514219
198	0.011807401394126263
199	0.011806760057925867
200	0.011806121153220371
201	0.011805484616898256
202	0.011804850388127511
203	0.011804218407800141
204	0.011803588618116666
205	0.011802960962535245
206	0.011802335385926153
207	0.011801711834674895
208	0.011801090256644643
209	0.01180047060110997
210	0.01179985281877305
211	0.011799236861853385
212	0.011798622684161913
213	0.01179801024110174
214	0.01179739948961214
215	0.011796790388094353
216	0.011796182896359177
217	0.011795576975605118
218	0.011794972588417319
219	0.011794369698766028
220	0.011793768271982573
221	0.011793168274713477
222	0.011792569674888499
223	0.011791972441709469
224	0.011791376545646758
225	0.011790781958402628
226	0.01179018865283511
227	0.011789596602874444
228	0.011789005783462866
229	0.01178841617052366
230	0.011787827740936029
231	0.01178724047250326
232	0.011786654343923605
233	0.011786069334781022
234	0.011785485425552567
235	0.011784902597610166
236	0.011784320833204702
237	0.011783740115438472
238	0.011783160428235956
239	0.01178258175632541
240	0.011782004085220125
241	0.011781427401200095
242	0.011780851691293287
243	0.011780276943262606
244	0.011779703145593052
245	0.011779130287476548
246	0.011778558358795488
247	0.011777987350103976
248	0.011777417252611352
249	0.011776848058165916
250	0.01177627975924016
251	0.011775712348913753
252	0.011775145820858663
253	0.011774580169326775
254	0.011774015389133268
255	0.011773451475640899
256	0.011772888424744218
257	0.011772326232853809
258	0.011771764896885818
259	0.011771204414250279
260	0.011770644782838152
261	0.01177008600101299
262	0.011769528067595517
263	0.011768970981856395
264	0.011768414743500885
265	0.01176785935265904
266	0.011767304809871816
267	0.0117667511160796
268	0.011766198272611446
269	0.011765646281174335
270	0.01176509514384143
271	0.011764544863042826
272	0.011763995441553536
273	0.011763446882483798
274	0.011762899189268919
275	0.011762352365658755
276	0.011761806415708705
277	0.011761261343769007
278	0.011760717154475879
279	0.01176017385274106
280	0.011759631443743814
281	0.0117590899329196
282	0.011758549325952283
283	0.011758009628764072
284	0.011757470847507223
285	0.011756932988554517
286	0.011756396058492102
287	0.011755860064110078
288	0.011755325012394032
289	0.011754790910518224
290	0.01175425776583512
291	0.011753725585870522
292	0.011753194378312348
293	0.011752664151005406
294	0.01175213491194254
295	0.01175160666925675
296	0.011751079431215177
297	0.011750553206210951
298	0.011750028002755502
299	0.011749503829473321
300	0.01174898069509327
301	0.011748458608443119
302	0.011747937578441744
303	0.011747417614093971
304	0.01174689872448253
305	0.01174638091876317
306	0.011745864206157757
307	0.011745348595947815
308	0.01174483409746965
309	0.01174432072010724
310	0.011743808473287591
311	0.011743297366474444
312	0.011742787409163201
313	0.011742278610874825
314	0.011741770981152352
315	0.011741264529553135
316	0.011740759265645594
317	0.011740255199004738
318	0.011739752339204717
319	0.011739250695817535
320	0.011738750278405752
321	0.011738251096519369
322	0.011737753159690516
323	0.011737256477430603
324	0.011736761059224318
325	0.011736266914527055
326	0.01173577405276031
327	0.011735282483308023
328	0.011734792215512177
329	0.011734303258670307
330	0.011733815622031032
331	0.011733329314790968
332	0.011732844346091353
333	0.011732360725014733
334	0.011731878460582023
335	0.01173139756174911
336	0.011730918037404373
337	0.011730439896365196
338	0.011729963147375929
339	0.011729487799104604
340	0.011729013860140896
341	0.011728541338992985
342	0.011728070244086055
343	0.01172760058375891
344	0.011727132366263096
345	0.011726665599758948
346	0.011726200292315966
347	0.011725736451907677
348	0.011725274086413592
349	0.011724813203613968
350	0.011724353811190219
351	0.011723895916722498
352	0.011723439527687896
353	0.011722984651459658
354	0.011722531295305252
355	0.011722079466385316
356	0.01172162917175232
357	0.011721180418348931
358	0.011720733213008004
359	0.011720287562450367
360	0.011719843473284385
361	0.011719400952005628
362	0.011718960004994207
363	0.011718520638516002
364	0.011718082858720984
365	0.011717646671642452
366	0.011717212083196869
367	0.011716779099182898
368	0.011716347725281151
369	0.01171591796705407
370	0.011715489829944904
371	0.01171506331927741
372	0.011714638440256216
373	0.011714215197966199
374	0.01171379359737257
375	0.011713373643319643
376	0.011712955340532542
377	0.011712538693615998
378	0.011712123707054647
379	0.011711710385212301
380	0.011711298732334176
381	0.011710888752544363
382	0.01171048044984785
383	0.011710073828130507
384	0.011709668891158013
385	0.011709265642577758
386	0.011708864085918454
387	0.011708464224590584
388	0.011708066061886357
389	0.011707669600980911
390	0.011707274844931727
391	0.011706881796680802
392	0.011706490459052818
393	0.011706100834757215
394	0.011705712926389684
395	0.011705326736429152
396	0.011704942267242563
397	0.011704559521083216
398	0.01170417850009138
399	0.011703799206295667
400	0.0117034216416134
401	0.011703045807851644
402	0.011702671706707071
403	0.011702299339767578
404	0.01170192870851317
405	0.011701559814315228
406	0.011701192658439273
407	0.011700827242044454
408	0.011700463566184326
409	0.011700101631809269
410	0.011699741439764589
411	0.011699382990793776
412	0.011699026285538315
413	0.011698671324538643
414	0.011698318108234974
415	0.011697966636968198
416	0.01169761691098149
417	0.011697268930419282
418	0.011696922695330413
419	0.011696578205667833
420	0.011696235461289343
421	0.011695894461959254
422	0.011695555207348494
423	0.011695217697035977
424	0.01169488193050994
425	0.011694547907167601
426	0.011694215626317853
427	0.011693885087179948
428	0.011693556288886837
429	0.011693229230484365
430	0.0116929039109325
431	0.011692580329106984
432	0.011692258483799352
433	0.01169193837371839
434	0.011691619997491274
435	0.011691303353663546
436	0.01169098844070075
437	0.011690675256989701
438	0.011690363800838195
439	0.011690054070476866
440	0.011689746064059661
441	0.011689439779665581
442	0.011689135215298047
443	0.01168883236888664
444	0.011688531238288075
445	0.011688231821287589
446	0.011687934115598129
447	0.01168763811886325
448	0.011687343828656101
449	0.011687051242481747
450	0.011686760357777102
451	0.011686471171911919
452	0.011686183682190814
453	0.011685897885851766
454	0.011685613780068937
455	0.011685331361952718
456	0.011685050628550258
457	0.011684771576847417
458	0.011684494203767982
459	0.011684218506175306
460	0.011683944480873953
461	0.011683672124608297
462	0.011683401434064856
463	0.011683132405873582
464	0.011682865036606637
465	0.011682599322780634
466	0.011682335260857692
467	0.011682072847244158
468	0.011681812078293883
469	0.011681552950306767
470	0.01168129545953102
471	0.011681039602162864
472	0.011680785374348137
473	0.011680532772181468
474	0.01168028179170908
475	0.01168003242892772
476	0.011679784679785624
477	0.011679538540184178
478	0.011679294005977435
479	0.011679051072972967
480	0.0116788097369337
481	0.011678569993576665
482	0.011678331838574441
483	0.01167809526755657
484	0.011677860276108896
485	0.011677626859775225
486	0.011677395014056671
487	0.011677164734413895
488	0.011676936016266128
489	0.011676708854992737
490	0.011676483245933561
491	0.011676259184389148
492	0.011676036665621446
493	0.011675815684854915
494	0.011675596237276561
495	0.011675378318036285
496	0.011675161922248012
497	0.011674947044989245
498	0.011674733681303149
499	0.011674521826197742
500	0.011674311474646856
501	0.011674102621590255
502	0.01167389526193587
503	0.011673689390557056
504	0.011673485002296233
505	0.01167328209196409
506	0.011673080654339568
507	0.011672880684171334
508	0.011672682176177328
509	0.011672485125046846
510	0.01167228952543839
511	0.011672095371982886
512	0.011671902659282345
513	0.011671711381910409
514	0.01167152153441425
515	0.011671333111313614
516	0.01167114610710138
517	0.011670960516245154
518	0.011670776333185811
519	0.011670593552340121
520	0.011670412168099413
521	0.011670232174830528
522	0.01167005356687694
523	0.011669876338558316
524	0.011669700484171342
525	0.011669525997990276
526	0.011669352874266499
527	0.01166918110723075
528	0.011669010691090883
529	0.011668841620035342
530	0.0116686738882307
531	0.01166850748982492
532	0.01166834241894456
533	0.011668178669697988
534	0.01166801623617442
535	0.011667855112443995
536	0.011667695292559978
537	0.011667536770556536
538	0.011667379540451656
539	0.011667223596245542
540	0.011667068931922812
541	0.011666915541451307
542	0.011666763418783206
543	0.011666612557855786
544	0.011666462952591302
545	0.011666314596896769
546	0.011666167484666218
547	0.011666021609778976
548	0.011665876966101808
549	0.011665733547488013
550	0.01166559134777845
551	0.011665450360802028
552	0.01166531058037554
553	0.011665172000304258
554	0.01166503461438339
555	0.011664898416396449
556	0.011664763400117215
557	0.011664629559309568
558	0.011664496887727955
559	0.011664365379117749
560	0.01166423502721594
561	0.011664105825750767
562	0.011663977768442623
563	0.011663850849004691
564	0.011663725061142934
565	0.011663600398556375
566	0.011663476854938392
567	0.011663354423975003
568	0.01166323309934833
569	0.011663112874733938
570	0.011662993743803743
571	0.011662875700224461
572	0.01166275873765901
573	0.011662642849766586
574	0.011662528030203421
575	0.011662414272622795
576	0.011662301570675123
577	0.011662189918009535
578	0.011662079308272538
579	0.011661969735110345
580	0.011661861192167418
581	0.011661753673088138
582	0.011661647171516298
583	0.011661541681096396
584	0.011661437195473462
585	0.011661333708293743
586	0.011661231213204167
587	0.011661129703854092
588	0.011661029173894917
589	0.011660929616980668
590	0.011660831026767907
591	0.01166073339691708
592	0.01166063672109217
593	0.011660540992961021
594	0.01166044620619627
595	0.011660352354475123
596	0.011660259431480115
597	0.011660167430899732
598	0.011660076346428195
599	0.011659986171766019
600	0.011659896900620227
601	0.011659808526706008
602	0.011659721043745
603	0.01165963444546747
604	0.011659548725611115
605	0.011659463877923331
606	0.011659379896159384
607	0.011659296774085092
608	0.011659214505475034
609	0.011659133084114617
610	0.011659052503799323
611	0.011658972758335705
612	0.011658893841541213
613	0.011658815747245276
614	0.011658738469289042
615	0.011658662001526333
616	0.01165858633782293
617	0.011658511472058212
618	0.011658437398124612
619	0.011658364109928272
620	0.011658291601389753
621	0.011658219866443675
622	0.011658148899039412
623	0.01165807869314196
624	0.011658009242730832
625	0.011657940541802062
626	0.011657872584367625
627	0.011657805364455931
628	0.011657738876111712
629	0.01165767311339802
630	0.011657608070393722
631	0.011657543741196291
632	0.011657480119921633
633	0.011657417200703226
634	0.011657354977694353
635	0.01165729344506554
636	0.011657232597008339
637	0.011657172427733505
638	0.01165711293147069
639	0.011657054102470879
640	0.011656995935005464
641	0.011656938423366172
642	0.011656881561865928
643	0.011656825344839432
644	0.011656769766642525
645	0.011656714821653407
646	0.011656660504272338
647	0.011656606808921431
648	0.011656553730046901
649	0.011656501262116663
650	0.011656449399622414
651	0.011656398137079332
652	0.01165634746902661
653	0.01165629739002684
654	0.011656247894667472
655	0.011656198977560263
656	0.011656150633341501
657	0.01165610285667229
658	0.011656055642239468
659	0.011656008984754817
660	0.011655962878956193
661	0.011655917319606551
662	0.011655872301495531
663	0.011655827819438538
664	0.011655783868277949
665	0.011655740442882388
666	0.011655697538147273
667	0.011655655148995475
668	0.011655613270376187
669	0.011655571897266997
670	0.011655531024672393
671	0.011655490647624488
672	0.01165545076118423
673	0.011655411360439164
674	0.011655372440506106
675	0.01165533399652984
676	0.011655296023683348
677	0.011655258517168868
678	0.011655221472217002
679	0.011655184884087089
680	0.011655148748068228
681	0.01165511305947738
682	0.011655077813662193
683	0.01165504300599815
684	0.011655008631891846
685	0.011654974686778754
686	0.011654941166123265
687	0.01165490806542074
688	0.011654875380195518
689	0.01165484310600262
690	0.011654811238426425
691	0.011654779773082002
692	0.011654748705613917
693	0.011654718031697752
694	0.011654687747038808
695	0.011654657847373129
696	0.011654628328466516
697	0.01165459918611628
698	0.011654570416149448
699	0.011654542014423777
700	0.011654513976827591
701	0.011654486299279721
702	0.011654458977730106
703	0.011654432008158907
704	0.011654405386577011
705	0.011654379109026036
706	0.01165435317157839
707	0.011654327570337228
708	0.011654302301436012
709	0.011654277361039501
710	0.011654252745342673
711	0.011654228450570903
712	0.011654204472981242
713	0.01165418080886095
714	0.011654157454527334
715	0.011654134406328853
716	0.011654111660644714
717	0.011654089213883743
718	0.011654067062486525
719	0.011654045202922821
720	0.01165402363169376
721	0.011654002345330263
722	0.011653981340393815
723	0.011653960613476169
724	0.011653940161198832
725	0.011653919980214023
726	0.011653900067203314
727	0.011653880418879022
728	0.0116538610319827
729	0.011653841903286043
730	0.01165382302959029
731	0.011653804407726821
732	0.011653786034555932
733	0.011653767906967583
734	0.011653750021881383
735	0.011653732376246
736	0.011653714967039324
737	0.011653697791268266
738	0.011653680845968694
739	0.011653664128205597
740	0.011653647635072444
741	0.011653631363691205
742	0.011653615311212727
743	0.011653599474816534
744	0.01165358385170941
745	0.011653568439127151
746	0.011653553234333414
747	0.011653538234619766
748	0.01165352343730542
749	0.011653508839736822
750	0.01165349443928942
751	0.01165348023336425
752	0.011653466219390247
753	0.011653452394823917
754	0.011653438757148126
755	0.01165342530387277
756	0.011653412032534225
757	0.011653398940695524
758	0.0116533860259465
759	0.011653373285902317
760	0.01165336071820441
761	0.011653348320520677
762	0.01165333609054428
763	0.011653324025994194
764	0.011653312124613888
765	0.011653300384173698
766	0.011653288802468232
767	0.011653277377316525
768	0.011653266106563327
769	0.011653254988077361
770	0.011653244019751567
771	0.011653233199504445
772	0.011653222525276898
773	0.011653211995034973
774	0.011653201606768037
775	0.01165319135848866
776	0.011653181248233876
777	0.01165317127406292
778	0.011653161434058364
779	0.01165315172632621
780	0.011653142148994378
781	0.011653132700213863
782	0.011653123378158065
783	0.011653114181021839
784	0.011653105107022988
785	0.011653096154400602
786	0.011653087321415812
787	0.011653078606350908
788	0.011653070007508967
789	0.011653061523215208
790	0.011653053151815461
791	0.011653044891676326
792	0.011653036741184166
793	0.011653028698747295
794	0.011653020762792414
795	0.011653012931768205
796	0.011653005204141465
797	0.01165299757839972
798	0.011652990053049816
799	0.011652982626618026
800	0.011652975297649141
801	0.01165296806470744
802	0.011652960926375858
803	0.011652953881256348
804	0.011652946927968737
805	0.01165294006515127
806	0.011652933291460138
807	0.011652926605569774
808	0.011652920006172227
809	0.01165291349197663
810	0.011652907061710481
811	0.01165290071411748
812	0.011652894447958818
813	0.011652888262012405
814	0.011652882155072798
815	0.011652876125951717
816	0.011652870173475736
817	0.011652864296489074
818	0.011652858493851396
819	0.011652852764437944
820	0.011652847107139751
821	0.011652841520863697
822	0.011652836004531143
823	0.011652830557079826
824	0.011652825177461308
825	0.011652819864642576
826	0.011652814617604815
827	0.011652809435344646
828	0.01165280431687198
829	0.011652799261211167
830	0.011652794267400648
831	0.011652789334493215
832	0.011652784461554211
833	0.011652779647663397
834	0.011652774891914023
835	0.011652770193411821
836	0.011652765551275882
837	0.011652760964638485
838	0.011652756432644323
839	0.011652751954450877
840	0.011652747529227792
841	0.011652743156157528
842	0.011652738834433941
843	0.011652734563264081
844	0.011652730341865425
845	0.011652726169467685
846	0.011652722045312567
847	0.011652717968653315
848	0.011652713938753306
849	0.011652709954888133
850	0.011652706016344001
851	0.011652702122418016
852	0.011652698272417812
853	0.01165269446566217
854	0.01165269070147944
855	0.01165268697920907
856	0.01165268329820033
857	0.011652679657812455
858	0.011652676057414883
859	0.011652672496386556
860	0.011652668974116213
861	0.011652665490002148
862	0.011652662043451577
863	0.011652658633881893
864	0.011652655260719314
865	0.011652651923398514
866	0.011652648621363434
867	0.011652645354067105
868	0.011652642120971092
869	0.011652638921544866
870	0.011652635755267541
871	0.01165263262162517
872	0.011652629520113148
873	0.011652626450234174
874	0.01165262341149932
875	0.011652620403427707
876	0.011652617425545847
877	0.011652614477387706
878	0.01165261155849524
879	0.01165260866841775
880	0.011652605806711415
881	0.011652602972940481
882	0.01165260016667533
883	0.011652597387494048
884	0.011652594634981708
885	0.011652591908728915
886	0.011652589208334983
887	0.011652586533404454
888	0.01165258388354853
889	0.011652581258385558
890	0.011652578657539341
891	0.011652576080640199
892	0.011652573527325029
893	0.011652570997236126
894	0.011652568490022011
895	0.011652566005337185
896	0.011652563542842024
897	0.011652561102202004
898	0.011652558683089015
899	0.011652556285179649
900	0.011652553908156954
901	0.011652551551708216
902	0.011652549215526655
903	0.011652546899310652
904	0.011652544602763552
905	0.011652542325593684
906	0.011652540067514502
907	0.011652537828244266
908	0.01165253560750595
909	0.011652533405027398
910	0.011652531220541188
911	0.011652529053784312
912	0.011652526904497881
913	0.011652524772428374
914	0.011652522657325765
915	0.011652520558945088
916	0.01165251847704461
917	0.011652516411387802
918	0.011652514361741893
919	0.011652512327877423
920	0.011652510309569963
921	0.011652508306598698
922	0.011652506318745832
923	0.011652504345798573
924	0.011652502387547118
925	0.011652500443785232
926	0.011652498514310473
927	0.011652496598924292
928	0.011652494697430796
929	0.0116524928096386
930	0.011652490935358691
931	0.01165248907440575
932	0.011652487226597657
933	0.011652485391755918
934	0.01165248356970431
935	0.011652481760270174
936	0.011652479963284456
937	0.011652478178580079
938	0.0116524764059934
939	0.011652474645363963
940	0.01165247289653352
941	0.011652471159346832
942	0.011652469433651703
943	0.011652467719298365
944	0.01165246601613969
945	0.01165246432403134
946	0.011652462642831402
947	0.011652460972400401
948	0.011652459312601416
949	0.01165245766330015
950	0.011652456024364238
951	0.011652454395664282
952	0.011652452777072535
953	0.011652451168463921
954	0.011652449569715726
955	0.011652447980706745
956	0.01165244640131886
957	0.011652444831435257
958	0.01165244327094165
959	0.011652441719725778
960	0.011652440177677232
961	0.011652438644687029
962	0.011652437120649482
963	0.011652435605459593
964	0.011652434099014522
965	0.011652432601213784
966	0.011652431111958095
967	0.011652429631150176
968	0.011652428158694113
969	0.01165242669449638
970	0.011652425238464771
971	0.011652423790508449
972	0.01165242235053861
973	0.01165242091846788
974	0.011652419494210425
975	0.011652418077681557
976	0.011652416668799017
977	0.011652415267481205
978	0.011652413873648224
979	0.011652412487221774
980	0.011652411108124408
981	0.011652409736280506
982	0.011652408371615783
983	0.011652407014057196
984	0.011652405663533021
985	0.011652404319972323
986	0.011652402983306423
987	0.011652401653466609
988	0.011652400330386743
989	0.011652399014000342
990	0.011652397704243544
991	0.011652396401052648
992	0.011652395104365349
993	0.011652393814120345
994	0.011652392530257814
995	0.011652391252718504
996	0.011652389981444172
997	0.011652388716378212
998	0.011652387457464112
999	0.01165238620464676
1000	0.011652384957872625
1001	0.011652383717087687
1002	0.011652382482240115
1003	0.011652381253278707
1004	0.011652380030152298
1005	0.011652378812811745
1006	0.011652377601208328
1007	0.011652376395293608
1008	0.011652375195020992
1009	0.011652374000343578
1010	0.011652372811216274
1011	0.011652371627593956
1012	0.011652370449432676
1013	0.011652369276689185
1014	0.0116523681093207
1015	0.011652366947285853
1016	0.011652365790542912
1017	0.011652364639051465
1018	0.011652363492772093
1019	0.011652362351665127
1020	0.01165236121569232
1021	0.011652360084815948
1022	0.01165235895899842
1023	0.01165235783820324
1024	0.011652356722394059
1025	0.011652355611535922
1026	0.011652354505593604
1027	0.011652353404532684
1028	0.011652352308319427
1029	0.011652351216920702
1030	0.011652350130303614
1031	0.011652349048435852
1032	0.011652347971286042
1033	0.011652346898822665
1034	0.011652345831015022
1035	0.011652344767832801
1036	0.011652343709246416
1037	0.011652342655226465
1038	0.011652341605743867
1039	0.011652340560770495
1040	0.011652339520278505
1041	0.011652338484239569
1042	0.011652337452626942
1043	0.011652336425413898
1044	0.011652335402574153
1045	0.01165233438408152
1046	0.011652333369910294
1047	0.011652332360035308
1048	0.01165233135443201
1049	0.011652330353075738
1050	0.01165232935594189
1051	0.011652328363007114
1052	0.011652327374248048
1053	0.011652326389640966
1054	0.011652325409163711
1055	0.011652324432793406
1056	0.01165232346050786
1057	0.01165232249228524
1058	0.011652321528103594
1059	0.011652320567942454
1060	0.01165231961178008
1061	0.011652318659596058
1062	0.01165231771136992
1063	0.011652316767080976
1064	0.011652315826709734
1065	0.011652314890236774
1066	0.011652313957642144
1067	0.01165231302890669
1068	0.011652312104011922
1069	0.011652311182938803
1070	0.011652310265668674
1071	0.011652309352183662
1072	0.011652308442465722
1073	0.011652307536496622
1074	0.01165230663425952
1075	0.011652305735736408
1076	0.011652304840910108
1077	0.011652303949763946
1078	0.011652303062281034
1079	0.011652302178444795
1080	0.011652301298238877
1081	0.011652300421646772
1082	0.01165229954865257
1083	0.01165229867924069
1084	0.011652297813395208
1085	0.01165229695110033
1086	0.011652296092341426
1087	0.01165229523710257
1088	0.011652294385368751
1089	0.011652293537125774
1090	0.011652292692358502
1091	0.011652291851051983
1092	0.011652291013192585
1093	0.01165229017876525
1094	0.011652289347756296
1095	0.011652288520151342
1096	0.011652287695937073
1097	0.011652286875099054
1098	0.011652286057623999
1099	0.011652285243498681
1100	0.011652284432709274
1101	0.011652283625242888
1102	0.0116522828210861
1103	0.011652282020226267
1104	0.011652281222650027
1105	0.011652280428344836
1106	0.011652279637297923
1107	0.011652278849496756
1108	0.011652278064929033
1109	0.01165227728358233
1110	0.011652276505443865
1111	0.01165227573050234
1112	0.011652274958745006
1113	0.0116522741901601
1114	0.011652273424735685
1115	0.01165227266246011
1116	0.01165227190332174
1117	0.011652271147308513
1118	0.011652270394409324
1119	0.01165226964461256
1120	0.011652268897906888
1121	0.011652268154280917
1122	0.011652267413723535
1123	0.011652266676223526
1124	0.011652265941769968
1125	0.011652265210351655
1126	0.011652264481957827
1127	0.011652263756577762
1128	0.011652263034200428
1129	0.011652262314815231
1130	0.011652261598411574
1131	0.011652260884978699
1132	0.011652260174506306
1133	0.011652259466984031
1134	0.011652258762401065
1135	0.011652258060747399
1136	0.011652257362012803
1137	0.01165225666618677
1138	0.01165225597325964
1139	0.01165225528322088
1140	0.011652254596060762
1141	0.011652253911769002
1142	0.011652253230335786
1143	0.011652252551751252
1144	0.011652251876005682
1145	0.01165225120308901
1146	0.01165225053299188
1147	0.011652249865704309
1148	0.011652249201216746
1149	0.011652248539519464
1150	0.01165224788060325
1151	0.011652247224458406
1152	0.011652246571075308
1153	0.011652245920445068
1154	0.011652245272557569
1155	0.011652244627403946
1156	0.011652243984974879
1157	0.011652243345261352
1158	0.011652242708253546
1159	0.011652242073942876
1160	0.011652241442319966
1161	0.0116522408133755
1162	0.011652240187100626
1163	0.011652239563486641
1164	0.011652238942524103
1165	0.011652238324204141
1166	0.011652237708518028
1167	0.0116522370954568
1168	0.011652236485011474
1169	0.011652235877173258
1170	0.01165223527193368
1171	0.011652234669283584
1172	0.011652234069214607
1173	0.01165223347171758
1174	0.011652232876784501
1175	0.011652232284405836
1176	0.011652231694573974
1177	0.011652231107279995
1178	0.011652230522515147
1179	0.011652229940270684
1180	0.01165222936053877
1181	0.011652228783310714
1182	0.011652228208577838
1183	0.011652227636332075
1184	0.011652227066564883
1185	0.011652226499267743
1186	0.011652225934432698
1187	0.011652225372051388
1188	0.011652224812115275
1189	0.01165222425461618
1190	0.01165222369954601
1191	0.01165222314689646
1192	0.011652222596659302
1193	0.011652222048826724
1194	0.011652221503390332
1195	0.011652220960341854
1196	0.011652220419673554
1197	0.011652219881377194
1198	0.011652219345444552
1199	0.011652218811868007
1200	0.011652218280639165
1201	0.011652217751750314
1202	0.011652217225193532
1203	0.011652216700960574
1204	0.011652216179043917
1205	0.01165221565943562
1206	0.011652215142127657
1207	0.011652214627111915
1208	0.011652214114381174
1209	0.011652213603927236
1210	0.011652213095742329
1211	0.011652212589818802
1212	0.011652212086148922
1213	0.011652211584724726
1214	0.011652211085538792
1215	0.011652210588583217
1216	0.011652210093850725
1217	0.011652209601333152
1218	0.01165220911102288
1219	0.01165220862291269
1220	0.011652208136994939
1221	0.011652207653261885
1222	0.011652207171705585
1223	0.01165220669231911
1224	0.011652206215094931
1225	0.011652205740025031
1226	0.01165220526710209
1227	0.011652204796319229
1228	0.011652204327668014
1229	0.0116522038611419
1230	0.01165220339673298
1231	0.01165220293443378
1232	0.011652202474237094
1233	0.011652202016135817
1234	0.011652201560122108
1235	0.01165220110618891
1236	0.011652200654328768
1237	0.011652200204534448
1238	0.01165219975679873
1239	0.011652199311114391
1240	0.011652198867473915
1241	0.011652198425870265
1242	0.011652197986296275
1243	0.011652197548744714
1244	0.011652197113208234
1245	0.011652196679679795
1246	0.011652196248152245
1247	0.011652195818618299
1248	0.011652195391071235
1249	0.011652194965503264
1250	0.011652194541908014
1251	0.011652194120278056
1252	0.011652193700606411
1253	0.011652193282885996
1254	0.011652192867109645
1255	0.011652192453270859
1256	0.011652192041361902
1257	0.011652191631376482
1258	0.01165219122330714
1259	0.011652190817147155
1260	0.01165219041288958
1261	0.011652190010527664
1262	0.01165218961005406
1263	0.011652189211462095
1264	0.011652188814745286
1265	0.011652188419896303
1266	0.011652188026908395
1267	0.01165218763577489
1268	0.011652187246488636
1269	0.011652186859043344
1270	0.011652186473431933
1271	0.011652186089647696
1272	0.011652185707683777
1273	0.011652185327533812
1274	0.01165218494919058
1275	0.011652184572647665
1276	0.011652184197898525
1277	0.011652183824936043
1278	0.01165218345375393
1279	0.011652183084345662
1280	0.011652182716704164
1281	0.011652182350823093
1282	0.011652181986696045
1283	0.011652181624315859
1284	0.011652181263676743
1285	0.011652180904771492
1286	0.011652180547593854
1287	0.011652180192137377
1288	0.011652179838395513
1289	0.011652179486361585
1290	0.0116521791360293
1291	0.01165217878739199
1292	0.011652178440443589
1293	0.011652178095177351
1294	0.01165217775158716
1295	0.011652177409666377
1296	0.01165217706940858
1297	0.011652176730807672
1298	0.011652176393857003
1299	0.011652176058550578
1300	0.011652175724881517
1301	0.011652175392844058
1302	0.011652175062431755
1303	0.01165217473363847
1304	0.011652174406457359
1305	0.011652174080882803
1306	0.011652173756908205
1307	0.011652173434527712
1308	0.011652173113734846
1309	0.011652172794523314
1310	0.011652172476887282
1311	0.011652172160820507
1312	0.011652171846316745
1313	0.011652171533369862
1314	0.011652171221973567
1315	0.011652170912121992
1316	0.011652170603809247
1317	0.01165217029702903
1318	0.01165216999177542
1319	0.011652169688042403
1320	0.011652169385823566
1321	0.01165216908511291
1322	0.011652168785905354
1323	0.011652168488194021
1324	0.01165216819197321
1325	0.01165216789723683
1326	0.01165216760397931
1327	0.011652167312194671
1328	0.01165216702187659
1329	0.01165216673301951
1330	0.01165216644561758
1331	0.01165216615966512
1332	0.011652165875155903
1333	0.011652165592084146
1334	0.011652165310444192
1335	0.011652165030230258
1336	0.011652164751436763
1337	0.011652164474057414
1338	0.011652164198086932
1339	0.011652163923519386
1340	0.011652163650348784
1341	0.0116521633785701
1342	0.011652163108176933
1343	0.011652162839164253
1344	0.011652162571526153
1345	0.011652162305256456
1346	0.011652162040350529
1347	0.011652161776802174
1348	0.011652161514605592
1349	0.011652161253755622
1350	0.011652160994246688
1351	0.011652160736072958
1352	0.011652160479228974
1353	0.011652160223709383
1354	0.01165215996950847
1355	0.011652159716621164
1356	0.011652159465041428
1357	0.011652159214763962
1358	0.011652158965783864
1359	0.01165215871809483
1360	0.011652158471691857
1361	0.011652158226569731
1362	0.011652157982722802
1363	0.011652157740145712
1364	0.011652157498833419
1365	0.01165215725878027
1366	0.011652157019980968
1367	0.011652156782430359
1368	0.011652156546122712
1369	0.01165215631105339
1370	0.01165215607721654
1371	0.011652155844607414
1372	0.011652155613220503
1373	0.011652155383050549
1374	0.011652155154092578
1375	0.011652154926341248
1376	0.011652154699791162
1377	0.011652154474437704
1378	0.011652154250275321
1379	0.011652154027298686
1380	0.011652153805503445
1381	0.011652153584883845
1382	0.011652153365435038
1383	0.01165215314715189
1384	0.011652152930029365
1385	0.011652152714062385
1386	0.011652152499245968
1387	0.01165215228557509
1388	0.011652152073044904
1389	0.011652151861650304
1390	0.0116521516513861
1391	0.011652151442247695
1392	0.011652151234229816
1393	0.011652151027328143
1394	0.011652150821537118
1395	0.01165215061685234
1396	0.01165215041326842
1397	0.011652150210780882
1398	0.011652150009384979
1399	0.01165214980907536
1400	0.011652149609847631
1401	0.011652149411697232
1402	0.011652149214618698
1403	0.01165214901860767
1404	0.011652148823659614
1405	0.011652148629768919
1406	0.011652148436932006
1407	0.01165214824514323
1408	0.0116521480543985
1409	0.011652147864692894
1410	0.01165214767602163
1411	0.01165214748838017
1412	0.011652147301763886
1413	0.011652147116168441
1414	0.011652146931588628
1415	0.011652146748020264
1416	0.01165214656545868
1417	0.011652146383899309
1418	0.011652146203337722
1419	0.01165214602376927
1420	0.011652145845189102
1421	0.011652145667593407
1422	0.011652145490977114
1423	0.01165214531533616
1424	0.01165214514066569
1425	0.011652144966961589
1426	0.01165214479421919
1427	0.011652144622434291
1428	0.01165214445160228
1429	0.011652144281718763
1430	0.011652144112779624
1431	0.011652143944780565
1432	0.0116521437777167
1433	0.011652143611584044
1434	0.011652143446378362
1435	0.011652143282095326
1436	0.011652143118730285
1437	0.011652142956279636
1438	0.011652142794738387
1439	0.011652142634102948
1440	0.011652142474368672
1441	0.011652142315531468
1442	0.01165214215758712
1443	0.011652142000531295
1444	0.011652141844360387
1445	0.011652141689069473
1446	0.011652141534655002
1447	0.011652141381112337
1448	0.011652141228438039
1449	0.011652141076627168
1450	0.01165214092567627
1451	0.011652140775581264
1452	0.011652140626337544
1453	0.011652140477941745
1454	0.011652140330389395
1455	0.011652140183676623
1456	0.011652140037799333
1457	0.011652139892753764
1458	0.011652139748535562
1459	0.01165213960514134
1460	0.011652139462566642
1461	0.011652139320807725
1462	0.011652139179860646
1463	0.011652139039721237
1464	0.011652138900386274
1465	0.01165213876185143
1466	0.011652138624112868
1467	0.011652138487166761
1468	0.0116521383510091
1469	0.011652138215636614
1470	0.01165213808104479
1471	0.011652137947230422
1472	0.011652137814189294
1473	0.01165213768191802
1474	0.011652137550412521
1475	0.011652137419669199
1476	0.011652137289684585
1477	0.011652137160454467
1478	0.011652137031975335
1479	0.011652136904243653
1480	0.011652136777255774
1481	0.011652136651008142
1482	0.011652136525496449
1483	0.01165213640071783
1484	0.011652136276668047
1485	0.011652136153344324
1486	0.01165213603074213
1487	0.011652135908858597
1488	0.011652135787689739
1489	0.011652135667232109
1490	0.011652135547482366
1491	0.01165213542843675
1492	0.011652135310092071
1493	0.011652135192444247
1494	0.011652135075490523
1495	0.011652134959226694
1496	0.011652134843650021
1497	0.011652134728756465
1498	0.011652134614543137
1499	0.011652134501005981
1500	0.011652134388142329
1501	0.011652134275948174
1502	0.011652134164420486
1503	0.011652134053555722
1504	0.011652133943350554
1505	0.011652133833801826
1506	0.011652133724905967
1507	0.011652133616659684
1508	0.011652133509060015
1509	0.011652133402103172
1510	0.011652133295786344
1511	0.01165213319010632
1512	0.01165213308505902
1513	0.011652132980642067
1514	0.011652132876851996
1515	0.011652132773685613
1516	0.011652132671139426
1517	0.01165213256921072
1518	0.011652132467896061
1519	0.01165213236719231
1520	0.011652132267096289
1521	0.011652132167605184
1522	0.011652132068715312
1523	0.011652131970423842
1524	0.011652131872728084
1525	0.011652131775624188
1526	0.011652131679109603
1527	0.011652131583180963
1528	0.011652131487835617
1529	0.011652131393070366
1530	0.011652131298881867
1531	0.011652131205267546
1532	0.011652131112224191
1533	0.011652131019748825
1534	0.011652130927838495
1535	0.011652130836490094
1536	0.011652130745701076
1537	0.011652130655468248
1538	0.011652130565788659
1539	0.011652130476659223
1540	0.011652130388077551
1541	0.011652130300040487
1542	0.011652130212544886
1543	0.01165213012558822
1544	0.011652130039167369
1545	0.011652129953279947
1546	0.011652129867922705
1547	0.011652129783092893
1548	0.011652129698788014
1549	0.01165212961500487
1550	0.011652129531740933
1551	0.011652129448993182
1552	0.011652129366759297
1553	0.011652129285035825
1554	0.011652129203820753
1555	0.0116521291231112
1556	0.011652129042904254
1557	0.011652128963197055
1558	0.01165212888398733
1559	0.011652128805272227
1560	0.011652128727049108
1561	0.011652128649315155
1562	0.011652128572067733
1563	0.01165212849530454
1564	0.011652128419022701
1565	0.011652128343219862
1566	0.011652128267892864
1567	0.011652128193039705
1568	0.01165212811865739
1569	0.011652128044743864
1570	0.01165212797129595
1571	0.011652127898311673
1572	0.011652127825787976
1573	0.011652127753722576
1574	0.011652127682113265
1575	0.011652127610956995
1576	0.011652127540251767
1577	0.011652127469994935
1578	0.01165212740018381
1579	0.011652127330816428
1580	0.011652127261889947
1581	0.011652127193401664
1582	0.011652127125349885
1583	0.011652127057731786
1584	0.011652126990545002
1585	0.01165212692378716
1586	0.011652126857455973
1587	0.011652126791548688
1588	0.011652126726063453
1589	0.011652126660997877
1590	0.011652126596349316
1591	0.011652126532115573
1592	0.011652126468294303
1593	0.011652126404883306
1594	0.011652126341880231
1595	0.01165212627928283
1596	0.011652126217088762
1597	0.011652126155295883
1598	0.01165212609390173
1599	0.011652126032903951
1600	0.011652125972301067
1601	0.011652125912090108
1602	0.011652125852269171
1603	0.011652125792835954
1604	0.011652125733788184
1605	0.011652125675123857
1606	0.011652125616840573
1607	0.011652125558936577
1608	0.01165212550140932
1609	0.011652125444256804
1610	0.011652125387476836
1611	0.011652125331067659
1612	0.011652125275026709
1613	0.011652125219351992
1614	0.011652125164041368
1615	0.01165212510909286
1616	0.011652125054504683
1617	0.01165212500027428
1618	0.011652124946399618
1619	0.011652124892878948
1620	0.011652124839710272
1621	0.011652124786891165
1622	0.011652124734420077
1623	0.011652124682294485
1624	0.011652124630513025
1625	0.011652124579072949
1626	0.01165212452797326
1627	0.011652124477211236
1628	0.011652124426785005
1629	0.01165212437669281
1630	0.011652124326932568
1631	0.011652124277502262
1632	0.011652124228400425
1633	0.01165212417962477
1634	0.011652124131173518
1635	0.011652124083044568
1636	0.01165212403523639
1637	0.011652123987746808
1638	0.011652123940574
1639	0.011652123893716249
1640	0.011652123847171725
1641	0.011652123800938323
1642	0.01165212375501441
1643	0.01165212370939833
1644	0.011652123664087813
1645	0.01165212361908137
1646	0.011652123574377444
1647	0.011652123529973578
1648	0.011652123485868589
1649	0.011652123442060484
1650	0.011652123398547575
1651	0.01165212335532797
1652	0.011652123312399993
1653	0.011652123269762055
1654	0.011652123227412003
1655	0.0116521231853489
1656	0.011652123143570073
1657	0.011652123102074504
1658	0.011652123060860485
1659	0.011652123019926103
1660	0.011652122979269488
1661	0.011652122938889347
1662	0.01165212289878401
1663	0.011652122858951883
1664	0.011652122819390801
1665	0.011652122780099465
1666	0.011652122741076585
1667	0.011652122702319846
1668	0.011652122663828262
1669	0.011652122625600073
1670	0.011652122587633512
1671	0.011652122549927181
1672	0.011652122512479143
1673	0.011652122475288504
1674	0.011652122438353103
1675	0.011652122401671648
1676	0.011652122365242459
1677	0.011652122329063964
1678	0.011652122293134842
1679	0.011652122257453624
1680	0.011652122222018614
1681	0.011652122186828413
1682	0.011652122151881245
1683	0.01165212211717566
1684	0.011652122082710813
1685	0.011652122048484469
1686	0.011652122014495739
1687	0.011652121980742508
1688	0.011652121947223874
1689	0.011652121913938291
1690	0.011652121880884063
1691	0.011652121848060236
1692	0.011652121815464685
1693	0.011652121783096735
1694	0.011652121750954736
1695	0.011652121719036854
1696	0.011652121687342242
1697	0.011652121655869386
1698	0.011652121624616705
1699	0.01165212159358326
1700	0.011652121562766888
1701	0.011652121532167168
1702	0.011652121501782072
1703	0.011652121471610788
1704	0.011652121441651408
1705	0.011652121411903102
1706	0.011652121382364293
1707	0.011652121353033791
1708	0.01165212132391012
1709	0.011652121294992128
1710	0.011652121266278362
1711	0.011652121237767743
1712	0.011652121209459104
1713	0.01165212118135061
1714	0.011652121153441657
1715	0.011652121125730521
1716	0.011652121098216133
1717	0.011652121070897277
1718	0.011652121043772806
1719	0.01165212101684106
1720	0.011652120990101296
1721	0.011652120963552035
1722	0.01165212093719218
1723	0.011652120911020563
1724	0.011652120885035491
1725	0.011652120859236743
1726	0.011652120833622303
1727	0.011652120808191477
1728	0.011652120782942628
1729	0.011652120757874813
1730	0.011652120732987173
1731	0.011652120708278034
1732	0.011652120683746683
1733	0.011652120659391732
1734	0.011652120635212026
1735	0.011652120611206613
1736	0.011652120587374349
1737	0.01165212056371378
1738	0.011652120540224213
1739	0.011652120516904568
1740	0.011652120493753365
1741	0.01165212047076993
1742	0.011652120447952828
1743	0.011652120425301074
1744	0.011652120402813654
1745	0.01165212038048968
1746	0.011652120358327791
1747	0.011652120336326949
1748	0.011652120314486359
1749	0.011652120292804512
1750	0.011652120271281114
1751	0.011652120249914426
1752	0.011652120228703709
1753	0.01165212020764818
1754	0.011652120186746174
1755	0.01165212016599739
1756	0.01165212014540052
1757	0.011652120124954264
1758	0.011652120104658041
1759	0.011652120084510918
1760	0.011652120064511542
1761	0.011652120044659185
1762	0.011652120024952832
1763	0.011652120005391665
1764	0.011652119985974308
1765	0.01165211996670033
1766	0.0116521199475684
1767	0.011652119928577967
1768	0.011652119909727495
1769	0.011652119891016603
1770	0.011652119872444201
1771	0.01165211985400913
1772	0.011652119835710713
1773	0.011652119817548065
1774	0.011652119799520124
1775	0.01165211978162617
1776	0.011652119763865083
1777	0.011652119746236292
1778	0.011652119728738657
1779	0.011652119711371277
1780	0.01165211969413365
1781	0.011652119677024293
1782	0.011652119660042757
1783	0.01165211964318819
1784	0.011652119626459692
1785	0.01165211960985631
1786	0.011652119593377263
1787	0.011652119577021797
1788	0.011652119560788942
1789	0.011652119544677923
1790	0.011652119528687842
1791	0.011652119512818152
1792	0.011652119497067563
1793	0.011652119481435685
1794	0.01165211946592163
1795	0.011652119450524573
1796	0.011652119435243516
1797	0.011652119420077982
1798	0.011652119405027021
1799	0.011652119390089633
1800	0.011652119375265592
1801	0.011652119360553735
1802	0.011652119345953227
1803	0.01165211933146346
1804	0.011652119317083801
1805	0.011652119302813513
1806	0.011652119288651244
1807	0.011652119274596945
1808	0.011652119260649801
1809	0.01165211924680883
1810	0.011652119233073195
1811	0.011652119219442413
1812	0.011652119205915693
1813	0.011652119192492193
1814	0.011652119179171798
1815	0.011652119165952792
1816	0.011652119152835445
1817	0.011652119139818331
1818	0.011652119126901077
1819	0.01165211911408309
1820	0.01165211910136355
1821	0.01165211908874175
1822	0.011652119076216948
1823	0.011652119063788595
1824	0.011652119051455974
1825	0.011652119039218421
1826	0.011652119027075199
1827	0.011652119015025624
1828	0.011652119003069367
1829	0.011652118991205534
1830	0.01165211897943326
1831	0.011652118967752258
1832	0.011652118956161719
1833	0.011652118944661201
1834	0.01165211893324963
1835	0.011652118921926899
1836	0.011652118910692115
1837	0.011652118899544626
1838	0.01165211888848397
1839	0.011652118877509334
1840	0.011652118866620254
1841	0.011652118855816173
1842	0.011652118845096367
1843	0.01165211883446039
1844	0.011652118823907447
1845	0.011652118813436915
1846	0.011652118803048681
1847	0.011652118792741532
1848	0.011652118782514894
1849	0.011652118772369166
1850	0.011652118762302701
1851	0.01165211875231528
1852	0.011652118742406589
1853	0.011652118732575639
1854	0.01165211872282193
1855	0.011652118713145794
1856	0.01165211870354525
1857	0.01165211869402054
1858	0.011652118684571075
1859	0.011652118675196584
1860	0.011652118665895906
1861	0.011652118656668924
1862	0.011652118647514961
1863	0.011652118638433398
1864	0.011652118629424054
1865	0.011652118620486098
1866	0.011652118611619185
1867	0.01165211860282282
1868	0.01165211859409629
1869	0.011652118585439384
1870	0.011652118576851037
1871	0.01165211856833152
1872	0.011652118559879828
1873	0.011652118551495411
1874	0.011652118543178177
1875	0.011652118534927283
1876	0.011652118526742496
1877	0.011652118518623198
1878	0.011652118510568958
1879	0.011652118502579134
1880	0.011652118494653594
1881	0.011652118486791487
1882	0.011652118478992586
1883	0.011652118471256351
1884	0.011652118463582602
1885	0.011652118455970552
1886	0.01165211844841955
1887	0.011652118440929527
1888	0.011652118433499925
1889	0.01165211842613057
1890	0.011652118418820447
1891	0.011652118411569365
1892	0.011652118404377021
1893	0.011652118397243241
1894	0.01165211839016684
1895	0.011652118383148011
1896	0.01165211837618611
1897	0.01165211836928068
1898	0.011652118362431239
1899	0.011652118355637729
1900	0.011652118348899522
1901	0.011652118342215747
1902	0.011652118335586997
1903	0.01165211832901195
1904	0.011652118322490522
1905	0.011652118316022428
1906	0.01165211830960733
1907	0.011652118303244512
1908	0.011652118296933916
1909	0.011652118290674801
1910	0.011652118284467114
1911	0.011652118278310156
1912	0.011652118272203776
1913	0.01165211826614776
1914	0.011652118260141068
1915	0.011652118254184276
1916	0.01165211824827614
1917	0.011652118242416826
1918	0.011652118236605781
1919	0.011652118230842404
1920	0.011652118225126932
1921	0.011652118219458493
1922	0.011652118213836939
1923	0.011652118208261755
1924	0.01165211820273282
1925	0.011652118197249721
1926	0.011652118191812041
1927	0.011652118186419534
1928	0.011652118181071383
1929	0.011652118175767903
1930	0.01165211817050853
1931	0.011652118165292982
1932	0.011652118160120628
1933	0.011652118154991516
1934	0.011652118149905166
1935	0.011652118144860914
1936	0.011652118139859108
1937	0.011652118134898807
1938	0.011652118129980179
1939	0.011652118125102556
1940	0.01165211812026559
1941	0.011652118115469345
1942	0.011652118110713186
1943	0.011652118105997086
1944	0.011652118101320575
1945	0.011652118096682998
1946	0.011652118092084746
1947	0.011652118087525032
1948	0.01165211808300355
1949	0.011652118078520434
1950	0.011652118074075068
1951	0.011652118069666833
1952	0.011652118065296094
1953	0.011652118060962315
1954	0.011652118056664681
1955	0.01165211805240388
1956	0.011652118048178985
1957	0.011652118043989941
1958	0.011652118039836248
1959	0.01165211803571771
1960	0.011652118031634266
1961	0.011652118027585659
1962	0.01165211802357097
1963	0.011652118019590978
1964	0.011652118015644594
1965	0.011652118011731612
1966	0.011652118007852236
1967	0.011652118004005986
1968	0.011652118000192419
1969	0.011652117996411292
1970	0.01165211799266265
1971	0.011652117988946048
1972	0.011652117985261091
1973	0.011652117981607804
1974	0.011652117977985967
1975	0.011652117974394846
1976	0.01165211797083474
1977	0.011652117967305201
1978	0.011652117963805933
1979	0.011652117960336794
1980	0.011652117956897438
1981	0.011652117953487815
1982	0.011652117950107233
1983	0.011652117946756144
1984	0.011652117943433841
1985	0.011652117940140249
1986	0.01165211793687512
1987	0.011652117933637868
1988	0.011652117930429282
1989	0.011652117927247933
1990	0.011652117924094218
1991	0.011652117920967969
1992	0.01165211791786886
1993	0.011652117914796622
1994	0.011652117911750977
1995	0.011652117908732005
1996	0.01165211790573905
1997	0.011652117902772206
1998	0.011652117899831243
1999	0.011652117896915932
2000	0.011652117894026053
2001	0.011652117891161216
2002	0.011652117888321595
2003	0.011652117885506732
2004	0.01165211788271658
2005	0.011652117879950706
2006	0.011652117877209075
2007	0.011652117874491552
2008	0.011652117871797783
2009	0.011652117869127645
2010	0.011652117866480939
2011	0.011652117863857572
2012	0.011652117861257243
2013	0.011652117858679796
2014	0.01165211785612505
2015	0.011652117853592518
2016	0.01165211785108275
2017	0.01165211784859495
2018	0.011652117846129219
2019	0.011652117843685129
2020	0.011652117841262627
2021	0.011652117838861388
2022	0.011652117836481835
2023	0.011652117834123002
2024	0.011652117831785398
2025	0.011652117829468275
2026	0.01165211782717194
2027	0.011652117824895565
2028	0.011652117822639944
2029	0.011652117820404142
2030	0.011652117818188227
2031	0.011652117815992034
2032	0.011652117813815317
2033	0.011652117811658246
2034	0.01165211780952046
2035	0.011652117807401571
2036	0.011652117805301747
2037	0.011652117803220523
2038	0.011652117801158055
2039	0.011652117799114278
2040	0.011652117797088322
2041	0.011652117795080857
2042	0.01165211779309133
2043	0.011652117791119599
2044	0.011652117789165582
2045	0.011652117787229226
2046	0.01165211778531031
2047	0.011652117783408505
2048	0.01165211778152405
2049	0.011652117779656471
2050	0.011652117777805776
2051	0.011652117775971948
2052	0.011652117774154255
2053	0.01165211777235299
2054	0.011652117770568475
2055	0.011652117768799994
2056	0.011652117767047368
2057	0.011652117765310577
2058	0.011652117763589598
2059	0.01165211776188439
2060	0.011652117760194529
2061	0.011652117758519992
2062	0.011652117756860958
2063	0.011652117755216691
2064	0.011652117753587337
2065	0.011652117751973055
2066	0.01165211775037341
2067	0.011652117748788531
2068	0.011652117747217725
2069	0.011652117745661654
2070	0.011652117744119828
2071	0.011652117742591984
2072	0.011652117741078043
2073	0.011652117739578107
2074	0.011652117738091449
2075	0.01165211773661899
2076	0.01165211773515987
2077	0.011652117733714135
2078	0.011652117732281742
2079	0.011652117730862506
2080	0.011652117729456292
2081	0.011652117728062851
2082	0.011652117726682605
2083	0.011652117725314914
2084	0.011652117723959883
2085	0.011652117722617428
2086	0.011652117721287148
2087	0.011652117719969162
2088	0.011652117718663594
2089	0.011652117717370002
2090	0.011652117716088511
2091	0.011652117714818966
2092	0.011652117713560782
2093	0.011652117712314457
2094	0.011652117711079884
2095	0.011652117709856668
2096	0.011652117708644822
2097	0.011652117707444435
2098	0.011652117706254787
2099	0.011652117705076412
2100	0.011652117703909406
2101	0.01165211770275284
2102	0.011652117701607212
2103	0.011652117700472265
2104	0.01165211769934815
2105	0.011652117698234545
2106	0.011652117697130888
2107	0.011652117696037897
2108	0.01165211769495526
2109	0.0116521176938825
2110	0.011652117692820058
2111	0.011652117691767392
2112	0.01165211769072488
2113	0.011652117689692055
2114	0.01165211768866881
2115	0.011652117687655346
2116	0.011652117686651519
2117	0.011652117685656757
2118	0.011652117684671918
2119	0.011652117683695834
2120	0.01165211768272924
2121	0.011652117681771969
2122	0.01165211768082371
2123	0.011652117679884147
2124	0.011652117678953548
2125	0.011652117678032179
2126	0.011652117677118925
2127	0.0116521176762149
2128	0.011652117675319066
2129	0.0116521176744318
2130	0.011652117673553168
2131	0.011652117672682798
2132	0.011652117671820691
2133	0.011652117670966728
2134	0.011652117670121268
2135	0.01165211766928344
2136	0.011652117668453836
2137	0.011652117667631997
2138	0.011652117666818066
2139	0.01165211766601193
2140	0.01165211766521367
2141	0.011652117664422949
2142	0.011652117663639801
2143	0.011652117662864184
2144	0.011652117662095958
2145	0.011652117661335086
2146	0.01165211766058155
2147	0.011652117659835556
2148	0.011652117659096302
2149	0.011652117658364452
2150	0.011652117657639497
2151	0.011652117656921734
2152	0.011652117656210421
2153	0.011652117655506231
2154	0.011652117654809214
2155	0.011652117654118685
2156	0.011652117653434655
2157	0.011652117652757222
2158	0.011652117652086565
2159	0.01165211765142235
2160	0.011652117650764692
2161	0.011652117650113331
2162	0.011652117649468151
2163	0.011652117648829343
2164	0.011652117648196694
2165	0.01165211764757031
2166	0.011652117646950077
2167	0.011652117646335633
2168	0.011652117645727376
2169	0.011652117645124895
2170	0.011652117644528458
2171	0.011652117643937938
2172	0.01165211764335306
2173	0.01165211764277371
2174	0.011652117642200224
2175	0.011652117641632431
2176	0.011652117641070082
2177	0.011652117640513182
2178	0.011652117639961889
2179	0.011652117639416018
2180	0.011652117638875518
2181	0.011652117638340278
2182	0.011652117637810109
2183	0.01165211763728549
2184	0.011652117636765609
2185	0.011652117636251312
2186	0.011652117635741924
2187	0.011652117635237566
2188	0.011652117634738167
2189	0.011652117634243796
2190	0.011652117633754022
2191	0.011652117633269477
2192	0.0116521176327894
2193	0.011652117632314298
2194	0.011652117631843891
2195	0.011652117631378064
2196	0.011652117630916793
2197	0.011652117630460104
2198	0.011652117630008155
2199	0.011652117629560643
2200	0.011652117629117498
2201	0.011652117628678904
2202	0.011652117628244474
2203	0.011652117627814488
2204	0.011652117627388693
2205	0.01165211762696738
2206	0.011652117626550005
2207	0.011652117626137083
2208	0.011652117625727858
2209	0.011652117625323236
2210	0.011652117624922513
2211	0.011652117624525598
2212	0.011652117624132888
2213	0.011652117623744044
2214	0.011652117623359118
2215	0.011652117622978003
2216	0.011652117622600927
2217	0.011652117622227197
2218	0.01165211762185764
2219	0.011652117621491556
2220	0.01165211762112938
2221	0.011652117620770668
2222	0.011652117620415686
2223	0.01165211762006437
2224	0.011652117619716454
2225	0.011652117619371991
2226	0.011652117619031156
2227	0.011652117618693725
2228	0.011652117618359624
2229	0.011652117618029093
2230	0.011652117617701916
2231	0.011652117617377993
2232	0.011652117617057367
2233	0.011652117616739923
2234	0.011652117616425782
2235	0.01165211761611473
2236	0.011652117615807
2237	0.011652117615502196
2238	0.011652117615200838
2239	0.011652117614902435
2240	0.011652117614606942
2241	0.011652117614314464
2242	0.01165211761402506
2243	0.011652117613738595
2244	0.01165211761345505
2245	0.011652117613174553
2246	0.011652117612896765
2247	0.011652117612621834
2248	0.01165211761234974
2249	0.011652117612080449
2250	0.011652117611814007
2251	0.011652117611550076
2252	0.01165211761128912
2253	0.011652117611030724
2254	0.011652117610774957
2255	0.01165211761052181
2256	0.011652117610271667
2257	0.01165211761002352
2258	0.01165211760977833
2259	0.011652117609535518
2260	0.011652117609295198
2261	0.01165211760905758
2262	0.011652117608822132
2263	0.011652117608589276
2264	0.011652117608358709
2265	0.011652117608130678
2266	0.011652117607904931
2267	0.011652117607681341
2268	0.011652117607460596
2269	0.01165211760724184
2270	0.011652117607025244
2271	0.011652117606811027
2272	0.01165211760659913
2273	0.011652117606389317
2274	0.011652117606181768
2275	0.011652117605976193
2276	0.011652117605773074
2277	0.01165211760557171
2278	0.011652117605372667
2279	0.011652117605175892
2280	0.011652117604981096
2281	0.011652117604788084
2282	0.011652117604597044
2283	0.011652117604408183
2284	0.011652117604221562
2285	0.011652117604036604
2286	0.011652117603853677
2287	0.011652117603672617
2288	0.011652117603493425
2289	0.011652117603316263
2290	0.011652117603140928
2291	0.011652117602967325
2292	0.011652117602795619
2293	0.011652117602625816
2294	0.011652117602457794
2295	0.011652117602291534
2296	0.011652117602126878
2297	0.011652117601964166
2298	0.011652117601803035
2299	0.011652117601643652
2300	0.011652117601485944
2301	0.011652117601330031
2302	0.011652117601175703
2303	0.011652117601022936
2304	0.01165211760087194
2305	0.011652117600722347
2306	0.011652117600574396
2307	0.011652117600428086
2308	0.011652117600283236
2309	0.011652117600140281
2310	0.011652117599998547
2311	0.01165211759985839
2312	0.011652117599719894
2313	0.011652117599582542
2314	0.011652117599446881
2315	0.011652117599312416
2316	0.01165211759917963
2317	0.011652117599048245
2318	0.011652117598918132
2319	0.011652117598789771
2320	0.011652117598662469
2321	0.011652117598536727
2322	0.011652117598412021
2323	0.011652117598288922
2324	0.01165211759816713
2325	0.01165211759804653
2326	0.011652117597927374
2327	0.011652117597809483
2328	0.011652117597692727
2329	0.011652117597577324
2330	0.011652117597463192
2331	0.011652117597350417
2332	0.01165211759723855
2333	0.01165211759712792
2334	0.01165211759701878
2335	0.01165211759691075
2336	0.01165211759680376
2337	0.01165211759669806
2338	0.01165211759659346
2339	0.011652117596489944
2340	0.011652117596387568
2341	0.01165211759628625
2342	0.011652117596186149
2343	0.011652117596086942
2344	0.011652117595989093
2345	0.011652117595892172
2346	0.011652117595796329
2347	0.01165211759570147
2348	0.0116521175956077
2349	0.011652117595515238
2350	0.011652117595423258
2351	0.01165211759533252
2352	0.011652117595242902
2353	0.011652117595154114
2354	0.01165211759506635
2355	0.011652117594979377
2356	0.01165211759489372
2357	0.011652117594808682
2358	0.011652117594724802
2359	0.011652117594641642
2360	0.011652117594559525
2361	0.011652117594478296
2362	0.011652117594398086
2363	0.0116521175943184
2364	0.011652117594240046
2365	0.011652117594162344
2366	0.011652117594085437
2367	0.011652117594009385
2368	0.011652117593934313
2369	0.011652117593860006
2370	0.011652117593786603
2371	0.011652117593713774
2372	0.01165211759364196
2373	0.01165211759357084
2374	0.011652117593500644
2375	0.01165211759343094
2376	0.011652117593362266
2377	0.011652117593294502
2378	0.011652117593227004
2379	0.01165211759316073
2380	0.011652117593094865
2381	0.011652117593029938
2382	0.011652117592965689
2383	0.011652117592902113
2384	0.01165211759283926
2385	0.011652117592777046
2386	0.01165211759271561
2387	0.011652117592654845
2388	0.011652117592594808
2389	0.011652117592535398
2390	0.01165211759247682
2391	0.011652117592418593
2392	0.011652117592361285
2393	0.011652117592304442
2394	0.01165211759224828
2395	0.011652117592192836
2396	0.01165211759213779
2397	0.011652117592083693
2398	0.011652117592029995
2399	0.011652117591976997
2400	0.011652117591924464
2401	0.011652117591872487
2402	0.011652117591821193
2403	0.011652117591770686
2404	0.011652117591720374
2405	0.011652117591670928
2406	0.011652117591622008
2407	0.011652117591573518
2408	0.011652117591525776
2409	0.011652117591478392
2410	0.011652117591431458
2411	0.011652117591385215
2412	0.01165211759133953
2413	0.011652117591293974
2414	0.011652117591249476
2415	0.011652117591205421
2416	0.011652117591161682
2417	0.011652117591118644
2418	0.011652117591075766
2419	0.011652117591033606
2420	0.011652117590991749
2421	0.011652117590950611
2422	0.011652117590909736
2423	0.011652117590869404
2424	0.011652117590829628
2425	0.011652117590790094
2426	0.011652117590751254
2427	0.01165211759071269
2428	0.011652117590674652
2429	0.01165211759063712
2430	0.011652117590600065
2431	0.011652117590563036
2432	0.01165211759052673
2433	0.01165211759049081
2434	0.011652117590455362
2435	0.011652117590420348
2436	0.011652117590385584
2437	0.01165211759035129
2438	0.011652117590317415
2439	0.011652117590283928
2440	0.01165211759025088
2441	0.011652117590217975
2442	0.011652117590185682
2443	0.011652117590153494
2444	0.01165211759012213
2445	0.011652117590090832
2446	0.011652117590059928
2447	0.011652117590029494
2448	0.0116521175899993
2449	0.01165211758996961
2450	0.011652117589940163
2451	0.011652117589910868
2452	0.01165211758988226
2453	0.011652117589853914
2454	0.011652117589825652
2455	0.01165211758979785
2456	0.011652117589770567
2457	0.011652117589743261
2458	0.011652117589716387
2459	0.011652117589689846
2460	0.011652117589663719
2461	0.011652117589637917
2462	0.011652117589612345
2463	0.011652117589586824
2464	0.011652117589561885
2465	0.011652117589537235
2466	0.011652117589512848
2467	0.011652117589488671
2468	0.01165211758946499
2469	0.011652117589441378
2470	0.011652117589418172
2471	0.01165211758939508
2472	0.011652117589372343
2473	0.011652117589349831
2474	0.011652117589327576
2475	0.011652117589305533
2476	0.011652117589284031
2477	0.01165211758926265
2478	0.011652117589241513
2479	0.011652117589220603
2480	0.01165211758919989
2481	0.01165211758917939
2482	0.011652117589159308
2483	0.011652117589139255
2484	0.011652117589119727
2485	0.011652117589100255
2486	0.011652117589080984
2487	0.01165211758906205
2488	0.011652117589043255
2489	0.011652117589024439
2490	0.011652117589006271
2491	0.011652117588988192
2492	0.011652117588970487
2493	0.011652117588952505
2494	0.011652117588934996
2495	0.011652117588918008
2496	0.011652117588900841
2497	0.011652117588884065
2498	0.011652117588867226
2499	0.011652117588850947
2500	0.011652117588834552
2501	0.01165211758881853
2502	0.011652117588802437
2503	0.011652117588786889
2504	0.011652117588771377
2505	0.011652117588756181
2506	0.011652117588740983
2507	0.011652117588726044
2508	0.011652117588711349
2509	0.011652117588696876
2510	0.011652117588682512
2511	0.011652117588668185
2512	0.01165211758865405
2513	0.011652117588640258
2514	0.011652117588626512
2515	0.011652117588613075
2516	0.011652117588599636
2517	0.01165211758858645
2518	0.011652117588573282
2519	0.01165211758856037
2520	0.011652117588547645
2521	0.011652117588534964
2522	0.011652117588522602
2523	0.011652117588510185
2524	0.011652117588498195
2525	0.01165211758848626
2526	0.011652117588474458
2527	0.011652117588462537
2528	0.011652117588451005
2529	0.011652117588439705
2530	0.011652117588428424
2531	0.011652117588417247
2532	0.011652117588406292
2533	0.011652117588395367
2534	0.011652117588384713
2535	0.011652117588374087
2536	0.011652117588363676
2537	0.011652117588353194
2538	0.011652117588342982
2539	0.011652117588332796
2540	0.011652117588322929
2541	0.01165211758831298
2542	0.0116521175883034
2543	0.011652117588293792
2544	0.01165211758828431
2545	0.01165211758827508
2546	0.011652117588265721
2547	0.011652117588256697
2548	0.01165211758824752
2549	0.011652117588238614
2550	0.01165211758823002
2551	0.01165211758822118
2552	0.011652117588212552
2553	0.011652117588204128
2554	0.01165211758819557
2555	0.011652117588187511
2556	0.011652117588179266
2557	0.011652117588171357
2558	0.01165211758816341
2559	0.011652117588155375
2560	0.01165211758814783
2561	0.011652117588139957
2562	0.011652117588132211
2563	0.011652117588124901
2564	0.011652117588117355
2565	0.011652117588110278
2566	0.011652117588103087
2567	0.011652117588095926
2568	0.011652117588088987
2569	0.011652117588082007
2570	0.011652117588074983
2571	0.011652117588068321
2572	0.011652117588061665
2573	0.011652117588055
2574	0.011652117588048518
2575	0.011652117588041827
2576	0.011652117588035717
2577	0.011652117588029514
2578	0.011652117588023241
2579	0.011652117588017045
2580	0.011652117588011122
2581	0.01165211758800524
2582	0.011652117587999436
2583	0.011652117587993328
2584	0.011652117587987742
2585	0.011652117587982054
2586	0.011652117587976456
2587	0.011652117587970969
2588	0.011652117587965534
2589	0.011652117587960052
2590	0.011652117587954803
2591	0.011652117587949736
2592	0.011652117587944388
2593	0.011652117587939312
2594	0.011652117587934108
2595	0.011652117587929126
2596	0.011652117587924157
2597	0.011652117587919304
2598	0.011652117587914625
2599	0.01165211758790982
2600	0.011652117587905127
2601	0.011652117587900636
2602	0.011652117587895939
2603	0.011652117587891512
2604	0.01165211758788715
2605	0.011652117587882633
2606	0.011652117587878333
2607	0.011652117587874168
2608	0.011652117587869836
2609	0.011652117587865623
2610	0.01165211758786165
2611	0.011652117587857592
2612	0.0116521175878536
2613	0.011652117587849519
2614	0.011652117587845599
2615	0.011652117587841855
2616	0.011652117587838145
2617	0.01165211758783425
2618	0.011652117587830545
2619	0.01165211758782696
2620	0.0116521175878232
2621	0.011652117587819718
2622	0.011652117587816029
2623	0.011652117587812868
2624	0.011652117587809308
2625	0.01165211758780595
2626	0.011652117587802583
2627	0.011652117587799153
2628	0.011652117587796038
2629	0.01165211758779294
2630	0.011652117587789633
2631	0.011652117587786472
2632	0.011652117587783473
2633	0.01165211758778036
2634	0.011652117587777228
2635	0.011652117587774374
2636	0.011652117587771476
2637	0.011652117587768518
2638	0.011652117587765746
2639	0.01165211758776305
2640	0.011652117587760137
2641	0.011652117587757457
2642	0.011652117587754618
2643	0.011652117587752038
2644	0.011652117587749363
2645	0.011652117587746862
2646	0.011652117587744143
2647	0.01165211758774171
2648	0.01165211758773904
2649	0.01165211758773662
2650	0.011652117587734184
2651	0.01165211758773176
2652	0.011652117587729481
2653	0.011652117587727075
2654	0.011652117587724931
2655	0.011652117587722473
2656	0.011652117587720279
2657	0.011652117587717996
2658	0.011652117587716015
2659	0.011652117587713699
2660	0.011652117587711562
2661	0.011652117587709395
2662	0.011652117587707407
2663	0.011652117587705312
2664	0.01165211758770332
2665	0.011652117587701431
2666	0.011652117587699441
2667	0.011652117587697373
2668	0.011652117587695401
2669	0.011652117587693562
2670	0.011652117587691737
2671	0.011652117587689928
2672	0.01165211758768813
2673	0.011652117587686521
2674	0.011652117587684543
2675	0.011652117587682833
2676	0.011652117587681083
2677	0.011652117587679341
2678	0.01165211758767763
2679	0.011652117587675996
2680	0.011652117587674343
2681	0.011652117587672666
2682	0.011652117587671193
2683	0.011652117587669621
2684	0.011652117587668105
2685	0.011652117587666379
2686	0.011652117587664951
2687	0.011652117587663364
2688	0.011652117587662153
2689	0.011652117587660694
2690	0.011652117587659072
2691	0.011652117587657775
2692	0.011652117587656347
2693	0.011652117587655112
2694	0.011652117587653752
2695	0.01165211758765241
2696	0.011652117587651112
2697	0.01165211758764977
2698	0.011652117587648397
2699	0.011652117587647401
2700	0.011652117587645896
2701	0.01165211758764473
2702	0.01165211758764358
2703	0.011652117587642381
2704	0.011652117587641179
2705	0.011652117587639996
2706	0.011652117587638969
2707	0.011652117587637607
2708	0.01165211758763669
2709	0.011652117587635456
2710	0.011652117587634505
2711	0.011652117587633211
2712	0.01165211758763228
2713	0.011652117587631154
2714	0.011652117587630146
2715	0.011652117587629076
2716	0.011652117587627964
2717	0.011652117587627107
2718	0.011652117587626281
2719	0.01165211758762517
2720	0.01165211758762426
2721	0.011652117587623521
2722	0.011652117587622418
2723	0.011652117587621656
2724	0.011652117587620796
2725	0.011652117587619793
2726	0.01165211758761892
2727	0.011652117587618083
2728	0.011652117587617253
2729	0.011652117587616497
2730	0.011652117587615545
2731	0.011652117587614873
2732	0.011652117587613923
2733	0.011652117587613236
2734	0.01165211758761233
2735	0.011652117587611584
2736	0.01165211758761101
2737	0.011652117587610207
2738	0.011652117587609248
2739	0.011652117587608542
2740	0.011652117587607744
2741	0.011652117587607128
2742	0.011652117587606578
2743	0.011652117587605782
2744	0.011652117587605244
2745	0.011652117587604512
2746	0.011652117587603992
2747	0.011652117587603043
2748	0.011652117587602595
2749	0.011652117587601905
2750	0.011652117587601351
2751	0.01165211758760068
2752	0.011652117587600182
2753	0.011652117587599518
2754	0.011652117587598928
2755	0.01165211758759841
2756	0.011652117587597688
2757	0.011652117587597115
2758	0.011652117587596732
2759	0.011652117587595935
2760	0.011652117587595337
2761	0.011652117587594851
2762	0.011652117587594516
2763	0.011652117587593871
2764	0.011652117587593486
2765	0.01165211758759288
2766	0.01165211758759242
2767	0.011652117587591857
2768	0.011652117587591439
2769	0.011652117587591151
2770	0.011652117587590535
2771	0.011652117587590076
2772	0.011652117587589843
2773	0.011652117587589132
2774	0.011652117587588688
2775	0.011652117587588218
2776	0.011652117587587895
2777	0.011652117587587326
2778	0.011652117587586894
2779	0.011652117587586592
2780	0.011652117587586143
2781	0.011652117587585784
2782	0.011652117587585482
2783	0.011652117587585064
2784	0.011652117587584726
2785	0.011652117587584405
2786	0.011652117587583725
2787	0.011652117587583494
2788	0.01165211758758311
2789	0.011652117587582844
2790	0.011652117587582406
2791	0.011652117587581917
2792	0.011652117587581803
2793	0.011652117587581536
2794	0.011652117587580994
2795	0.011652117587580604
2796	0.011652117587580363
2797	0.011652117587579995
2798	0.011652117587579657
2799	0.011652117587579539
2800	0.011652117587579162
2801	0.011652117587578842
2802	0.011652117587578552
2803	0.011652117587578175
2804	0.011652117587577948
2805	0.011652117587577919
2806	0.011652117587577551
2807	0.011652117587577025
2808	0.011652117587576807
2809	0.011652117587576677
2810	0.011652117587576399
2811	0.011652117587576106
2812	0.011652117587575783
2813	0.011652117587575601
2814	0.011652117587575101
2815	0.011652117587575206
2816	0.011652117587574742
2817	0.011652117587574524
2818	0.011652117587574375
2819	0.011652117587574217
2820	0.011652117587573882
2821	0.011652117587573885
2822	0.01165211758757352
2823	0.011652117587573318
2824	0.011652117587573185
2825	0.011652117587572664
2826	0.011652117587572506
2827	0.011652117587572385
2828	0.011652117587572244
2829	0.011652117587572041
2830	0.01165211758757184
2831	0.011652117587571512
2832	0.011652117587571445
2833	0.011652117587571188
2834	0.011652117587571002
2835	0.011652117587570713
2836	0.0116521175875706
2837	0.011652117587570381
2838	0.011652117587570277
2839	0.011652117587570093
2840	0.011652117587569904
2841	0.011652117587569762
2842	0.011652117587569759
2843	0.011652117587569356
2844	0.011652117587569389
2845	0.011652117587569216
2846	0.011652117587569021
2847	0.011652117587569044
2848	0.011652117587568678
2849	0.011652117587568555
2850	0.011652117587568416
2851	0.011652117587568202
2852	0.011652117587568128
2853	0.011652117587568022
2854	0.011652117587567904
2855	0.0116521175875678
2856	0.011652117587567496
2857	0.011652117587567356
2858	0.011652117587567368
2859	0.011652117587567078
2860	0.011652117587567144
2861	0.011652117587566993
2862	0.01165211758756673
2863	0.011652117587566662
2864	0.011652117587566608
2865	0.011652117587566582
2866	0.01165211758756617
2867	0.01165211758756609
2868	0.011652117587566214
2869	0.011652117587566055
2870	0.01165211758756597
2871	0.011652117587565753
2872	0.011652117587565736
2873	0.011652117587565583
2874	0.01165211758756565
2875	0.01165211758756545
2876	0.011652117587565288
2877	0.011652117587565273
2878	0.011652117587565066
2879	0.011652117587564997
2880	0.0116521175875649
2881	0.011652117587564636
2882	0.011652117587564629
2883	0.011652117587564606
2884	0.011652117587564638
2885	0.011652117587564481
2886	0.011652117587564367
2887	0.011652117587564138
2888	0.011652117587564173
2889	0.011652117587564148
2890	0.01165211758756408
2891	0.011652117587563899
2892	0.011652117587563885
2893	0.011652117587563947
2894	0.011652117587563817
2895	0.011652117587563625
2896	0.011652117587563614
2897	0.011652117587563448
2898	0.01165211758756333
2899	0.011652117587563298
2900	0.011652117587563442
2901	0.01165211758756326
2902	0.011652117587563203
2903	0.011652117587563085
2904	0.01165211758756306
2905	0.01165211758756295
2906	0.011652117587562974
2907	0.011652117587562958
2908	0.011652117587562611
2909	0.01165211758756277
2910	0.011652117587562625
2911	0.011652117587562598
2912	0.011652117587562523
2913	0.011652117587562388
2914	0.011652117587562382
2915	0.011652117587562311
2916	0.01165211758756252
2917	0.011652117587562242
2918	0.011652117587562318
2919	0.01165211758756229
2920	0.011652117587562143
2921	0.011652117587562315
2922	0.011652117587561897
2923	0.011652117587562056
2924	0.011652117587561978
2925	0.011652117587561782
2926	0.01165211758756185
2927	0.011652117587561751
2928	0.011652117587561609
2929	0.011652117587561735
2930	0.01165211758756174
2931	0.011652117587561787
2932	0.01165211758756162
2933	0.011652117587561569
2934	0.011652117587561602
2935	0.011652117587561489
2936	0.01165211758756154
2937	0.01165211758756144
2938	0.011652117587561324
2939	0.011652117587561503
2940	0.011652117587561356
2941	0.01165211758756133
2942	0.011652117587561238
2943	0.011652117587561154
2944	0.011652117587561225
2945	0.011652117587561111
2946	0.01165211758756109
2947	0.011652117587561076
2948	0.011652117587560972
2949	0.011652117587561078
2950	0.011652117587560984
2951	0.011652117587560917
2952	0.011652117587560809
2953	0.011652117587560861
2954	0.01165211758756089
2955	0.011652117587560892
2956	0.011652117587560748
2957	0.011652117587560731
2958	0.011652117587560757
2959	0.01165211758756063
2960	0.01165211758756062
2961	0.011652117587560564
2962	0.0116521175875607
2963	0.011652117587560625
2964	0.011652117587560492
2965	0.011652117587560483
2966	0.01165211758756076
2967	0.01165211758756048
2968	0.011652117587560497
2969	0.01165211758756052
2970	0.011652117587560473
2971	0.01165211758756035
2972	0.011652117587560363
2973	0.011652117587560377
2974	0.01165211758756017
2975	0.011652117587560313
2976	0.011652117587560275
2977	0.011652117587560094
2978	0.011652117587560193
2979	0.011652117587560325
2980	0.01165211758756016
2981	0.0116521175875602
2982	0.01165211758756025
2983	0.011652117587560101
2984	0.011652117587560183
2985	0.011652117587560032
2986	0.011652117587559992
2987	0.011652117587560198
2988	0.011652117587560058
2989	0.011652117587560087
2990	0.011652117587560028
2991	0.011652117587560087
2992	0.011652117587560086
2993	0.01165211758756012
2994	0.01165211758755998
2995	0.011652117587559876
2996	0.011652117587559914
2997	0.011652117587560065
2998	0.01165211758755997
2999	0.011652117587559832
3000	0.01165211758755993
3001	0.01165211758755988
3002	0.011652117587559765
3003	0.011652117587560023
3004	0.01165211758755977
3005	0.011652117587559855
3006	0.011652117587559851
3007	0.01165211758755989
3008	0.011652117587559652
3009	0.011652117587559794
3010	0.011652117587559763
3011	0.01165211758755978
3012	0.011652117587559522
3013	0.01165211758755957
3014	0.011652117587559685
3015	0.01165211758755974
3016	0.011652117587559659
3017	0.011652117587559695
3018	0.011652117587559657
3019	0.0116521175875598
3020	0.011652117587559522
3021	0.011652117587559662
3022	0.011652117587559498
3023	0.011652117587559708
3024	0.011652117587559581
3025	0.01165211758755965
3026	0.01165211758755953
3027	0.011652117587559605
3028	0.011652117587559503
3029	0.011652117587559581
3030	0.011652117587559626
3031	0.011652117587559543
3032	0.011652117587559498
3033	0.011652117587559565
3034	0.011652117587559527
3035	0.011652117587559529
3036	0.011652117587559636
3037	0.011652117587559407
3038	0.011652117587559635
3039	0.011652117587559505
3040	0.011652117587559341
3041	0.011652117587559515
3042	0.011652117587559484
3043	0.011652117587559359
3044	0.011652117587559463
3045	0.01165211758755932
3046	0.011652117587559394
3047	0.011652117587559444
3048	0.01165211758755942
3049	0.011652117587559309
3050	0.011652117587559206
3051	0.011652117587559359
3052	0.011652117587559371
3053	0.01165211758755944
3054	0.011652117587559274
3055	0.0116521175875594
3056	0.011652117587559442
3057	0.011652117587559421
3058	0.011652117587559373
3059	0.01165211758755927
3060	0.011652117587559295
3061	0.011652117587559449
3062	0.011652117587559439
3063	0.011652117587559279
3064	0.01165211758755937
3065	0.011652117587559319
3066	0.011652117587559272
3067	0.011652117587559489
3068	0.01165211758755922
3069	0.011652117587559225
3070	0.011652117587559284
3071	0.011652117587559381
3072	0.011652117587559439
3073	0.011652117587559158
3074	0.01165211758755931
3075	0.011652117587559364
3076	0.011652117587559263
3077	0.011652117587559341
3078	0.011652117587559265
3079	0.011652117587559272
3080	0.01165211758755928
3081	0.011652117587559095
3082	0.011652117587559291
3083	0.011652117587559352
3084	0.01165211758755926
3085	0.011652117587559244
3086	0.01165211758755938
3087	0.01165211758755913
3088	0.011652117587559352
3089	0.011652117587559237
3090	0.011652117587559276
3091	0.011652117587559225
3092	0.011652117587559251
3093	0.011652117587559274
3094	0.01165211758755922
3095	0.011652117587559303
3096	0.011652117587559227
3097	0.011652117587559244
3098	0.011652117587559217
3099	0.011652117587559284
3100	0.011652117587559302
3101	0.011652117587559152
3102	0.011652117587559218
3103	0.01165211758755925
3104	0.011652117587559253
3105	0.011652117587559161
3106	0.011652117587559052
3107	0.011652117587559132
3108	0.011652117587558951
3109	0.011652117587559104
3110	0.011652117587559054
3111	0.011652117587559125
3112	0.011652117587559106
3113	0.01165211758755909
3114	0.01165211758755925
3115	0.01165211758755921
3116	0.011652117587559106
3117	0.011652117587559126
3118	0.011652117587559076
3119	0.011652117587559227
3120	0.011652117587559128
3121	0.011652117587559302
3122	0.011652117587559267
3123	0.011652117587559116
3124	0.011652117587559066
3125	0.011652117587559086
3126	0.011652117587559059
3127	0.011652117587559152
3128	0.011652117587559201
3129	0.011652117587559175
3130	0.011652117587559073
3131	0.011652117587559147
3132	0.011652117587559166
3133	0.011652117587559015
3134	0.011652117587559144
3135	0.01165211758755919
3136	0.011652117587559288
3137	0.011652117587559126
3138	0.011652117587559093
3139	0.011652117587559177
3140	0.011652117587559142
3141	0.01165211758755919
3142	0.011652117587559097
3143	0.011652117587559258
3144	0.011652117587559076
3145	0.011652117587559043
3146	0.011652117587559196
3147	0.011652117587559137
3148	0.011652117587559062
3149	0.011652117587559095
3150	0.011652117587559133
3151	0.011652117587559185
3152	0.011652117587558932
3153	0.011652117587559206
3154	0.011652117587559017
3155	0.011652117587559074
3156	0.01165211758755901
3157	0.011652117587559145
3158	0.011652117587558996
3159	0.011652117587559067
3160	0.011652117587559064
3161	0.011652117587559158
3162	0.011652117587559022
3163	0.011652117587559246
3164	0.011652117587559206
3165	0.011652117587559147
3166	0.011652117587559173
3167	0.011652117587559166
3168	0.011652117587558996
3169	0.011652117587559258
3170	0.011652117587559019
3171	0.01165211758755906
3172	0.011652117587559291
3173	0.011652117587559171
3174	0.011652117587559178
3175	0.011652117587559184
3176	0.011652117587559145
3177	0.011652117587559008
3178	0.01165211758755922
3179	0.011652117587559128
3180	0.011652117587559071
3181	0.011652117587559041
3182	0.011652117587559102
3183	0.011652117587559085
3184	0.011652117587559165
3185	0.011652117587558974
3186	0.011652117587558988
3187	0.011652117587559086
3188	0.011652117587559147
3189	0.011652117587558885
3190	0.011652117587559086
3191	0.011652117587559007
3192	0.01165211758755919
3193	0.011652117587559189
3194	0.011652117587559036
3195	0.011652117587559161
3196	0.011652117587559088
3197	0.011652117587559113
3198	0.011652117587559012
3199	0.011652117587559177
3200	0.011652117587559057
3201	0.011652117587559178
3202	0.011652117587559003
3203	0.0116521175875592
3204	0.011652117587559121
3205	0.0116521175875592
3206	0.011652117587559243
3207	0.011652117587559073
3208	0.011652117587559225
3209	0.011652117587559194
3210	0.011652117587559007
3211	0.01165211758755921
3212	0.01165211758755921
3213	0.011652117587559059
3214	0.011652117587559073
3215	0.011652117587559274
3216	0.011652117587559203
3217	0.011652117587559309
3218	0.011652117587559126
3219	0.01165211758755898
3220	0.011652117587559047
3221	0.011652117587558958
3222	0.011652117587559142
3223	0.011652117587559232
3224	0.011652117587559201
3225	0.011652117587559005
3226	0.011652117587559222
3227	0.011652117587559234
3228	0.011652117587559092
3229	0.011652117587559047
3230	0.01165211758755896
3231	0.011652117587559041
3232	0.011652117587558894
3233	0.011652117587559081
3234	0.011652117587559152
3235	0.011652117587559047
3236	0.011652117587558958
3237	0.011652117587559007
3238	0.011652117587558951
3239	0.011652117587559007
3240	0.011652117587559178
