0	0.00816277951431712
1	0.007325329853395279
2	0.006718293559147755
3	0.006237089208973492
4	0.005830779024855495
5	0.0054746449314687935
6	0.005157018254364627
7	0.00487229827952875
8	0.004616972925108031
9	0.004388016137902158
10	0.004182488094653997
11	0.003997563360799365
12	0.0038306523846571845
13	0.003679484966637822
14	0.003542137691798012
15	0.003417018791884903
16	0.0033028166577499596
17	0.003198435180346135
18	0.003102948038269176
19	0.003015573941467785
20	0.0029356487906289893
21	0.002862586029217492
22	0.002795844810730614
23	0.002734925815518858
24	0.0026793594695361193
25	0.002628683794476761
26	0.002582445008762933
27	0.0025402149134128977
28	0.0025015937724352597
29	0.002466209430955311
30	0.002433730706827297
31	0.002403873534305067
32	0.0023763888246739946
33	0.002351057178227431
34	0.002327692582902668
35	0.0023061370561221193
36	0.0022862527262433392
37	0.0022679209737589616
38	0.0022510402696763743
39	0.002235519867854244
40	0.0022212759888148447
41	0.0022082301425701847
42	0.0021963082288718556
43	0.0021854397384264298
44	0.0021755556302193754
45	0.002166587145158166
46	0.0021584656257164496
47	0.002151120367948482
48	0.002144478268940459
49	0.0021384668141520135
50	0.002133014673327645
51	0.0021280518824674096
52	0.0021235131776597264
53	0.002119339447337033
54	0.002115477766225321
55	0.0021118839197390724
56	0.0021085234539763185
57	0.002105370105200317
58	0.0021024046584927954
59	0.0020996127751467183
60	0.0020969819255520846
61	0.0020944998432900126
62	0.002092154016755526
63	0.0020899317932115474
64	0.0020878211193994774
65	0.0020858115196014915
66	0.0020838949911867024
67	0.0020820661406122753
68	0.002080322130663601
69	0.002078662514264709
70	0.00207708814967512
71	0.0020756003494032515
72	0.0020742003550142767
73	0.0020728885216795036
74	0.0020716642271501906
75	0.0020705259744401654
76	0.0020694711654656323
77	0.0020684962694011884
78	0.00206759694084063
79	0.0020667680836782398
80	0.0020660042189298957
81	0.002065299795505787
82	0.002064649419119702
83	0.0020640480145895958
84	0.002063490903998943
85	0.0020629738000328274
86	0.0020624927817545443
87	0.0020620443313531705
88	0.0020616252591882153
89	0.0020612327010485396
90	0.0020608641731280747
91	0.002060517539909309
92	0.002060191084325187
93	0.002059883493629574
94	0.00205959376615893
95	0.002059321155208149
96	0.0020590650478784197
97	0.0020588248954781212
98	0.0020586001771276266
99	0.0020583903558381257
100	0.002058194861646222
101	0.0020580130888167175
102	0.002057844398065341
103	0.0020576881246325758
104	0.002057543598329311
105	0.002057410134410353
106	0.002057287043171199
107	0.0020571736377025247
108	0.00205706923868861
109	0.002056973200312937
110	0.0020568849074863206
111	0.0020568037833859987
112	0.0020567292907817066
113	0.0020566609287651885
114	0.002056598235770331
115	0.0020565407823132705
116	0.0020564881646235327
117	0.002056440001232829
118	0.002056395933189308
119	0.002056355628626874
120	0.002056318789137144
121	0.0020562851467034295
122	0.0020562544625173816
123	0.0020562265183302966
124	0.0020562011096890115
125	0.002056178041138545
126	0.002056157121992036
127	0.0020561381697299635
128	0.002056121012747103
129	0.002056105495117674
130	0.0020560914775184552
131	0.0020560788345507235
132	0.002056067451139582
133	0.0020560572197084416
134	0.002056048038819747
135	0.002056039814015374
136	0.0020560324574688447
137	0.0020560258887955558
138	0.0020560200342175546
139	0.002056014826016221
140	0.0020560102016132058
141	0.002056006102382145
142	0.00205600247351663
143	0.0020559992639063627
144	0.00205599642674155
145	0.0020559939197558035
146	0.0020559917052790843
147	0.0020559897503385186
148	0.002055988026371333
149	0.0020559865088351005
150	0.0020559851763650105
151	0.0020559840097970775
152	0.00205598299158285
153	0.0020559821053953518
154	0.0020559813362905324
155	0.002055980670670606
156	0.0020559800964046805
157	0.0020559796027301075
158	0.002055979180138927
159	0.0020559788201954332
160	0.0020559785153128614
161	0.002055978258643236
162	0.00205597804398709
163	0.0020559778657635104
164	0.002055977718938797
165	0.002055977598933419
166	0.002055977501610048
167	0.002055977423267734
168	0.0020559773606983432
169	0.0020559773111574363
170	0.0020559772723416966
171	0.0020559772423237675
172	0.002055977219495181
173	0.0020559772025106468
174	0.0020559771902220964
175	0.002055977181655836
176	0.0020559771759797877
177	0.002055977172505216
178	0.0020559771706498003
179	0.0020559771699292548
180	0.002055977169940716
181	0.0020559771703720334
182	0.002055977170997944
183	0.0020559771716746594
184	0.002055977172319516
185	0.0020559771728909247
186	0.002055977173367772
187	0.0020559771737311537
188	0.0020559771739565467
189	0.002055977174014214
190	0.002055977173878917
191	0.002055977173531597
192	0.0020559771729609226
193	0.002055977172160343
194	0.00205597717112874
195	0.0020559771698696115
196	0.002055977168390453
197	0.00205597716670375
198	0.002055977164827853
199	0.0020559771627888554
200	0.0020559771606203647
201	0.002055977158361389
202	0.002055977156051611
203	0.0020559771537272276
204	0.002055977151420291
205	0.002055977149156228
206	0.0020559771469549314
207	0.0020559771448334027
208	0.0020559771428065262
209	0.0020559771408846872
210	0.002055977139074565
211	0.0020559771373768916
212	0.0020559771357892926
213	0.002055977134307149
214	0.0020559771329246813
215	0.002055977131635904
216	0.0020559771304356376
217	0.002055977129318499
218	0.0020559771282796127
219	0.0020559771273142985
220	0.0020559771264184175
221	0.0020559771255882274
222	0.002055977124821257
223	0.002055977124115587
224	0.0020559771234688246
225	0.0020559771228794185
226	0.002055977122345019
227	0.002055977121863235
228	0.0020559771214312228
229	0.002055977121045866
230	0.002055977120704166
231	0.0020559771204022633
232	0.0020559771201370943
233	0.0020559771199051826
234	0.0020559771197031793
235	0.002055977119527686
236	0.002055977119375896
237	0.0020559771192450995
238	0.002055977119132882
239	0.0020559771190372246
240	0.0020559771189559845
241	0.002055977118887298
242	0.002055977118829287
243	0.002055977118780528
244	0.0020559771187396926
245	0.002055977118705495
246	0.0020559771186774494
247	0.0020559771186543317
248	0.002055977118635762
249	0.0020559771186209564
250	0.002055977118609722
251	0.002055977118601471
252	0.002055977118595748
253	0.0020559771185922346
254	0.0020559771185902614
255	0.0020559771185900116
256	0.002055977118590479
257	0.0020559771185921574
258	0.0020559771185935613
259	0.002055977118595513
260	0.0020559771185977636
261	0.0020559771185997364
262	0.0020559771186014
263	0.0020559771186028906
264	0.0020559771186041765
265	0.0020559771186048834
266	0.002055977118605644
267	0.002055977118605689
268	0.0020559771186057117
269	0.0020559771186054454
270	0.002055977118605028
271	0.002055977118604395
272	0.0020559771186036994
273	0.002055977118602895
274	0.002055977118602148
275	0.0020559771186013987
276	0.002055977118600406
277	0.0020559771185995933
278	0.002055977118598722
279	0.0020559771185979098
280	0.002055977118596911
281	0.0020559771185960926
282	0.0020559771185950973
283	0.0020559771185943237
284	0.0020559771185933496
285	0.002055977118592511
286	0.0020559771185916674
287	0.0020559771185908156
288	0.0020559771185900974
289	0.0020559771185894265
290	0.0020559771185887222
291	0.0020559771185882465
292	0.002055977118587547
293	0.0020559771185872243
294	0.002055977118586976
295	0.002055977118586459
296	0.002055977118586163
297	0.0020559771185858612
298	0.0020559771185855594
299	0.0020559771185853265
300	0.0020559771185850646
301	0.0020559771185849184
302	0.0020559771185847454
303	0.0020559771185847337
304	0.0020559771185846344
305	0.002055977118584516
306	0.0020559771185843893
307	0.00205597711858446
308	0.002055977118584253
309	0.0020559771185842007
310	0.002055977118584018
311	0.0020559771185841213
312	0.002055977118584144
313	0.0020559771185840402
314	0.0020559771185839903
315	0.002055977118584067
316	0.0020559771185839756
317	0.002055977118583955
318	0.0020559771185841447
319	0.0020559771185839457
320	0.0020559771185840814
321	0.002055977118583947
322	0.002055977118583997
323	0.002055977118584056
324	0.002055977118584023
325	0.002055977118584043
326	0.0020559771185840597
327	0.002055977118583909
328	0.002055977118584269
329	0.002055977118584113
330	0.002055977118583964
331	0.0020559771185839947
332	0.002055977118584148
333	0.0020559771185839587
334	0.0020559771185840285
335	0.0020559771185841473
336	0.002055977118583982
337	0.0020559771185838876
338	0.002055977118584008
339	0.0020559771185839413
340	0.0020559771185840597
341	0.0020559771185839123
342	0.0020559771185840025
343	0.0020559771185841083
344	0.002055977118583985
345	0.0020559771185841604
346	0.002055977118583923
347	0.002055977118583971
348	0.002055977118584161
349	0.00205597711858422
350	0.002055977118583927
351	0.002055977118583997
352	0.00205597711858384
353	0.002055977118583828
354	0.0020559771185839674
355	0.0020559771185840693
356	0.002055977118584024
357	0.002055977118584067
358	0.002055977118584021
359	0.0020559771185841213
360	0.0020559771185840294
361	0.0020559771185839778
362	0.002055977118584102
363	0.002055977118583906
364	0.0020559771185840463
365	0.002055977118584127
366	0.0020559771185840723
367	0.0020559771185840467
368	0.002055977118584117
369	0.0020559771185840333
370	0.0020559771185839557
371	0.002055977118583977
372	0.002055977118583922
373	0.0020559771185839166
374	0.0020559771185841556
375	0.0020559771185838984
376	0.0020559771185840073
377	0.002055977118583931
378	0.002055977118584091
379	0.002055977118583845
380	0.002055977118584013
381	0.002055977118583949
382	0.0020559771185840936
383	0.0020559771185840485
384	0.002055977118583975
385	0.002055977118583953
386	0.0020559771185839322
387	0.0020559771185839812
388	0.0020559771185841096
389	0.0020559771185839036
390	0.0020559771185840164
391	0.002055977118583991
392	0.0020559771185840042
393	0.002055977118583903
394	0.0020559771185839236
395	0.002055977118584051
396	0.002055977118583889
397	0.002055977118584047
398	0.002055977118584113
399	0.0020559771185840515
400	0.0020559771185840368
401	0.002055977118584172
402	0.0020559771185841053
403	0.002055977118583919
404	0.0020559771185838607
