0	0.013046793202166155
1	0.011566047432423789
2	0.01050703470340532
3	0.009625039090906217
4	0.008880941380471321
5	0.008337573502561736
6	0.007962804439421519
7	0.007654645479999979
8	0.007362378082449044
9	0.007092956789371493
10	0.006862395552791435
11	0.00667185984489376
12	0.006508455538733001
13	0.006357562008631035
14	0.006212320984687293
15	0.006074197295757535
16	0.005948239083299393
17	0.005838100442002561
18	0.005743541448267487
19	0.005660996891875896
20	0.005586046954132777
21	0.0055157463283056745
22	0.005449425298532854
23	0.005387956791947861
24	0.005332358063444169
25	0.005282684545410735
26	0.005237784510364504
27	0.005195898257144855
28	0.005155586640802187
29	0.005116355877186788
30	0.005078647428335288
31	0.005043307341010463
32	0.0050109340827211
33	0.004981507228829957
34	0.004954469843381946
35	0.0049291316969277315
36	0.004905076245687549
37	0.004882301255773408
38	0.00486103890250659
39	0.004841421446520143
40	0.004823245486802263
41	0.004805999670735625
42	0.004789123115934933
43	0.004772296014647707
44	0.004755553278062139
45	0.00473915819280506
46	0.0047233535241933125
47	0.004708183094394464
48	0.004693500608077892
49	0.004679126788381319
50	0.004665008616611092
51	0.004651253685238305
52	0.004638028297696241
53	0.0046254185595898285
54	0.00461337306649625
55	0.004601766075019189
56	0.004590514296442386
57	0.004579641334838039
58	0.0045692409228137295
59	0.004559384235720595
60	0.004550059879072431
61	0.004541194543305736
62	0.004532724002463158
63	0.004524643047843975
64	0.00451699144945354
65	0.004509796794402171
66	0.004503032203662832
67	0.00449662664411732
68	0.004490512704893084
69	0.004484664219330099
70	0.004479092414664554
71	0.004473812671104016
72	0.0044688190967691254
73	0.0044640895076141175
74	0.004459609403633663
75	0.004455386347294932
76	0.004451439982992989
77	0.004447779480437125
78	0.004444391403483623
79	0.004441247935076494
80	0.004438324341050168
81	0.004435607612116979
82	0.004433090242929166
83	0.004430759060235371
84	0.0044285921698250545
85	0.004426566408790257
86	0.0044246663744345405
87	0.004422885783168196
88	0.004421221060655665
89	0.004419664790070868
90	0.004418205367814806
91	0.004416831805374273
92	0.00441553767481939
93	0.0044143202606023195
94	0.004413176611946817
95	0.004412101007957939
96	0.004411086110537051
97	0.004410126054943781
98	0.004409218210841711
99	0.004408362242483463
100	0.004407557872215556
101	0.004406803623777221
102	0.004406097373703892
103	0.00440543760049825
104	0.004404823756286964
105	0.004404255408957948
106	0.004403731200478992
107	0.004403248735077423
108	0.004402805343570203
109	0.004402398712866307
110	0.004402026685479697
111	0.004401686619541097
112	0.0044013752071338265
113	0.004401089042043304
114	0.004400825335692953
115	0.004400582067852242
116	0.004400357552675384
117	0.0044001500050203585
118	0.004399957563518761
119	0.004399778647549686
120	0.004399612198025701
121	0.004399457553990037
122	0.0043993141215698745
123	0.004399181156925767
124	0.004399057807384617
125	0.004398943277940791
126	0.004398836900813794
127	0.004398738043321958
128	0.004398645994013508
129	0.004398559984682774
130	0.004398479331061338
131	0.004398403532472868
132	0.0043983322311294025
133	0.00439826510189043
134	0.004398201804087306
135	0.004398142024238702
136	0.004398085526278853
137	0.004398032138731791
138	0.004397981699779576
139	0.004397934024696954
140	0.004397888919280046
141	0.004397846207355822
142	0.004397805734353076
143	0.004397767345734151
144	0.004397730869993743
145	0.004397696129063095
146	0.004397662965639124
147	0.0043976312571553065
148	0.0043976009038898785
149	0.004397571810721117
150	0.004397543886414558
151	0.004397517057061233
152	0.004397491270573982
153	0.004397466483005651
154	0.00439744264250397
155	0.004397419688411618
156	0.004397397562759755
157	0.004397376218119567
158	0.0043973556137615185
159	0.004397335707088859
160	0.004397316451214302
161	0.00439729780076848
162	0.004397279718705464
163	0.004397262176767241
164	0.0043972451501952965
165	0.004397228613493716
166	0.004397212541303968
167	0.0043971969113943965
168	0.004397181704880008
169	0.004397166903777182
170	0.004397152489783588
171	0.004397138445691684
172	0.004397124756931602
173	0.004397111411000343
174	0.004397098395716371
175	0.004397085698552705
176	0.0043970733074438495
177	0.004397061211686211
178	0.00439704940179891
179	0.004397037868745744
180	0.004397026603592855
181	0.004397015597989731
182	0.0043970048446308274
183	0.0043969943369283025
184	0.004396984068265467
185	0.004396974031829662
186	0.0043969642211921026
187	0.004396954630711281
188	0.004396945255257995
189	0.004396936089683452
190	0.004396927128741203
191	0.004396918367381884
192	0.004396909800953917
193	0.004396901425044524
194	0.004396893235252107
195	0.004396885227204348
196	0.004396877396745509
197	0.004396869740046088
198	0.004396862253453381
199	0.0043968549332708065
200	0.004396847775757661
201	0.004396840777276949
202	0.0043968339343873454
203	0.004396827243747613
204	0.00439682070203933
205	0.004396814305973609
206	0.004396808052359444
207	0.004396801938132707
208	0.004396795960332277
209	0.004396790116073879
210	0.004396784402571574
211	0.004396778817124643
212	0.0043967733571024315
213	0.004396768019875954
214	0.004396762802831751
215	0.004396757703399631
216	0.004396752719073982
217	0.004396747847406407
218	0.00439674308597874
219	0.0043967384324025815
220	0.004396733884345659
221	0.004396729439528147
222	0.004396725095704034
223	0.0043967208506673445
224	0.0043967167022412506
225	0.004396712648309587
226	0.0043967086867879685
227	0.004396704815629064
228	0.004396701032819348
229	0.004396697336379138
230	0.004396693724378604
231	0.0043966901949346405
232	0.004396686746202828
233	0.004396683376373801
234	0.004396680083672805
235	0.004396676866371308
236	0.004396673722768013
237	0.004396670651201527
238	0.004396667650039727
239	0.004396664717687135
240	0.004396661852577325
241	0.004396659053181206
242	0.004396656317996196
243	0.004396653645553285
244	0.004396651034412367
245	0.004396648483163674
246	0.004396645990430744
247	0.004396643554860085
248	0.00439664117513052
249	0.004396638849946148
250	0.004396636578039959
251	0.004396634358169479
252	0.004396632189121872
253	0.004396630069706477
254	0.004396627998761367
255	0.004396625975146112
256	0.0043966239977464485
257	0.004396622065467887
258	0.00439662017724686
259	0.004396618332035502
260	0.004396616528812446
261	0.004396614766575974
262	0.004396613044348418
263	0.004396611361171515
264	0.004396609716106337
265	0.004396608108239187
266	0.004396606536670688
267	0.004396605000524521
268	0.00439660349894391
269	0.004396602031086105
270	0.004396600596132083
271	0.0043965991932791385
272	0.004396597821740208
273	0.004396596480749062
274	0.004396595169553076
275	0.0043965938874219465
276	0.004396592633633175
277	0.004396591407487623
278	0.004396590208299377
279	0.004396589035398937
280	0.004396587888127019
281	0.004396586765845838
282	0.004396585667927203
283	0.004396584593761844
284	0.004396583542751086
285	0.00439658251430651
286	0.004396581507861461
287	0.004396580522856207
288	0.004396579558746621
289	0.004396578614998077
290	0.004396577691092721
291	0.004396576786518287
292	0.00439657590078434
293	0.004396575033399912
294	0.004396574183894765
295	0.0043965733518054806
296	0.004396572536678441
297	0.004396571738075344
298	0.004396570955565212
299	0.004396570188726768
300	0.0043965694371473464
301	0.004396568700427971
302	0.0043965679781792005
303	0.004396567270016995
304	0.004396566575568053
305	0.004396565894467293
306	0.004396565226362359
307	0.004396564570906319
308	0.0043965639277591725
309	0.004396563296590903
310	0.004396562677081138
311	0.004396562068915066
312	0.004396561471785286
313	0.004396560885394057
314	0.004396560309449271
315	0.004396559743666294
316	0.004396559187764834
317	0.004396558641480707
318	0.004396558104544486
319	0.00439655757670184
320	0.004396557057699861
321	0.004396556547295576
322	0.00439655604524815
323	0.004396555551328571
324	0.004396555065306136
325	0.004396554586963792
326	0.004396554116084445
327	0.00439655365245725
328	0.004396553195879732
329	0.004396552746152629
330	0.004396552303080102
331	0.004396551866473873
332	0.004396551436149097
333	0.004396551011927119
334	0.004396550593634288
335	0.004396550181097238
336	0.004396549774152583
337	0.004396549372637167
338	0.0043965489763944715
339	0.004396548585271685
340	0.004396548199119596
341	0.004396547817792472
342	0.004396547441148647
343	0.004396547069053227
344	0.004396546701369614
345	0.004396546337966306
346	0.004396545978719809
347	0.004396545623505532
348	0.004396545272201946
349	0.004396544924694623
350	0.004396544580868065
351	0.0043965442406122
352	0.004396543903821026
353	0.004396543570386585
354	0.004396543240210318
355	0.004396542913190884
356	0.004396542589233535
357	0.0043965422682444855
358	0.004396541950132922
359	0.004396541634810347
360	0.004396541322189163
361	0.00439654101218976
362	0.0043965407047280546
363	0.004396540399722562
364	0.0043965400971020625
365	0.004396539796789156
366	0.004396539498711504
367	0.004396539202799701
368	0.004396538908984428
369	0.004396538617201009
370	0.004396538327381062
371	0.004396538039466104
372	0.00439653775339442
373	0.004396537469106247
374	0.0043965371865423665
375	0.004396536905651272
376	0.004396536626376506
377	0.004396536348665265
378	0.0043965360724688065
379	0.00439653579773729
380	0.004396535524420098
381	0.00439653525247214
382	0.004396534981848761
383	0.004396534712506799
384	0.0043965344444027174
385	0.004396534177495377
386	0.004396533911745256
387	0.004396533647113815
388	0.004396533383562904
389	0.004396533121057838
390	0.004396532859560093
391	0.004396532599038333
392	0.004396532339458452
393	0.004396532080788287
394	0.004396531822995928
395	0.00439653156605206
396	0.004396531309925379
397	0.004396531054592615
398	0.004396530800020637
399	0.004396530546186318
400	0.0043965302930618145
401	0.0043965300406244735
402	0.004396529788848309
403	0.004396529537709261
404	0.00439652928718825
405	0.004396529037258949
406	0.004396528787901685
407	0.004396528539098814
408	0.0043965282908278525
409	0.004396528043067947
410	0.004396527795801744
411	0.0043965275490152255
412	0.004396527302685119
413	0.004396527056797813
414	0.004396526811336058
415	0.004396526566284495
416	0.004396526321628199
417	0.004396526077351955
418	0.004396525833441904
419	0.0043965255898817225
420	0.0043965253466627715
421	0.00439652510376911
422	0.00439652486118901
423	0.004396524618910466
424	0.004396524376921954
425	0.0043965241352119395
426	0.004396523893770943
427	0.0043965236525867184
428	0.004396523411650635
429	0.004396523170952922
430	0.004396522930483493
431	0.0043965226902324605
432	0.0043965224501936444
433	0.004396522210358635
434	0.0043965219707155405
435	0.004396521731259414
436	0.00439652149198168
437	0.004396521252874957
438	0.004396521013934399
439	0.004396520775151841
440	0.004396520536519898
441	0.004396520298033766
442	0.004396520059685865
443	0.0043965198214720395
444	0.00439651958338434
445	0.004396519345420239
446	0.004396519107572665
447	0.00439651886983639
448	0.004396518632209183
449	0.004396518394682302
450	0.0043965181572550366
451	0.004396517919921319
452	0.0043965176826760545
453	0.004396517445518053
454	0.004396517208442342
455	0.004396516971443622
456	0.004396516734520641
457	0.0043965164976660295
458	0.004396516260882777
459	0.004396516024164694
460	0.004396515787508241
461	0.00439651555091038
462	0.004396515314370633
463	0.00439651507788277
464	0.004396514841447496
465	0.004396514605061594
466	0.004396514368721502
467	0.004396514132424765
468	0.004396513896172124
469	0.004396513659959994
470	0.004396513423785859
471	0.004396513187646567
472	0.0043965129515441265
473	0.004396512715474119
474	0.004396512479435083
475	0.004396512243426422
476	0.004396512007447424
477	0.004396511771491783
478	0.004396511535564694
479	0.004396511299661068
480	0.004396511063781986
481	0.0043965108279239076
482	0.004396510592087687
483	0.004396510356271262
484	0.004396510120471616
485	0.004396509884691728
486	0.004396509648928542
487	0.004396509413183153
488	0.0043965091774506365
489	0.004396508941735172
490	0.00439650870603271
491	0.004396508470342378
492	0.004396508234666817
493	0.00439650799900334
494	0.0043965077633500915
495	0.004396507527709737
496	0.004396507292078566
497	0.0043965070564577656
498	0.004396506820846602
499	0.004396506585244385
500	0.00439650634965118
501	0.004396506114068426
502	0.00439650587849122
503	0.004396505642922474
504	0.004396505407363109
505	0.004396505171808314
506	0.004396504936263009
507	0.00439650470072467
508	0.004396504465191283
509	0.004396504229667639
510	0.00439650399414792
511	0.00439650375863521
512	0.004396503523128084
513	0.0043965032876304554
514	0.004396503052133027
515	0.004396502816646326
516	0.004396502581164058
517	0.004396502345687814
518	0.0043965021102175
519	0.004396501874754299
520	0.004396501639296983
521	0.004396501403842545
522	0.0043965011683973505
523	0.004396500932956808
524	0.004396500697521585
525	0.00439650046209346
526	0.004396500226670328
527	0.004396499991253895
528	0.004396499755844601
529	0.0043964995204400815
530	0.004396499285042479
531	0.004396499049651573
532	0.004396498814267698
533	0.00439649857888983
534	0.00439649834351893
535	0.004396498108155938
536	0.004396497872797388
537	0.004396497637447609
538	0.004396497402105582
539	0.004396497166770812
540	0.004396496931442045
541	0.00439649669612191
542	0.00439649646081108
543	0.004396496225505874
544	0.004396495990210323
545	0.0043964957549223905
546	0.0043964955196430875
547	0.004396495284372952
548	0.004396495049110985
549	0.00439649481385716
550	0.004396494578613971
551	0.004396494343378932
552	0.004396494108154841
553	0.004396493872936458
554	0.004396493637730596
555	0.004396493402533571
556	0.004396493167348038
557	0.0043964929321722995
558	0.004396492697005785
559	0.004396492461851065
560	0.004396492226707036
561	0.004396491991572936
562	0.004396491756449698
563	0.004396491521338723
564	0.004396491286238372
565	0.00439649105115066
566	0.004396490816074611
567	0.004396490581008545
568	0.004396490345955081
569	0.004396490110913327
570	0.004396489875884769
571	0.004396489640869527
572	0.00439648940586579
573	0.004396489170874483
574	0.004396488935895836
575	0.004396488700932371
576	0.004396488465979673
577	0.004396488231043461
578	0.004396487996117834
579	0.004396487761206705
580	0.004396487526309308
581	0.004396487291425683
582	0.004396487056557857
583	0.004396486821702857
584	0.004396486586861504
585	0.00439648635203594
586	0.004396486117223936
587	0.004396485882428742
588	0.004396485647645583
589	0.0043964854128793925
590	0.004396485178128613
591	0.004396484943391142
592	0.0043964847086705935
593	0.004396484473965793
594	0.004396484239275266
595	0.004396484004600648
596	0.004396483769942766
597	0.0043964835353009985
598	0.004396483300674038
599	0.0043964830660640575
600	0.004396482831470483
601	0.004396482596893328
602	0.004396482362331153
603	0.00439648212778792
604	0.004396481893259444
605	0.004396481658746883
606	0.00439648142425162
607	0.00439648118977476
608	0.004396480955314346
609	0.004396480720870881
610	0.004396480486443992
611	0.004396480252032861
612	0.004396480017641046
613	0.0043964797832654005
614	0.004396479548907284
615	0.004396479314567445
616	0.004396479080243024
617	0.004396478845937476
618	0.0043964786116475075
619	0.004396478377378138
620	0.004396478143123824
621	0.00439647790888773
622	0.00439647767467065
623	0.0043964774404685065
624	0.0043964772062867145
625	0.004396476972120963
626	0.004396476737974018
627	0.004396476503844771
628	0.004396476269732039
629	0.0043964760356379065
630	0.004396475801561717
631	0.0043964755675012426
632	0.004396475333461019
633	0.004396475099438836
634	0.004396474865430598
635	0.0043964746314433005
636	0.004396474397472965
637	0.004396474163520784
638	0.004396473929585162
639	0.00439647369566827
640	0.004396473461768756
641	0.0043964732278863
642	0.00439647299402066
643	0.00439647276017334
644	0.00439647252634069
645	0.00439647229253145
646	0.004396472058734598
647	0.004396471824955673
648	0.004396471591196177
649	0.004396471357452753
650	0.0043964711237244845
651	0.004396470890015183
652	0.0043964706563228055
653	0.004396470422644531
654	0.004396470188986384
655	0.004396469955342785
656	0.004396469721716641
657	0.00439646948810613
658	0.00439646925451209
659	0.004396469020934812
660	0.004396468787373096
661	0.004396468553827971
662	0.004396468320296709
663	0.0043964680867838776
664	0.004396467853285358
665	0.004396467619802919
666	0.004396467386333598
667	0.004396467152880299
668	0.004396466919444639
669	0.00439646668602191
670	0.004396466452613406
671	0.004396466219220429
672	0.004396465985839961
673	0.004396465752475178
674	0.004396465519125395
675	0.004396465285787629
676	0.004396465052464468
677	0.004396464819155237
678	0.0043964645858583454
679	0.004396464352574333
680	0.0043964641193037675
681	0.004396463886046017
682	0.004396463652800683
683	0.004396463419566544
684	0.0043964631863458725
685	0.004396462953136301
686	0.0043964627199381354
687	0.004396462486750174
688	0.004396462253575181
689	0.004396462020410544
690	0.004396461787256535
691	0.004396461554112715
692	0.0043964613209790055
693	0.004396461087854403
694	0.004396460854739132
695	0.004396460621635598
696	0.0043964603885363746
697	0.004396460155449305
698	0.004396459922369436
699	0.004396459689297533
700	0.004396459456233411
701	0.004396459223176384
702	0.004396458990127848
703	0.004396458757084118
704	0.004396458524050309
705	0.004396458291018821
706	0.004396458057995942
707	0.004396457824975557
708	0.00439645759196053
709	0.004396457358951827
710	0.004396457125945166
711	0.004396456892945875
712	0.004396456659947384
713	0.00439645642695394
714	0.004396456193961515
715	0.004396455960973291
716	0.004396455727983991
717	0.004396455494999494
718	0.004396455262015786
719	0.004396455029030852
720	0.004396454796047186
721	0.004396454563064082
722	0.004396454330079023
723	0.004396454097094218
724	0.004396453864107166
725	0.0043964536311194725
726	0.004396453398128671
727	0.0043964531651360115
728	0.004396452932136113
729	0.004396452699135037
730	0.004396452466129132
731	0.0043964522331189915
732	0.004396452000104563
733	0.004396451767082524
734	0.004396451534052531
735	0.004396451301019671
736	0.004396451067977449
737	0.00439645083492644
738	0.004396450601866919
739	0.004396450368798966
740	0.00439645013572076
741	0.004396449902632457
742	0.004396449669533422
743	0.004396449436422103
744	0.004396449203299001
745	0.004396448970165245
746	0.004396448737015803
747	0.00439644850385328
748	0.004396448270676223
749	0.004396448037483937
750	0.004396447804274446
751	0.004396447571050863
752	0.004396447337809213
753	0.00439644710454876
754	0.004396446871270643
755	0.0043964466379718655
756	0.00439644640465553
757	0.0043964461713164645
758	0.0043964459379575715
759	0.004396445704577051
760	0.004396445471172693
761	0.004396445237744702
762	0.004396445004292334
763	0.004396444770814413
764	0.0043964445373121455
765	0.004396444303782336
766	0.004396444070225498
767	0.004396443836640489
768	0.004396443603026815
769	0.0043964433693819025
770	0.004396443135706407
771	0.004396442902000754
772	0.0043964426682619314
773	0.004396442434490938
774	0.004396442200685702
775	0.004396441966843756
776	0.004396441732966212
777	0.004396441499054723
778	0.004396441265102135
779	0.004396441031113465
780	0.004396440797082823
781	0.004396440563014081
782	0.004396440328902831
783	0.004396440094750484
784	0.00439643986055272
785	0.004396439626313395
786	0.004396439392027654
787	0.004396439157694059
788	0.00439643892331452
789	0.004396438688885906
790	0.0043964384544091795
791	0.004396438219881077
792	0.004396437985301143
793	0.004396437750667623
794	0.004396437515982266
795	0.00439643728124205
796	0.00439643704644664
797	0.0043964368115922
798	0.004396436576681286
799	0.004396436341710049
800	0.00439643610667975
801	0.0043964358715861285
802	0.004396435636431569
803	0.0043964354012091846
804	0.004396435165925316
805	0.00439643493057383
806	0.004396434695154522
807	0.004396434459668292
808	0.004396434224108308
809	0.0043964339884789965
810	0.004396433752776839
811	0.0043964335170007035
812	0.004396433281147613
813	0.0043964330452177566
814	0.004396432809211256
815	0.004396432573124207
816	0.004396432336957436
817	0.004396432100708652
818	0.0043964318643748175
819	0.004396431627956242
820	0.004396431391451318
821	0.004396431154859093
822	0.004396430918176581
823	0.004396430681403701
824	0.004396430444538095
825	0.004396430207578145
826	0.004396429970523854
827	0.004396429733371725
828	0.00439642949612065
829	0.004396429258770739
830	0.004396429021317299
831	0.004396428783761775
832	0.004396428546102008
833	0.004396428308333748
834	0.004396428070457792
835	0.0043964278324721325
836	0.00439642759437475
837	0.004396427356164316
838	0.004396427117837266
839	0.004396426879394934
840	0.004396426640832024
841	0.004396426402149891
842	0.004396426163344762
843	0.004396425924416487
844	0.0043964256853631315
845	0.004396425446182019
846	0.00439642520686824
847	0.004396424967425908
848	0.004396424727847552
849	0.0043964244881352105
850	0.004396424248285819
851	0.004396424008295673
852	0.004396423768165704
853	0.004396423527890902
854	0.004396423287471617
855	0.004396423046903309
856	0.0043964228061871505
857	0.004396422565318701
858	0.004396422324296655
859	0.004396422083118864
860	0.004396421841781353
861	0.004396421600284686
862	0.00439642135862558
863	0.004396421116800286
864	0.004396420874809366
865	0.004396420632648903
866	0.004396420390314431
867	0.004396420147809236
868	0.0043964199051258835
869	0.004396419662264579
870	0.004396419419221145
871	0.004396419175994605
872	0.004396418932582552
873	0.004396418688980488
874	0.004396418445188366
875	0.004396418201204077
876	0.004396417957019779
877	0.004396417712641558
878	0.004396417468059476
879	0.004396417223274279
880	0.004396416978283976
881	0.004396416733081818
882	0.004396416487667832
883	0.0043964162420415545
884	0.004396415996195363
885	0.004396415750129805
886	0.0043964155038414415
887	0.00439641525732685
888	0.004396415010582656
889	0.004396414763608868
890	0.004396414516398179
891	0.004396414268951098
892	0.004396414021262327
893	0.004396413773331066
894	0.004396413525154119
895	0.004396413276725887
896	0.00439641302804538
897	0.0043964127791092916
898	0.004396412529913296
899	0.004396412280454344
900	0.004396412030728822
901	0.004396411780736554
902	0.004396411530470521
903	0.004396411279929826
904	0.004396411029109591
905	0.004396410778007119
906	0.004396410526619159
907	0.004396410274941039
908	0.004396410022971494
909	0.004396409770703727
910	0.004396409518136679
911	0.004396409265266644
912	0.004396409012088461
913	0.004396408758598838
914	0.004396408504794606
915	0.004396408250673192
916	0.004396407996229648
917	0.004396407741459582
918	0.004396407486358406
919	0.004396407230924438
920	0.004396406975151798
921	0.004396406719036757
922	0.004396406462577045
923	0.004396406205767072
924	0.004396405948604123
925	0.004396405691079976
926	0.004396405433193629
927	0.004396405174941831
928	0.004396404916319554
929	0.004396404657321434
930	0.004396404397943252
931	0.004396404138180291
932	0.0043964038780292735
933	0.0043964036174843945
934	0.00439640335654149
935	0.004396403095197161
936	0.004396402833446671
937	0.004396402571283367
938	0.004396402308702966
939	0.004396402045701923
940	0.004396401782275074
941	0.004396401518417174
942	0.00439640125412199
943	0.0043964009893875545
944	0.004396400724206322
945	0.004396400458573379
946	0.004396400192486469
947	0.004396399925936353
948	0.004396399658919584
949	0.004396399391432585
950	0.004396399123466858
951	0.004396398855018698
952	0.00439639858608198
953	0.004396398316651056
954	0.004396398046722874
955	0.004396397776288368
956	0.004396397505341727
957	0.004396397233881952
958	0.004396396961898692
959	0.004396396689386736
960	0.004396396416340487
961	0.004396396142756383
962	0.004396395868626643
963	0.004396395593941681
964	0.0043963953187011575
965	0.004396395042896849
966	0.0043963947665200806
967	0.004396394489565753
968	0.004396394212029108
969	0.004396393933904462
970	0.004396393655178861
971	0.004396393375852611
972	0.004396393095917759
973	0.004396392815366241
974	0.004396392534189106
975	0.004396392252384979
976	0.004396391969939488
977	0.0043963916868519255
978	0.004396391403112394
979	0.004396391118716809
980	0.004396390833653213
981	0.004396390547916666
982	0.004396390261499829
983	0.004396389974395582
984	0.004396389686595206
985	0.004396389398091781
986	0.004396389108877691
987	0.004396388818946146
988	0.0043963885282864885
989	0.004396388236892579
990	0.0043963879447575195
991	0.004396387651870745
992	0.00439638735822634
993	0.004396387063815515
994	0.004396386768628254
995	0.004396386472655572
996	0.004396386175893711
997	0.0043963858783287
998	0.004396385579955401
999	0.004396385280763071
1000	0.004396384980744273
1001	0.004396384679889237
1002	0.004396384378188047
1003	0.004396384075633691
1004	0.004396383772214451
1005	0.004396383467922921
1006	0.004396383162749622
1007	0.0043963828566817124
1008	0.004396382549713202
1009	0.004396382241835005
1010	0.004396381933033531
1011	0.004396381623302576
1012	0.004396381312628902
1013	0.004396381001004018
1014	0.004396380688417809
1015	0.0043963803748610685
1016	0.004396380060319649
1017	0.004396379744786035
1018	0.004396379428249186
1019	0.004396379110697281
1020	0.004396378792120497
1021	0.004396378472507048
1022	0.004396378151845394
1023	0.004396377830125231
1024	0.004396377507334779
1025	0.0043963771834640095
1026	0.004396376858497592
1027	0.004396376532428674
1028	0.004396376205240615
1029	0.00439637587692604
1030	0.004396375547470501
1031	0.00439637521686036
1032	0.004396374885084168
1033	0.004396374552130878
1034	0.004396374217987698
1035	0.004396373882640852
1036	0.004396373546077987
1037	0.004396373208285912
1038	0.004396372869251189
1039	0.0043963725289613426
1040	0.004396372187402728
1041	0.004396371844562392
1042	0.004396371500423253
1043	0.004396371154974305
1044	0.004396370808203466
1045	0.004396370460092697
1046	0.004396370110631633
1047	0.00439636975980253
1048	0.004396369407590098
1049	0.004396369053982217
1050	0.004396368698963631
1051	0.004396368342521187
1052	0.004396367984634087
1053	0.004396367625293037
1054	0.004396367264477475
1055	0.004396366902174027
1056	0.0043963665383670684
1057	0.004396366173040787
1058	0.0043963658061779804
1059	0.004396365437762615
1060	0.004396365067777556
1061	0.004396364696207566
1062	0.004396364323036446
1063	0.004396363948245528
1064	0.004396363571814076
1065	0.004396363193730636
1066	0.004396362813975718
1067	0.004396362432532416
1068	0.004396362049379252
1069	0.004396361664499951
1070	0.004396361277876338
1071	0.004396360889490517
1072	0.004396360499322696
1073	0.004396360107354371
1074	0.004396359713566997
1075	0.004396359317939304
1076	0.004396358920453621
1077	0.004396358521088936
1078	0.004396358119827185
1079	0.004396357716643734
1080	0.00439635731152367
1081	0.004396356904441504
1082	0.004396356495379481
1083	0.004396356084316608
1084	0.004396355671231404
1085	0.004396355256098398
1086	0.0043963548388997395
1087	0.004396354419615064
1088	0.004396353998218682
1089	0.004396353574687594
1090	0.004396353149002653
1091	0.004396352721137206
1092	0.004396352291070479
1093	0.004396351858776153
1094	0.004396351424235428
1095	0.004396350987419756
1096	0.00439635054830707
1097	0.004396350106872358
1098	0.004396349663090847
1099	0.004396349216938866
1100	0.004396348768387506
1101	0.004396348317414802
1102	0.004396347863993269
1103	0.00439634740809689
1104	0.0043963469496999166
1105	0.00439634648877565
1106	0.0043963460252976734
1107	0.004396345559236326
1108	0.00439634509056539
1109	0.004396344619259332
1110	0.004396344145286551
1111	0.004396343668618738
1112	0.004396343189227396
1113	0.004396342707086746
1114	0.004396342222164732
1115	0.004396341734432562
1116	0.004396341243857262
1117	0.004396340750411979
1118	0.00439634025406424
1119	0.004396339754784539
1120	0.004396339252539968
1121	0.004396338747298178
1122	0.004396338239027973
1123	0.004396337727700128
1124	0.00439633721327824
1125	0.004396336695728556
1126	0.004396336175021106
1127	0.004396335651118742
1128	0.004396335123988652
1129	0.0043963345935971775
1130	0.004396334059907284
1131	0.004396333522884717
1132	0.004396332982492957
1133	0.004396332438697909
1134	0.0043963318914624705
1135	0.00439633134074803
1136	0.004396330786519726
1137	0.004396330228736401
1138	0.004396329667365801
1139	0.004396329102362652
1140	0.004396328533692752
1141	0.00439632796131333
1142	0.004396327385186343
1143	0.0043963268052725595
1144	0.004396326221530189
1145	0.00439632563391805
1146	0.00439632504239407
1147	0.0043963244469165715
1148	0.004396323847444005
1149	0.004396323243932382
1150	0.004396322636338322
1151	0.004396322024618596
1152	0.00439632140872776
1153	0.004396320788620924
1154	0.004396320164254769
1155	0.004396319535580817
1156	0.004396318902554968
1157	0.004396318265129455
1158	0.0043963176232553166
1159	0.004396316976884837
1160	0.004396316325971479
1161	0.0043963156704670756
1162	0.004396315010318705
1163	0.004396314345477133
1164	0.004396313675895753
1165	0.004396313001517354
1166	0.004396312322295563
1167	0.004396311638173963
1168	0.004396310949101344
1169	0.004396310255024134
1170	0.00439630955588919
1171	0.004396308851640868
1172	0.004396308142222801
1173	0.004396307427581099
1174	0.0043963067076608145
1175	0.0043963059823995485
1176	0.004396305251743857
1177	0.004396304515634165
1178	0.004396303774011619
1179	0.004396303026814494
1180	0.004396302273988288
1181	0.004396301515465073
1182	0.004396300751187317
1183	0.004396299981090887
1184	0.0043962992051143355
1185	0.0043962984231935036
1186	0.0043962976352633016
1187	0.0043962968412568715
1188	0.0043962960411132795
1189	0.00439629523476209
1190	0.004396294422137109
1191	0.004396293603168967
1192	0.004396292777791002
1193	0.0043962919459331696
1194	0.0043962911075232005
1195	0.00439629026249208
1196	0.004396289410767435
1197	0.004396288552278026
1198	0.004396287686946923
1199	0.004396286814703514
1200	0.004396285935470102
1201	0.004396285049170661
1202	0.004396284155729491
1203	0.004396283255071338
1204	0.004396282347114235
1205	0.0043962814317784595
1206	0.004396280508986039
1207	0.0043962795786548535
1208	0.004396278640705344
1209	0.0043962776950514405
1210	0.004396276741610123
1211	0.004396275780296189
1212	0.004396274811026437
1213	0.004396273833712313
1214	0.0043962728482661115
1215	0.004396271854601847
1216	0.004396270852627495
1217	0.004396269842253952
1218	0.00439626882338854
1219	0.004396267795937963
1220	0.004396266759813282
1221	0.004396265714916262
1222	0.004396264661151742
1223	0.0043962635984241645
1224	0.004396262526635969
1225	0.004396261445688268
1226	0.004396260355479973
1227	0.0043962592559127845
1228	0.004396258146883626
1229	0.004396257028289633
1230	0.0043962559000261985
1231	0.004396254761988902
1232	0.004396253614071719
1233	0.004396252456163444
1234	0.004396251288159917
1235	0.004396250109949498
1236	0.00439624892142106
1237	0.004396247722461897
1238	0.004396246512960035
1239	0.0043962452927988225
1240	0.004396244061863102
1241	0.0043962428200375455
1242	0.004396241567200373
1243	0.004396240303232955
1244	0.00439623902801459
1245	0.0043962377414258
1246	0.004396236443337089
1247	0.0043962351336281165
1248	0.004396233812169998
1249	0.004396232478835756
1250	0.004396231133497745
1251	0.004396229776024255
1252	0.004396228406285577
1253	0.0043962270241440105
1254	0.004396225629468318
1255	0.004396224222123789
1256	0.004396222801969321
1257	0.004396221368866493
1258	0.004396219922677486
1259	0.004396218463260143
1260	0.004396216990467783
1261	0.004396215504160098
1262	0.0043962140041865876
1263	0.004396212490401891
1264	0.004396210962655529
1265	0.004396209420796878
1266	0.00439620786467271
1267	0.004396206294129074
1268	0.004396204709011483
1269	0.0043962031091616454
1270	0.004396201494418812
1271	0.0043961998646241335
1272	0.004396198219616375
1273	0.004396196559228761
1274	0.004396194883297926
1275	0.004396193191655365
1276	0.004396191484130052
1277	0.0043961897605543565
1278	0.004396188020757426
1279	0.004396186264559119
1280	0.004396184491787159
1281	0.00439618270226308
1282	0.004396180895807364
1283	0.004396179072237967
1284	0.004396177231372032
1285	0.004396175373024761
1286	0.004396173497009143
1287	0.004396171603135579
1288	0.004396169691214647
1289	0.004396167761052176
1290	0.004396165812457003
1291	0.0043961638452294114
1292	0.004396161859172608
1293	0.004396159854085048
1294	0.004396157829767435
1295	0.004396155786013914
1296	0.004396153722618653
1297	0.004396151639373117
1298	0.004396149536067533
1299	0.004396147412490555
1300	0.00439614526842747
1301	0.004396143103662779
1302	0.004396140917978917
1303	0.004396138711153524
1304	0.004396136482967776
1305	0.00439613423319559
1306	0.0043961319616108736
1307	0.004396129667984427
1308	0.004396127352088623
1309	0.004396125013685559
1310	0.004396122652546144
1311	0.004396120268432385
1312	0.0043961178611015665
1313	0.004396115430318423
1314	0.004396112975835531
1315	0.004396110497409361
1316	0.004396107994791259
1317	0.004396105467732682
1318	0.004396102915984062
1319	0.004396100339286589
1320	0.00439609773738682
1321	0.0043960951100271385
1322	0.004396092456946186
1323	0.00439608977788136
1324	0.004396087072569401
1325	0.004396084340742246
1326	0.004396081582127754
1327	0.004396078796458045
1328	0.004396075983462262
1329	0.004396073142858914
1330	0.004396070274372625
1331	0.004396067377724862
1332	0.0043960644526311425
1333	0.004396061498808323
1334	0.004396058515968493
1335	0.004396055503826082
1336	0.004396052462085968
1337	0.004396049390460953
1338	0.004396046288648361
1339	0.004396043156358451
1340	0.004396039993285481
1341	0.00439603679913276
1342	0.004396033573595647
1343	0.0043960303163665185
1344	0.00439602702714184
1345	0.004396023705606694
1346	0.00439602035145227
1347	0.004396016964365423
1348	0.004396013544026745
1349	0.004396010090123446
1350	0.004396006602334583
1351	0.004396003080335753
1352	0.004395999523805282
1353	0.004395995932419459
1354	0.004395992305847579
1355	0.004395988643763408
1356	0.004395984945832756
1357	0.004395981211726762
1358	0.004395977441108967
1359	0.004395973633646448
1360	0.004395969788997316
1361	0.004395965906824456
1362	0.004395961986783437
1363	0.004395958028537843
1364	0.004395954031738409
1365	0.004395949996044297
1366	0.00439594592110388
1367	0.004395941806573015
1368	0.004395937652098446
1369	0.004395933457332581
1370	0.004395929221923555
1371	0.004395924945516
1372	0.004395920627756017
1373	0.004395916268288969
1374	0.0043959118667588025
1375	0.004395907422808916
1376	0.00439590293607946
1377	0.004395898406214642
1378	0.00439589383285096
1379	0.004395889215632829
1380	0.004395884554196914
1381	0.0043958798481824705
1382	0.004395875097228376
1383	0.00439587030097302
1384	0.004395865459053852
1385	0.004395860571110054
1386	0.004395855636776749
1387	0.004395850655694942
1388	0.004395845627502844
1389	0.004395840551836972
1390	0.004395835428335238
1391	0.0043958302566403295
1392	0.00439582503638863
1393	0.004395819767222286
1394	0.004395814448779403
1395	0.004395809080707034
1396	0.004395803662646179
1397	0.004395798194240606
1398	0.004395792675135219
1399	0.004395787104980592
1400	0.004395781483422797
1401	0.004395775810110573
1402	0.004395770084698672
1403	0.00439576430684089
1404	0.004395758476191859
1405	0.004395752592411625
1406	0.0043957466551597085
1407	0.0043957406641019405
1408	0.004395734618900366
1409	0.004395728519226246
1410	0.0043957223647548
1411	0.00439571615515559
1412	0.004395709890110981
1413	0.004395703569301797
1414	0.004395697192414316
1415	0.004395690759139009
1416	0.004395684269169341
1417	0.004395677722202798
1418	0.004395671117945285
1419	0.004395664456099399
1420	0.0043956577363801356
1421	0.004395650958506237
1422	0.004395644122198784
1423	0.004395637227184556
1424	0.004395630273199105
1425	0.004395623259981379
1426	0.004395616187279573
1427	0.004395609054841574
1428	0.004395601862428124
1429	0.004395594609806269
1430	0.00439558729674649
1431	0.004395579923027174
1432	0.0043955724884379025
1433	0.004395564992772205
1434	0.0043955574358345295
1435	0.004395549817432502
1436	0.004395542137388048
1437	0.004395534395528051
1438	0.004395526591687759
1439	0.0043955187257143135
1440	0.00439551079746169
1441	0.004395502806797412
1442	0.004395494753593172
1443	0.004395486637735315
1444	0.004395478459117982
1445	0.004395470217645167
1446	0.004395461913233243
1447	0.004395453545814401
1448	0.0043954451153209164
1449	0.004395436621709561
1450	0.00439542806493425
1451	0.004395419444976454
1452	0.004395410761817917
1453	0.004395402015461055
1454	0.004395393205916509
1455	0.004395384333207504
1456	0.004395375397373931
1457	0.00439536639846645
1458	0.00439535733655168
1459	0.004395348211708406
1460	0.004395339024028893
1461	0.004395329773622144
1462	0.00439532046061094
1463	0.004395311085133618
1464	0.004395301647341429
1465	0.004395292147403279
1466	0.004395282585504149
1467	0.004395272961840673
1468	0.004395263276628179
1469	0.004395253530099744
1470	0.004395243722501602
1471	0.0043952338540998274
1472	0.004395223925173773
1473	0.004395213936021405
1474	0.004395203886956305
1475	0.004395193778311771
1476	0.004395183610435279
1477	0.004395173383694702
1478	0.00439516309847361
1479	0.004395152755175149
1480	0.004395142354217113
1481	0.004395131896036107
1482	0.004395121381088264
1483	0.004395110809848277
1484	0.0043951001828088695
1485	0.004395089500477173
1486	0.00439507876337955
1487	0.004395067972066973
1488	0.004395057127103351
1489	0.004395046229068117
1490	0.00439503527856701
1491	0.004395024276216241
1492	0.004395013222656765
1493	0.0043950021185450916
1494	0.004394990964552183
1495	0.004394979761373796
1496	0.004394968509720941
1497	0.004394957210321551
1498	0.0043949458639219625
1499	0.0043949344712892295
1500	0.004394923033206078
1501	0.00439491155046916
1502	0.004394900023899717
1503	0.00439488845432886
1504	0.00439487684261429
1505	0.004394865189617557
1506	0.004394853496228302
1507	0.004394841763347829
1508	0.004394829991896688
1509	0.004394818182802866
1510	0.004394806337021427
1511	0.004394794455516756
1512	0.0043947825392671586
1513	0.004394770589269219
1514	0.0043947586065331955
1515	0.004394746592081186
1516	0.004394734546953403
1517	0.00439472247219701
1518	0.0043947103688814345
1519	0.004394698238077731
1520	0.004394686080882022
1521	0.004394673898386993
1522	0.004394661691713119
1523	0.004394649461980174
1524	0.004394637210323188
1525	0.0043946249378834425
1526	0.004394612645818338
1527	0.004394600335290596
1528	0.004394588007470012
1529	0.004394575663541438
1530	0.00439456330468466
1531	0.00439455093210036
1532	0.004394538546987863
1533	0.0043945261505548535
1534	0.00439451374401199
1535	0.0043945013285818625
1536	0.004394488905484112
1537	0.004394476475946523
1538	0.004394464041196268
1539	0.004394451602467272
1540	0.004394439160994945
1541	0.004394426718013887
1542	0.004394414274764261
1543	0.004394401832480075
1544	0.004394389392401138
1545	0.004394376955764895
1546	0.0043943645238053945
1547	0.00439435209775899
1548	0.004394339678854911
1549	0.004394327268322836
1550	0.004394314867385819
1551	0.004394302477267288
1552	0.004394290099180634
1553	0.004394277734339818
1554	0.00439426538394688
1555	0.004394253049201981
1556	0.004394240731296775
1557	0.0043942284314132905
1558	0.004394216150728974
1559	0.004394203890415038
1560	0.004394191651623612
1561	0.004394179435508294
1562	0.004394167243205922
1563	0.00439415507584629
1564	0.0043941429345451186
1565	0.004394130820411272
1566	0.004394118734535836
1567	0.00439410667800056
1568	0.004394094651877482
1569	0.004394082657219128
1570	0.0043940706950687195
1571	0.00439405876645166
1572	0.004394046872385855
1573	0.004394035013865671
1574	0.004394023191876392
1575	0.004394011407386689
1576	0.004393999661348894
1577	0.0043939879546955295
1578	0.004393976288349867
1579	0.004393964663213538
1580	0.004393953080171651
1581	0.004393941540094461
1582	0.004393930043833189
1583	0.004393918592217145
1584	0.004393907186069298
1585	0.004393895826180042
1586	0.004393884513330849
1587	0.0043938732482855965
1588	0.0043938620317820355
1589	0.004393850864545734
1590	0.004393839747280854
1591	0.004393828680674669
1592	0.004393817665391722
1593	0.004393806702079352
1594	0.0043937957913678894
1595	0.004393784933867024
1596	0.004393774130162664
1597	0.004393763380830707
1598	0.00439375268641881
1599	0.004393742047461736
1600	0.0043937314644712285
1601	0.00439372093794285
1602	0.004393710468348317
1603	0.004393700056146845
1604	0.004393689701772693
1605	0.004393679405645387
1606	0.004393669168164075
1607	0.004393658989710362
1608	0.004393648870642374
1609	0.004393638811305777
1610	0.004393628812028948
1611	0.004393618873114388
1612	0.004393608994851691
1613	0.004393599177516539
1614	0.0043935894213567505
1615	0.00439357972661169
1616	0.004393570093500231
1617	0.004393560522223278
1618	0.004393551012966771
1619	0.004393541565898287
1620	0.004393532181172716
1621	0.004393522858921797
1622	0.004393513599266389
1623	0.004393504402314457
1624	0.004393495268150154
1625	0.004393486196850047
1626	0.004393477188470298
1627	0.004393468243056621
1628	0.004393459360637699
1629	0.004393450541227759
1630	0.0043934417848307756
1631	0.0043934330914312475
1632	0.004393424461006547
1633	0.0043934158935162995
1634	0.0043934073889070014
1635	0.004393398947116854
1636	0.004393390568069423
1637	0.004393382251674772
1638	0.0043933739978341945
1639	0.00439336580643473
1640	0.004393357677354107
1641	0.004393349610457416
1642	0.004393341605601723
1643	0.0043933336626346365
1644	0.004393325781386257
1645	0.004393317961683971
1646	0.004393310203346256
1647	0.004393302506176946
1648	0.00439329486997578
1649	0.004393287294530688
1650	0.004393279779622736
1651	0.0043932723250246965
1652	0.004393264930500698
1653	0.0043932575958091575
1654	0.00439325032069798
1655	0.004393243104909906
1656	0.004393235948182094
1657	0.004393228850241447
1658	0.004393221810812743
1659	0.004393214829611797
1660	0.004393207906348356
1661	0.004393201040729338
1662	0.004393194232452931
1663	0.004393187481212895
1664	0.004393180786700349
1665	0.004393174148600729
1666	0.004393167566591638
1667	0.0043931610403499435
1668	0.004393154569549103
1669	0.004393148153853696
1670	0.004393141792932349
1671	0.004393135486442924
1672	0.004393129234043189
1673	0.00439312303538949
1674	0.004393116890129155
1675	0.004393110797914448
1676	0.004393104758392476
1677	0.0043930987712026935
1678	0.004393092835989794
1679	0.0043930869523948505
1680	0.004393081120053116
1681	0.004393075338601163
1682	0.004393069607672895
1683	0.004393063926904833
1684	0.0043930582959250015
1685	0.004393052714364863
1686	0.004393047181857672
1687	0.004393041698028193
1688	0.004393036262506027
1689	0.0043930308749219535
1690	0.00439302553489951
1691	0.004393020242067506
1692	0.0043930149960533646
1693	0.004393009796482253
1694	0.004393004642982174
1695	0.00439299953517853
1696	0.0043929944727046505
1697	0.004392989455179483
1698	0.0043929844822376924
1699	0.004392979553504028
1700	0.004392974668612067
1701	0.004392969827187697
1702	0.0043929650288635535
1703	0.004392960273272235
1704	0.004392955560044844
1705	0.00439295088881501
1706	0.0043929462592214065
1707	0.0043929416708966655
1708	0.004392937123480923
1709	0.004392932616608527
1710	0.004392928149924776
1711	0.0043929237230701905
1712	0.0043929193356859195
1713	0.004392914987419466
1714	0.00439291067791565
1715	0.004392906406823131
1716	0.004392902173792392
1717	0.004392897978475778
1718	0.004392893820525713
1719	0.004392889699598763
1720	0.004392885615351401
1721	0.004392881567444248
1722	0.004392877555536162
1723	0.004392873579292142
1724	0.0043928696383782355
1725	0.004392865732463468
1726	0.004392861861213135
1727	0.004392858024303944
1728	0.004392854221407192
1729	0.004392850452197862
1730	0.004392846716357978
1731	0.004392843013566022
1732	0.0043928393435056804
1733	0.0043928357058620774
1734	0.004392832100322754
1735	0.004392828526575914
1736	0.0043928249843173
1737	0.004392821473239451
1738	0.004392817993040793
1739	0.0043928145434169626
1740	0.004392811124073018
1741	0.004392807734712819
1742	0.004392804375040564
1743	0.0043928010447666695
1744	0.004392797743603376
1745	0.004392794471262129
1746	0.00439279122745997
1747	0.004392788011916536
1748	0.004392784824350817
1749	0.004392781664485256
1750	0.004392778532047526
1751	0.004392775426766124
1752	0.004392772348369529
1753	0.004392769296591336
1754	0.004392766271167188
1755	0.004392763271833618
1756	0.004392760298331461
1757	0.004392757350404167
1758	0.004392754427795274
1759	0.004392751530251801
1760	0.004392748657522367
1761	0.00439274580936269
1762	0.004392742985520979
1763	0.004392740185758911
1764	0.004392737409832633
1765	0.004392734657504632
1766	0.0043927319285380064
1767	0.0043927292226956065
1768	0.004392726539749014
1769	0.004392723879466783
1770	0.004392721241624851
1771	0.004392718625992499
1772	0.004392716032347875
1773	0.004392713460474025
1774	0.004392710910148469
1775	0.004392708381158298
1776	0.0043927058732855994
1777	0.004392703386320132
1778	0.004392700920049665
1779	0.004392698474272428
1780	0.004392696048774763
1781	0.004392693643360088
1782	0.004392691257821282
1783	0.004392688891962049
1784	0.004392686545584656
1785	0.004392684218493029
1786	0.004392681910494166
1787	0.004392679621397651
1788	0.004392677351012925
1789	0.004392675099151058
1790	0.004392672865630855
1791	0.004392670650265652
1792	0.004392668452876696
1793	0.004392666273280632
1794	0.004392664111302886
1795	0.004392661966765453
1796	0.004392659839497232
1797	0.004392657729321476
1798	0.004392655636072513
1799	0.0043926535595806
1800	0.004392651499677227
1801	0.004392649456201313
1802	0.004392647428984055
1803	0.004392645417869706
1804	0.004392643422695097
1805	0.00439264144330391
1806	0.0043926394795394275
1807	0.004392637531246198
1808	0.004392635598274039
1809	0.0043926336804698575
1810	0.004392631777684064
1811	0.004392629889767974
1812	0.004392628016578032
1813	0.004392626157965344
1814	0.004392624313790527
1815	0.0043926224839092275
1816	0.004392620668185142
1817	0.00439261886647376
1818	0.004392617078644299
1819	0.004392615304555181
1820	0.0043926135440790805
1821	0.004392611797077081
1822	0.004392610063421169
1823	0.004392608342982785
1824	0.004392606635630757
1825	0.004392604941240528
1826	0.004392603259684108
1827	0.004392601590840815
1828	0.004392599934584243
1829	0.004392598290793567
1830	0.004392596659349595
1831	0.004392595040135513
1832	0.004392593433031124
1833	0.004392591837920267
1834	0.004392590254689248
1835	0.004392588683223716
1836	0.004392587123411965
1837	0.0043925855751428865
1838	0.004392584038304659
1839	0.004392582512792734
1840	0.004392580998495091
1841	0.004392579495306304
1842	0.0043925780031216725
1843	0.004392576521837841
1844	0.004392575051353827
1845	0.0043925735915624434
1846	0.004392572142365367
1847	0.004392570703666051
1848	0.004392569275362357
1849	0.004392567857359962
1850	0.004392566449558824
1851	0.004392565051866084
1852	0.004392563664188015
1853	0.004392562286430033
1854	0.0043925609184988145
1855	0.004392559560308209
1856	0.004392558211763169
1857	0.004392556872775368
1858	0.004392555543257075
1859	0.004392554223123386
1860	0.004392552912283079
1861	0.004392551610654621
1862	0.004392550318153041
1863	0.00439254903469497
1864	0.004392547760198248
1865	0.00439254649457824
1866	0.004392545237756912
1867	0.004392543989652018
1868	0.0043925427501859265
1869	0.004392541519282902
1870	0.004392540296861553
1871	0.004392539082849349
1872	0.004392537877165132
1873	0.004392536679738599
1874	0.0043925354904934995
1875	0.0043925343093584755
1876	0.004392533136260549
1877	0.004392531971126644
1878	0.004392530813886343
1879	0.004392529664470292
1880	0.004392528522807879
1881	0.004392527388833789
1882	0.0043925262624747415
1883	0.004392525143667107
1884	0.00439252403234531
1885	0.004392522928439362
1886	0.004392521831888289
1887	0.00439252074262632
1888	0.0043925196605902415
1889	0.004392518585715582
1890	0.004392517517941626
1891	0.0043925164572076415
1892	0.004392515403448166
1893	0.0043925143566068674
1894	0.004392513316623872
1895	0.004392512283441742
1896	0.004392511256996131
1897	0.004392510237233105
1898	0.004392509224096139
1899	0.004392508217526047
1900	0.004392507217470617
1901	0.004392506223870117
1902	0.0043925052366721
1903	0.004392504255822488
1904	0.004392503281264786
1905	0.004392502312951387
1906	0.004392501350823209
1907	0.004392500394834253
1908	0.004392499444928119
1909	0.004392498501056004
1910	0.004392497563168895
1911	0.004392496631214707
1912	0.00439249570514477
1913	0.004392494784910413
1914	0.004392493870462191
1915	0.00439249296175546
1916	0.004392492058737531
1917	0.004392491161365246
1918	0.004392490269593688
1919	0.004392489383373008
1920	0.004392488502660673
1921	0.004392487627409592
1922	0.004392486757577414
1923	0.004392485893116557
1924	0.004392485033988535
1925	0.004392484180146475
1926	0.004392483331547988
1927	0.004392482488151275
1928	0.004392481649916904
1929	0.004392480816798131
1930	0.0043924799887601835
1931	0.004392479165757881
1932	0.004392478347752421
1933	0.004392477534702813
1934	0.0043924767265719495
1935	0.004392475923319952
1936	0.004392475124909056
1937	0.004392474331300163
1938	0.004392473542452077
1939	0.004392472758335648
1940	0.004392471978905762
1941	0.00439247120412898
1942	0.00439247043396756
1943	0.004392469668389613
1944	0.004392468907356298
1945	0.004392468150831389
1946	0.004392467398781661
1947	0.004392466651174498
1948	0.0043924659079694305
1949	0.004392465169139309
1950	0.004392464434647307
1951	0.004392463704460322
1952	0.004392462978545082
1953	0.004392462256871046
1954	0.0043924615394061554
1955	0.004392460826113814
1956	0.004392460116967692
1957	0.004392459411933344
1958	0.0043924587109813226
1959	0.0043924580140792075
1960	0.004392457321199049
1961	0.004392456632309126
1962	0.004392455947379756
1963	0.004392455266380388
1964	0.004392454589283595
1965	0.00439245391605991
1966	0.004392453246681119
1967	0.004392452581116368
1968	0.00439245191934012
1969	0.004392451261323739
1970	0.004392450607040607
1971	0.0043924499564594625
1972	0.004392449309557517
1973	0.004392448666305566
1974	0.0043924480266783715
1975	0.004392447390646186
1976	0.004392446758190395
1977	0.004392446129277145
1978	0.00439244550388529
1979	0.00439244488198746
1980	0.004392444263560643
1981	0.00439244364857795
1982	0.004392443037014958
1983	0.004392442428848141
1984	0.004392441824053061
1985	0.00439244122260471
1986	0.004392440624480942
1987	0.004392440029655979
1988	0.004392439438110833
1989	0.004392438849816554
1990	0.004392438264754501
1991	0.004392437682899761
1992	0.004392437104232416
1993	0.004392436528726891
1994	0.0043924359563645024
1995	0.0043924353871186645
1996	0.004392434820973238
1997	0.004392434257902661
1998	0.0043924336978886465
1999	0.0043924331409062245
2000	0.004392432586940906
2001	0.004392432035963064
2002	0.004392431487961058
2003	0.004392430942909798
2004	0.00439243040078805
2005	0.004392429861578959
2006	0.0043924293252613576
2007	0.004392428791815869
2008	0.004392428261222114
2009	0.004392427733462392
2010	0.0043924272085162225
2011	0.004392426686366135
2012	0.004392426166991707
2013	0.0043924256503748245
2014	0.0043924251364979286
2015	0.004392424625342238
2016	0.004392424116888111
2017	0.004392423611121522
2018	0.004392423108020561
2019	0.004392422607569437
2020	0.004392422109750277
2021	0.004392421614546458
2022	0.0043924211219375075
2023	0.004392420631913276
2024	0.004392420144450775
2025	0.004392419659534293
2026	0.004392419177148743
2027	0.004392418697276779
2028	0.00439241821990155
2029	0.004392417745008702
2030	0.004392417272581343
2031	0.0043924168026025735
2032	0.004392416335056266
2033	0.004392415869930544
2034	0.004392415407205007
2035	0.004392414946867032
2036	0.0043924144889012475
2037	0.004392414033290647
2038	0.004392413580023361
2039	0.0043924131290834995
2040	0.004392412680453706
2041	0.004392412234122106
2042	0.004392411790073524
2043	0.004392411348293073
2044	0.004392410908767123
2045	0.004392410471481405
2046	0.004392410036420127
2047	0.004392409603572905
2048	0.004392409172924301
2049	0.004392408744458
2050	0.004392408318165612
2051	0.004392407894030309
2052	0.004392407472038957
2053	0.004392407052178303
2054	0.0043924066344348004
2055	0.004392406218796666
2056	0.004392405805251013
2057	0.0043924053937853215
2058	0.004392404984384017
2059	0.004392404577038772
2060	0.004392404171734157
2061	0.0043924037684587
2062	0.004392403367198561
2063	0.004392402967942312
2064	0.004392402570682702
2065	0.004392402175399041
2066	0.00439240178208527
2067	0.004392401390726504
2068	0.004392401001316193
2069	0.004392400613836039
2070	0.004392400228278168
2071	0.0043923998446305105
2072	0.004392399462881139
2073	0.004392399083017908
2074	0.004392398705034443
2075	0.004392398328914095
2076	0.004392397954647715
2077	0.004392397582225777
2078	0.0043923972116352164
2079	0.004392396842866027
2080	0.004392396475907927
2081	0.004392396110749714
2082	0.00439239574738268
2083	0.004392395385792957
2084	0.004392395025972128
2085	0.004392394667913648
2086	0.004392394311601884
2087	0.00439239395702657
2088	0.0043923936041823115
2089	0.004392393253054038
2090	0.004392392903634955
2091	0.004392392555915655
2092	0.004392392209883355
2093	0.004392391865531325
2094	0.0043923915228493895
2095	0.004392391181827168
2096	0.0043923908424555996
2097	0.00439239050472565
2098	0.0043923901686255306
2099	0.004392389834150295
2100	0.004392389501287602
2101	0.0043923891700286015
2102	0.0043923888403663005
2103	0.004392388512289392
2104	0.004392388185791379
2105	0.004392387860859121
2106	0.0043923875374892556
2107	0.004392387215669423
2108	0.004392386895391712
2109	0.004392386576647751
2110	0.004392386259430518
2111	0.004392385943726508
2112	0.004392385629535952
2113	0.004392385316841415
2114	0.004392385005640365
2115	0.004392384695922971
2116	0.004392384387679789
2117	0.004392384080903787
2118	0.00439238377558782
2119	0.0043923834717226815
2120	0.004392383169301308
2121	0.004392382868313954
2122	0.004392382568755946
2123	0.004392382270615538
2124	0.004392381973887365
2125	0.004392381678564883
2126	0.004392381384638177
2127	0.004392381092101958
2128	0.004392380800946415
2129	0.004392380511165568
2130	0.004392380222749711
2131	0.004392379935694458
2132	0.004392379649992283
2133	0.004392379365634535
2134	0.004392379082613162
2135	0.004392378800922896
2136	0.004392378520557014
2137	0.004392378241507266
2138	0.00439237796376653
2139	0.004392377687327506
2140	0.004392377412184808
2141	0.004392377138328844
2142	0.004392376865758199
2143	0.0043923765944597635
2144	0.004392376324432018
2145	0.0043923760556634365
2146	0.004392375788150596
2147	0.0043923755218872925
2148	0.00439237525686433
2149	0.004392374993078301
2150	0.004392374730519698
2151	0.004392374469184806
2152	0.004392374209065268
2153	0.004392373950155431
2154	0.004392373692449661
2155	0.0043923734359419256
2156	0.004392373180623094
2157	0.004392372926490089
2158	0.004392372673536497
2159	0.004392372421755621
2160	0.004392372171139039
2161	0.004392371921685728
2162	0.004392371673385195
2163	0.004392371426234496
2164	0.004392371180225653
2165	0.004392370935353922
2166	0.004392370691613108
2167	0.004392370448999839
2168	0.004392370207504826
2169	0.004392369967122101
2170	0.004392369727848889
2171	0.004392369489678572
2172	0.0043923692526041044
2173	0.00439236901662338
2174	0.004392368781726224
2175	0.004392368547911187
2176	0.004392368315171106
2177	0.0043923680834982515
2178	0.004392367852891936
2179	0.004392367623343056
2180	0.004392367394846995
2181	0.004392367167400436
2182	0.004392366940996032
2183	0.004392366715630581
2184	0.004392366491296585
2185	0.004392366267990549
2186	0.004392366045706156
2187	0.004392365824440348
2188	0.0043923656041854305
2189	0.004392365384936972
2190	0.004392365166689922
2191	0.004392364949441805
2192	0.004392364733185101
2193	0.0043923645179170315
2194	0.004392364303629394
2195	0.004392364090318862
2196	0.0043923638779827644
2197	0.004392363666611733
2198	0.004392363456207211
2199	0.004392363246759039
2200	0.004392363038265138
2201	0.004392362830719334
2202	0.004392362624118403
2203	0.0043923624184576265
2204	0.00439236221373311
2205	0.004392362009938263
2206	0.004392361807068771
2207	0.004392361605120601
2208	0.004392361404090783
2209	0.004392361203971763
2210	0.004392361004761044
2211	0.004392360806455764
2212	0.004392360609049072
2213	0.004392360412537588
2214	0.004392360216915459
2215	0.004392360022180237
2216	0.004392359828328903
2217	0.004392359635352728
2218	0.004392359443250951
2219	0.004392359252020039
2220	0.0043923590616510464
2221	0.004392358872147027
2222	0.004392358683497622
2223	0.004392358495703979
2224	0.004392358308759504
2225	0.004392358122661382
2226	0.0043923579374145335
2227	0.004392357753016699
2228	0.004392357569482052
2229	0.004392357386838694
2230	0.004392357205152503
2231	0.004392357024565631
2232	0.004392356845386269
2233	0.004392356668278335
2234	0.004392356494676934
2235	0.004392356327692001
2236	0.004392356174084491
2237	0.004392356048620987
2238	0.004392355983707271
2239	0.004392356050511863
2240	0.004392356405823579
2241	0.0043923573916336755
2242	0.0043923597450406604
2243	0.0043923649650773776
2244	0.004392375789081589
2245	0.004392395560104393
2246	0.004392423268137062
2247	0.004392440554889229
2248	0.004392418409800903
2249	0.004392369817091064
2250	0.004392355511863127
2251	0.004392384093509983
2252	0.004392397969123263
2253	0.004392371194661506
2254	0.004392353190636315
2255	0.004392371054669266
2256	0.004392380552400874
2257	0.004392361163781226
2258	0.004392353526532379
2259	0.004392367864272692
2260	0.004392367850802162
2261	0.004392353710274211
2262	0.004392355622416912
2263	0.004392364372621459
2264	0.004392357973656355
2265	0.004392351354138766
2266	0.004392357350226721
2267	0.004392358962775934
2268	0.004392352086255478
2269	0.004392352230353564
2270	0.004392356560308876
2271	0.004392353567125119
2272	0.004392350272759135
2273	0.004392353122482228
2274	0.004392353697685093
2275	0.004392350308067529
2276	0.004392350501292001
2277	0.004392352430275926
2278	0.004392350753746399
2279	0.004392349249146961
2280	0.004392350631437819
2281	0.004392350669788327
2282	0.004392348967974424
2283	0.004392349124247383
2284	0.0043923499238036744
2285	0.0043923489653412565
2286	0.0043923482457472835
2287	0.004392348867387046
2288	0.004392348751260905
2289	0.004392347868652559
2290	0.004392347912263608
2291	0.004392348209476974
2292	0.004392347663885076
2293	0.004392347262315713
2294	0.004392347494758942
2295	0.004392347366813382
2296	0.004392346874398103
2297	0.00439234682314033
2298	0.004392346902444649
2299	0.004392346579969438
2300	0.004392346309752568
2301	0.004392346350074451
2302	0.004392346236770178
2303	0.004392345932861162
2304	0.004392345826789578
2305	0.004392345807196885
2306	0.004392345599822959
2307	0.004392345391929805
2308	0.004392345339238147
2309	0.004392345236055982
2310	0.004392345027028088
2311	0.004392344897100053
2312	0.004392344828784782
2313	0.004392344678306299
2314	0.004392344506789849
2315	0.004392344410556651
2316	0.004392344309367529
2317	0.004392344150605494
2318	0.004392344015404244
2319	0.004392343921317347
2320	0.004392343797416149
2321	0.004392343650639472
2322	0.004392343536214489
2323	0.004392343432459424
2324	0.004392343300912892
2325	0.004392343169900556
2326	0.004392343062594235
2327	0.004392342949755047
2328	0.004392342820499538
2329	0.004392342701304015
2330	0.004392342594045705
2331	0.004392342476830909
2332	0.004392342353638649
2333	0.004392342241149656
2334	0.004392342132079374
2335	0.004392342014675792
2336	0.004392341897570141
2337	0.004392341788248785
2338	0.0043923416780423125
2339	0.00439234156280855
2340	0.004392341450438637
2341	0.00439234134259182
2342	0.00439234123253846
2343	0.004392341120302731
2344	0.00439234101130405
2345	0.004392340904459856
2346	0.0043923407955907285
2347	0.004392340686343431
2348	0.004392340579786473
2349	0.004392340474037203
2350	0.004392340366939312
2351	0.004392340260368059
2352	0.004392340155752049
2353	0.004392340051344979
2354	0.004392339946257985
2355	0.004392339842027785
2356	0.004392339739144715
2357	0.004392339636291612
2358	0.004392339533250062
2359	0.0043923394311049775
2360	0.004392339329890786
2361	0.004392339228723257
2362	0.0043923391276741285
2363	0.00439233902744559
2364	0.004392338927899827
2365	0.004392338828475839
2366	0.00439233872934216
2367	0.004392338630926565
2368	0.004392338533053741
2369	0.004392338435388001
2370	0.004392338338094185
2371	0.004392338241427629
2372	0.004392338145230951
2373	0.004392338049308835
2374	0.0043923379537921265
2375	0.004392337858830931
2376	0.004392337764306181
2377	0.004392337670099509
2378	0.004392337576310284
2379	0.004392337483022425
2380	0.0043923373901519165
2381	0.004392337297630723
2382	0.004392337205519804
2383	0.004392337113879076
2384	0.004392337022645166
2385	0.004392336931774216
2386	0.004392336841310746
2387	0.00439233675128802
2388	0.004392336661667132
2389	0.004392336572416286
2390	0.004392336483566501
2391	0.004392336395133645
2392	0.00439233630710033
2393	0.0043923362194390305
2394	0.00439233613216967
2395	0.004392336045305545
2396	0.004392335958830931
2397	0.004392335872731072
2398	0.0043923357870131255
2399	0.004392335701691003
2400	0.004392335616750279
2401	0.004392335532181031
2402	0.0043923354479885384
2403	0.004392335364179139
2404	0.00439233528074542
2405	0.004392335197681972
2406	0.004392335114987901
2407	0.004392335032665137
2408	0.0043923349507153375
2409	0.0043923348691293305
2410	0.004392334787904699
2411	0.004392334707046168
2412	0.004392334626551934
2413	0.004392334546417173
2414	0.004392334466638337
2415	0.004392334387218936
2416	0.004392334308154986
2417	0.004392334229444751
2418	0.0043923341510866895
2419	0.004392334073079488
2420	0.004392333995420487
2421	0.004392333918112456
2422	0.004392333841149943
2423	0.004392333764530089
2424	0.004392333688254159
2425	0.004392333612322854
2426	0.004392333536729623
2427	0.0043923334614746
2428	0.004392333386558852
2429	0.004392333311977784
2430	0.004392333237732501
2431	0.004392333163818039
2432	0.004392333090236674
2433	0.004392333016985213
2434	0.004392332944062147
2435	0.004392332871467302
2436	0.0043923327991961525
2437	0.004392332727250349
2438	0.004392332655628728
2439	0.004392332584326793
2440	0.004392332513345404
2441	0.004392332442682835
2442	0.004392332372337061
2443	0.0043923323023082545
2444	0.004392332232594122
2445	0.004392332163192485
2446	0.004392332094102485
2447	0.004392332025322623
2448	0.004392331956853505
2449	0.0043923318886907575
2450	0.004392331820833533
2451	0.0043923317532855635
2452	0.0043923316860365845
2453	0.004392331619092003
2454	0.004392331552448412
2455	0.004392331486105417
2456	0.004392331420060376
2457	0.00439233135431118
2458	0.004392331288859115
2459	0.004392331223700045
2460	0.004392331158836569
2461	0.004392331094264358
2462	0.004392331029984011
2463	0.004392330965990741
2464	0.004392330902286142
2465	0.004392330838868633
2466	0.004392330775737604
2467	0.004392330712890668
2468	0.0043923306503279485
2469	0.004392330588047673
2470	0.004392330526045181
2471	0.004392330464323443
2472	0.004392330402881391
2473	0.004392330341714825
2474	0.004392330280825791
2475	0.004392330220210662
2476	0.004392330159868601
2477	0.004392330099799236
2478	0.004392330040001031
2479	0.004392329980472648
2480	0.004392329921211782
2481	0.004392329862221436
2482	0.004392329803494577
2483	0.004392329745033595
2484	0.0043923296868385855
2485	0.004392329628904933
2486	0.004392329571233676
2487	0.004392329513823192
2488	0.004392329456670036
2489	0.004392329399777796
2490	0.004392329343142504
2491	0.004392329286764128
2492	0.004392329230638285
2493	0.004392329174768334
2494	0.004392329119149553
2495	0.004392329063784109
2496	0.004392329008668603
2497	0.004392328953804075
2498	0.004392328899185679
2499	0.004392328844816555
2500	0.004392328790691828
2501	0.004392328736813346
2502	0.004392328683178452
2503	0.00439232862978739
2504	0.004392328576638839
2505	0.004392328523730343
2506	0.0043923284710626325
2507	0.0043923284186320475
2508	0.0043923283664391325
2509	0.004392328314484836
2510	0.00439232826276588
2511	0.004392328211282094
2512	0.004392328160030167
2513	0.00439232810901104
2514	0.0043923280582262615
2515	0.004392328007670205
2516	0.004392327957344188
2517	0.004392327907246573
2518	0.004392327857376992
2519	0.004392327807733279
2520	0.004392327758315835
2521	0.004392327709122166
2522	0.0043923276601543545
2523	0.004392327611407358
2524	0.00439232756288303
2525	0.004392327514579305
2526	0.004392327466494842
2527	0.004392327418629149
2528	0.004392327370982955
2529	0.004392327323551495
2530	0.004392327276338112
2531	0.004392327229339207
2532	0.004392327182554716
2533	0.004392327135981013
2534	0.00439232708962367
2535	0.004392327043474011
2536	0.004392326997535755
2537	0.004392326951808321
2538	0.004392326906288764
2539	0.0043923268609770295
2540	0.004392326815870706
2541	0.004392326770972257
2542	0.0043923267262784785
2543	0.004392326681787394
2544	0.0043923266375004094
2545	0.004392326593416328
2546	0.004392326549531196
2547	0.004392326505849671
2548	0.004392326462366893
2549	0.004392326419080197
2550	0.004392326375994647
2551	0.004392326333105185
2552	0.004392326290411967
2553	0.0043923262479146205
2554	0.004392326205611282
2555	0.004392326163501205
2556	0.004392326121584576
2557	0.004392326079860424
2558	0.004392326038324659
2559	0.004392325996982038
2560	0.004392325955826942
2561	0.004392325914861468
2562	0.004392325874084107
2563	0.004392325833492573
2564	0.00439232579308845
2565	0.004392325752869602
2566	0.004392325712834307
2567	0.004392325672984055
2568	0.004392325633315166
2569	0.004392325593827422
2570	0.004392325554523458
2571	0.004392325515399148
2572	0.004392325476454969
2573	0.004392325437688907
2574	0.004392325399101822
2575	0.004392325360691957
2576	0.004392325322458426
2577	0.0043923252844017225
2578	0.004392325246519408
2579	0.004392325208810918
2580	0.004392325171275304
2581	0.0043923251339140585
2582	0.004392325096725096
2583	0.004392325059705165
2584	0.004392325022856561
2585	0.004392324986179306
2586	0.00439232494967016
2587	0.004392324913330456
2588	0.0043923248771555404
2589	0.004392324841149696
2590	0.004392324805307758
2591	0.004392324769632794
2592	0.0043923247341233285
2593	0.004392324698775687
2594	0.004392324663593312
2595	0.0043923246285712
2596	0.004392324593712658
2597	0.004392324559014227
2598	0.004392324524476626
2599	0.0043923244900982115
2600	0.00439232445587893
2601	0.004392324421819007
2602	0.004392324387915773
2603	0.004392324354167663
2604	0.004392324320578081
2605	0.0043923242871426555
2606	0.004392324253862988
2607	0.004392324220736861
2608	0.004392324187764188
2609	0.004392324154943915
2610	0.004392324122277529
2611	0.004392324089761579
2612	0.004392324057395585
2613	0.004392324025180551
2614	0.004392323993113658
2615	0.004392323961196835
2616	0.004392323929427917
2617	0.004392323897806764
2618	0.004392323866332032
2619	0.00439232383500234
2620	0.004392323803821455
2621	0.004392323772782937
2622	0.004392323741889684
2623	0.004392323711138007
2624	0.004392323680532426
2625	0.004392323650068089
2626	0.004392323619743732
2627	0.004392323589562751
2628	0.0043923235595198454
2629	0.004392323529620507
2630	0.0043923234998580075
2631	0.004392323470234079
2632	0.004392323440748438
2633	0.0043923234114015015
2634	0.004392323382189665
2635	0.0043923233531155004
2636	0.004392323324175503
2637	0.004392323295371207
2638	0.004392323266701002
2639	0.004392323238165289
2640	0.0043923232097625
2641	0.004392323181492969
2642	0.004392323153354732
2643	0.004392323125347606
2644	0.004392323097473249
2645	0.0043923230697272145
2646	0.00439232304211242
2647	0.004392323014625975
2648	0.004392322987268239
2649	0.004392322960038898
2650	0.004392322932936527
2651	0.0043923229059620985
2652	0.00439232287911365
2653	0.004392322852389833
2654	0.004392322825793063
2655	0.0043923227993198375
2656	0.004392322772970402
2657	0.004392322746746032
2658	0.004392322720644017
2659	0.004392322694664192
2660	0.004392322668805907
2661	0.0043923226430704265
2662	0.004392322617455146
2663	0.004392322591959455
2664	0.004392322566584471
2665	0.0043923225413287
2666	0.004392322516191694
2667	0.004392322491172612
2668	0.004392322466272609
2669	0.0043923224414890195
2670	0.004392322416821274
2671	0.004392322392269042
2672	0.0043923223678365335
2673	0.004392322343515569
2674	0.004392322319307189
2675	0.004392322295217186
2676	0.004392322271240461
2677	0.004392322247373133
2678	0.004392322223621606
2679	0.004392322199982441
2680	0.004392322176454263
2681	0.00439232215303513
2682	0.004392322129730002
2683	0.004392322106533246
2684	0.0043923220834465
2685	0.004392322060467518
2686	0.004392322037598426
2687	0.004392322014837556
2688	0.004392321992184197
2689	0.004392321969639577
2690	0.004392321947199469
2691	0.004392321924865393
2692	0.004392321902641438
2693	0.00439232188051819
2694	0.00439232185850015
2695	0.004392321836587891
2696	0.004392321814780492
2697	0.004392321793075751
2698	0.0043923217714732276
2699	0.0043923217499736555
2700	0.004392321728577227
2701	0.00439232170728083
2702	0.004392321686086396
2703	0.0043923216649915655
2704	0.004392321643998865
2705	0.004392321623105554
2706	0.004392321602310642
2707	0.004392321581615277
2708	0.00439232156101819
2709	0.0043923215405189744
2710	0.00439232152011944
2711	0.004392321499815873
2712	0.004392321479608158
2713	0.004392321459497871
2714	0.004392321439482245
2715	0.004392321419563453
2716	0.004392321399738846
2717	0.004392321380009444
2718	0.004392321360374415
2719	0.004392321340831536
2720	0.0043923213213851175
2721	0.0043923213020301485
2722	0.004392321282765655
2723	0.0043923212635945275
2724	0.004392321244516464
2725	0.004392321225530046
2726	0.004392321206632053
2727	0.004392321187826125
2728	0.004392321169111636
2729	0.004392321150485418
2730	0.004392321131946494
2731	0.0043923211134998036
2732	0.004392321095138782
2733	0.004392321076869528
2734	0.004392321058684972
2735	0.004392321040587963
2736	0.00439232102257875
2737	0.004392321004655065
2738	0.004392320986818057
2739	0.004392320969067589
2740	0.0043923209514042045
2741	0.004392320933825208
2742	0.004392320916336285
2743	0.004392320898935661
2744	0.00439232088163092
2745	0.004392320864431745
2746	0.004392320847358268
2747	0.004392320830453509
2748	0.004392320813799645
2749	0.004392320797568765
2750	0.004392320782106033
2751	0.004392320768106914
2752	0.004392320757000401
2753	0.004392320751723137
2754	0.004392320758323472
2755	0.00439232078934064
2756	0.004392320870891194
2757	0.004392321057398921
2758	0.004392321462742487
2759	0.00439232232306674
2760	0.004392324124517141
2761	0.004392327822365841
2762	0.004392335163405756
2763	0.004392348613657646
2764	0.004392369536068412
2765	0.004392391069272667
2766	0.004392392891371024
2767	0.004392360848355499
2768	0.004392325267398729
2769	0.004392326339475304
2770	0.004392351675336388
2771	0.004392356776891763
2772	0.004392333083313488
2773	0.004392320633181316
2774	0.00439233517375749
2775	0.004392343891162607
2776	0.004392329898337393
2777	0.004392320421909361
2778	0.004392330072015925
2779	0.00439233536143067
2780	0.00439232536012554
2781	0.004392320636798597
2782	0.004392327982241711
2783	0.004392329524792939
2784	0.004392322196931427
2785	0.004392321170088439
2786	0.004392326384190149
2787	0.004392325416053533
2788	0.0043923206199310404
2789	0.004392321705983584
2790	0.004392324759906311
2791	0.004392322678395079
2792	0.004392320146745556
2793	0.004392321930725214
2794	0.004392323180720909
2795	0.004392321086239299
2796	0.004392320196251674
2797	0.004392321786095924
2798	0.004392321878320731
2799	0.004392320314174069
2800	0.004392320353209035
2801	0.004392321403286654
2802	0.004392320951765263
2803	0.00439232002238623
2804	0.004392320426386463
2805	0.004392320948769586
2806	0.004392320378527051
2807	0.004392319948650555
2808	0.004392320385229057
2809	0.0043923205426598146
2810	0.004392320061362297
2811	0.0043923199379799945
2812	0.004392320269491097
2813	0.0043923202312086415
2814	0.004392319898343732
2815	0.0043923199228428425
2816	0.004392320126679908
2817	0.004392320013837433
2818	0.004392319813119244
2819	0.00439231988650754
2820	0.004392319989320173
2821	0.004392319868064931
2822	0.004392319759978712
2823	0.0043923198332987134
2824	0.004392319871267328
2825	0.004392319769167249
2826	0.00439231971656741
2827	0.004392319772090737
2828	0.004392319774766281
2829	0.004392319697726177
2830	0.0043923196741914436
2831	0.004392319709833168
2832	0.004392319696344536
2833	0.004392319641108524
2834	0.004392319630689494
2835	0.004392319650228809
2836	0.004392319631234621
2837	0.0043923195920692205
2838	0.004392319586338443
2839	0.004392319594630972
2840	0.004392319575197452
2841	0.0043923195468592545
2842	0.004392319541924339
2843	0.004392319543015834
2844	0.0043923195251195125
2845	0.004392319503699868
2846	0.004392319498088966
2847	0.004392319494839187
2848	0.004392319478936442
2849	0.00439231946182069
2850	0.004392319455189659
2851	0.0043923194494326235
2852	0.004392319435358607
2853	0.0043923194209133255
2854	0.004392319413371206
2855	0.0043923194062099385
2856	0.004392319393618782
2857	0.0043923193808649745
2858	0.004392319372647329
2859	0.00439231936472198
2860	0.004392319353266927
2861	0.0043923193416324545
2862	0.004392319332971667
2863	0.004392319324645025
2864	0.004392319314041354
2865	0.004392319303187587
2866	0.004392319294277087
2867	0.004392319285755719
2868	0.004392319275784076
2869	0.004392319265518035
2870	0.004392319256501253
2871	0.004392319247899134
2872	0.004392319238405509
2873	0.004392319228602218
2874	0.004392319219584657
2875	0.004392319210971121
2876	0.004392319201842229
2877	0.004392319192428286
2878	0.004392319183483448
2879	0.004392319174901842
2880	0.00439231916605843
2881	0.004392319156975616
2882	0.0043923191481517925
2883	0.004392319139635671
2884	0.004392319131023222
2885	0.004392319122229745
2886	0.004392319113561694
2887	0.004392319105135621
2888	0.004392319096716503
2889	0.004392319088176114
2890	0.0043923190796854444
2891	0.004392319071372842
2892	0.004392319063119566
2893	0.004392319054805519
2894	0.0043923190464985615
2895	0.0043923190383164095
2896	0.004392319030217892
2897	0.0043923190221034115
2898	0.004392319013986509
2899	0.004392319005949451
2900	0.004392318997994921
2901	0.004392318990060628
2902	0.004392318982128871
2903	0.004392318974247436
2904	0.004392318966436901
2905	0.004392318958669943
2906	0.004392318950914511
2907	0.004392318943193445
2908	0.0043923189355301396
2909	0.0043923189279186405
2910	0.0043923189203317605
2911	0.004392318912772677
2912	0.004392318905258626
2913	0.0043923188977962
2914	0.004392318890368684
2915	0.0043923188829708935
2916	0.004392318875607187
2917	0.0043923188682921934
2918	0.004392318861016751
2919	0.004392318853773297
2920	0.004392318846563674
2921	0.00439231883939353
2922	0.004392318832266563
2923	0.0043923188251727835
2924	0.004392318818113038
2925	0.004392318811087724
2926	0.004392318804105273
2927	0.004392318797156465
2928	0.004392318790244338
2929	0.004392318783364994
2930	0.004392318776521756
2931	0.004392318769716396
2932	0.004392318762946375
2933	0.004392318756209106
2934	0.0043923187495079055
2935	0.004392318742839599
2936	0.004392318736208699
2937	0.004392318729611189
2938	0.004392318723046875
2939	0.004392318716518791
2940	0.004392318710023463
2941	0.004392318703561391
2942	0.004392318697133612
2943	0.004392318690739157
2944	0.00439231868437617
2945	0.004392318678050078
2946	0.004392318671754401
2947	0.004392318665492748
2948	0.004392318659262762
2949	0.004392318653065036
2950	0.00439231864690007
2951	0.004392318640766149
2952	0.0043923186346656925
2953	0.004392318628596828
2954	0.004392318622560962
2955	0.004392318616554494
2956	0.004392318610580964
2957	0.004392318604637183
2958	0.0043923185987257
2959	0.004392318592844349
2960	0.004392318586996798
2961	0.0043923185811764656
2962	0.004392318575386107
2963	0.004392318569629591
2964	0.004392318563900686
2965	0.004392318558202533
2966	0.0043923185525347914
2967	0.0043923185468970494
2968	0.0043923185412873345
2969	0.004392318535708623
2970	0.004392318530158129
2971	0.004392318524637742
2972	0.004392318519146687
2973	0.004392318513685751
2974	0.004392318508252028
2975	0.004392318502846053
2976	0.004392318497469519
2977	0.004392318492121913
2978	0.004392318486802367
2979	0.004392318481509657
2980	0.0043923184762475
2981	0.004392318471009973
2982	0.004392318465803128
2983	0.004392318460621781
2984	0.00439231845546896
2985	0.004392318450344106
2986	0.004392318445245913
2987	0.0043923184401733605
2988	0.004392318435128726
2989	0.004392318430111641
2990	0.004392318425120636
2991	0.004392318420154987
2992	0.004392318415218064
2993	0.004392318410306769
2994	0.004392318405419041
2995	0.004392318400559832
2996	0.004392318395724987
2997	0.0043923183909184045
2998	0.004392318386136875
2999	0.0043923183813787715
3000	0.004392318376646912
3001	0.004392318371942509
3002	0.004392318367260989
3003	0.004392318362604805
3004	0.004392318357972326
3005	0.004392318353367684
3006	0.004392318348784785
3007	0.004392318344228088
3008	0.004392318339695815
3009	0.004392318335188011
3010	0.0043923183307030544
3011	0.004392318326242859
3012	0.004392318321806131
3013	0.0043923183173946966
3014	0.004392318313006182
3015	0.004392318308640667
3016	0.004392318304298767
3017	0.00439231829998004
3018	0.004392318295686336
3019	0.004392318291414561
3020	0.004392318287167044
3021	0.004392318282939283
3022	0.0043923182787367595
3023	0.004392318274555302
3024	0.004392318270399102
3025	0.004392318266263851
3026	0.004392318262150865
3027	0.0043923182580611515
3028	0.004392318253989832
3029	0.004392318249944402
3030	0.004392318245919565
3031	0.00439231824191565
3032	0.004392318237936173
3033	0.004392318233974539
3034	0.004392318230038549
3035	0.004392318226121368
3036	0.004392318222227537
3037	0.004392318218352089
3038	0.004392318214498278
3039	0.004392318210667489
3040	0.004392318206855195
3041	0.0043923182030654985
3042	0.004392318199294502
3043	0.004392318195546056
3044	0.004392318191815948
3045	0.004392318188108853
3046	0.004392318184418765
3047	0.004392318180751371
3048	0.004392318177104363
3049	0.004392318173473939
3050	0.004392318169866613
3051	0.004392318166277799
3052	0.004392318162708613
3053	0.004392318159159992
3054	0.004392318155628859
3055	0.004392318152118586
3056	0.0043923181486264715
3057	0.004392318145154025
3058	0.004392318141701665
3059	0.004392318138268341
3060	0.00439231813485211
3061	0.004392318131454905
3062	0.004392318128077584
3063	0.004392318124719775
3064	0.004392318121375652
3065	0.004392318118055633
3066	0.0043923181147506
3067	0.004392318111465119
3068	0.004392318108197854
3069	0.004392318104949607
3070	0.004392318101715093
3071	0.004392318098503285
3072	0.004392318095306557
3073	0.004392318092127626
3074	0.004392318088967503
3075	0.00439231808582387
3076	0.0043923180826980985
3077	0.004392318079590178
3078	0.00439231807649728
3079	0.004392318073424407
3080	0.004392318070366019
3081	0.0043923180673260485
3082	0.004392318064303494
3083	0.004392318061297845
3084	0.0043923180583070485
3085	0.004392318055333893
3086	0.004392318052377008
3087	0.004392318049437289
3088	0.004392318046514065
3089	0.004392318043606644
3090	0.004392318040715004
3091	0.0043923180378403
3092	0.00439231803498112
3093	0.004392318032138258
3094	0.0043923180293111205
3095	0.004392318026500843
3096	0.004392318023703901
3097	0.0043923180209248765
3098	0.004392318018159999
3099	0.004392318015412407
3100	0.004392318012678767
3101	0.004392318009961306
3102	0.004392318007257176
3103	0.004392318004569978
3104	0.004392318001898252
3105	0.0043923179992406
3106	0.00439231799659706
3107	0.004392317993970989
3108	0.004392317991357753
3109	0.004392317988758771
3110	0.004392317986175658
3111	0.004392317983605755
3112	0.004392317981052184
3113	0.004392317978510964
3114	0.004392317975986744
3115	0.004392317973476105
3116	0.004392317970977893
3117	0.004392317968493852
3118	0.004392317966025659
3119	0.004392317963568929
3120	0.004392317961128958
3121	0.004392317958701524
3122	0.004392317956288173
3123	0.004392317953888358
3124	0.004392317951502
3125	0.0043923179491296704
3126	0.004392317946769096
3127	0.004392317944423804
3128	0.004392317942090798
3129	0.00439231793977258
3130	0.004392317937466578
3131	0.004392317935173995
3132	0.004392317932893424
3133	0.004392317930628676
3134	0.004392317928373491
3135	0.004392317926132856
3136	0.004392317923905117
3137	0.004392317921690242
3138	0.004392317919486123
3139	0.0043923179172958675
3140	0.004392317915118708
3141	0.004392317912953412
3142	0.004392317910800891
3143	0.004392317908660589
3144	0.004392317906532227
3145	0.004392317904415608
3146	0.004392317902310996
3147	0.004392317900221871
3148	0.0043923178981424334
3149	0.004392317896073061
3150	0.004392317894017793
3151	0.004392317891974016
3152	0.0043923178899415655
3153	0.0043923178879212935
3154	0.004392317885911216
3155	0.004392317883915587
3156	0.00439231788192966
3157	0.004392317879956088
3158	0.004392317877992511
3159	0.004392317876043011
3160	0.004392317874100492
3161	0.00439231787217166
3162	0.004392317870254555
3163	0.004392317868348209
3164	0.004392317866452781
3165	0.004392317864567681
3166	0.004392317862693749
3167	0.0043923178608315195
3168	0.00439231785897884
3169	0.0043923178571386385
3170	0.00439231785530788
3171	0.004392317853487458
3172	0.004392317851679091
3173	0.004392317849878946
3174	0.004392317848091659
3175	0.004392317846312511
3176	0.0043923178445461055
3177	0.004392317842788684
3178	0.0043923178410413604
3179	0.004392317839304722
3180	0.004392317837579503
3181	0.004392317835862482
3182	0.004392317834156708
3183	0.004392317832459664
3184	0.004392317830773574
3185	0.004392317829096168
3186	0.004392317827428508
3187	0.004392317825772702
3188	0.004392317824127143
3189	0.004392317822488488
3190	0.004392317820861032
3191	0.004392317819241658
3192	0.004392317817633882
3193	0.004392317816032497
3194	0.004392317814444638
3195	0.0043923178128645705
3196	0.004392317811292351
3197	0.0043923178097309435
3198	0.004392317808177424
3199	0.004392317806633985
3200	0.004392317805100003
3201	0.004392317803574983
3202	0.004392317802056529
3203	0.004392317800550754
3204	0.0043923177990512745
3205	0.004392317797562845
3206	0.004392317796081591
3207	0.00439231779461029
3208	0.004392317793147261
3209	0.004392317791692572
3210	0.004392317790245914
3211	0.004392317788809561
3212	0.004392317787380121
3213	0.004392317785959715
3214	0.004392317784547345
3215	0.004392317783144044
3216	0.004392317781751213
3217	0.004392317780363853
3218	0.00439231777898537
3219	0.004392317777614324
3220	0.004392317776252908
3221	0.0043923177749002635
3222	0.0043923177735549915
3223	0.004392317772220469
3224	0.004392317770896155
3225	0.004392317769581973
3226	0.004392317768287369
3227	0.00439231776701762
3228	0.004392317765787671
3229	0.004392317764634951
3230	0.004392317763623765
3231	0.004392317762886233
3232	0.004392317762691989
3233	0.00439231776358638
3234	0.004392317766683411
3235	0.004392317774259202
3236	0.0043923177910076905
3237	0.004392317826631208
3238	0.0043923179012926765
3239	0.004392318056955205
3240	0.004392318381349858
3241	0.004392319056769515
3242	0.004392320460601967
3243	0.004392323347917452
3244	0.004392329156599732
3245	0.004392340182911579
3246	0.004392358770601275
3247	0.004392382298736241
3248	0.004392395264544142
3249	0.00439237528881516
3250	0.0043923342167859975
3251	0.004392318200450524
3252	0.004392339278026185
3253	0.004392357372935501
3254	0.004392341898491702
3255	0.004392319353505056
3256	0.004392325003837352
3257	0.004392341068932292
3258	0.004392335045049598
3259	0.004392319292469458
3260	0.004392322261647276
3261	0.004392332966914311
3262	0.0043923280913480715
3263	0.004392318232756987
3264	0.004392321844474454
3265	0.004392328089265802
3266	0.004392323142447086
3267	0.004392317779701093
3268	0.004392321716947777
3269	0.004392324531802674
3270	0.004392320079719017
3271	0.004392317951618301
3272	0.004392321332262682
3273	0.00439232182433164
3274	0.004392318490223938
3275	0.004392318316105495
3276	0.004392320637454831
3277	0.00439231993525996
3278	0.0043923178702485145
3279	0.004392318564974003
3280	0.0043923198219100205
3281	0.004392318762962356
3282	0.004392317748067593
3283	0.004392318611294445
3284	0.004392319078254809
3285	0.004392318128664298
3286	0.004392317796713887
3287	0.004392318500679288
3288	0.004392318516888054
3289	0.004392317838413071
3290	0.004392317857446767
3291	0.004392318318078933
3292	0.0043923181431861115
3293	0.004392317732305385
3294	0.004392317882365609
3295	0.004392318132793943
3296	0.004392317918469293
3297	0.00439231770454736
3298	0.004392317871352108
3299	0.0043923179817989075
3300	0.0043923177954858115
3301	0.004392317702251165
3302	0.004392317839247041
3303	0.004392317871178456
3304	0.004392317733020714
3305	0.004392317704425229
3306	0.004392317801614085
3307	0.0043923177960483225
3308	0.0043923177022718455
3309	0.004392317703583199
3310	0.004392317767174524
3311	0.004392317747904876
3312	0.004392317687453816
3313	0.004392317699257006
3314	0.004392317738608287
3315	0.004392317717599122
3316	0.004392317680025433
3317	0.004392317693356866
3318	0.0043923177166783275
3319	0.004392317698429241
3320	0.00439231767542543
3321	0.00439231768687351
3322	0.004392317700436565
3323	0.004392317686226082
3324	0.004392317672027436
3325	0.004392317680602242
3326	0.004392317688385984
3327	0.004392317677981111
3328	0.004392317669089116
3329	0.004392317675040139
3330	0.004392317679468323
3331	0.0043923176720541655
3332	0.004392317666254903
3333	0.0043923176701356065
3334	0.004392317672695083
3335	0.004392317667522551
3336	0.004392317663543581
3337	0.004392317665885336
3338	0.004392317667350788
3339	0.004392317663765094
3340	0.004392317660893884
3341	0.004392317662175897
3342	0.0043923176630091855
3343	0.004392317660513217
3344	0.004392317658322299
3345	0.004392317658869417
3346	0.004392317659311455
3347	0.004392317657569104
3348	0.004392317655835603
3349	0.004392317655898002
3350	0.004392317656074262
3351	0.004392317654829617
3352	0.004392317653416921
3353	0.004392317653163296
3354	0.004392317653153641
3355	0.004392317652242865
3356	0.004392317651074836
3357	0.004392317650622996
3358	0.004392317650462596
3359	0.004392317649767598
3360	0.004392317648791468
3361	0.0043923176482253985
3362	0.004392317647948764
3363	0.004392317647385548
3364	0.004392317646564105
3365	0.004392317645946436
3366	0.00439231764557714
3367	0.004392317645084223
3368	0.004392317644385123
3369	0.0043923176437581975
3370	0.004392317643322074
3371	0.004392317642861137
3372	0.004392317642254695
3373	0.004392317641644723
3374	0.0043923176411618135
3375	0.004392317640710095
3376	0.004392317640166605
3377	0.0043923176395918705
3378	0.004392317639085451
3379	0.004392317638629539
3380	0.004392317638131582
3381	0.004392317637593217
3382	0.004392317637082255
3383	0.004392317636618282
3384	0.0043923176361461815
3385	0.004392317635641306
3386	0.00439231763513805
3387	0.004392317634669684
3388	0.004392317634210352
3389	0.004392317633735448
3390	0.004392317633248664
3391	0.0043923176327826064
3392	0.004392317632331621
3393	0.004392317631875602
3394	0.0043923176314106804
3395	0.00439231763095
3396	0.004392317630504019
3397	0.004392317630063649
3398	0.0043923176296166025
3399	0.004392317629168119
3400	0.004392317628729556
3401	0.004392317628299201
3402	0.004392317627867122
3403	0.004392317627433146
3404	0.0043923176270048835
3405	0.004392317626582488
3406	0.00439231762616236
3407	0.004392317625743644
3408	0.004392317625324041
3409	0.0043923176249106195
3410	0.004392317624501839
3411	0.00439231762409574
3412	0.004392317623691207
3413	0.004392317623285111
3414	0.004392317622888928
3415	0.0043923176224914635
3416	0.004392317622097794
3417	0.004392317621704927
3418	0.004392317621315579
3419	0.004392317620931141
3420	0.004392317620547252
3421	0.00439231762016522
3422	0.004392317619786812
3423	0.004392317619408787
3424	0.004392317619036952
3425	0.004392317618665945
3426	0.004392317618298006
3427	0.004392317617931394
3428	0.0043923176175682905
3429	0.004392317617206671
3430	0.004392317616848454
3431	0.0043923176164913005
3432	0.004392317616137108
3433	0.00439231761578507
3434	0.004392317615438054
3435	0.0043923176150907585
3436	0.0043923176147456135
3437	0.004392317614401288
3438	0.0043923176140626945
3439	0.0043923176137254565
3440	0.004392317613389986
3441	0.004392317613056913
3442	0.00439231761272577
3443	0.004392317612396688
3444	0.004392317612070857
3445	0.004392317611745943
3446	0.004392317611424385
3447	0.004392317611105203
3448	0.0043923176107881785
3449	0.004392317610472258
3450	0.00439231761015918
3451	0.004392317609847597
3452	0.004392317609538506
3453	0.004392317609232893
3454	0.0043923176089272825
3455	0.004392317608622887
3456	0.004392317608323143
3457	0.0043923176080247865
3458	0.004392317607727275
3459	0.004392317607432446
3460	0.004392317607140456
3461	0.004392317606851496
3462	0.00439231760656175
3463	0.0043923176062744635
3464	0.004392317605988616
3465	0.004392317605706858
3466	0.004392317605426567
3467	0.004392317605147667
3468	0.004392317604870391
3469	0.004392317604595889
3470	0.004392317604322039
3471	0.004392317604050854
3472	0.004392317603781028
3473	0.004392317603512681
3474	0.004392317603248536
3475	0.0043923176029854565
3476	0.004392317602723187
3477	0.004392317602462716
3478	0.004392317602207107
3479	0.004392317601950111
3480	0.004392317601699807
3481	0.004392317601450505
3482	0.004392317601206032
3483	0.004392317600967641
3484	0.004392317600737816
3485	0.004392317600520643
3486	0.0043923176003225735
3487	0.004392317600159225
3488	0.004392317600046931
3489	0.004392317600023991
3490	0.00439231760015087
3491	0.004392317600530284
3492	0.004392317601344324
3493	0.004392317602909577
3494	0.004392317605777624
3495	0.004392317610923568
3496	0.004392317620085956
3497	0.004392317636359005
3498	0.004392317665305652
3499	0.004392317716972969
3500	0.004392317809615992
3501	0.004392317976580538
3502	0.004392318279135595
3503	0.004392318830448368
3504	0.004392319840636241
3505	0.004392321701866918
3506	0.004392325149052752
3507	0.004392331565075474
3508	0.004392343555247
3509	0.004392366027222602
3510	0.004392408151352166
3511	0.004392486788856342
3512	0.004392631655843722
3513	0.004392890841458251
3514	0.00439332684374076
3515	0.00439397484754552
3516	0.004394715616221599
3517	0.004395110869310377
3518	0.004394596338679101
3519	0.004393299991230688
3520	0.004392373612641879
3521	0.004392620891646206
3522	0.004393375943084942
3523	0.00439341930101854
3524	0.004392691641446069
3525	0.00439232933502667
3526	0.004392740114714852
3527	0.00439301310567697
3528	0.004392630788385253
3529	0.004392319725082212
3530	0.0043925648857377365
3531	0.004392748919475256
3532	0.004392486094850984
3533	0.004392324759524526
3534	0.004392520022953303
3535	0.004392577163183023
3536	0.004392374629147998
3537	0.004392346052126794
3538	0.0043924901237317815
3539	0.0043924506268784615
3540	0.004392324748068067
