<Coefficient>
	 5 Total number of radial orbitals.
	Type	L	Zeta-Orbital
	  B 	0	    1
	   0.25800762895489
	   0.29666976992097
	   0.13270343624750
	  -0.00888668263105
	  -0.08042127742061
	  -0.10180448292500
	  -0.09112928117067
	  -0.07448379699314
	  -0.05095100195215
	  -0.03592553846927
	  -0.01848764674929
	  -0.01297561993567
	  -0.00237045616365
	  -0.00453182689964
	   0.00303074241936
	  -0.00343022548505
	   0.00460275926970
	  -0.00537450060484
	   0.01087041317249
	Type	L	Zeta-Orbital
	  B 	0	    2
	   0.99399546910237
	   0.08513488658435
	  -0.35655736987761
	   0.19878163245348
	   0.49522164229628
	   0.76728682026235
	   0.64759425393460
	   0.50946758923558
	   0.33843711093008
	   0.24601385278464
	   0.14749211016241
	   0.08253052685290
	   0.04456575995102
	   0.01393987031949
	   0.01467328248863
	  -0.00772849500220
	   0.01573518253243
	  -0.01530583196279
	   0.04029483133014
	Type	L	Zeta-Orbital
	  B 	1	    1
	  -0.31434729610415
	  -0.39592424844038
	  -0.38923165179243
	  -0.29528410980253
	  -0.23923444313162
	  -0.16703194099133
	  -0.13493135233674
	  -0.08501596260473
	  -0.06767904978324
	  -0.02931144570430
	  -0.02703896111873
	   0.00108864059641
	  -0.01115484459146
	   0.01124817582520
	  -0.01086224558332
	   0.01355045018099
	  -0.01557562513023
	   0.01769914738810
	  -0.07395041351635
	Type	L	Zeta-Orbital
	  B 	1	    2
	  -0.81340029424732
	   0.32131880479332
	   0.89433875773647
	   1.09042266736393
	   0.96782524789540
	   0.68403741309514
	   0.46141506634459
	   0.36736327676279
	   0.21550006995283
	   0.16062920308403
	   0.03492216028397
	   0.04571327099806
	  -0.04607252082839
	   0.02895924196942
	  -0.05675410541913
	   0.04889826722741
	  -0.06260667417228
	   0.07818156384557
	  -0.30005597074931
	Type	L	Zeta-Orbital
	  B 	2	    1
	   0.33898486717404
	   1.24421551178828
	   1.06697636211076
	   1.11272751475807
	   0.75744760306319
	   0.43331164965402
	   0.12291282150137
	   0.11348626812740
	   0.01770117943040
	   0.07103552761190
	  -0.03760291514615
	   0.04737227740097
	  -0.04710333948561
	   0.04632143453280
	  -0.06240691514929
	   0.05329877240948
	  -0.06636719099584
	  -0.00150082541865
	  -0.76097245735616
</Coefficient>
<Mkb>
Left spillage = 9.4787509413e-03
</Mkb>
