0	0.0024416751524807693
1	0.0022276908339638113
2	0.002081973478543656
3	0.0021120304477566447
4	0.0021407368664395957
5	0.0021173525132798603
6	0.0020682161747065655
7	0.0020210088880059213
8	0.001991562463678113
9	0.0019816643061169523
10	0.001982941737834621
11	0.0019854230131532732
12	0.0019832751691817394
13	0.0019753433487255238
14	0.001963351574388976
15	0.0019500722070689305
16	0.0019380756243031448
17	0.0019290394039928479
18	0.0019234786251839833
19	0.0019209021709701093
20	0.0019202165100321784
21	0.0019201939751305932
22	0.00191982165149504
23	0.0019184781818179116
24	0.001915973011271207
25	0.001912471517735073
26	0.001908373844735746
27	0.0019041641251851065
28	0.0019002844482712054
29	0.0018970435679237074
30	0.001894580436180458
31	0.0018928780562613668
32	0.0018918050100879182
33	0.0018911713593401215
34	0.0018907732110854327
35	0.0018904311984130314
36	0.0018900106062851286
37	0.001889434310315006
38	0.0018886815619744706
39	0.0018877816760443171
40	0.0018867980103675567
41	0.0018858090626231534
42	0.0018848877529025853
43	0.0018840856874168099
44	0.0018834242367243967
45	0.0018828942585883573
46	0.00188246340125671
47	0.0018820878797637115
48	0.0018817258940476392
49	0.0018813483446440836
50	0.0018809453130848358
51	0.0018805258834604884
52	0.0018801132164079858
53	0.0018797355947659765
54	0.0018794176077158457
55	0.0018791728280252993
56	0.0018790011009989862
57	0.0018788896425653166
58	0.001878818159864649
59	0.0018787649616322623
60	0.0018787128897126202
61	0.0018786524834389843
62	0.0018785825618724957
63	0.0018785079245614432
64	0.0018784360406191704
65	0.0018783735164915954
66	0.001878323912900221
67	0.0018782868637395487
68	0.0018782587547867926
69	0.0018782340759442425
70	0.0018782072106312418
71	0.0018781738727812645
72	0.0018781321483885434
73	0.0018780826931697925
74	0.0018780283042769872
75	0.0018779728053226934
76	0.0018779198037918695
77	0.0018778715619011716
78	0.001877828492650059
79	0.0018777892407233318
80	0.0018777513277739967
81	0.0018777119697183512
82	0.0018776688525094629
83	0.0018776206408818296
84	0.0018775671720487098
85	0.0018775093476266413
86	0.0018774487522659697
87	0.0018773871463479066
88	0.0018773259383054722
89	0.0018772658538338785
90	0.0018772068543183357
91	0.001877148332625176
92	0.0018770894440308793
93	0.0018770294356091686
94	0.0018769678610451605
95	0.0018769046315690343
96	0.0018768399489541624
97	0.0018767741578014723
98	0.001876707598330682
99	0.001876640489330133
100	0.0018765728760929126
101	0.0018765046459157401
102	0.001876435590388112
103	0.0018763654943557873
104	0.0018762942093290857
105	0.0018762216976996632
106	0.0018761480339993786
107	0.001876073370658839
108	0.0018759978871122635
109	0.0018759217369545503
110	0.0018758450154396397
111	0.0018757677514720196
112	0.0018756899228855254
113	0.0018756114856444954
114	0.001875532401799105
115	0.001875452660471512
116	0.0018753722859367404
117	0.001875291332995674
118	0.001875209873342104
119	0.001875127976317765
120	0.0018750456930956424
121	0.001874963050485071
122	0.0018748800556347587
123	0.0018747967083865055
124	0.0018747130127664282
125	0.0018746289824820269
126	0.0018745446402793633
127	0.0018744600133367966
128	0.001874375128201739
129	0.0018742900064829928
130	0.0018742046613314653
131	0.0018741190960781017
132	0.00187403330600545
133	0.001873947283028653
134	0.0018738610215238193
135	0.0018737745222605737
136	0.0018736877928922347
137	0.0018736008457768416
138	0.0018735136947352696
139	0.001873426352267979
140	0.001873338828025087
141	0.0018732511285758531
142	0.0018731632585294255
143	0.0018730752227756069
144	0.0018729870288794164
145	0.0018728986884620857
146	0.0018728102169403365
147	0.001872721631910975
148	0.0018726329511969157
149	0.0018725441915960876
150	0.00187245536868994
151	0.0018723664974604852
152	0.0018722775932466598
153	0.0018721886726009505
154	0.0018720997537529684
155	0.0018720108565645674
156	0.0018719220020132561
157	0.0018718332113814848
158	0.0018717445054173211
159	0.0018716559037771881
160	0.001871567424862578
161	0.0018714790860296484
162	0.0018713909039533613
163	0.0018713028949378472
164	0.0018712150750131665
165	0.0018711274597844668
166	0.0018710400641348836
167	0.0018709529018807276
168	0.0018708659854879616
169	0.0018707793259317494
170	0.0018706929327159067
171	0.0018706068140385615
172	0.0018705209769771863
173	0.0018704354276134789
174	0.0018703501710558349
175	0.0018702652114092498
176	0.0018701805517595828
177	0.0018700961942091014
178	0.001870012139957429
179	0.0018699283894162654
180	0.0018698449423529408
181	0.001869761798075706
182	0.0018696789556171332
183	0.0018695964139021186
184	0.0018695141718657843
185	0.001869432228544436
186	0.0018693505831723495
187	0.0018692692352755033
188	0.001869188184804802
189	0.0018691074322694744
190	0.0018690269788949844
191	0.0018689468267740952
192	0.0018688669789927077
193	0.0018687874397313295
194	0.0018687082143332247
195	0.0018686293093678231
196	0.0018685507326950362
197	0.0018684724935435937
198	0.0018683946025723984
199	0.0018683170719434798
200	0.0018682399153634155
201	0.0018681631481251369
202	0.0018680867871203068
203	0.0018680108508505517
204	0.0018679353594152706
205	0.0018678603345012746
206	0.0018677857993598568
207	0.0018677117787772885
208	0.0018676382990395215
209	0.001867565387879051
210	0.0018674930744154213
211	0.0018674213890699457
212	0.0018673503634800452
213	0.0018672800303892432
214	0.001867210423532763
215	0.0018671415775119201
216	0.0018670735276537845
217	0.001867006309863729
218	0.001866939960461457
219	0.0018668745160013126
220	0.0018668100130881946
221	0.0018667464881772574
222	0.0018666839773662405
223	0.0018666225161847317
224	0.0018665621393691959
225	0.0018665028806404908
226	0.0018664447724736095
227	0.0018663878458685672
228	0.0018663321301239308
229	0.0018662776526104368
230	0.0018662244385546022
231	0.0018661725108286798
232	0.0018661218897560838
233	0.0018660725929334726
234	0.0018660246350654722
235	0.0018659780278415992
236	0.0018659327798352836
237	0.001865888896505992
238	0.0018658463803419127
239	0.0018658052314925687
240	0.0018657654495376381
241	0.0018657270387984692
242	0.0018656900229563032
243	0.0018656544835731169
244	0.001865620632132212
245	0.0018655887627608146
246	0.001865558298293104
247	0.0018655267175877006
248	0.0018654946686087665
249	0.0018654668547909013
250	0.0018654412128696549
251	0.0018654136933665467
252	0.0018653881065407055
253	0.001865365512127162
254	0.0018653417415020206
255	0.0018653191895026558
256	0.0018652991239809617
257	0.0018652782739722658
258	0.0018652586489961037
259	0.0018652408076713332
260	0.0018652224182212954
261	0.0018652053629306632
262	0.0018651894227279368
263	0.0018651731930694985
264	0.001865158286074397
265	0.0018651439643677776
266	0.0018651296368257346
267	0.001865116469871454
268	0.0018651035498952404
269	0.0018650908663127182
270	0.001865079094001542
271	0.001865067409329268
272	0.0018650561128895934
273	0.0018650454722029754
274	0.001865034882409452
275	0.0018650247377359358
276	0.0018650150406676325
277	0.0018650054174468383
278	0.0018649962274168614
279	0.0018649873410675516
280	0.0018649785661042418
281	0.0018649701769420837
282	0.0018649620039343157
283	0.0018649539719456532
284	0.0018649462686013188
285	0.0018649387333323462
286	0.0018649313546363474
287	0.0018649242518857234
288	0.0018649172925524538
289	0.0018649104931427972
290	0.001864903926657638
291	0.001864897490994955
292	0.0018648912105756236
293	0.0018648851298725603
294	0.0018648791727618745
295	0.0018648733619231349
296	0.0018648677255105092
297	0.0018648622074194541
298	0.0018648568248772499
299	0.0018648515971674182
300	0.001864846482982417
301	0.0018648414933554664
302	0.0018648366428011842
303	0.001864831900931756
304	0.0018648272731288493
305	0.001864822771139978
306	0.0018648183728409554
307	0.0018648140789778343
308	0.0018648098993110976
309	0.0018648058181916988
310	0.0018648018328909393
311	0.001864797951308523
312	0.0018647941629977795
313	0.0018647904629368725
314	0.001864786857012201
315	0.0018647833389344416
316	0.0018647799025434716
317	0.0018647765515291594
318	0.001864773282765612
319	0.0018647700900085169
320	0.001864766974727784
321	0.0018647639359273297
322	0.0018647609681421574
323	0.001864758070861303
324	0.0018647552441832071
325	0.001864752483968701
326	0.0018647497882561708
327	0.0018647471573101774
328	0.0018647445884652232
329	0.0018647420790337081
330	0.001864739628794568
331	0.0018647372363008823
332	0.0018647348988748542
333	0.00186473261555231
334	0.0018647303855781037
335	0.0018647282068065978
336	0.001864726077680612
337	0.0018647239975629103
338	0.001864721965003665
339	0.0018647199782574784
340	0.00186471803643107
341	0.0018647161385857002
342	0.0018647142831867062
343	0.0018647124690457102
344	0.0018647106953820437
345	0.0018647089610560538
346	0.0018647072647926346
347	0.001864705605712811
348	0.0018647039829748089
349	0.0018647023954658404
350	0.0018647008421866476
351	0.0018646993223726148
352	0.001864697835159829
353	0.0018646963795721624
354	0.00186469495479539
355	0.0018646935601117967
356	0.0018646921947025731
357	0.0018646908577381466
358	0.0018646895485160942
359	0.0018646882663630455
360	0.0018646870105405034
361	0.0018646857803361078
362	0.0018646845751291732
363	0.0018646833942971188
364	0.001864682237187286
365	0.0018646811031821434
366	0.0018646799917220915
367	0.0018646789022449294
368	0.001864677834176878
369	0.0018646767869751036
370	0.0018646757601347938
371	0.001864674753155333
372	0.0018646737655304598
373	0.0018646727967786124
374	0.0018646718464488087
375	0.001864670914093188
376	0.001864669999266587
377	0.0018646691015399158
378	0.0018646682205090657
379	0.0018646673557773624
380	0.001864666506949158
381	0.0018646656736447816
382	0.0018646648555005506
383	0.0018646640521637115
384	0.0018646632632851436
385	0.0018646624885255221
386	0.0018646617275603083
387	0.0018646609800743493
388	0.0018646602457578299
389	0.0018646595243102266
390	0.0018646588154395717
391	0.001864658118864287
392	0.0018646574343098288
393	0.0018646567615079623
394	0.0018646561001985668
395	0.0018646554501285512
396	0.001864654811053771
397	0.0018646541827347647
398	0.001864653564940049
399	0.0018646529574411347
400	0.0018646523600212106
401	0.0018646517724667793
402	0.0018646511945685717
403	0.0018646506261254443
404	0.00186465006694045
405	0.0018646495168225723
406	0.001864648975585623
407	0.0018646484430486117
408	0.0018646479190346375
409	0.001864647403372546
410	0.001864646895895333
411	0.0018646463964408792
412	0.0018646459048491388
413	0.0018646454209674142
414	0.0018646449446443874
415	0.0018646444757342553
416	0.00186464401409432
417	0.0018646435595858753
418	0.0018646431120731687
419	0.0018646426714241182
420	0.001864642237510054
421	0.0018646418102051905
422	0.0018646413893888105
423	0.001864640974939633
424	0.0018646405667420846
425	0.0018646401646826133
426	0.0018646397686499327
427	0.0018646393785371766
428	0.0018646389942369988
429	0.0018646386156478177
430	0.001864638242668363
431	0.0018646378752002922
432	0.0018646375131479683
433	0.0018646371564178953
434	0.001864636804918099
435	0.0018646364585592921
436	0.0018646361172532445
437	0.0018646357809156801
438	0.001864635449462004
439	0.0018646351228112565
440	0.0018646348008828006
441	0.0018646344835983805
442	0.0018646341708826678
443	0.0018646338626595977
444	0.0018646335588559156
445	0.0018646332593996028
446	0.0018646329642215739
447	0.0018646326732521233
448	0.001864632386424415
449	0.0018646321036718083
450	0.0018646318249302643
451	0.0018646315501366266
452	0.001864631279227666
453	0.0018646310121429306
454	0.0018646307488233195
455	0.0018646304892098733
456	0.0018646302332458993
457	0.0018646299808738952
458	0.0018646297320385938
459	0.0018646294866870672
460	0.0018646292447658827
461	0.0018646290062214264
462	0.0018646287710037844
463	0.0018646285390623153
464	0.001864628310347332
465	0.0018646280848106178
466	0.0018646278624045935
467	0.001864627643082302
468	0.0018646274267971464
469	0.0018646272135049114
470	0.0018646270031600566
471	0.0018646267957199067
472	0.0018646265911410904
473	0.0018646263893808573
474	0.001864626190399152
475	0.0018646259941528997
476	0.001864625800604502
477	0.0018646256097126137
478	0.0018646254214384427
479	0.0018646252357450322
480	0.0018646250525933446
481	0.0018646248719470838
482	0.0018646246937694055
483	0.0018646245180248947
484	0.0018646243446777423
485	0.0018646241736934473
486	0.0018646240050375945
487	0.001864623838676905
488	0.0018646236745773139
489	0.001864623512706159
490	0.0018646233530324901
491	0.0018646231955228877
492	0.0018646230401473847
493	0.001864622886874469
494	0.0018646227356738435
495	0.0018646225865158604
496	0.00186462243937062
497	0.0018646222942095164
498	0.0018646221510038564
499	0.0018646220097247087
500	0.0018646218703455382
501	0.0018646217328375572
502	0.001864621597175157
503	0.0018646214633298427
504	0.0018646213312769335
505	0.0018646212009901645
506	0.0018646210724440693
507	0.0018646209456135623
508	0.0018646208204759606
509	0.0018646206970073546
510	0.0018646205751875662
511	0.001864620455000648
512	0.0018646203364372977
513	0.0018646202195083351
514	0.001864620104261276
515	0.001864619990823423
516	0.0018646198795021656
517	0.001864619771000515
518	0.0018646196669062538
519	0.0018646195708044147
520	0.0018646194907864396
521	0.0018646194450064977
522	0.001864619473430236
523	0.0018646196585460025
524	0.001864620144811585
525	0.0018646210675127468
526	0.0018646221632711909
527	0.0018646222130324368
528	0.001864620357837231
529	0.0018646186087343524
530	0.0018646191082733765
531	0.0018646202607115778
532	0.0018646196043359767
533	0.0018646182566103937
534	0.0018646185390481765
535	0.0018646192511240852
536	0.0018646185549072007
537	0.0018646178266010262
538	0.0018646182973940113
539	0.001864618446933596
540	0.0018646177306944655
541	0.001864617605359917
542	0.0018646179741444368
543	0.0018646176726421519
544	0.0018646172569024883
545	0.0018646174468497335
546	0.0018646174710426542
547	0.0018646170841693308
548	0.00186461702712899
549	0.0018646171587333152
550	0.0018646169404817057
551	0.0018646167382258337
552	0.0018646168181503545
553	0.0018646167571494097
554	0.0018646165377032356
555	0.0018646165114029455
556	0.0018646165273505926
557	0.0018646163706321974
558	0.0018646162629600072
559	0.0018646162761729707
560	0.0018646161977865132
561	0.0018646160655641643
562	0.0018646160344073055
563	0.0018646160050640923
564	0.0018646158955495668
565	0.0018646158213739409
566	0.001864615799533699
567	0.0018646157294452616
568	0.001864615638850168
569	0.0018646155976605962
570	0.001864615555405982
571	0.0018646154754057888
572	0.0018646154125208294
573	0.0018646153755048427
574	0.0018646153167699295
575	0.001864615246532156
576	0.0018646151994982662
577	0.0018646151552717768
578	0.0018646150927722057
579	0.0018646150354332284
580	0.0018646149926001261
581	0.0018646149423727548
582	0.0018646148839529132
583	0.00186461483520662
584	0.0018646147915173602
585	0.0018646147397683725
586	0.0018646146872760415
587	0.001864614642625967
588	0.0018646145976721463
589	0.0018646145475167976
590	0.0018646144998847142
591	0.001864614456896196
592	0.0018646144118321158
593	0.0018646143644163672
594	0.0018646143200993003
595	0.0018646142779992826
596	0.0018646142338805344
597	0.001864614189199961
598	0.0018646141471016034
599	0.0018646141058818928
600	0.001864614063258188
601	0.0018646140209176592
602	0.0018646139804526206
603	0.0018646139402874401
604	0.001864613899314731
605	0.0018646138589085363
606	0.0018646138198094003
607	0.0018646137808312848
608	0.0018646137414638586
609	0.0018646137026854899
610	0.0018646136648315375
611	0.00186461362708704
612	0.0018646135892059702
613	0.001864613551843088
614	0.001864613515167319
615	0.001864613478638589
616	0.0018646134421160605
617	0.0018646134060219402
618	0.0018646133704650599
619	0.0018646133350982692
620	0.0018646132998157254
621	0.0018646132648816077
622	0.0018646132303854765
623	0.001864613196112049
624	0.0018646131619649785
625	0.0018646131281025756
626	0.0018646130946069726
627	0.0018646130613517785
628	0.0018646130282492226
629	0.0018646129953830345
630	0.001864612962827287
631	0.0018646129305161497
632	0.0018646128983749498
633	0.001864612866437771
634	0.0018646128347620159
635	0.0018646128033252786
636	0.001864612772070015
637	0.0018646127409968497
638	0.001864612710145724
639	0.001864612679519276
640	0.0018646126490788066
641	0.0018646126188088805
642	0.001864612588729417
643	0.001864612558853936
644	0.0018646125291639096
645	0.0018646124996378444
646	0.0018646124702804648
647	0.0018646124411028483
648	0.0018646124121032485
649	0.001864612383263299
650	0.0018646123545773506
651	0.001864612326051454
652	0.0018646122976890547
653	0.0018646122694805567
654	0.0018646122414177622
655	0.0018646122134982517
656	0.0018646121857265779
657	0.0018646121580993965
658	0.0018646121306104516
659	0.0018646121032540586
660	0.0018646120760303924
661	0.0018646120489408935
662	0.0018646120219799342
663	0.0018646119951443894
664	0.001864611968429953
665	0.0018646119418365462
666	0.0018646119153628749
667	0.001864611889006064
668	0.0018646118627621841
669	0.0018646118366286908
670	0.0018646118106046862
671	0.0018646117846879287
672	0.0018646117588773331
673	0.001864611733168706
674	0.0018646117075601925
675	0.001864611682050799
676	0.0018646116566377086
677	0.0018646116313198117
678	0.0018646116060943834
679	0.0018646115809593739
680	0.0018646115559131542
681	0.0018646115309543315
682	0.0018646115060812901
683	0.001864611481290754
684	0.0018646114565822806
685	0.0018646114319537139
686	0.0018646114074036782
687	0.0018646113829301847
688	0.001864611358531905
689	0.0018646113342066296
690	0.0018646113099538006
691	0.0018646112857707766
692	0.0018646112616562583
693	0.0018646112376096776
694	0.001864611213629264
695	0.0018646111897122556
696	0.0018646111658588175
697	0.0018646111420664456
698	0.0018646111183348705
699	0.0018646110946617632
700	0.0018646110710464658
701	0.0018646110474878736
702	0.0018646110239841415
703	0.0018646110005339825
704	0.0018646109771360258
705	0.001864610953790273
706	0.0018646109304940501
707	0.001864610907247388
708	0.0018646108840484042
709	0.001864610860896954
710	0.0018646108377901878
711	0.0018646108147287869
712	0.0018646107917110225
713	0.0018646107687356054
714	0.0018646107458017646
715	0.0018646107229084497
716	0.0018646107000548982
717	0.001864610677239739
718	0.0018646106544623106
719	0.0018646106317226046
720	0.0018646106090179566
721	0.001864610586348022
722	0.0018646105637128013
723	0.0018646105411110096
724	0.0018646105185407239
725	0.0018646104960030707
726	0.00186461047349661
727	0.001864610451019032
728	0.0018646104285718998
729	0.001864610406151798
730	0.0018646103837605308
731	0.0018646103613966832
732	0.0018646103390581976
733	0.0018646103167452646
734	0.001864610294458096
735	0.0018646102721949183
736	0.0018646102499550509
737	0.0018646102277381912
738	0.0018646102055443856
739	0.0018646101833717321
740	0.0018646101612202438
741	0.001864610139088817
742	0.0018646101169780675
743	0.0018646100948859787
744	0.0018646100728125477
745	0.0018646100507581274
746	0.0018646100287211817
747	0.0018646100067011401
748	0.001864609984697555
749	0.0018646099627104844
750	0.0018646099407383728
751	0.0018646099187822165
752	0.0018646098968402164
753	0.0018646098749124816
754	0.0018646098529982794
755	0.0018646098310974475
756	0.0018646098092093108
757	0.0018646097873340583
758	0.0018646097654702947
759	0.0018646097436183506
760	0.0018646097217773334
761	0.0018646096999474218
762	0.0018646096781274517
763	0.0018646096563178357
764	0.0018646096345175183
765	0.0018646096127265185
766	0.001864609590943985
767	0.0018646095691709805
768	0.0018646095474052576
769	0.0018646095256478704
770	0.001864609503897648
771	0.0018646094821546666
772	0.0018646094604188386
773	0.0018646094386891238
774	0.0018646094169661967
775	0.0018646093952494553
776	0.0018646093735378952
777	0.0018646093518318843
778	0.0018646093301302195
779	0.0018646093084346194
780	0.001864609286743494
781	0.0018646092650562087
782	0.001864609243372779
783	0.0018646092216936963
784	0.0018646092000181877
785	0.0018646091783457693
786	0.0018646091566762784
787	0.0018646091350101516
788	0.0018646091133463659
789	0.0018646090916855126
790	0.0018646090700261066
791	0.0018646090483693434
792	0.00186460902671425
793	0.0018646090050611459
794	0.0018646089834092302
795	0.001864608961758129
796	0.00186460894010846
797	0.0018646089184598026
798	0.0018646088968123332
799	0.0018646088751647731
800	0.0018646088535173618
801	0.0018646088318707544
802	0.0018646088102247029
803	0.0018646087885782483
804	0.0018646087669326671
805	0.0018646087452875459
806	0.0018646087236439451
807	0.0018646087020036967
808	0.0018646086803707652
809	0.001864608658750789
810	0.0018646086371562208
811	0.001864608615612363
812	0.0018646085941697174
813	0.0018646085729241211
814	0.0018646085520712577
815	0.0018646085320033648
816	0.0018646085135211557
817	0.0018646084982560061
818	0.0018646084895677054
819	0.0018646084943740957
820	0.0018646085268940126
821	0.0018646086157655419
822	0.001864608816350949
823	0.0018646092234328648
824	0.001864609956033308
825	0.0018646110059003373
826	0.001864611870170746
827	0.0018646114671207433
828	0.001864609633955855
829	0.0018646082656043664
830	0.0018646087772018168
831	0.0018646099121085173
832	0.0018646097099009828
833	0.001864608485584843
834	0.001864608204717317
835	0.0018646089847329337
836	0.0018646091403570063
837	0.0018646083564306556
838	0.0018646080657066869
839	0.0018646085711222541
840	0.001864608671117706
841	0.001864608137473856
842	0.0018646079831480837
843	0.001864608326640147
844	0.0018646083223206932
845	0.0018646079509711327
846	0.0018646079113229484
847	0.0018646081348594004
848	0.0018646080590218538
849	0.0018646078120888303
850	0.0018646078358474255
851	0.0018646079636259732
852	0.0018646078595742264
853	0.0018646077062978942
854	0.0018646077506732645
855	0.0018646078086773576
856	0.0018646077061210426
857	0.0018646076164840779
858	0.001864607656658149
859	0.0018646076701587526
860	0.0018646075830964677
861	0.0018646075314817572
862	0.0018646075578680876
863	0.0018646075470522285
864	0.0018646074780470229
865	0.0018646074462537758
866	0.0018646074582278774
867	0.0018646074362450094
868	0.001864607382514999
869	0.0018646073595083672
870	0.001864607360019842
871	0.0018646073342110318
872	0.001864607291539395
873	0.0018646072715304582
874	0.0018646072640772402
875	0.001864607237863129
876	0.0018646072025434043
877	0.0018646071829235018
878	0.0018646071703166654
879	0.0018646071449800032
880	0.0018646071143326246
881	0.001864607094150859
882	0.00186460707831037
883	0.0018646070541087913
884	0.001864607026397769
885	0.001864607005455829
886	0.0018646069875713541
887	0.0018646069643653777
888	0.0018646069385347915
889	0.0018646069169258649
890	0.0018646068976976475
891	0.0018646068752337563
892	0.0018646068506568728
893	0.0018646068285598015
894	0.0018646068083943488
895	0.001864606786418368
896	0.0018646067627206963
897	0.0018646067403181644
898	0.0018646067194627173
899	0.0018646066977549972
900	0.0018646066746972972
901	0.0018646066521496789
902	0.0018646066307702117
903	0.0018646066091570048
904	0.0018646065865660683
905	0.0018646065640023188
906	0.0018646065422329493
907	0.0018646065205832536
908	0.0018646064983149177
909	0.0018646064758252637
910	0.0018646064537866476
911	0.0018646064320198173
912	0.001864606409944483
913	0.0018646063875762623
914	0.0018646063653822969
915	0.0018646063434631793
916	0.0018646063214676966
917	0.0018646062992250649
918	0.0018646062769726468
919	0.0018646062549104625
920	0.0018646062329050843
921	0.0018646062107563622
922	0.0018646061885131111
923	0.001864606166350603
924	0.0018646061442829482
925	0.001864606122174878
926	0.0018646060999708385
927	0.001864606077759233
928	0.0018646060556171465
929	0.0018646060334983922
930	0.001864606011326423
931	0.0018646059891086189
932	0.0018646059669106105
933	0.001864605944749711
934	0.001864605922582223
935	0.001864605900375011
936	0.0018646058781503314
937	0.0018646058559444612
938	0.0018646058337536597
939	0.0018646058115479552
940	0.00186460578931763
941	0.0018646057670812404
942	0.0018646057448563293
943	0.001864605722634686
944	0.0018646057003999616
945	0.0018646056781498634
946	0.0018646056558956608
947	0.0018646056336474792
948	0.0018646056113977433
949	0.0018646055891378237
950	0.0018646055668675877
951	0.0018646055445936
952	0.0018646055223212829
953	0.0018646055000454886
954	0.00186460547776285
955	0.0018646054554712133
956	0.0018646054331756963
957	0.0018646054108786222
958	0.0018646053885796182
959	0.0018646053662737649
960	0.0018646053439611977
961	0.0018646053216436844
962	0.0018646052993242864
963	0.0018646052770007575
964	0.001864605254672883
965	0.0018646052323386705
966	0.0018646052100000574
967	0.0018646051876578212
968	0.0018646051653121803
969	0.001864605142961892
970	0.001864605120606943
971	0.0018646050982469276
972	0.0018646050758823172
973	0.0018646050535146093
974	0.0018646050311430544
975	0.0018646050087661888
976	0.0018646049863856114
977	0.0018646049639997597
978	0.0018646049416107826
979	0.0018646049192172485
980	0.001864604896819935
981	0.0018646048744176528
982	0.0018646048520120542
983	0.0018646048296014272
984	0.0018646048071878677
985	0.001864604784769274
986	0.0018646047623471212
987	0.0018646047399207427
988	0.001864604717490142
989	0.0018646046950555129
990	0.0018646046726173624
991	0.001864604650175081
992	0.0018646046277289291
993	0.0018646046052787728
994	0.001864604582824126
995	0.0018646045603660445
996	0.0018646045379041168
997	0.0018646045154383053
998	0.0018646044929686387
999	0.001864604470495275
1000	0.0018646044480175755
1001	0.0018646044255366612
1002	0.0018646044030513273
1003	0.0018646043805627135
1004	0.001864604358070313
1005	0.0018646043355742934
1006	0.0018646043130742126
1007	0.0018646042905709546
1008	0.0018646042680637727
1009	0.001864604245552486
1010	0.0018646042230379494
1011	0.001864604200519896
1012	0.00186460417799852
1013	0.001864604155473146
1014	0.0018646041329448437
1015	0.001864604110411804
1016	0.0018646040878762605
1017	0.0018646040653358773
1018	0.0018646040427935566
1019	0.0018646040202472043
1020	0.0018646039976971658
1021	0.0018646039751442796
1022	0.0018646039525873136
1023	0.00186460393002764
1024	0.0018646039074645127
1025	0.0018646038848977417
1026	0.0018646038623274558
1027	0.0018646038397537048
1028	0.0018646038171772918
1029	0.0018646037945969248
1030	0.001864603772014539
1031	0.0018646037494279663
1032	0.0018646037268375936
1033	0.0018646037042451076
1034	0.0018646036816494336
1035	0.0018646036590498224
1036	0.0018646036364475455
1037	0.0018646036138419786
1038	0.0018646035912333575
1039	0.0018646035686216496
1040	0.0018646035460070523
1041	0.001864603523388878
1042	0.0018646035007680434
1043	0.0018646034781445932
1044	0.0018646034555175996
1045	0.0018646034328875696
1046	0.0018646034102552263
1047	0.0018646033876195277
1048	0.0018646033649807867
1049	0.0018646033423388945
1050	0.0018646033196943615
1051	0.0018646032970474592
1052	0.0018646032743973202
1053	0.0018646032517445996
1054	0.0018646032290885756
1055	0.0018646032064301259
1056	0.0018646031837687156
1057	0.001864603161104373
1058	0.00186460313843802
1059	0.0018646031157684515
1060	0.0018646030930962129
1061	0.0018646030704209992
1062	0.0018646030477434744
1063	0.0018646030250635173
1064	0.0018646030023808497
1065	0.0018646029796953714
1066	0.0018646029570074964
1067	0.0018646029343164948
1068	0.0018646029116234828
1069	0.0018646028889281205
1070	0.0018646028662300713
1071	0.001864602843529243
1072	0.0018646028208266923
1073	0.001864602798120647
1074	0.0018646027754126286
1075	0.0018646027527022457
1076	0.0018646027299895056
1077	0.0018646027072741322
1078	0.0018646026845568812
1079	0.0018646026618370198
1080	0.0018646026391146602
1081	0.0018646026163902278
1082	0.0018646025936635104
1083	0.0018646025709339357
1084	0.00186460254820309
1085	0.001864602525468992
1086	0.0018646025027337268
1087	0.0018646024799957761
1088	0.0018646024572557909
1089	0.0018646024345131901
1090	0.0018646024117685866
1091	0.0018646023890225598
1092	0.0018646023662738389
1093	0.0018646023435230261
1094	0.001864602320770753
1095	0.0018646022980151095
1096	0.0018646022752586513
1097	0.001864602252499421
1098	0.001864602229738676
1099	0.0018646022069760903
1100	0.001864602184211122
1101	0.0018646021614442667
1102	0.001864602138675994
1103	0.0018646021159051127
1104	0.0018646020931326005
1105	0.0018646020703583766
1106	0.001864602047582196
1107	0.0018646020248038724
1108	0.0018646020020243483
1109	0.0018646019792427815
1110	0.0018646019564593794
1111	0.0018646019336745925
1112	0.0018646019108874993
1113	0.0018646018880991327
1114	0.0018646018653086258
1115	0.0018646018425171097
1116	0.0018646018197239407
1117	0.0018646017969291334
1118	0.0018646017741331769
1119	0.0018646017513364963
1120	0.001864601728540057
1121	0.0018646017057450653
1122	0.0018646016829540648
1123	0.001864601660172328
1124	0.001864601637408642
1125	0.0018646016146826655
1126	0.001864601592029864
1127	0.0018646015695205059
1128	0.0018646015472931047
1129	0.0018646015256232869
1130	0.0018646015050620566
1131	0.0018646014867195228
1132	0.0018646014728404753
1133	0.0018646014679858062
1134	0.0018646014814084778
1135	0.0018646015317815767
1136	0.001864601655810624
1137	0.001864601922103152
1138	0.0018646024412985944
1139	0.0018646033337325909
1140	0.0018646045268979978
1141	0.0018646053600243225
1142	0.001864604670619637
1143	0.00186460255916744
1144	0.0018646011977348589
1145	0.0018646018823094454
1146	0.0018646031031042325
1147	0.0018646028234119126
1148	0.0018646014755339547
1149	0.0018646011553187908
1150	0.0018646020021325833
1151	0.0018646022298661137
1152	0.0018646013973691255
1153	0.0018646009921603902
1154	0.0018646015072719413
1155	0.0018646017198888903
1156	0.0018646011775395755
1157	0.0018646008956509882
1158	0.0018646012358817406
1159	0.0018646013481042273
1160	0.0018646009678448406
1161	0.0018646008094118983
1162	0.0018646010422764337
1163	0.0018646010697500905
1164	0.0018646007990141518
1165	0.001864600724796045
1166	0.0018646008787270916
1167	0.0018646008551653059
1168	0.0018646006651435506
1169	0.0018646006375990874
1170	0.001864600731740845
1171	0.001864600684552811
1172	0.0018646005534989005
1173	0.0018646005463367526
1174	0.0018646005973583634
1175	0.0018646005441670215
1176	0.0018646004537209691
1177	0.0018646004518179564
1178	0.0018646004739939512
1179	0.0018646004234645225
1180	0.0018646003593358212
1181	0.0018646003556379122
1182	0.0018646003597308292
1183	0.0018646003149925701
1184	0.0018646002670321504
1185	0.0018646002591827839
1186	0.0018646002525495285
1187	0.001864600213756055
1188	0.0018646001753780045
1189	0.00186460016328049
1190	0.0018646001504826208
1191	0.0018646001166681455
1192	0.0018646000838741482
1193	0.0018646000682553806
1194	0.001864600051954167
1195	0.0018646000219068603
1196	0.0018645999923982796
1197	0.0018645999741295988
1198	0.0018645999557818224
1199	0.0018645999284411948
1200	0.0018645999009399925
1201	0.0018645998807805212
1202	0.0018645998611591494
1203	0.0018645998356934543
1204	0.0018645998095067533
1205	0.001864599788046864
1206	0.0018645997675493377
1207	0.0018645997433480842
1208	0.001864599718094891
1209	0.001864599695773514
1210	0.0018645996746132073
1211	0.0018645996512288176
1212	0.001864599626688477
1213	0.0018645996038338546
1214	0.0018645995821361038
1215	0.0018645995592429332
1216	0.0018645995352695893
1217	0.0018645995121240027
1218	0.0018645994899852004
1219	0.0018645994673445047
1220	0.0018645994438193552
1221	0.0018645994205620615
1222	0.0018645993980739503
1223	0.0018645993755153417
1224	0.0018645993523294965
1225	0.0018645993290851422
1226	0.0018645993063417744
1227	0.0018645992837534502
1228	0.0018645992607984698
1229	0.0018645992376424177
1230	0.001864599214740103
1231	0.0018645991920632713
1232	0.0018645991692383633
1233	0.0018645991461982117
1234	0.001864599123225829
1235	0.0018645991004477662
1236	0.0018645990776679615
1237	0.001864599054734109
1238	0.0018645990317598565
1239	0.0018645990088998127
1240	0.001864598986109071
1241	0.0018645989632473845
1242	0.001864598940310319
1243	0.0018645989174076246
1244	0.001864598894578832
1245	0.001864598871747099
1246	0.0018645988488566836
1247	0.0018645988259493485
1248	0.0018645988030855758
1249	0.0018645987802508176
1250	0.0018645987573938775
1251	0.0018645987345058382
1252	0.0018645987116250086
1253	0.001864598688773656
1254	0.0018645986659288562
1255	0.0018645986430637295
1256	0.0018645986201865855
1257	0.00186459859732203
1258	0.001864598574472856
1259	0.0018645985516214116
1260	0.0018645985287575081
1261	0.0018645985058914263
1262	0.0018645984830348678
1263	0.0018645984601859307
1264	0.0018645984373336895
1265	0.0018645984144752712
1266	0.0018645983916169991
1267	0.0018645983687654427
1268	0.0018645983459178047
1269	0.0018645983230679037
1270	0.0018645983002150749
1271	0.0018645982773629935
1272	0.0018645982545156391
1273	0.0018645982316711207
1274	0.0018645982088243643
1275	0.0018645981859767118
1276	0.0018645981631304667
1277	0.0018645981402877
1278	0.0018645981174458444
1279	0.0018645980946043767
1280	0.0018645980717622115
1281	0.0018645980489212712
1282	0.0018645980260825442
1283	0.001864598003245414
1284	0.0018645979804086858
1285	0.0018645979575724596
1286	0.0018645979347366513
1287	0.0018645979119036676
1288	0.0018645978890711138
1289	0.0018645978662392827
1290	0.00186459784340867
1291	0.0018645978205787624
1292	0.0018645977977509106
1293	0.0018645977749237347
1294	0.0018645977520975444
1295	0.0018645977292729998
1296	0.001864597706449082
1297	0.001864597683626274
1298	0.0018645976608048524
1299	0.0018645976379857577
1300	0.0018645976151665496
1301	0.0018645975923492506
1302	0.0018645975695329529
1303	0.0018645975467175009
1304	0.001864597523904311
1305	0.0018645975010918557
1306	0.001864597478280601
1307	0.0018645974554707364
1308	0.001864597432662403
1309	0.0018645974098547673
1310	0.001864597387049891
1311	0.0018645973642453279
1312	0.0018645973414421896
1313	0.0018645973186410688
1314	0.0018645972958408104
1315	0.001864597273042004
1316	0.0018645972502446867
1317	0.0018645972274490426
1318	0.0018645972046547705
1319	0.0018645971818615624
1320	0.0018645971590704078
1321	0.001864597136280256
1322	0.0018645971134920746
1323	0.0018645970907054845
1324	0.001864597067919941
1325	0.001864597045136333
1326	0.0018645970223543583
1327	0.001864596999574006
1328	0.001864596976794636
1329	0.0018645969540171115
1330	0.0018645969312415388
1331	0.0018645969084672082
1332	0.001864596885694782
1333	0.0018645968629241844
1334	0.001864596840154845
1335	0.0018645968173873653
1336	0.0018645967946211337
1337	0.0018645967718571065
1338	0.0018645967490949495
1339	0.00186459672633413
1340	0.001864596703574771
1341	0.001864596680817823
1342	0.0018645966580619368
1343	0.001864596635308589
1344	0.001864596612556673
1345	0.0018645965898061306
1346	0.0018645965670583047
1347	0.001864596544311553
1348	0.0018645965215664478
1349	0.0018645964988240247
1350	0.0018645964760827202
1351	0.0018645964533439425
1352	0.001864596430606429
1353	0.0018645964078715057
1354	0.0018645963851378268
1355	0.0018645963624056396
1356	0.0018645963396763314
1357	0.0018645963169486401
1358	0.0018645962942225604
1359	0.0018645962714986027
1360	0.00186459624877701
1361	0.0018645962260567582
1362	0.0018645962033381285
1363	0.001864596180622823
1364	0.001864596157908604
1365	0.0018645961351969175
1366	0.0018645961124871104
1367	0.0018645960897788764
1368	0.0018645960670734764
1369	0.0018645960443690337
1370	0.0018645960216675784
1371	0.001864595998967988
1372	0.0018645959762704513
1373	0.00186459595357529
1374	0.0018645959308819528
1375	0.0018645959081904661
1376	0.0018645958855013263
1377	0.0018645958628141274
1378	0.001864595840128737
1379	0.0018645958174465533
1380	0.0018645957947658327
1381	0.0018645957720879686
1382	0.001864595749411252
1383	0.0018645957267375663
1384	0.0018645957040658344
1385	0.0018645956813961519
1386	0.0018645956587288854
1387	0.0018645956360638745
1388	0.0018645956134015092
1389	0.001864595590740042
1390	0.0018645955680826505
1391	0.00186459554542631
1392	0.0018645955227729123
1393	0.0018645955001213737
1394	0.0018645954774722021
1395	0.0018645954548251386
1396	0.0018645954321810936
1397	0.0018645954095385022
1398	0.001864595386899013
1399	0.0018645953642615959
1400	0.0018645953416265226
1401	0.0018645953189934856
1402	0.0018645952963637497
1403	0.0018645952737352952
1404	0.0018645952511098663
1405	0.0018645952284868708
1406	0.001864595205866414
1407	0.0018645951832481108
1408	0.0018645951606323134
1409	0.0018645951380185577
1410	0.0018645951154079108
1411	0.0018645950927993224
1412	0.0018645950701929091
1413	0.0018645950475895243
1414	0.0018645950249883423
1415	0.001864595002389688
1416	0.0018645949797938663
1417	0.0018645949572004795
1418	0.0018645949346092641
1419	0.0018645949120208514
1420	0.0018645948894344309
1421	0.0018645948668516293
1422	0.001864594844270774
1423	0.0018645948216927898
1424	0.0018645947991164009
1425	0.0018645947765431748
1426	0.0018645947539726092
1427	0.0018645947314050696
1428	0.0018645947088389173
1429	0.0018645946862763767
1430	0.0018645946637162983
1431	0.001864594641158992
1432	0.001864594618604051
1433	0.0018645945960514263
1434	0.001864594573502047
1435	0.0018645945509551637
1436	0.0018645945284107678
1437	0.0018645945058692606
1438	0.0018645944833306565
1439	0.001864594460793865
1440	0.0018645944382606285
1441	0.0018645944157292494
1442	0.001864594393201482
1443	0.0018645943706762352
1444	0.0018645943481534668
1445	0.0018645943256330887
1446	0.0018645943031159184
1447	0.001864594280601467
1448	0.0018645942580900032
1449	0.0018645942355806874
1450	0.0018645942130743425
1451	0.001864594190571053
1452	0.0018645941680703634
1453	0.0018645941455724731
1454	0.0018645941230770564
1455	0.0018645941005848068
1456	0.0018645940780950582
1457	0.0018645940556081624
1458	0.00186459403312436
1459	0.0018645940106432662
1460	0.0018645939881653246
1461	0.0018645939656895586
1462	0.0018645939432174934
1463	0.0018645939207471737
1464	0.0018645938982805343
1465	0.0018645938758167736
1466	0.001864593853356206
1467	0.0018645938308983058
1468	0.001864593808444302
1469	0.0018645937859949595
1470	0.001864593763549188
1471	0.0018645937411111222
1472	0.001864593718683197
1473	0.0018645936962710548
1474	0.0018645936738861
1475	0.00186459365155139
1476	0.0018645936293081125
1477	0.0018645936072373553
1478	0.0018645935854964654
1479	0.0018645935643922238
1480	0.0018645935445264616
1481	0.0018645935270891853
1482	0.0018645935144404808
1483	0.0018645935112704649
1484	0.0018645935269148172
1485	0.0018645935797445105
1486	0.0018645937052922854
1487	0.0018645939682901329
1488	0.0018645944737536294
1489	0.001864595338307178
1490	0.0018645965347211554
1491	0.0018645975136546077
1492	0.0018645971721642622
1493	0.0018645951918446733
1494	0.0018645933990359095
1495	0.001864593577320735
1496	0.0018645949077749895
1497	0.001864595221974753
1498	0.0018645940095999437
1499	0.0018645931172496832
1500	0.0018645936646824782
1501	0.0018645943554731989
1502	0.0018645938930139678
1503	0.0018645930925287742
1504	0.001864593219772193
1505	0.0018645937542810455
1506	0.0018645935798052393
1507	0.001864593015541156
1508	0.0018645930182098836
1509	0.0018645933753617876
1510	0.0018645932903485686
1511	0.00186459290733802
1512	0.0018645928864933989
1513	0.001864593116281328
1514	0.001864593056719803
1515	0.0018645927966555085
1516	0.0018645927766040103
1517	0.001864592920470248
1518	0.0018645928706622762
1519	0.001864592692008917
1520	0.0018645926746135785
1521	0.0018645927615743448
1522	0.0018645927183141813
1523	0.0018645925933584817
1524	0.0018645925762085325
1525	0.0018645926256866938
1526	0.0018645925886551045
1527	0.0018645924988454157
1528	0.0018645924801013137
1529	0.0018645925051043529
1530	0.0018645924736009748
1531	0.0018645924067877547
1532	0.0018645923858446284
1533	0.0018645923948230057
1534	0.0018645923678322447
1535	0.001864592316119059
1536	0.0018645922931731706
1537	0.0018645922915764062
1538	0.0018645922678712532
1539	0.0018645922262125571
1540	0.0018645922018157629
1541	0.0018645921931045896
1542	0.001864592171570237
1543	0.001864592136719044
1544	0.0018645921114927866
1545	0.0018645920979015785
1546	0.0018645920775929618
1547	0.0018645920474350524
1548	0.001864592021934481
1549	0.001864592004943521
1550	0.0018645919851403119
1551	0.0018645919582425477
1552	0.0018645919329019656
1553	0.0018645919135466835
1554	0.0018645918937310105
1555	0.0018645918690768158
1556	0.0018645918441955458
1557	0.001864591823240826
1558	0.001864591803082356
1559	0.0018645917799119855
1560	0.0018645917556589996
1561	0.0018645917336972192
1562	0.0018645917130244425
1563	0.0018645916907536178
1564	0.0018645916671769435
1565	0.0018645916446732415
1566	0.0018645916234493556
1567	0.001864591601631768
1568	0.001864591578676951
1569	0.0018645915559808517
1570	0.0018645915342742172
1571	0.0018645915125914776
1572	0.0018645914901286615
1573	0.0018645914674768824
1574	0.0018645914454219295
1575	0.001864591423676386
1576	0.0018645914015373345
1577	0.0018645913790566807
1578	0.0018645913568136377
1579	0.0018645913349187196
1580	0.0018645913129364089
1581	0.0018645912906554802
1582	0.0018645912683683276
1583	0.0018645912463265406
1584	0.0018645912243708612
1585	0.001864591202250193
1586	0.0018645911800142718
1587	0.0018645911578823316
1588	0.0018645911358823092
1589	0.0018645911138488213
1590	0.0018645910917019144
1591	0.001864591069550683
1592	0.001864591047493413
1593	0.001864591025479271
1594	0.001864591003409173
1595	0.0018645909812901676
1596	0.0018645909592020246
1597	0.0018645909371706258
1598	0.0018645909151412416
1599	0.0018645908930710452
1600	0.0018645908709881123
1601	0.0018645908489373457
1602	0.0018645908269148289
1603	0.0018645908048827823
1604	0.0018645907828276787
1605	0.0018645907607763035
1606	0.0018645907387480466
1607	0.0018645907167317403
1608	0.0018645906947071579
1609	0.0018645906726724244
1610	0.0018645906506448463
1611	0.0018645906286319
1612	0.0018645906066259304
1613	0.0018645905846132915
1614	0.0018645905625976058
1615	0.0018645905405889629
1616	0.001864590518590364
1617	0.0018645904965955429
1618	0.0018645904745983152
1619	0.0018645904526008149
1620	0.0018645904306086227
1621	0.0018645904086236945
1622	0.001864590386641947
1623	0.001864590364659744
1624	0.0018645903426788648
1625	0.001864590320702682
1626	0.0018645902987314603
1627	0.0018645902767634756
1628	0.0018645902547959232
1629	0.0018645902328306694
1630	0.0018645902108693094
1631	0.0018645901889119743
1632	0.0018645901669581066
1633	0.00186459014500641
1634	0.0018645901230560013
1635	0.0018645901011086637
1636	0.0018645900791665298
1637	0.0018645900572257818
1638	0.0018645900352878334
1639	0.0018645900133534316
1640	0.0018645899914206843
1641	0.0018645899694915925
1642	0.0018645899475654027
1643	0.0018645899256421387
1644	0.0018645899037208465
1645	0.0018645898818023885
1646	0.001864589859887595
1647	0.0018645898379756928
1648	0.0018645898160660648
1649	0.0018645897941591933
1650	0.001864589772255343
1651	0.001864589750353766
1652	0.0018645897284557456
1653	0.00186458970655982
1654	0.001864589684666714
1655	0.0018645896627766743
1656	0.00186458964088908
1657	0.0018645896190035301
1658	0.0018645895971212156
1659	0.0018645895752423757
1660	0.001864589553365803
1661	0.0018645895314909214
1662	0.0018645895096200222
1663	0.0018645894877506635
1664	0.0018645894658841137
1665	0.001864589444020832
1666	0.0018645894221600552
1667	0.0018645894003016103
1668	0.0018645893784461636
1669	0.0018645893565925054
1670	0.0018645893347420735
1671	0.0018645893128942251
1672	0.001864589291048853
1673	0.001864589269205562
1674	0.0018645892473651826
1675	0.0018645892255277324
1676	0.0018645892036919431
1677	0.0018645891818592944
1678	0.0018645891600290894
1679	0.0018645891382011864
1680	0.0018645891163761382
1681	0.0018645890945524126
1682	0.0018645890727326166
1683	0.0018645890509142403
1684	0.0018645890290987647
1685	0.0018645890072852252
1686	0.001864588985474708
1687	0.0018645889636661644
1688	0.0018645889418601857
1689	0.0018645889200562243
1690	0.0018645888982546722
1691	0.0018645888764557432
1692	0.0018645888546587747
1693	0.0018645888328643113
1694	0.0018645888110727054
1695	0.0018645887892829297
1696	0.0018645887674951065
1697	0.0018645887457096866
1698	0.0018645887239264495
1699	0.0018645887021460227
1700	0.0018645886803669626
1701	0.0018645886585905809
1702	0.001864588636816077
1703	0.0018645886150447082
1704	0.0018645885932745407
1705	0.0018645885715066566
1706	0.0018645885497413385
1707	0.0018645885279778545
1708	0.0018645885062156264
1709	0.001864588484456702
1710	0.0018645884626995839
1711	0.0018645884409438209
1712	0.0018645884191909163
1713	0.0018645883974396295
1714	0.0018645883756903772
1715	0.0018645883539433865
1716	0.0018645883321980832
1717	0.0018645883104547
1718	0.0018645882887137334
1719	0.0018645882669736527
1720	0.001864588245236376
1721	0.0018645882235005951
1722	0.0018645882017671504
1723	0.0018645881800352737
1724	0.001864588158305221
1725	0.0018645881365770623
1726	0.0018645881148512428
1727	0.0018645880931260222
1728	0.0018645880714030759
1729	0.0018645880496819078
1730	0.0018645880279624715
1731	0.0018645880062448782
1732	0.001864587984528684
1733	0.0018645879628143977
1734	0.001864587941102175
1735	0.0018645879193908775
1736	0.0018645878976817016
1737	0.0018645878759736441
1738	0.0018645878542676384
1739	0.0018645878325633705
1740	0.0018645878108598023
1741	0.0018645877891581117
1742	0.001864587767458252
1743	0.0018645877457599575
1744	0.0018645877240629184
1745	0.0018645877023668283
1746	0.001864587680673555
1747	0.0018645876589802174
1748	0.001864587637288626
1749	0.001864587615598878
1750	0.0018645875939099059
1751	0.0018645875722225964
1752	0.001864587550536057
1753	0.0018645875288518115
1754	0.001864587507168038
1755	0.001864587485486131
1756	0.001864587463804859
1757	0.001864587442125194
1758	0.0018645874204464476
1759	0.0018645873987689578
1760	0.0018645873770926549
1761	0.0018645873554175459
1762	0.0018645873337428997
1763	0.0018645873120696776
1764	0.0018645872903974782
1765	0.0018645872687259662
1766	0.0018645872470563689
1767	0.001864587225387432
1768	0.0018645872037188673
1769	0.0018645871820512781
1770	0.0018645871603855785
1771	0.0018645871387198048
1772	0.0018645871170547988
1773	0.0018645870953911234
1774	0.0018645870737279183
1775	0.0018645870520656404
1776	0.0018645870304046222
1777	0.0018645870087438342
1778	0.0018645869870833212
1779	0.0018645869654239596
1780	0.0018645869437649981
1781	0.001864586922106696
1782	0.0018645869004492136
1783	0.0018645868787922413
1784	0.0018645868571356026
1785	0.00186458683547974
1786	0.0018645868138244003
1787	0.0018645867921686164
1788	0.0018645867705143438
1789	0.0018645867488603315
1790	0.0018645867272066568
1791	0.0018645867055527433
1792	0.0018645866838998453
1793	0.0018645866622467634
1794	0.0018645866405942262
1795	0.0018645866189420152
1796	0.001864586597289569
1797	0.0018645865756374389
1798	0.001864586553985755
1799	0.0018645865323339806
1800	0.0018645865106827043
1801	0.0018645864890311343
1802	0.0018645864673793176
1803	0.0018645864457279325
1804	0.0018645864240763987
1805	0.0018645864024244153
1806	0.0018645863807731436
1807	0.0018645863591211383
1808	0.001864586337469105
1809	0.0018645863158167572
1810	0.001864586294164889
1811	0.00186458627251217
1812	0.0018645862508589197
1813	0.0018645862292060236
1814	0.0018645862075522433
1815	0.0018645861858983888
1816	0.0018645861642436904
1817	0.0018645861425890338
1818	0.0018645861209339563
1819	0.001864586099277703
1820	0.001864586077621563
1821	0.0018645860559649262
1822	0.0018645860343075868
1823	0.0018645860126492698
1824	0.0018645859909906981
1825	0.0018645859693310453
1826	0.001864585947670647
1827	0.0018645859260096329
1828	0.0018645859043480402
1829	0.0018645858826853098
1830	0.0018645858610217155
1831	0.0018645858393574158
1832	0.00186458581769279
1833	0.0018645857960266994
1834	0.0018645857743614955
1835	0.001864585752694923
1836	0.0018645857310303777
1837	0.001864585709368685
1838	0.0018645856877128652
1839	0.0018645856660694617
1840	0.001864585644450016
1841	0.0018645856228755018
1842	0.001864585601386616
1843	0.0018645855800617814
1844	0.0018645855590493565
1845	0.0018645855386344675
1846	0.0018645855193708805
1847	0.0018645855023366508
1848	0.0018645854896363267
1849	0.001864585485394431
1850	0.001864585497700297
1851	0.001864585542276639
1852	0.0018645856492777025
1853	0.001864585873743951
1854	0.0018645863076562554
1855	0.0018645870679480992
1856	0.001864588197579583
1857	0.0018645893589132835
1858	0.0018645895967539271
1859	0.0018645880947298402
1860	0.0018645859174001608
1861	0.0018645852317890298
1862	0.0018645863314614521
1863	0.0018645873181090261
1864	0.0018645866834506228
1865	0.0018645853661263356
1866	0.0018645852216646378
1867	0.0018645860750364802
1868	0.0018645862756401512
1869	0.001864585469639447
1870	0.0018645849960859722
1871	0.0018645854351218769
1872	0.0018645857694760048
1873	0.0018645853452956198
1874	0.0018645849123344286
1875	0.0018645851104473476
1876	0.0018645853870279503
1877	0.0018645851610133578
1878	0.001864584834176663
1879	0.001864584915359416
1880	0.0018645851100443586
1881	0.0018645849838436754
1882	0.001864584749668718
1883	0.0018645847743351555
1884	0.0018645849024345302
1885	0.0018645848279819925
1886	0.001864584661905088
1887	0.0018645846579776726
1888	0.0018645847378299001
1889	0.0018645846919643934
1890	0.0018645845732643304
1891	0.0018645845542014593
1892	0.0018645846004900495
1893	0.0018645845707101634
1894	0.001864584484569668
1895	0.001864584457519633
1896	0.0018645844805664814
1897	0.0018645844597923336
1898	0.0018645843959998942
1899	0.0018645843651117111
1900	0.0018645843720369395
1901	0.001864584355836884
1902	0.0018645843074789714
1903	0.001864584275324451
1904	0.0018645842710140522
1905	0.0018645842566029764
1906	0.0018645842188912372
1907	0.001864584187099225
1908	0.0018645841750102427
1909	0.0018645841606031613
1910	0.0018645841301512807
1911	0.0018645840997024105
1912	0.0018645840823601693
1913	0.001864584066906021
1914	0.0018645840412263197
1915	0.001864584012625976
1916	0.0018645839919330326
1917	0.0018645839749064869
1918	0.0018645839521433385
1919	0.0018645839255206735
1920	0.001864583902926888
1921	0.0018645838842048287
1922	0.0018645838629724866
1923	0.0018645838381753624
1924	0.001864583814750526
1925	0.0018645837945040573
1926	0.0018645837738164872
1927	0.0018645837504878185
1928	0.001864583726968104
1929	0.001864583705552278
1930	0.0018645836847762205
1931	0.0018645836624563645
1932	0.0018645836392631424
1933	0.0018645836171114084
1934	0.0018645835959271264
1935	0.0018645835741460982
1936	0.0018645835514341162
1937	0.0018645835289558478
1938	0.0018645835072935673
1939	0.0018645834856634708
1940	0.0018645834633807426
1941	0.0018645834408823347
1942	0.0018645834188437329
1943	0.0018645833971109335
1944	0.0018645833750935107
1945	0.0018645833527362295
1946	0.001864583330494688
1947	0.001864583308558029
1948	0.0018645832866197693
1949	0.0018645832644265965
1950	0.0018645832421411745
1951	0.0018645832200215936
1952	0.0018645831980257876
1953	0.0018645831759308746
1954	0.0018645831536912194
1955	0.0018645831314694607
1956	0.0018645831093615404
1957	0.0018645830872720062
1958	0.0018645830650875972
1959	0.0018645830428416403
1960	0.0018645830206373267
1961	0.0018645829984894919
1962	0.0018645829763196534
1963	0.0018645829540854704
1964	0.00186458293183029
1965	0.0018645829096080543
1966	0.0018645828874056577
1967	0.0018645828651733117
1968	0.0018645828429018573
1969	0.001864582820624701
1970	0.0018645827983657373
1971	0.0018645827761076452
1972	0.0018645827538244096
1973	0.0018645827315159876
1974	0.0018645827092046536
1975	0.0018645826869007071
1976	0.0018645826645896995
1977	0.0018645826422585227
1978	0.0018645826199100296
1979	0.0018645825975568565
1980	0.0018645825752039904
1981	0.001864582552841498
1982	0.0018645825304624583
1983	0.0018645825080694813
1984	0.0018645824856698453
1985	0.0018645824632653448
1986	0.0018645824408512004
1987	0.0018645824184226473
1988	0.0018645823959817832
1989	0.001864582373531947
1990	0.0018645823510754945
1991	0.0018645823286077294
1992	0.001864582306128015
1993	0.001864582283635027
1994	0.001864582261132866
1995	0.001864582238621177
1996	0.0018645822160986247
1997	0.0018645821935643473
1998	0.0018645821710176545
1999	0.0018645821484596465
2000	0.0018645821258916513
2001	0.0018645821033118754
2002	0.0018645820807209157
2003	0.0018645820581170498
2004	0.0018645820355014794
2005	0.001864582012874008
2006	0.001864581990235612
2007	0.0018645819675844884
2008	0.00186458194492102
2009	0.0018645819222446118
2010	0.0018645818995567194
2011	0.0018645818768559465
2012	0.001864581854142315
2013	0.0018645818314165766
2014	0.0018645818086775183
2015	0.001864581785925168
2016	0.001864581763160009
2017	0.0018645817403821346
2018	0.001864581717590688
2019	0.001864581694786165
2020	0.0018645816719675338
2021	0.0018645816491353064
2022	0.001864581626289566
2023	0.001864581603430784
2024	0.001864581580557236
2025	0.001864581557669702
2026	0.001864581534767876
2027	0.0018645815118518072
2028	0.001864581488922247
2029	0.0018645814659770592
2030	0.0018645814430174347
2031	0.0018645814200432937
2032	0.0018645813970542373
2033	0.0018645813740503943
2034	0.0018645813510310269
2035	0.0018645813279964776
2036	0.001864581304946615
2037	0.0018645812818813825
2038	0.0018645812588006176
2039	0.0018645812357040114
2040	0.0018645812125918336
2041	0.001864581189463819
2042	0.0018645811663192528
2043	0.001864581143158519
2044	0.0018645811199815912
2045	0.001864581096789006
2046	0.0018645810735782797
2047	0.001864581050351641
2048	0.0018645810271079085
2049	0.0018645810038472486
2050	0.001864580980569846
2051	0.001864580957275106
2052	0.0018645809339631976
2053	0.0018645809106328925
2054	0.0018645808872854764
2055	0.001864580863920158
2056	0.001864580840537458
2057	0.001864580817136424
2058	0.001864580793716838
2059	0.0018645807702793032
2060	0.001864580746823613
2061	0.0018645807233485761
2062	0.0018645806998546866
2063	0.0018645806763423116
2064	0.001864580652810961
2065	0.0018645806292604285
2066	0.0018645806056909
2067	0.0018645805821014309
2068	0.0018645805584922236
2069	0.0018645805348635714
2070	0.001864580511215044
2071	0.0018645804875461508
2072	0.0018645804638577116
2073	0.0018645804401481855
2074	0.001864580416418604
2075	0.0018645803926682788
2076	0.0018645803688970971
2077	0.0018645803451048304
2078	0.0018645803212918488
2079	0.0018645802974574667
2080	0.0018645802736012198
2081	0.0018645802497236224
2082	0.00186458022582427
2083	0.0018645802019030997
2084	0.0018645801779594443
2085	0.001864580153994226
2086	0.0018645801300064652
2087	0.0018645801059959297
2088	0.001864580081962794
2089	0.001864580057906429
2090	0.001864580033827156
2091	0.001864580009725134
2092	0.0018645799855996881
2093	0.0018645799614504111
2094	0.0018645799372772338
2095	0.0018645799130799323
2096	0.0018645798888593818
2097	0.0018645798646137902
2098	0.001864579840344397
2099	0.0018645798160500091
2100	0.001864579791730397
2101	0.0018645797673867929
2102	0.001864579743017274
2103	0.0018645797186226068
2104	0.001864579694202925
2105	0.0018645796697571734
2106	0.0018645796452857587
2107	0.0018645796207887896
2108	0.0018645795962642236
2109	0.0018645795717139608
2110	0.001864579547137434
2111	0.0018645795225337122
2112	0.001864579497902873
2113	0.0018645794732449158
2114	0.0018645794485597361
2115	0.00186457942384705
2116	0.0018645793991061733
2117	0.0018645793743380392
2118	0.0018645793495415863
2119	0.0018645793247164847
2120	0.0018645792998628326
2121	0.0018645792749800425
2122	0.0018645792500689834
2123	0.0018645792251281153
2124	0.0018645792001584687
2125	0.0018645791751589868
2126	0.0018645791501297334
2127	0.0018645791250702607
2128	0.0018645790999806046
2129	0.0018645790748611304
2130	0.0018645790497102469
2131	0.0018645790245289161
2132	0.0018645789993167624
2133	0.0018645789740724195
2134	0.0018645789487972196
2135	0.0018645789234904633
2136	0.0018645788981516385
2137	0.0018645788727804397
2138	0.001864578847376623
2139	0.0018645788219411737
2140	0.0018645787964724062
2141	0.0018645787709696856
2142	0.0018645787454340777
2143	0.0018645787198655925
2144	0.0018645786942627868
2145	0.001864578668626241
2146	0.0018645786429554731
2147	0.0018645786172497322
2148	0.0018645785915101221
2149	0.00186457856573506
2150	0.0018645785399242364
2151	0.00186457851407907
2152	0.0018645784881978537
2153	0.0018645784622801065
2154	0.0018645784363266816
2155	0.001864578410336749
2156	0.001864578384310185
2157	0.0018645783582470809
2158	0.0018645783321459939
2159	0.0018645783060080158
2160	0.001864578279832204
2161	0.001864578253618018
2162	0.0018645782273661673
2163	0.0018645782010756862
2164	0.001864578174746368
2165	0.0018645781483783614
2166	0.0018645781219704812
2167	0.0018645780955237334
2168	0.001864578069036392
2169	0.0018645780425092986
2170	0.0018645780159419274
2171	0.001864577989333767
2172	0.0018645779626846849
2173	0.0018645779359946118
2174	0.0018645779092629486
2175	0.0018645778824894126
2176	0.0018645778556737455
2177	0.0018645778288162477
2178	0.001864577801915108
2179	0.001864577774972409
2180	0.001864577747985547
2181	0.0018645777209556039
2182	0.001864577693881482
2183	0.0018645776667633477
2184	0.0018645776396012644
2185	0.0018645776123936207
2186	0.0018645775851419493
2187	0.001864577557844323
2188	0.0018645775305012285
2189	0.0018645775031121646
2190	0.0018645774756767643
2191	0.0018645774481951681
2192	0.0018645774206668111
2193	0.0018645773930902464
2194	0.0018645773654674572
2195	0.0018645773377956101
2196	0.0018645773100763212
2197	0.0018645772823084204
2198	0.0018645772544916164
2199	0.0018645772266260635
2200	0.0018645771987106342
2201	0.0018645771707449502
2202	0.0018645771427296986
2203	0.001864577114663771
2204	0.001864577086547371
2205	0.001864577058379879
2206	0.0018645770301597908
2207	0.0018645770018884925
2208	0.0018645769735655168
2209	0.0018645769451894726
2210	0.0018645769167610383
2211	0.00186457688827901
2212	0.001864576859744184
2213	0.0018645768311561864
2214	0.0018645768025157276
2215	0.0018645767738232348
2216	0.0018645767450804302
2217	0.0018645767162935737
2218	0.0018645766874698395
2219	0.0018645766586258125
2220	0.0018645766297916272
2221	0.0018645766010304914
2222	0.0018645765724559767
2223	0.0018645765442953776
2224	0.0018645765169846146
2225	0.0018645764913779509
2226	0.0018645764691520182
2227	0.0018645764536002456
2228	0.0018645764512170936
2229	0.0018645764747287484
2230	0.0018645765488747921
2231	0.0018645767200678475
2232	0.0018645770703281913
2233	0.0018645777207828632
2234	0.0018645787800601894
2235	0.0018645801070921303
2236	0.0018645809405119758
2237	0.001864580094889425
2238	0.001864577745005486
2239	0.0018645761199043553
2240	0.0018645766797637272
2241	0.001864578089039717
2242	0.0018645781337198852
2243	0.0018645767201682837
2244	0.001864575917680441
2245	0.001864576607630106
2246	0.001864577269771574
2247	0.001864576689113521
2248	0.0018645758510538349
2249	0.0018645760142137883
2250	0.0018645765724665622
2251	0.0018645763791820308
2252	0.0018645757668379406
2253	0.0018645757369252212
2254	0.0018645761129117203
2255	0.001864576055185365
2256	0.0018645756379000516
2257	0.0018645755571133108
2258	0.0018645757934462747
2259	0.0018645757770260481
2260	0.001864575493626315
2261	0.0018645754084420105
2262	0.0018645755508010873
2263	0.0018645755434518352
2264	0.0018645753482585668
2265	0.001864575270345486
2266	0.0018645753507496126
2267	0.0018645753432478408
2268	0.0018645752056709313
2269	0.0018645751361509378
2270	0.001864575175735677
2271	0.0018645751655013319
2272	0.0018645750657708291
2273	0.0018645750033299967
2274	0.0018645750158190004
2275	0.00186457500243404
2276	0.001864574927568347
2277	0.001864574870768652
2278	0.0018645748652022906
2279	0.0018645748485569972
2280	0.0018645747900475223
2281	0.0018645747378435915
2282	0.0018645747202069806
2283	0.0018645747003343605
2284	0.0018645746524607316
2285	0.0018645746041134272
2286	0.001864574578460742
2287	0.0018645745554041588
2288	0.0018645745142998457
2289	0.0018645744692435177
2290	0.0018645744383641914
2291	0.0018645744122654025
2292	0.0018645743752376395
2293	0.0018645743329710135
2294	0.0018645742988212003
2295	0.0018645742699135328
2296	0.0018645742350868013
2297	0.0018645741951014414
2298	0.0018645741590568583
2299	0.0018645741276781449
2300	0.001864574093738767
2301	0.0018645740555052305
2302	0.0018645740185092318
2303	0.001864573985076454
2304	0.0018645739511434004
2305	0.0018645739141095754
2306	0.001864573876768626
2307	0.0018645738417363072
2308	0.0018645738072651144
2309	0.0018645737708978581
2310	0.0018645737335378568
2311	0.001864573697351101
2312	0.0018645736620689747
2313	0.0018645736258869167
2314	0.0018645735886136628
2315	0.00186457355165561
2316	0.001864573515495238
2317	0.001864573479113843
2318	0.0018645734418706495
2319	0.0018645734044235441
2320	0.0018645733674559663
2321	0.0018645733306122993
2322	0.0018645732932485025
2323	0.0018645732554722833
2324	0.0018645732178321434
2325	0.0018645731803923437
2326	0.0018645731427308413
2327	0.0018645731046685772
2328	0.0018645730664911468
2329	0.0018645730284288834
2330	0.0018645729903190114
2331	0.0018645729519272038
2332	0.0018645729133042097
2333	0.0018645728746577127
2334	0.0018645728360107685
2335	0.0018645727972042584
2336	0.0018645727581639814
2337	0.0018645727189901613
2338	0.001864572679776651
2339	0.0018645726404753972
2340	0.001864572600992038
2341	0.001864572561328727
2342	0.0018645725215616098
2343	0.0018645724817154038
2344	0.001864572441738754
2345	0.0018645724015878488
2346	0.0018645723612882828
2347	0.0018645723208816363
2348	0.0018645722803646422
2349	0.001864572239699963
2350	0.0018645721988743737
2351	0.0018645721579101495
2352	0.0018645721168268465
2353	0.0018645720756132289
2354	0.001864572034248264
2355	0.0018645719927273747
2356	0.001864571951069218
2357	0.001864571909278632
2358	0.0018645718673454415
2359	0.00186457182525931
2360	0.00186457178302054
2361	0.0018645717406374188
2362	0.001864571698112814
2363	0.001864571655438926
2364	0.0018645716126082811
2365	0.0018645715696238379
2366	0.0018645715264889902
2367	0.001864571483203526
2368	0.001864571439762771
2369	0.0018645713961633018
2370	0.0018645713524047982
2371	0.0018645713084896663
2372	0.0018645712644172509
2373	0.0018645712201842961
2374	0.0018645711757874755
2375	0.0018645711312270923
2376	0.0018645710865038143
2377	0.001864571041616184
2378	0.001864570996562941
2379	0.0018645709513405414
2380	0.0018645709059494412
2381	0.0018645708603881386
2382	0.0018645708146567404
2383	0.0018645707687534377
2384	0.0018645707226764253
2385	0.0018645706764231378
2386	0.001864570629994856
2387	0.0018645705833900466
2388	0.0018645705366059366
2389	0.0018645704896426319
2390	0.0018645704424977343
2391	0.001864570395170397
2392	0.0018645703476600707
2393	0.00186457029996453
2394	0.0018645702520827014
2395	0.0018645702040134926
2396	0.001864570155754823
2397	0.0018645701073063627
2398	0.0018645700586662408
2399	0.0018645700098333582
2400	0.0018645699608057194
2401	0.001864569911581926
2402	0.0018645698621614915
2403	0.001864569812541664
2404	0.0018645697627230635
2405	0.0018645697127020332
2406	0.0018645696624783974
2407	0.0018645696120499868
2408	0.0018645695614167826
2409	0.0018645695105750652
2410	0.0018645694595254276
2411	0.0018645694082650114
2412	0.0018645693567924107
2413	0.001864569305106911
2414	0.0018645692532062554
2415	0.0018645692010894786
2416	0.0018645691487546934
2417	0.001864569096199747
2418	0.0018645690434240607
2419	0.0018645689904253772
2420	0.0018645689372017939
2421	0.0018645688837520494
2422	0.0018645688300757844
2423	0.001864568776169016
2424	0.0018645687220313148
2425	0.0018645686676609476
2426	0.001864568613056523
2427	0.0018645685582152009
2428	0.001864568503136541
2429	0.0018645684478178109
2430	0.0018645683922584107
2431	0.001864568336455023
2432	0.0018645682804068029
2433	0.0018645682241121464
2434	0.0018645681675690724
2435	0.001864568110774927
2436	0.0018645680537290603
2437	0.001864567996429116
2438	0.0018645679388729292
2439	0.0018645678810586068
2440	0.00186456782298496
2441	0.001864567764649606
2442	0.0018645677060505016
2443	0.0018645676471858628
2444	0.0018645675880534362
2445	0.001864567528652055
2446	0.0018645674689782572
2447	0.001864567409031941
2448	0.001864567348809357
2449	0.001864567288309105
2450	0.001864567227529145
2451	0.0018645671664672039
2452	0.0018645671051224057
2453	0.0018645670434902033
2454	0.0018645669815705536
2455	0.0018645669193603877
2456	0.0018645668568577898
2457	0.0018645667940600224
2458	0.0018645667309658207
2459	0.001864566667572126
2460	0.0018645666038778483
2461	0.0018645665398790198
2462	0.001864566475574743
2463	0.0018645664109615686
2464	0.0018645663460387847
2465	0.001864566280801934
2466	0.0018645662152505502
2467	0.0018645661493811683
2468	0.0018645660831915507
2469	0.0018645660166794606
2470	0.0018645659498424305
2471	0.0018645658826775002
2472	0.0018645658151835542
2473	0.0018645657473560597
2474	0.0018645656791948133
2475	0.0018645656106949784
2476	0.0018645655418556488
2477	0.0018645654726732594
2478	0.0018645654031453735
2479	0.0018645653332696258
2480	0.001864565263042982
2481	0.0018645651924631523
2482	0.0018645651215269032
2483	0.0018645650502321595
2484	0.0018645649785759381
2485	0.0018645649065550216
2486	0.001864564834167331
2487	0.0018645647614089237
2488	0.0018645646882779851
2489	0.001864564614771185
2490	0.0018645645408857335
2491	0.0018645644666192153
2492	0.0018645643919674142
2493	0.0018645643169277503
2494	0.0018645642414978425
2495	0.0018645641656745992
2496	0.0018645640894543753
2497	0.0018645640128337163
2498	0.0018645639358113178
2499	0.0018645638583820656
2500	0.0018645637805438247
2501	0.0018645637022922925
2502	0.001864563623626117
2503	0.0018645635445398083
2504	0.0018645634650323777
2505	0.0018645633850993136
2506	0.0018645633047364388
2507	0.0018645632239414189
2508	0.0018645631427108428
2509	0.0018645630610409961
2510	0.00186456297892879
2511	0.0018645628963699316
2512	0.0018645628133612336
2513	0.0018645627298995555
2514	0.0018645626459811559
2515	0.0018645625616016798
2516	0.0018645624767588001
2517	0.0018645623914470204
2518	0.0018645623056639461
2519	0.0018645622194059992
2520	0.0018645621326679835
2521	0.0018645620454469335
2522	0.0018645619577393135
2523	0.0018645618695405505
2524	0.0018645617808475332
2525	0.0018645616916550894
2526	0.0018645616019604418
2527	0.00186456151175853
2528	0.0018645614210457077
2529	0.0018645613298175006
2530	0.0018645612380705427
2531	0.001864561145799995
2532	0.0018645610530016407
2533	0.0018645609596710424
2534	0.0018645608658045577
2535	0.0018645607713976631
2536	0.001864560676444628
2537	0.0018645605809431412
2538	0.001864560484886618
2539	0.0018645603882723432
2540	0.0018645602910945412
2541	0.0018645601933486783
2542	0.001864560095031025
2543	0.0018645599961357353
2544	0.0018645598966593197
2545	0.0018645597965952759
2546	0.0018645596959407057
2547	0.0018645595946893136
2548	0.0018645594928366166
2549	0.0018645593903780146
2550	0.001864559287306975
2551	0.0018645591836208262
2552	0.0018645590793129252
2553	0.0018645589743782848
2554	0.0018645588688114237
2555	0.001864558762608304
2556	0.0018645586557616573
2557	0.001864558548267789
2558	0.0018645584401207357
2559	0.0018645583313151922
2560	0.0018645582218447451
2561	0.0018645581117057999
2562	0.001864558000890451
2563	0.001864557889393909
2564	0.0018645577772109273
2565	0.0018645576643352907
2566	0.0018645575507613811
2567	0.0018645574364831712
2568	0.0018645573214944823
2569	0.001864557205789445
2570	0.0018645570893623651
2571	0.0018645569722065215
2572	0.0018645568543157152
2573	0.0018645567356843952
2574	0.00186455661630576
2575	0.0018645564961739345
2576	0.0018645563752810739
2577	0.0018645562536221184
2578	0.0018645561311902512
2579	0.001864556007978511
2580	0.001864555883980247
2581	0.0018645557591890675
2582	0.0018645556335975147
2583	0.001864555507198869
2584	0.0018645553799868317
2585	0.0018645552519545028
2586	0.0018645551230934677
2587	0.0018645549933972686
2588	0.0018645548628593498
2589	0.0018645547314715967
2590	0.0018645545992262964
2591	0.0018645544661172772
2592	0.0018645543321356684
2593	0.0018645541972753445
2594	0.001864554061527516
2595	0.0018645539248845196
2596	0.0018645537873392122
2597	0.0018645536488825177
2598	0.0018645535095080544
2599	0.001864553369206138
2600	0.0018645532279695902
2601	0.0018645530857907947
2602	0.0018645529426598337
2603	0.0018645527985695963
2604	0.0018645526535111129
2605	0.0018645525074759018
2606	0.0018645523604554804
2607	0.0018645522124414666
2608	0.0018645520634239365
2609	0.0018645519133962075
2610	0.0018645517623473162
2611	0.0018645516102696142
2612	0.0018645514571547
2613	0.0018645513029940275
2614	0.0018645511477809178
2615	0.0018645509915103265
2616	0.001864550834180763
2617	0.00186455067579782
2618	0.001864550516380685
2619	0.001864550355976895
2620	0.001864550194684693
2621	0.0018645500327049654
2622	0.0018645498704404036
2623	0.0018645497086896268
2624	0.0018645495490324238
2625	0.0018645493946061274
2626	0.0018645492516229998
2627	0.0018645491323767023
2628	0.0018645490608491968
2629	0.0018645490829039993
2630	0.0018645492804706346
2631	0.0018645497824776106
2632	0.001864550719523276
2633	0.0018645520216382012
2634	0.001864552972155217
2635	0.0018645522904856993
2636	0.0018645497645248075
2637	0.001864547581451972
2638	0.0018645476551810319
2639	0.0018645489997501817
2640	0.0018645492186990485
2641	0.0018645476914857936
2642	0.001864546372088755
2643	0.0018645466714936774
2644	0.0018645474039182168
2645	0.0018645469541808785
2646	0.001864545815149606
2647	0.0018645455099002533
2648	0.0018645459664030956
2649	0.0018645458955804577
2650	0.0018645450919616306
2651	0.0018645445944847027
2652	0.0018645447507179185
2653	0.0018645447628382584
2654	0.0018645442284598698
2655	0.0018645437461150276
2656	0.0018645437235264818
2657	0.001864543721912629
2658	0.0018645433521826452
2659	0.00186454292139387
2660	0.0018645427816336851
2661	0.0018645427224478859
2662	0.001864542433583042
2663	0.0018645420508684371
2664	0.001864541842397943
2665	0.0018645417290890363
2666	0.0018645414854335657
2667	0.0018645411492510607
2668	0.0018645409075509507
2669	0.0018645407516769106
2670	0.001864540529115892
2671	0.0018645402271587296
2672	0.0018645399668659887
2673	0.0018645397740133295
2674	0.001864539554017323
2675	0.0018645392727383245
2676	0.0018645390017302625
2677	0.0018645387788980721
2678	0.0018645385520825392
2679	0.001864538282775462
2680	0.0018645380071280518
2681	0.0018645377620231157
2682	0.0018645375243119087
2683	0.001864537260342489
2684	0.0018645369829494796
2685	0.0018645367214535596
2686	0.0018645364707737502
2687	0.0018645362062842791
2688	0.0018645359272930625
2689	0.001864535653434397
2690	0.001864535389148541
2691	0.0018645351194671394
2692	0.0018645348376055474
2693	0.0018645345541191945
2694	0.0018645342767566434
2695	0.0018645339987004475
2696	0.00186453371210137
2697	0.0018645334205898356
2698	0.0018645331313197904
2699	0.0018645328430780999
2700	0.0018645325497755546
2701	0.0018645322508280505
2702	0.0018645319509690986
2703	0.001864531651907409
2704	0.0018645313503004716
2705	0.001864531043877316
2706	0.0018645307347314893
2707	0.0018645304253644408
2708	0.001864530114932268
2709	0.0018645298013526533
2710	0.0018645294849531568
2711	0.0018645291679176273
2712	0.0018645288512476512
2713	0.0018645285343718238
2714	0.0018645282175359643
2715	0.0018645279030896009
2716	0.0018645275940925802
2717	0.001864527293201999
2718	0.0018645270033837763
2719	0.001864526729427852
2720	0.001864526476846262
2721	0.0018645262497823279
2722	0.0018645260461906928
2723	0.0018645258548408113
2724	0.0018645256468886682
2725	0.0018645253778427967
2726	0.0018645249941885147
2727	0.0018645244698287861
2728	0.0018645238327209684
2729	0.0018645231720222479
2730	0.00186452258974198
2731	0.001864522144899676
2732	0.0018645218268003377
2733	0.0018645215718654123
2734	0.0018645213004545966
2735	0.0018645209516576526
2736	0.0018645205079399502
2737	0.0018645199986925117
2738	0.0018645194820797297
2739	0.0018645190098102741
2740	0.001864518600728096
2741	0.0018645182370425558
2742	0.0018645178807918752
2743	0.00186451749644246
2744	0.00186451706738042
2745	0.0018645166009669874
2746	0.001864516120559967
2747	0.0018645156509892618
2748	0.0018645152053489667
2749	0.001864514780630024
2750	0.001864514362503375
2751	0.0018645139346884364
2752	0.0018645134872094468
2753	0.0018645130197597365
2754	0.00186451253994489
2755	0.0018645120580045712
2756	0.0018645115814690696
2757	0.0018645111121303732
2758	0.0018645106463840372
2759	0.001864510177997619
2760	0.0018645097014423698
2761	0.0018645092141819693
2762	0.0018645087171107813
2763	0.001864508213443217
2764	0.0018645077067948193
2765	0.001864507199551686
2766	0.0018645066921259225
2767	0.0018645061832119286
2768	0.0018645056706678852
2769	0.0018645051525175767
2770	0.0018645046276724517
2771	0.0018645040961343799
2772	0.0018645035587476237
2773	0.0018645030166737461
2774	0.0018645024708814572
2775	0.0018645019218243965
2776	0.0018645013693837065
2777	0.0018645008130276429
2778	0.0018645002520707994
2779	0.0018644996859207934
2780	0.0018644991142327358
2781	0.0018644985369486043
2782	0.0018644979542380236
2783	0.0018644973663819943
2784	0.0018644967736473747
2785	0.0018644961761989766
2786	0.00186449557406473
2787	0.0018644949671503932
2788	0.001864494355281698
2789	0.0018644937382585082
2790	0.001864493115901099
2791	0.0018644924880783255
2792	0.0018644918547181535
2793	0.0018644912158001558
2794	0.0018644905713371728
2795	0.0018644899213542123
2796	0.0018644892658685947
2797	0.0018644886048812277
2798	0.001864487938369996
2799	0.0018644872662929258
2800	0.0018644865885912305
2801	0.0018644859051976132
2802	0.001864485216041773
2803	0.0018644845210564736
2804	0.0018644838201801036
2805	0.0018644831133572926
2806	0.0018644824005409942
2807	0.0018644816816873518
2808	0.001864480956756938
2809	0.001864480225711927
2810	0.0018644794885147868
2811	0.00186447874512684
2812	0.0018644779955093594
2813	0.001864477239620491
2814	0.0018644764774168807
2815	0.0018644757088559492
2816	0.0018644749338919784
2817	0.0018644741524798164
2818	0.0018644733645743388
2819	0.0018644725701295946
2820	0.0018644717690989314
2821	0.0018644709614384133
2822	0.0018644701471022748
2823	0.0018644693260456704
2824	0.0018644684982238497
2825	0.0018644676635929786
2826	0.0018644668221092155
2827	0.0018644659737281706
2828	0.0018644651184080395
2829	0.0018644642561044798
2830	0.001864463386774266
2831	0.0018644625103775973
2832	0.0018644616268696924
2833	0.0018644607362115959
2834	0.0018644598383616034
2835	0.001864458933280165
2836	0.0018644580209294021
2837	0.001864457101270823
2838	0.0018644561742708744
2839	0.0018644552398972263
2840	0.0018644542981224913
2841	0.0018644533489246833
2842	0.0018644523922919207
2843	0.0018644514282227748
2844	0.0018644504567380568
2845	0.00186444947788463
2846	0.0018644484917557987
2847	0.0018644474985069484
2848	0.0018644464983983088
2849	0.0018644454918401309
2850	0.00186444447948454
2851	0.001864443462341011
2852	0.0018644424419883405
2853	0.001864441420829717
2854	0.001864440402558976
2855	0.0018644393926143736
2856	0.001864438398971051
2857	0.0018644374322496497
2858	0.0018644365057631364
2859	0.00186443563130744
2860	0.001864434812535971
2861	0.0018644340254226717
2862	0.0018644332038920096
2863	0.0018644322286930962
2864	0.0018644309870716207
2865	0.0018644294572801735
2866	0.0018644277841115022
2867	0.00186442619281455
2868	0.0018644248392271953
2869	0.0018644237208915392
2870	0.0018644227175866781
2871	0.0018644216856674805
2872	0.0018644205360529033
2873	0.0018644192660501502
2874	0.00186441793180249
2875	0.0018644165949992856
2876	0.0018644152838972394
2877	0.0018644139994965921
2878	0.001864412736789211
2879	0.0018644114928568997
2880	0.001864410259825198
2881	0.001864409018918906
2882	0.0018644077458314524
2883	0.0018644064245354078
2884	0.0018644050617592398
2885	0.0018644036863048746
2886	0.0018644023311963818
2887	0.001864401010779994
2888	0.0018643997119787035
2889	0.0018643984052245887
2890	0.0018643970648790772
2891	0.0018643956842938896
2892	0.0018643942764195258
2893	0.0018643928625890717
2894	0.0018643914581310866
2895	0.0018643900648251288
2896	0.0018643886732677842
2897	0.0018643872713417025
2898	0.0018643858519238501
2899	0.0018643844152123757
2900	0.0018643829659217225
2901	0.0018643815087009967
2902	0.0018643800454910373
2903	0.0018643785757262044
2904	0.0018643770981792754
2905	0.001864375612450106
2906	0.0018643741191255766
2907	0.0018643726188807808
2908	0.0018643711114867906
2909	0.0018643695956205338
2910	0.0018643680696257432
2911	0.0018643665326174175
2912	0.0018643649850743462
2913	0.001864363428546137
2914	0.0018643618647362177
2915	0.0018643602946306508
2916	0.0018643587181449792
2917	0.001864357134370204
2918	0.001864355542172746
2919	0.00186435394077528
2920	0.0018643523300375569
2921	0.0018643507103552953
2922	0.0018643490823238322
2923	0.0018643474464021992
2924	0.0018643458027682905
2925	0.0018643441513732338
2926	0.0018643424920955166
2927	0.0018643408248727503
2928	0.0018643391497606707
2929	0.0018643374668922013
2930	0.0018643357764032843
2931	0.0018643340783577424
2932	0.0018643323727299294
2933	0.0018643306594403938
2934	0.001864328938423993
2935	0.001864327209678371
2936	0.0018643254732802507
2937	0.001864323729363807
2938	0.001864321978080188
2939	0.0018643202195652738
2940	0.0018643184539148875
2941	0.0018643166811836542
2942	0.0018643149014027252
2943	0.0018643131146006647
2944	0.0018643113208223721
2945	0.001864309520130544
2946	0.0018643077126080667
2947	0.001864305898341719
2948	0.0018643040774159966
2949	0.0018643022499097905
2950	0.0018643004158920011
2951	0.0018642985754265618
2952	0.0018642967285780224
2953	0.0018642948754176215
2954	0.0018642930160219621
2955	0.0018642911504755276
2956	0.0018642892788682227
2957	0.0018642874012919195
2958	0.001864285517839319
2959	0.0018642836286003465
2960	0.001864281733665947
2961	0.0018642798331241072
2962	0.0018642779270690154
2963	0.0018642760155924035
2964	0.0018642740987932461
2965	0.0018642721767768086
2966	0.0018642702496535078
2967	0.0018642683175412796
2968	0.001864266380570056
2969	0.0018642644388803297
2970	0.0018642624926359928
2971	0.0018642605420228133
2972	0.0018642585872691209
2973	0.0018642566286589876
2974	0.0018642546665622486
2975	0.0018642527014719739
2976	0.0018642507340713838
2977	0.0018642487653127266
2978	0.0018642467965776163
2979	0.0018642448298456418
2980	0.001864242868060892
2981	0.0018642409154775222
2982	0.0018642389784723373
2983	0.0018642370660800398
2984	0.0018642351915608537
2985	0.001864233372360843
2986	0.001864231631852874
2987	0.001864229993699252
2988	0.0018642284782368443
2989	0.0018642270738833398
2990	0.0018642257191238615
2991	0.00186422424629255
2992	0.0018642224232437957
2993	0.0018642200164671104
2994	0.001864217035896813
2995	0.0018642138028199444
2996	0.0018642108364698765
2997	0.0018642084924984596
2998	0.0018642067551728602
2999	0.0018642052968111764
3000	0.0018642037002632413
3001	0.0018642016896783136
3002	0.0018641992615286223
3003	0.0018641966759925912
3004	0.0018641942582720236
3005	0.0018641921782045461
3006	0.001864190362821993
3007	0.001864188588696687
3008	0.0018641866501237325
3009	0.0018641844827525249
3010	0.0018641821845882985
3011	0.0018641799234347697
3012	0.0018641778143882798
3013	0.0018641758525532257
3014	0.0018641739403962934
3015	0.0018641719691007688
3016	0.0018641698894001266
3017	0.0018641677325723428
3018	0.0018641655748142206
3019	0.0018641634800931665
3020	0.001864161460948379
3021	0.0018641594809504474
3022	0.0018641574877071045
3023	0.0018641554485652836
3024	0.0018641533670716835
3025	0.0018641512734521816
3026	0.0018641492010486743
3027	0.0018641471651874126
3028	0.0018641451575921162
3029	0.0018641431562404045
3030	0.0018641411413132824
3031	0.0018641391065103612
3032	0.00186413705991006
3033	0.0018641350164538399
3034	0.0018641329879521453
3035	0.0018641309771396223
3036	0.0018641289781169824
3037	0.001864126981492811
3038	0.0018641249803176944
3039	0.0018641229733598781
3040	0.0018641209646369406
3041	0.0018641189602019992
3042	0.0018641169646283241
3043	0.0018641149790239071
3044	0.0018641130012844345
3045	0.0018641110278898932
3046	0.001864109055988188
3047	0.001864107084708807
3048	0.0018641051152086447
3049	0.0018641031497533304
3050	0.0018641011904636136
3051	0.0018640992384133888
3052	0.0018640972934189334
3053	0.0018640953544466292
3054	0.0018640934203051822
3055	0.001864091490248898
3056	0.0018640895642540935
3057	0.001864087642919331
3058	0.001864085727124435
3059	0.001864083817653095
3060	0.0018640819149382288
3061	0.0018640800190169906
3062	0.0018640781296488194
3063	0.0018640762465119316
3064	0.0018640743693836889
3065	0.0018640724982379622
3066	0.001864070633251267
3067	0.0018640687747296777
3068	0.0018640669230115515
3069	0.0018640650783802257
3070	0.001864063241016596
3071	0.0018640614109989308
3072	0.0018640595883332063
3073	0.0018640577729989618
3074	0.0018640559649937024
3075	0.0018640541643589132
3076	0.0018640523711864006
3077	0.001864050585608778
3078	0.0018640488077808974
3079	0.001864047037854115
3080	0.0018640452759646673
3081	0.0018640435222270473
3082	0.0018640417767296958
3083	0.0018640400395449244
3084	0.0018640383107362173
3085	0.0018640365903649218
3086	0.0018640348784986936
3087	0.0018640331752113942
3088	0.0018640314805847746
3089	0.001864029794705881
3090	0.0018640281176647848
3091	0.0018640264495511309
3092	0.001864024790454695
3093	0.0018640231404569597
3094	0.0018640214996388437
3095	0.0018640198680748375
3096	0.001864018245836059
3097	0.0018640166329919527
3098	0.0018640150296075743
3099	0.001864013435747688
3100	0.0018640118514754766
3101	0.0018640102768534928
3102	0.0018640087119447593
3103	0.001864007156809177
3104	0.0018640056115065168
3105	0.0018640040760953477
3106	0.0018640025506337097
3107	0.001864001035176844
3108	0.0018639995297785967
3109	0.0018639980344914821
3110	0.0018639965493656202
3111	0.0018639950744495793
3112	0.001863993609790814
3113	0.0018639921554339477
3114	0.0018639907114219327
3115	0.001863989277796873
3116	0.0018639878545975135
3117	0.001863986441863036
3118	0.0018639850396289749
3119	0.0018639836479298136
3120	0.0018639822667983151
3121	0.0018639808962652715
3122	0.001863979536360323
3123	0.001863978187110933
3124	0.0018639768485436761
3125	0.0018639755206821648
3126	0.0018639742035499074
3127	0.0018639728971684294
3128	0.0018639716015568183
3129	0.0018639703167356357
3130	0.0018639690427219152
3131	0.0018639677795349477
3132	0.0018639665271916548
3133	0.001863965285712719
3134	0.0018639640551206351
3135	0.001863962835442223
3136	0.00186396162671454
3137	0.0018639604289874601
3138	0.0018639592423330402
3139	0.0018639580668583847
3140	0.001863956902725743
3141	0.0018639557501807088
3142	0.0018639546096062025
3143	0.0018639534815935305
3144	0.0018639523670736507
3145	0.0018639512675009396
3146	0.0018639501851849642
3147	0.0018639491237400518
3148	0.0018639480889384523
3149	0.001863947089735635
3150	0.0018639461402935916
3151	0.0018639452617753988
3152	0.0018639444860469301
3153	0.001863943855050023
3154	0.001863943420767257
3155	0.0018639432188204085
3156	0.0018639432342790218
3157	0.0018639432932191786
3158	0.0018639430313685313
3159	0.0018639419207108125
3160	0.0018639397313317799
3161	0.0018639368875869524
3162	0.0018639344075762894
3163	0.0018639330696412749
3164	0.0018639328212050762
3165	0.001863932917217326
3166	0.0018639325082503758
3167	0.0018639312297667166
3168	0.0018639294280134498
3169	0.001863927850866041
3170	0.0018639269648360718
3171	0.0018639266079185357
3172	0.0018639262327504963
3173	0.0018639254143853437
3174	0.0018639241838477193
3175	0.0018639229306521034
3176	0.001863922011479
3177	0.001863921440716436
3178	0.0018639209422269972
3179	0.0018639202412635478
3180	0.0018639192980218057
3181	0.0018639183024148434
3182	0.0018639174652440116
3183	0.001863916829887975
3184	0.001863916266473753
3185	0.00186391561749954
3186	0.0018639148386574214
3187	0.0018639140148001825
3188	0.0018639132628089632
3189	0.0018639126241256588
3190	0.0018639120441130775
3191	0.0018639114374487619
3192	0.0018639107658513065
3193	0.001863910061208984
3194	0.0018639093847854504
3195	0.0018639087702158092
3196	0.0018639082008552032
3197	0.0018639076335097498
3198	0.0018639070390665722
3199	0.0018639064231955019
3200	0.001863905814857585
3201	0.0018639052381381046
3202	0.0018639046938829507
3203	0.0018639041636396895
3204	0.001863903628030684
3205	0.001863903082049821
3206	0.0018639025359332892
3207	0.0018639020041350586
3208	0.001863901493294026
3209	0.0018639009987251854
3210	0.001863900510203043
3211	0.0018639000206648847
3212	0.0018638995307452314
3213	0.0018638990466605583
3214	0.0018638985744794429
3215	0.001863898115691573
3216	0.001863897667025412
3217	0.001863897223695436
3218	0.001863896783028509
3219	0.001863896345841614
3220	0.0018638959150978076
3221	0.0018638954933809938
3222	0.0018638950811593624
3223	0.0018638946768565583
3224	0.0018638942782730806
3225	0.0018638938841186318
3226	0.001863893494620916
3227	0.0018638931110106648
3228	0.0018638927344770775
3229	0.0018638923653690439
3230	0.0018638920031040038
3231	0.001863891646680301
3232	0.0018638912953366784
3233	0.001863890948919277
3234	0.0018638906078059193
3235	0.0018638902725236727
3236	0.0018638899433627402
3237	0.0018638896202166112
3238	0.001863889302684078
3239	0.0018638889903227133
3240	0.0018638886828637694
3241	0.0018638883802897283
3242	0.0018638880827494518
3243	0.0018638877904056733
3244	0.0018638875033064146
3245	0.0018638872213487766
3246	0.0018638869443294529
3247	0.0018638866720349962
3248	0.0018638864043208675
3249	0.001863886141135832
3250	0.0018638858824935006
3251	0.0018638856284214245
3252	0.0018638853789112008
3253	0.001863885133901436
3254	0.0018638848932874168
3255	0.0018638846569484996
3256	0.001863884424780995
3257	0.0018638841967106485
3258	0.0018638839726921046
3259	0.001863883752698841
3260	0.0018638835367001793
3261	0.001863883324651605
3262	0.0018638831164928846
3263	0.0018638829121506112
3264	0.001863882711546473
3265	0.0018638825146096334
3266	0.001863882321277168
3267	0.001863882131498014
3268	0.001863881945224468
3269	0.001863881762413084
3270	0.0018638815830163708
3271	0.0018638814069831162
3272	0.0018638812342581372
3273	0.0018638810647821939
3274	0.0018638808984982646
3275	0.001863880735351864
3276	0.0018638805752885772
3277	0.001863880418260216
3278	0.001863880264219671
3279	0.001863880113120448
3280	0.0018638799649159635
3281	0.0018638798195600838
3282	0.0018638796770051676
3283	0.0018638795372050367
3284	0.0018638794001102606
3285	0.0018638792656745001
3286	0.001863879133852547
3287	0.0018638790045982041
3288	0.0018638788778682722
3289	0.0018638787536192241
3290	0.001863878631810252
3291	0.0018638785123983505
3292	0.0018638783953423294
3293	0.0018638782806030783
3294	0.001863878168138113
3295	0.0018638780579099052
3296	0.001863877949876292
3297	0.0018638778440004324
3298	0.0018638777402422806
3299	0.0018638776385642914
3300	0.0018638775389290467
3301	0.0018638774413012526
3302	0.0018638773456428827
3303	0.0018638772519198594
3304	0.001863877160095432
3305	0.0018638770701370068
3306	0.0018638769820084806
3307	0.0018638768956788553
3308	0.001863876811113272
3309	0.0018638767282802996
3310	0.0018638766471467173
3311	0.0018638765676821634
3312	0.0018638764898552933
3313	0.0018638764136352992
3314	0.0018638763389923268
3315	0.0018638762658960092
3316	0.0018638761943176494
3317	0.0018638761242293377
3318	0.0018638760556016173
3319	0.0018638759884076228
3320	0.0018638759226195475
3321	0.001863875858210648
3322	0.0018638757951547388
3323	0.0018638757334251898
3324	0.0018638756729965616
3325	0.001863875613844527
3326	0.0018638755559432106
3327	0.0018638754992690854
3328	0.0018638754437978822
3329	0.0018638753895066841
3330	0.0018638753363718194
3331	0.0018638752843703535
3332	0.0018638752334804438
3333	0.001863875183680348
3334	0.001863875134948588
3335	0.0018638750872638696
3336	0.0018638750406055281
3337	0.001863874994953561
3338	0.0018638749502872547
3339	0.0018638749065887016
3340	0.0018638748638380265
3341	0.001863874822018076
3342	0.0018638747811101728
3343	0.0018638747410997139
3344	0.0018638747019705728
3345	0.001863874663710935
3346	0.0018638746263097367
3347	0.001863874589761304
3348	0.0018638745540660842
3349	0.0018638745192351993
3350	0.0018638744852943268
3351	0.0018638744522956239
3352	0.0018638744203283652
3353	0.0018638743895500486
3354	0.001863874360218559
3355	0.0018638743327662676
3356	0.0018638743079042448
3357	0.0018638742868128434
3358	0.001863874271435341
3359	0.0018638742650161177
3360	0.001863874272903966
3361	0.001863874304044675
3362	0.0018638743730530604
3363	0.0018638745040792134
3364	0.0018638747349029555
3365	0.001863875124176975
3366	0.001863875750084984
3367	0.0018638767043883237
3368	0.001863878022812608
3369	0.0018638795852127246
3370	0.0018638808939330734
3371	0.0018638811887027712
3372	0.0018638799450386386
3373	0.0018638779459536517
3374	0.0018638771189005612
3375	0.0018638792046700603
3376	0.001863884818547688
3377	0.0018638942350582951
3378	0.001863909414602197
3379	0.0018639359467232176
3380	0.0018639853012492617
3381	0.0018640733533266175
3382	0.001864220705809958
3383	0.0018644257873251945
3384	0.0018646424794174189
3385	0.0018646942720711604
3386	0.0018644461970731315
3387	0.0018640276610252385
3388	0.0018638814551483836
3389	0.0018640893582796373
3390	0.001864184838036239
3391	0.001863973597984884
3392	0.0018638858485705639
3393	0.0018640372087194079
3394	0.001864009665192102
3395	0.0018638774224587103
3396	0.0018639545580769958
3397	0.001863981119199366
3398	0.001863880083719435
3399	0.001863924493551556
3400	0.0018639489599491818
3401	0.001863877492884037
3402	0.001863914533835611
3403	0.0018639220578711981
3404	0.0018638747038056875
3405	0.0018639102181537272
3406	0.0018639010926939177
3407	0.0018638757237989909
3408	0.001863905014743844
3409	0.0018638855569727338
3410	0.0018638795693488163
