<Coefficient>
	 14 Total number of radial orbitals.
	Type	L	Zeta-Orbital
	  Mo 	0	    1
	  -0.26470990275444
	   0.19893175401516
	   0.25381064020350
	   0.24467940592876
	   0.09710537142797
	   0.05257844704046
	  -0.02288258775788
	  -0.01596502418022
	  -0.04033904436686
	  -0.00363435379135
	  -0.02210533035982
	   0.01416598006346
	  -0.01612889633967
	   0.02015119048598
	  -0.02036860043879
	   0.02386864766525
	  -0.02762027058936
	   0.03446190722048
	  -0.06756255001398
	Type	L	Zeta-Orbital
	  Mo 	0	    2
	  -0.26579459013598
	  -0.20785851096215
	  -0.25340074703190
	  -0.18347028475484
	  -0.12756764075528
	  -0.03262529829220
	  -0.00680815777182
	   0.02013935760960
	   0.00243415111304
	   0.01132207844510
	  -0.00819379212745
	   0.00831469923318
	  -0.00941200659263
	   0.01157487020411
	  -0.01101232502542
	   0.01377433335870
	  -0.01551806906847
	   0.01934127406824
	  -0.03810248912453
	Type	L	Zeta-Orbital
	  Mo 	0	    3
	  -0.19884780330281
	  -0.28251208093287
	  -0.01910747845205
	   0.25625213682682
	   0.27503789909275
	   0.20849872872604
	   0.39283763167444
	   0.85462235330604
	   0.66181314594383
	   0.53401069179606
	   0.19911893949895
	   0.16058234254709
	  -0.07659300315930
	   0.00511127440418
	  -0.09679660038427
	   0.03146755769024
	  -0.07731549616314
	   0.07814813253723
	  -0.15461050940015
	Type	L	Zeta-Orbital
	  Mo 	0	    4
	  -0.19994935478737
	   0.43128125589347
	   0.11746015132524
	  -0.16699732985479
	  -0.14805237759560
	  -0.05520385747369
	   0.12177015504030
	   0.09670319778655
	   0.11277826793142
	   0.06478311266379
	   0.04069808161681
	   0.00987118357088
	  -0.00486951716189
	  -0.00247840835977
	  -0.01002145016336
	   0.00460425456071
	  -0.01292945302585
	   0.01596113506357
	  -0.03303156084706
	Type	L	Zeta-Orbital
	  Mo 	0	    5
	  -0.13426238645380
	  -0.23424275810814
	  -0.16565048820850
	  -0.12302462122734
	   0.71191235191083
	   0.17472432812315
	  -0.82850618564054
	   0.12603461702754
	  -0.14657498194686
	   0.22520714396561
	  -0.10335487550409
	   0.22772112325780
	  -0.05643466235398
	   0.11699708962639
	  -0.14844557223185
	   0.10867227236254
	  -0.13642095841643
	   0.14586848317249
	  -0.32165892855296
	Type	L	Zeta-Orbital
	  Mo 	0	    6
	   0.26318929634864
	  -0.36336527305252
	   0.01042947718936
	   0.39022571529140
	  -0.05900173060646
	  -0.42112462993352
	  -0.18008504216969
	  -0.10680935094157
	  -0.07031373167617
	  -0.07026204551376
	   0.01232812933868
	  -0.02872593686069
	   0.06785945048817
	  -0.03867728246809
	   0.04592283572781
	  -0.04508017159527
	   0.04590872008793
	  -0.07518665646604
	   0.11672304730345
	Type	L	Zeta-Orbital
	  Mo 	1	    1
	  -0.14239804771981
	  -0.40542629935990
	  -0.57719059366049
	  -0.58470083558104
	  -0.47506252181293
	  -0.32684661470610
	  -0.19197978810607
	  -0.09403548772112
	  -0.03651105924212
	  -0.00988449201111
	  -0.00108392264754
	   0.00034827139507
	  -0.00026754263474
	  -0.00027630400691
	  -0.00025141869992
	   0.00014958143009
	  -0.00006242106663
	   0.00019691317010
	  -0.00063507669142
	Type	L	Zeta-Orbital
	  Mo 	1	    2
	   0.43145857034269
	  -0.00362124466801
	  -0.12309206965330
	  -0.21403867452910
	  -0.13810290195651
	  -0.11467318519704
	  -0.04568409211596
	  -0.04444403686965
	   0.00956093404531
	  -0.01911852123035
	   0.02315729592867
	  -0.02403121176980
	   0.02590609792242
	  -0.02895952881106
	   0.03267150140377
	  -0.03694108321891
	   0.04264167851184
	  -0.05070931919076
	   0.20235731870065
	Type	L	Zeta-Orbital
	  Mo 	1	    3
	  -1.07133816669531
	   1.15291361246090
	   0.51279263908007
	  -0.65331611878318
	  -0.42384763992959
	  -0.09467047902244
	  -0.20495628091408
	  -0.02432989115243
	  -0.07302323819495
	   0.08957871557931
	  -0.06221477262247
	   0.08699762530596
	  -0.09474162077250
	   0.09893569701425
	  -0.10854289111157
	   0.12898209905285
	  -0.14846083338442
	   0.16912595493511
	  -0.68313715644895
	Type	L	Zeta-Orbital
	  Mo 	2	    1
	  -0.32346431443701
	  -0.47109120470911
	  -0.55883390492199
	  -0.49115553962771
	  -0.42950358169209
	  -0.29541340480923
	  -0.20429055111643
	  -0.08838181391644
	  -0.05057002775186
	   0.00558493478432
	  -0.01171753103228
	   0.01612141825092
	  -0.01742964365507
	   0.01528715616468
	  -0.01995432773913
	   0.01981239046953
	  -0.01990573945461
	  -0.00051715991831
	  -0.24716423380716
	Type	L	Zeta-Orbital
	  Mo 	2	    2
	   0.56801046613596
	   0.02459201682411
	  -0.01649920351753
	  -0.18587605015785
	  -0.05872280460322
	  -0.08892479506706
	   0.00738095939065
	  -0.04816159666838
	   0.04749274348655
	  -0.03829634029545
	   0.05631558509979
	  -0.05295661597182
	   0.06017216826063
	  -0.06505595235190
	   0.06967357156124
	  -0.07595308344718
	   0.07592563926679
	   0.00053235557450
	   0.93230828415094
	Type	L	Zeta-Orbital
	  Mo 	2	    3
	   0.98868609988117
	  -0.86603660631674
	  -0.39641330776945
	   0.92922577826410
	   0.42165097197602
	   0.05083684107395
	   0.07333253867025
	   0.03682013120424
	  -0.02222101278244
	  -0.11549344086429
	  -0.01108277840617
	  -0.07090932441855
	   0.03932096572493
	  -0.07194225239756
	   0.05983465061380
	  -0.06307627180291
	   0.07091187851768
	  -0.02089031457156
	   0.85215032592619
	Type	L	Zeta-Orbital
	  Mo 	3	    1
	   0.08907441144629
	   0.65669234774946
	   0.70574575807324
	   0.67779644106670
	   0.38164497542379
	   0.32172691826307
	   0.16009313406622
	   0.15685723281131
	   0.04560463686449
	   0.09018389115946
	  -0.01441312179097
	   0.05481255973022
	  -0.04122039570029
	   0.04938978437526
	  -0.04786841602874
	   0.04406666114285
	  -0.02609640625608
	  -0.37652061851350
	  -1.53388326823999
	Type	L	Zeta-Orbital
	  Mo 	3	    2
	   0.11362460391573
	   1.32704339053081
	  -0.02144627083978
	  -1.37934257970890
	  -0.38045907552435
	  -0.35283134633002
	  -0.10881346072648
	  -0.25125636054631
	  -0.00102316197632
	  -0.14750350809269
	   0.03606199917054
	  -0.09134634457938
	   0.08329123843263
	  -0.08626513326032
	   0.07596252268405
	  -0.05264036948405
	   0.04183520629783
	   0.32983546569209
	   2.07423232788712
</Coefficient>
<Mkb>
Left spillage = 9.5608373743e-03
</Mkb>
