<Coefficient>
	 14 Total number of radial orbitals.
	Type	L	Zeta-Orbital
	  Mn 	0	    1
	  -0.29330999815447
	   0.03765820423263
	   0.14552695498468
	   0.16774833201161
	   0.11948032034759
	   0.09275927419746
	   0.04714501498654
	   0.03393756580561
	   0.00560957252031
	   0.01323408978491
	  -0.00668983930164
	   0.01022842679630
	  -0.01037185461333
	   0.01217200087032
	  -0.01357720920907
	   0.01542958662363
	  -0.01806060726061
	   0.02280956063835
	  -0.04494853754262
	Type	L	Zeta-Orbital
	  Mn 	0	    2
	   0.15800544187576
	   0.30415993012888
	   0.43238486527311
	   0.46087363581659
	   0.39425871566965
	   0.28273291813610
	   0.17665257078954
	   0.09502610383787
	   0.04426997108935
	   0.01484031097177
	   0.00533393325658
	  -0.00070615723794
	   0.00154027280338
	  -0.00168051538411
	   0.00202454970294
	  -0.00239674769552
	   0.00255388145377
	  -0.00359978955454
	   0.00683801130286
	Type	L	Zeta-Orbital
	  Mn 	0	    3
	   0.23016981454591
	  -0.30537902715441
	  -0.02543594503685
	   0.40399170594797
	   0.28891551176757
	   0.21646290003591
	   0.08913398128863
	   0.02728028016083
	  -0.00063922419448
	  -0.00780838105316
	  -0.00168179236755
	  -0.01113383870139
	   0.00209373738839
	  -0.00643929909213
	   0.00799299057059
	  -0.00972742931677
	   0.01199702044794
	  -0.01553445695850
	   0.03108809770911
	Type	L	Zeta-Orbital
	  Mn 	0	    4
	   0.09436236756376
	  -0.40665567805087
	  -0.15653034073738
	   0.27679871711476
	  -0.03688231350793
	  -0.43488580745217
	  -0.76673856771340
	  -0.77415666508223
	  -0.63896994516294
	  -0.39593032913539
	  -0.19913911351794
	  -0.05448575633690
	  -0.01228710198193
	   0.00105597317815
	  -0.00837594260522
	  -0.00431719342619
	  -0.00026932076757
	   0.00009321895162
	   0.00129886999139
	Type	L	Zeta-Orbital
	  Mn 	0	    5
	   0.28010183583939
	  -0.14377894356794
	   0.32705531250022
	   0.75300345304953
	  -0.42589152042526
	  -0.53678929025549
	   0.34499868580798
	   0.47584993808177
	   0.59659814914230
	   0.30225132679296
	   0.24231721330351
	  -0.02131084570536
	   0.04873724926192
	  -0.04205478034267
	   0.04849809141171
	  -0.04872754945351
	   0.04027135126662
	  -0.05288877689575
	   0.07848172318814
	Type	L	Zeta-Orbital
	  Mn 	0	    6
	  -0.37598606632879
	  -0.20708553917069
	  -0.06741600991778
	  -0.02541152260546
	  -0.37794316821228
	   0.62144779150489
	   0.77622209638526
	  -0.63676889419522
	  -0.46445452640219
	  -0.39319144249403
	   0.00566841899999
	  -0.13830248770500
	   0.03415771451648
	  -0.05266875756395
	   0.06652568988374
	  -0.07124453805102
	   0.05747862250338
	  -0.04685817325490
	   0.17066218716543
	Type	L	Zeta-Orbital
	  Mn 	1	    1
	   0.08774851184684
	   0.30150762016974
	   0.52015212627546
	   0.65649607661756
	   0.67379996712311
	   0.59800243094216
	   0.46549491513654
	   0.32139030606556
	   0.19246314184972
	   0.10003394404995
	   0.04263826148260
	   0.01520091074593
	   0.00317489772505
	   0.00122959300058
	  -0.00042556912231
	   0.00067640932960
	  -0.00076722445163
	   0.00078305077863
	  -0.00370525405524
	Type	L	Zeta-Orbital
	  Mn 	1	    2
	  -0.43591306102172
	  -0.12650675470391
	  -0.04509027121879
	  -0.00640440897992
	  -0.01827952928864
	  -0.00253452724420
	  -0.02300971160992
	   0.00736263450080
	  -0.01367560148133
	   0.01398351471992
	  -0.01605420094097
	   0.01810171839665
	  -0.01967456008652
	   0.02260487413458
	  -0.02511661345973
	   0.02787548464357
	  -0.03281768601957
	   0.03978646332916
	  -0.15495173016299
	Type	L	Zeta-Orbital
	  Mn 	1	    3
	   0.15546720240926
	  -0.63426008608566
	  -0.84506269946021
	   0.05367265367189
	   0.28627661206043
	   0.46095610021081
	   0.38948485555012
	   0.44660507776710
	   0.34940085225682
	   0.31078258032642
	   0.16337027938112
	   0.09958884479601
	   0.00864733912871
	   0.03021270789489
	  -0.02162667838615
	   0.01941284982513
	  -0.02994930192018
	   0.03797674693776
	  -0.08561544960258
	Type	L	Zeta-Orbital
	  Mn 	2	    1
	   0.22325163130757
	   0.36712665908176
	   0.52418713806427
	   0.59086232149930
	   0.65625376828494
	   0.63106256274372
	   0.59669163833391
	   0.47760089332077
	   0.37426417539672
	   0.22788348673665
	   0.14429098702832
	   0.04563808388042
	   0.02907519567019
	  -0.01492574991757
	   0.01236742341864
	  -0.01609879260983
	   0.01842071009778
	   0.00377744468374
	   0.20267587559451
	Type	L	Zeta-Orbital
	  Mn 	2	    2
	   0.56475816783749
	   0.12732719937682
	   0.10285737481721
	  -0.07810503087739
	  -0.04191705154777
	  -0.10837323696852
	  -0.00020357672166
	  -0.06880705031277
	   0.01050793757298
	  -0.06073933781806
	   0.04685768807991
	  -0.04815457550209
	   0.05766441556587
	  -0.05772440759820
	   0.06805311452739
	  -0.07074513126083
	   0.07190434549123
	  -0.00195570286560
	   0.85637687805339
	Type	L	Zeta-Orbital
	  Mn 	2	    3
	   0.45028025079864
	  -0.51107801195516
	  -1.22294702012027
	  -0.69633463336205
	   0.01752392518735
	   0.41929386204252
	   0.90262427648418
	   1.07275367878082
	   1.25300213275854
	   1.11029422108312
	   1.06562210999475
	   0.69794238241698
	   0.50026209380852
	   0.13617484569313
	   0.08133422963214
	  -0.10799143566362
	  -0.00158738892747
	  -0.05675312208310
	   0.71954162768660
	Type	L	Zeta-Orbital
	  Mn 	3	    1
	  -0.08606291445889
	  -0.71562757746032
	  -0.51656326575877
	  -0.63181328622833
	  -0.34068623369006
	  -0.27600506924195
	  -0.10201756993342
	  -0.11866202525116
	   0.04275286437944
	  -0.07609373095916
	   0.04342352756464
	  -0.07799389973067
	   0.06667976616573
	  -0.07754003522401
	   0.07513103490717
	  -0.07460119585812
	   0.03770047303454
	   0.57857557246883
	   2.38189170525532
	Type	L	Zeta-Orbital
	  Mn 	3	    2
	   0.21916823493806
	   1.95436797374940
	  -0.78890970177030
	  -1.00636071493083
	  -1.27404225327136
	  -0.41057032343363
	  -0.30699440407371
	   0.05940269363436
	  -0.30305554924816
	   0.09635964467466
	  -0.25146896999715
	   0.22369877510435
	  -0.25057070085018
	   0.24713861432473
	  -0.26110485187437
	   0.25156633572883
	  -0.15289622543653
	  -2.11499795932550
	  -8.41620048901746
</Coefficient>
<Mkb>
Left spillage = 4.5539866590e-03
</Mkb>
