0	0.009702151456359448
1	0.008383988246074536
2	0.00744584370931761
3	0.00680437873036893
4	0.0063132260958994445
5	0.005878526339199816
6	0.005488849690691621
7	0.005158122793246974
8	0.0048968567998941915
9	0.004696246565844818
10	0.00452486365719682
11	0.004355449244702551
12	0.004183374098073943
13	0.004016896091590264
14	0.00386533190824693
15	0.0037334963927888425
16	0.0036208970492514585
17	0.0035237081397518277
18	0.0034374883846266468
19	0.0033590335544630414
20	0.003286920828418496
21	0.0032211804135376786
22	0.0031626503851780777
23	0.0031123348717006557
24	0.003070883352423099
25	0.0030382358906311012
26	0.0030134879991889026
27	0.0029950221180611767
28	0.0029808757050577587
29	0.002969204397838147
30	0.0029586421951205534
31	0.0029484263238486463
32	0.002938294994423078
33	0.0029282694245819753
34	0.0029184452878592395
35	0.0029088629674295873
36	0.002899461834037606
37	0.0028900985185351495
38	0.0028806087634710847
39	0.0028708864297108416
40	0.0028609419901325026
41	0.0028509105128899604
42	0.002841011260975045
43	0.002831487617488316
44	0.002822554617129995
45	0.002814362041279107
46	0.0028069711613793505
47	0.0028003507824686247
48	0.0027944010040273914
49	0.002788997837187531
50	0.0027840352449151192
51	0.0027794448741612797
52	0.002775193036971717
53	0.0027712669040131166
54	0.0027676587453306922
55	0.0027643507677893113
56	0.0027613050541316687
57	0.0027584659556105034
58	0.0027557751266452184
59	0.002753188495469748
60	0.002750684499997299
61	0.0027482633181829894
62	0.002745942648867418
63	0.0027437514847561363
64	0.0027417201566696282
65	0.0027398695881123156
66	0.00273820619084789
67	0.0027367237076687517
68	0.0027354075057758245
69	0.002734238708441478
70	0.0027331991506624716
71	0.0027322758883793685
72	0.002731461239629362
73	0.0027307481787108884
74	0.002730125770364595
75	0.0027295776378495414
76	0.0027290826238102247
77	0.002728617300241045
78	0.0027281609408799402
79	0.002727700659258539
80	0.0027272328987829886
81	0.0027267611297745243
82	0.002726292566360326
83	0.00272583522065222
84	0.0027253953755118033
85	0.002724976575834806
86	0.0027245805566505424
87	0.0027242083936695988
88	0.002723860716132732
89	0.002723537761373308
90	0.002723239621640015
91	0.0027229659669958817
92	0.0027227154215164954
93	0.0027224854412005338
94	0.0027222725873230448
95	0.00272207283265918
96	0.002721882239962542
97	0.002721697919781379
98	0.0027215184185089697
99	0.002721343374317667
100	0.0027211730381064793
101	0.002721007869367068
102	0.0027208482122132297
103	0.002720694323873987
104	0.002720546657573243
105	0.002720405913748737
106	0.0027202728515017364
107	0.0027201481598431248
108	0.0027200323443864046
109	0.0027199255608354716
110	0.002719827552495384
111	0.0027197376777216503
112	0.0027196549450620128
113	0.0027195781951935964
114	0.0027195064188121412
115	0.002719438939691867
116	0.0027193753916107967
117	0.0027193156111026996
118	0.0027192594968552327
119	0.0027192069194779353
120	0.0027191577532344685
121	0.002719111914619411
122	0.0027190693295670466
123	0.002719029913114578
124	0.00271899357815138
125	0.002718960224372913
126	0.002718929720958944
127	0.002718901881351004
128	0.0027188764302989903
129	0.0027188530250055014
130	0.002718831325215009
131	0.0027188110386795893
132	0.002718791936316065
133	0.002718773858053932
134	0.002718756703858126
135	0.0027187404217305054
136	0.002718724991931714
137	0.0027187103935709146
138	0.0027186965823401276
139	0.0027186834980795424
140	0.002718671075430302
141	0.0027186592455701046
142	0.0027186479337901284
143	0.002718637055201592
144	0.0027186265208421815
145	0.0027186162511845923
146	0.002718606179813329
147	0.0027185962529171874
148	0.002718586433228351
149	0.0027185767017279777
150	0.0027185670548435627
151	0.0027185574970165563
152	0.002718548030930214
153	0.0027185386549106313
154	0.0027185293658610558
155	0.0027185201593241397
156	0.002718511028382293
157	0.002718501963693923
158	0.002718492954297392
159	0.00271848398976617
160	0.0027184750611998613
161	0.002718466161237658
162	0.002718457285952457
163	0.002718448436028046
164	0.002718439615180952
165	0.002718430827750764
166	0.0027184220767622713
167	0.0027184133636728933
168	0.0027184046891584584
169	0.0027183960528557875
170	0.0027183874530732656
171	0.002718378887484954
172	0.0027183703537928816
173	0.0027183618500597473
174	0.0027183533745929623
175	0.0027183449257423367
176	0.0027183365022812114
177	0.002718328103610601
178	0.0027183197294779675
179	0.0027183113798327934
180	0.002718303054745276
181	0.002718294754256517
182	0.002718286478113283
183	0.002718278225431355
184	0.002718269994821296
185	0.0027182617848339674
186	0.002718253594225036
187	0.002718245422054492
188	0.002718237267677782
189	0.002718229130698466
190	0.002718221010911577
191	0.0027182129081316543
192	0.0027182048221080428
193	0.0027181967526070825
194	0.0027181886994484795
195	0.002718180662459815
196	0.002718172641377594
197	0.0027181646357946595
198	0.002718156645220688
199	0.002718148669127354
200	0.0027181407069923886
201	0.0027181327583717827
202	0.0027181248229464043
203	0.00271811690052431
204	0.0027181089909901566
205	0.002718101094248418
206	0.0027180932102066004
207	0.002718085338753431
208	0.002718077479737611
209	0.002718069632971775
210	0.002718061798253142
211	0.002718053975383361
212	0.0027180461641655622
213	0.00271803836439341
214	0.0027180305758592593
215	0.0027180227983680397
216	0.0027180150317429783
217	0.0027180072758248848
218	0.0027179995304689626
219	0.002717991795538657
220	0.0027179840708920584
221	0.002717976356370476
222	0.002717968651798485
223	0.0027179609569917985
224	0.0027179532717627377
225	0.0027179455959247195
226	0.0027179379292944826
227	0.0027179302716960154
228	0.0027179226229580816
229	0.0027179149829109927
230	0.0027179073513867147
231	0.0027178997282181275
232	0.002717892113239032
233	0.002717884506283386
234	0.0027178769071814924
235	0.002717869315762993
236	0.0027178617318543855
237	0.0027178541552806256
238	0.0027178465858661042
239	0.0027178390234363662
240	0.0027178314678191766
241	0.0027178239188442002
242	0.002717816376343086
243	0.0027178088401483337
244	0.0027178013100929693
245	0.002717793786010102
246	0.0027177862677320408
247	0.0027177787550917106
248	0.002717771247921943
249	0.0027177637460551003
250	0.0027177562493234334
251	0.002717748757559743
252	0.002717741270597213
253	0.0027177337882697988
254	0.002717726310411845
255	0.002717718836858115
256	0.0027177113674442706
257	0.0027177039020061973
258	0.0027176964403795105
259	0.002717688982400571
260	0.002717681527905396
261	0.0027176740767305523
262	0.002717666628712441
263	0.002717659183688611
264	0.002717651741495654
265	0.0027176443019718004
266	0.00271763686495516
267	0.0027176294302844344
268	0.0027176219977984575
269	0.0027176145673370416
270	0.002717607138739163
271	0.0027175997118456534
272	0.0027175922864964785
273	0.0027175848625326246
274	0.0027175774397951414
275	0.0027175700181256827
276	0.002717562597366684
277	0.0027175551773602163
278	0.0027175477579495953
279	0.002717540338978913
280	0.002717532920291907
281	0.0027175255017332267
282	0.002717518083148024
283	0.002717510664382292
284	0.0027175032452818595
285	0.0027174958256940248
286	0.002717488405465779
287	0.0027174809844450324
288	0.0027174735624806512
289	0.002717466139421703
290	0.002717458715118066
291	0.0027174512894206204
292	0.0027174438621801345
293	0.0027174364332487556
294	0.0027174290024788383
295	0.002717421569723846
296	0.0027174141348375105
297	0.002717406697675381
298	0.002717399258092019
299	0.0027173918159443
300	0.002717384371089315
301	0.0027173769233849944
302	0.0027173694726899626
303	0.0027173620188639253
304	0.002717354561767284
305	0.0027173471012615054
306	0.0027173396372090343
307	0.0027173321694728535
308	0.002717324697917077
309	0.002717317222406956
310	0.0027173097428084695
311	0.00271730225898881
312	0.0027172947708160836
313	0.0027172872781594326
314	0.0027172797808892963
315	0.002717272278876465
316	0.0027172647719940156
317	0.002717257260115228
318	0.002717249743114932
319	0.0027172422208687863
320	0.0027172346932544567
321	0.0027172271601497958
322	0.0027172196214346077
323	0.002717212076989946
324	0.0027172045266979977
325	0.002717196970442016
326	0.0027171894081070725
327	0.0027171818395799515
328	0.0027171742647477634
329	0.0027171666834999606
330	0.002717159095727186
331	0.0027171515013215963
332	0.0027171439001766537
333	0.0027171362921880036
334	0.002717128677252641
335	0.002717121055268515
336	0.002717113426136368
337	0.0027171057897575866
338	0.0027170981460361834
339	0.0027170904948770826
340	0.002717082836187962
341	0.0027170751698773242
342	0.0027170674958566557
343	0.00271705981403812
344	0.0027170521243368474
345	0.0027170444266691046
346	0.0027170367209540754
347	0.00271702900711227
348	0.0027170212850667025
349	0.0027170135547422043
350	0.0027170058160662816
351	0.0027169980689681055
352	0.0027169903133792365
353	0.002716982549233875
354	0.002716974776468051
355	0.002716966995021166
356	0.0027169592048336254
357	0.0027169514058490987
358	0.002716943598013868
359	0.002716935781276919
360	0.0027169279555891695
361	0.0027169201209046403
362	0.00271691227718023
363	0.0027169044243750156
364	0.002716896562451806
365	0.0027168886913747437
366	0.0027168808111128276
367	0.0027168729216364624
368	0.0027168650229195002
369	0.0027168571149390613
370	0.0027168491976752238
371	0.0027168412711113593
372	0.002716833335234119
373	0.0027168253900323523
374	0.00271681743550043
375	0.002716809471633649
376	0.0027168014984321706
377	0.00271679351589949
378	0.0027167855240419815
379	0.0027167775228706947
380	0.002716769512399441
381	0.0027167614926461117
382	0.002716753463631847
383	0.002716745425382274
384	0.002716737377926717
385	0.0027167293212982404
386	0.002716721255533735
387	0.0027167131806747095
388	0.0027167050967665464
389	0.002716697003858232
390	0.002716688902003715
391	0.0027166807912610896
392	0.0027166726716925486
393	0.002716664543364558
394	0.002716656406348636
395	0.00271664826071997
396	0.002716640106559209
397	0.0027166319439509696
398	0.0027166237729849777
399	0.0027166155937555364
400	0.0027166074063614733
401	0.0027165992109071456
402	0.002716591007501156
403	0.0027165827962576388
404	0.002716574577295303
405	0.002716566350738221
406	0.002716558116715689
407	0.00271654987536165
408	0.0027165416268160156
409	0.0027165333712240525
410	0.0027165251087358194
411	0.002716516839506887
412	0.002716508563698401
413	0.0027165002814776924
414	0.002716491993016229
415	0.0027164836984926483
416	0.0027164753980902802
417	0.002716467091998681
418	0.0027164587804124536
419	0.0027164504635332383
420	0.0027164421415676056
421	0.0027164338147279807
422	0.002716425483233159
423	0.0027164171473079654
424	0.002716408807182776
425	0.002716400463094509
426	0.0027163921152859576
427	0.0027163837640058865
428	0.0027163754095097426
429	0.0027163670520585726
430	0.0027163586919199947
431	0.0027163503293677663
432	0.002716341964682073
433	0.0027163335981489046
434	0.0027163252300611276
435	0.0027163168607176377
436	0.0027163084904239954
437	0.002716300119491676
438	0.0027162917482384382
439	0.002716283376989259
440	0.0027162750060743084
441	0.002716266635831344
442	0.0027162582666035366
443	0.002716249898740738
444	0.002716241532599333
445	0.00271623316854154
446	0.0027162248069369553
447	0.0027162164481602884
448	0.0027162080925934944
449	0.0027161997406238837
450	0.0027161913926461714
451	0.0027161830490598795
452	0.002716174710271758
453	0.0027161663766945023
454	0.0027161580487466276
455	0.002716149726852817
456	0.0027161414114435767
457	0.0027161331029559774
458	0.0027161248018322042
459	0.0027161165085205605
460	0.0027161082234748507
461	0.002716099947155119
462	0.002716091680026781
463	0.002716083422559979
464	0.0027160751752312133
465	0.0027160669385224772
466	0.0027160587129198676
467	0.0027160504989156096
468	0.002716042297006395
469	0.0027160341076939098
470	0.002716025931485296
471	0.0027160177688912504
472	0.0027160096204280624
473	0.002716001486615545
474	0.002715993367978084
475	0.002715985265045134
476	0.002715977178348682
477	0.002715969108425269
478	0.002715961055815054
479	0.0027159530210618377
480	0.0027159450047127207
481	0.0027159370073177986
482	0.002715929029430501
483	0.0027159210716064934
484	0.0027159131344049953
485	0.002715905218386702
486	0.0027158973241154525
487	0.002715889452156343
488	0.0027158816030770938
489	0.0027158737774464143
490	0.002715865975834525
491	0.002715858198813361
492	0.00271585044695518
493	0.002715842720833605
494	0.002715835021022392
495	0.0027158273480954037
496	0.002715819702627072
497	0.0027158120851911217
498	0.002715804496361409
499	0.0027157969367104825
500	0.002715789406809936
501	0.0027157819072308664
502	0.0027157744385422535
503	0.0027157670013114635
504	0.0027157595961038
505	0.002715752223482476
506	0.0027157448840077598
507	0.002715737578238232
508	0.0027157303067273735
509	0.0027157230700270408
510	0.002715715868684289
511	0.002715708703243387
512	0.0027157015742431375
513	0.0027156944822184434
514	0.0027156874276995837
515	0.0027156804112114397
516	0.002715673433273165
517	0.0027156664943989964
518	0.002715659595096698
519	0.002715652735868605
520	0.0027156459172088883
521	0.002715639139606643
522	0.002715632403542633
523	0.0027156257094915173
524	0.0027156190579192253
525	0.002715612449283807
526	0.0027156058840360885
527	0.00271559936261754
528	0.0027155928854610727
529	0.0027155864529909654
530	0.0027155800656218348
531	0.002715573723759104
532	0.002715567427798173
533	0.002715561178124967
534	0.002715554975114438
535	0.002715548819131522
536	0.0027155427105303737
537	0.0027155366496540777
538	0.002715530636834989
539	0.0027155246723934985
540	0.0027155187566391134
541	0.002715512889868882
542	0.0027155070723687167
543	0.0027155013044113494
544	0.0027154955862579875
545	0.002715489918157374
546	0.0027154843003452346
547	0.00271547873304442
548	0.0027154732164654926
549	0.002715467750805582
550	0.002715462336248188
551	0.0027154569729641864
552	0.002715451661110726
553	0.0027154464008315488
554	0.002715441192256705
555	0.0027154360355028653
556	0.0027154309306721726
557	0.002715425877854399
558	0.0027154208771238723
559	0.002715415928542213
560	0.0027154110321565067
561	0.002715406188000438
562	0.002715401396093367
563	0.002715396656440633
564	0.0027153919690341686
565	0.0027153873338519596
566	0.002715382750857732
567	0.0027153782200018696
568	0.002715373741220424
569	0.002715369314436999
570	0.0027153649395605228
571	0.00271536061648681
572	0.0027153563450982247
573	0.0027153521252639007
574	0.0027153479568400992
575	0.0027153438396695694
576	0.002715339773582578
577	0.0027153357583965415
578	0.002715331793916156
579	0.0027153278799340254
580	0.002715324016230359
581	0.0027153202025731933
582	0.0027153164387188227
583	0.0027153127244122868
584	0.002715309059386615
585	0.0027153054433636465
586	0.0027153018760549714
587	0.0027152983571604433
588	0.0027152948863702056
589	0.002715291463363536
590	0.0027152880878102137
591	0.002715284759369962
592	0.0027152814776928128
593	0.0027152782424200734
594	0.0027152750531838038
595	0.002715271909607511
596	0.002715268811306316
597	0.0027152657578870267
598	0.0027152627489486366
599	0.0027152597840831307
600	0.002715256862874601
601	0.0027152539849010088
602	0.0027152511497328105
603	0.00271524835693464
604	0.0027152456060650443
605	0.002715242896677186
606	0.002715240228318365
607	0.0027152376005304276
608	0.002715235012851639
609	0.0027152324648147706
610	0.002715229955949012
611	0.0027152274857788566
612	0.0027152250538263643
613	0.0027152226596092455
614	0.0027152203026430018
615	0.002715217982440296
616	0.0027152156985111933
617	0.002715213450364067
618	0.0027152112375045615
619	0.002715209059438172
620	0.0027152069156682803
621	0.0027152048056974733
622	0.002715202729027715
623	0.0027152006851608877
624	0.0027151986735981445
625	0.0027151966938409613
626	0.002715194745391738
627	0.0027151928277521563
628	0.0027151909404264972
629	0.00271518908291904
630	0.0027151872547356223
631	0.0027151854553838796
632	0.0027151836843728734
633	0.0027151819412141384
634	0.002715180225420898
635	0.0027151785365091166
636	0.0027151768739976006
637	0.002715175237407669
638	0.0027151736262635
639	0.00271517204009283
640	0.002715170478426402
641	0.0027151689407991
642	0.002715167426748372
643	0.002715165935816544
644	0.00271516446754942
645	0.0027151630214969726
646	0.0027151615972136303
647	0.0027151601942576498
648	0.002715158812192605
649	0.0027151574505858175
650	0.0027151561090095764
651	0.0027151547870412707
652	0.0027151534842632186
653	0.002715152200262254
654	0.0027151509346305795
655	0.0027151496869651727
656	0.0027151484568690523
657	0.0027151472439496706
658	0.002715146047820292
659	0.0027151448680991846
660	0.002715143704410238
661	0.0027151425563831655
662	0.002715141423652555
663	0.002715140305858682
664	0.002715139202647502
665	0.0027151381136708997
666	0.0027151370385854953
667	0.0027151359770543485
668	0.002715134928745635
669	0.0027151338933333723
670	0.0027151328704968303
671	0.002715131859921753
672	0.0027151308612981136
673	0.0027151298743225845
674	0.0027151288986968546
675	0.002715127934128866
676	0.002715126980330641
677	0.0027151260370209852
678	0.0027151251039235135
679	0.002715124180767691
680	0.002715123267287981
681	0.002715122363224333
682	0.002715121468321887
683	0.0027151205823312406
684	0.0027151197050080764
685	0.002715118836112915
686	0.0027151179754118784
687	0.0027151171226756964
688	0.0027151162776807357
689	0.0027151154402073577
690	0.0027151146100417036
691	0.0027151137869738796
692	0.002715112970799585
693	0.0027151121613184356
694	0.002715111358335375
695	0.002715110561659288
696	0.0027151097711039496
697	0.002715108986487509
698	0.0027151082076322507
699	0.00271510743436488
700	0.002715106666516246
701	0.0027151059039216326
702	0.0027151051464201293
703	0.002715104393854926
704	0.0027151036460731706
705	0.0027151029029258184
706	0.002715102164267776
707	0.0027151014299574053
708	0.002715100699857068
709	0.0027150999738322894
710	0.002715099251752829
711	0.002715098533491161
712	0.002715097818923442
713	0.0027150971079294237
714	0.002715096400391387
715	0.002715095696195836
716	0.002715094995231476
717	0.00271509429739016
718	0.0027150936025673203
719	0.002715092910660985
720	0.0027150922215716617
721	0.002715091535203389
722	0.002715090851462182
723	0.0027150901702572595
724	0.0027150894915003417
725	0.002715088815105372
726	0.002715088140989133
727	0.0027150874690706345
728	0.0027150867992712276
729	0.002715086131514924
730	0.0027150854657276473
731	0.0027150848018375447
732	0.0027150841397748427
733	0.0027150834794721188
734	0.002715082820863847
735	0.0027150821638862108
736	0.0027150815084779154
737	0.002715080854578916
738	0.0027150802021313585
739	0.0027150795510793033
740	0.002715078901368086
741	0.002715078252945237
742	0.002715077605759303
743	0.0027150769597612304
744	0.0027150763149027474
745	0.0027150756711376185
746	0.002715075028420783
747	0.0027150743867088768
748	0.0027150737459593057
749	0.0027150731061319805
750	0.0027150724671870306
751	0.0027150718290861395
752	0.002715071191792622
753	0.0027150705552705214
754	0.002715069919485208
755	0.0027150692844033555
756	0.0027150686499925235
757	0.0027150680162214193
758	0.0027150673830594087
759	0.0027150667504779813
760	0.0027150661184482906
761	0.0027150654869428693
762	0.002715064855935571
763	0.002715064225400761
764	0.002715063595313704
765	0.0027150629656505667
766	0.0027150623363881737
767	0.002715061707504297
768	0.002715061078977776
769	0.002715060450787258
770	0.00271505982291308
771	0.0027150591953354463
772	0.0027150585680360425
773	0.002715057940996625
774	0.002715057314199775
775	0.0027150566876286424
776	0.002715056061266845
777	0.002715055435098915
778	0.0027150548091094792
779	0.002715054183284298
780	0.0027150535576087706
781	0.0027150529320695764
782	0.002715052306653631
783	0.002715051681348243
784	0.002715051056140993
785	0.002715050431020467
786	0.0027150498059750386
787	0.0027150491809938963
788	0.0027150485560662745
789	0.0027150479311822684
790	0.002715047306331859
791	0.002715046681505849
792	0.002715046056694632
793	0.002715045431889954
794	0.0027150448070831393
795	0.002715044182266011
796	0.0027150435574306467
797	0.002715042932569595
798	0.0027150423076754727
799	0.0027150416827411974
800	0.0027150410577601995
801	0.0027150404327256857
802	0.002715039807631587
803	0.0027150391824718486
804	0.0027150385572404915
805	0.002715037931932098
806	0.00271503730654109
807	0.002715036681062625
808	0.0027150360554912562
809	0.0027150354298224257
810	0.002715034804051387
811	0.002715034178173884
812	0.0027150335521852883
813	0.0027150329260817447
814	0.002715032299859079
815	0.002715031673513874
816	0.0027150310470421585
817	0.002715030420440248
818	0.002715029793705112
819	0.002715029166833251
820	0.002715028539821542
821	0.0027150279126672023
822	0.002715027285366967
823	0.0027150266579184083
824	0.0027150260303185694
825	0.0027150254025650987
826	0.002715024774655412
827	0.0027150241465868593
828	0.002715023518357816
829	0.0027150228899656048
830	0.002715022261408334
831	0.0027150216326838057
832	0.0027150210037903775
833	0.0027150203747258648
834	0.002715019745488667
835	0.0027150191160772268
836	0.0027150184864895657
837	0.0027150178567243045
838	0.0027150172267798338
839	0.002715016596654903
840	0.0027150159663481147
841	0.0027150153358578557
842	0.0027150147051832637
843	0.0027150140743228165
844	0.0027150134432754316
845	0.002715012812040103
846	0.0027150121806155825
847	0.002715011549001105
848	0.0027150109171954874
849	0.0027150102851980656
850	0.002715009653007699
851	0.0027150090206236074
852	0.002715008388044887
853	0.0027150077552709987
854	0.0027150071223011564
855	0.0027150064891345842
856	0.002715005855770651
857	0.0027150052222087253
858	0.0027150045884481934
859	0.0027150039544884793
860	0.0027150033203292095
861	0.002715002685969663
862	0.002715002051409261
863	0.0027150014166479972
864	0.002715000781684864
865	0.002715000146519925
866	0.0027149995111526155
867	0.0027149988755825073
868	0.00271499823980947
869	0.0027149976038329795
870	0.002714996967652917
871	0.002714996331268676
872	0.002714995694680256
873	0.002714995057887585
874	0.0027149944208899883
875	0.002714993783687632
876	0.002714993146280294
877	0.0027149925086675615
878	0.0027149918708496332
879	0.0027149912328258046
880	0.0027149905945965873
881	0.002714989956161487
882	0.002714989317520642
883	0.0027149886786739246
884	0.002714988039620917
885	0.0027149874003618672
886	0.0027149867608967917
887	0.0027149861212255456
888	0.002714985481348032
889	0.0027149848412643413
890	0.0027149842009745575
891	0.002714983560478403
892	0.0027149829197761926
893	0.0027149822788679464
894	0.0027149816377533297
895	0.002714980996432916
896	0.00271498035490628
897	0.0027149797131739103
898	0.0027149790712356348
899	0.002714978429091499
900	0.0027149777867417017
901	0.002714977144186319
902	0.002714976501425688
903	0.0027149758584595427
904	0.002714975215288211
905	0.0027149745719116246
906	0.0027149739283300932
907	0.002714973284543807
908	0.0027149726405530502
909	0.002714971996357758
910	0.0027149713519580092
911	0.0027149707073540084
912	0.002714970062546277
913	0.002714969417534422
914	0.0027149687723193325
915	0.002714968126900602
916	0.002714967481278601
917	0.0027149668354537887
918	0.002714966189426057
919	0.0027149655431958847
920	0.002714964896763484
921	0.002714964250128627
922	0.002714963603292187
923	0.002714962956254095
924	0.0027149623090143133
925	0.0027149616615738236
926	0.0027149610139323484
927	0.002714960366090185
928	0.0027149597180477223
929	0.0027149590698051893
930	0.002714958421362966
931	0.0027149577727212646
932	0.002714957123880185
933	0.002714956474840127
934	0.002714955825601711
935	0.0027149551761649735
936	0.0027149545265299554
937	0.0027149538766975665
938	0.002714953226667399
939	0.002714952576440455
940	0.002714951926016602
941	0.002714951275396551
942	0.0027149506245803434
943	0.0027149499735683444
944	0.0027149493223610163
945	0.002714948670958595
946	0.0027149480193616802
947	0.00271494736757017
948	0.0027149467155847752
949	0.0027149460634056425
950	0.0027149454110332906
951	0.0027149447584681827
952	0.002714944105710674
953	0.0027149434527606008
954	0.0027149427996192906
955	0.0027149421462862623
956	0.0027149414927625727
957	0.002714940839048394
958	0.002714940185143926
959	0.0027149395310496873
960	0.0027149388767661897
961	0.002714938222293779
962	0.0027149375676326463
963	0.002714936912783555
964	0.0027149362577469356
965	0.002714935602523035
966	0.0027149349471123226
967	0.0027149342915154433
968	0.0027149336357325474
969	0.0027149329797641966
970	0.0027149323236108384
971	0.002714931667273089
972	0.0027149310107511173
973	0.002714930354045659
974	0.0027149296971568843
975	0.002714929040085554
976	0.002714928382831966
977	0.002714927725396726
978	0.0027149270677801485
979	0.0027149264099830396
980	0.002714925752005557
981	0.002714925093848383
982	0.002714924435511803
983	0.0027149237769966174
984	0.0027149231183031283
985	0.0027149224594321558
986	0.0027149218003837744
987	0.0027149211411587547
988	0.002714920481757574
989	0.0027149198221807025
990	0.0027149191624286856
991	0.002714918502502314
992	0.0027149178424019094
993	0.002714917182127968
994	0.0027149165216810824
995	0.002714915861061995
996	0.002714915200271012
997	0.0027149145393087705
998	0.0027149138781759567
999	0.002714913216872957
1000	0.0027149125554004876
1001	0.0027149118937590325
1002	0.0027149112319492957
1003	0.002714910569971812
1004	0.0027149099078271352
1005	0.0027149092455158426
1006	0.0027149085830386705
1007	0.002714907920395937
1008	0.0027149072575886383
1009	0.0027149065946170305
1010	0.0027149059314821003
1011	0.002714905268184221
1012	0.0027149046047239903
1013	0.0027149039411020733
1014	0.0027149032773192156
1015	0.0027149026133759537
1016	0.0027149019492729923
1017	0.002714901285010948
1018	0.0027149006205903735
1019	0.002714899956012126
1020	0.0027148992912768856
1021	0.0027148986263849984
1022	0.0027148979613373972
1023	0.002714897296134573
1024	0.0027148966307775305
1025	0.002714895965266613
1026	0.002714895299602703
1027	0.0027148946337863912
1028	0.0027148939678182703
1029	0.002714893301699429
1030	0.0027148926354301607
1031	0.0027148919690113886
1032	0.0027148913024439385
1033	0.0027148906357280416
1034	0.002714889968864844
1035	0.0027148893018550044
1036	0.0027148886346990302
1037	0.0027148879673980666
1038	0.0027148872999524206
1039	0.0027148866323631307
1040	0.0027148859646308767
1041	0.0027148852967562084
1042	0.0027148846287403895
1043	0.0027148839605835554
1044	0.00271488329228695
1045	0.002714882623851047
1046	0.0027148819552765603
1047	0.0027148812865646996
1048	0.0027148806177158683
1049	0.0027148799487308572
1050	0.0027148792796106978
1051	0.0027148786103560283
1052	0.0027148779409677266
1053	0.002714877271446337
1054	0.002714876601793119
1055	0.002714875932008472
1056	0.0027148752620935685
1057	0.0027148745920489346
1058	0.002714873921875524
1059	0.0027148732515740277
1060	0.0027148725811455303
1061	0.002714871910590797
1062	0.002714871239910606
1063	0.002714870569105903
1064	0.00271486989817716
1065	0.0027148692271256225
1066	0.002714868555952269
1067	0.0027148678846577157
1068	0.002714867213242797
1069	0.0027148665417085346
1070	0.0027148658700559235
1071	0.0027148651982854734
1072	0.0027148645263983706
1073	0.0027148638543954395
1074	0.002714863182277423
1075	0.002714862510045494
1076	0.0027148618377005147
1077	0.0027148611652430973
1078	0.0027148604926743717
1079	0.0027148598199953425
1080	0.002714859147207012
1081	0.0027148584743098975
1082	0.002714857801305318
1083	0.0027148571281941235
1084	0.0027148564549770997
1085	0.002714855781655418
1086	0.002714855108229963
1087	0.002714854434701628
1088	0.002714853761071405
1089	0.0027148530873404558
1090	0.0027148524135093264
1091	0.00271485173957927
1092	0.0027148510655513403
1093	0.002714850391426233
1094	0.002714849717205269
1095	0.00271484904288931
1096	0.0027148483684793284
1097	0.002714847693976298
1098	0.0027148470193812
1099	0.0027148463446953403
1100	0.0027148456699194142
1101	0.0027148449950544825
1102	0.002714844320101722
1103	0.002714843645062103
1104	0.0027148429699365944
1105	0.0027148422947261223
1106	0.002714841619432192
1107	0.0027148409440554177
1108	0.002714840268596994
1109	0.0027148395930580655
1110	0.0027148389174394645
1111	0.0027148382417425143
1112	0.0027148375659681607
1113	0.002714836890117361
1114	0.0027148362141917004
1115	0.0027148355381916896
1116	0.002714834862118718
1117	0.002714834185973641
1118	0.0027148335097578057
1119	0.0027148328334722963
1120	0.0027148321571180637
1121	0.0027148314806963707
1122	0.0027148308042082223
1123	0.00271483012765507
1124	0.0027148294510374975
1125	0.002714828774356999
1126	0.002714828097614869
1127	0.0027148274208118467
1128	0.0027148267439492052
1129	0.002714826067028205
1130	0.002714825390050158
1131	0.0027148247130158137
1132	0.0027148240359265658
1133	0.0027148233587835583
1134	0.0027148226815880147
1135	0.002714822004341159
1136	0.002714821327043863
1137	0.002714820649697792
1138	0.0027148199723037113
1139	0.0027148192948630036
1140	0.0027148186173772256
1141	0.002714817939846851
1142	0.00271481726227364
1143	0.0027148165846584723
1144	0.0027148159070029283
1145	0.0027148152293080853
1146	0.002714814551575005
1147	0.0027148138738052417
1148	0.002714813195999641
1149	0.0027148125181597916
1150	0.002714811840286837
1151	0.002714811162382046
1152	0.0027148104844464944
1153	0.002714809806481743
1154	0.0027148091284889945
1155	0.002714808450469253
1156	0.002714807772424062
1157	0.0027148070943545924
1158	0.0027148064162621664
1159	0.002714805738148106
1160	0.0027148050600138618
1161	0.0027148043818602734
1162	0.0027148037036891885
1163	0.002714803025501442
1164	0.0027148023472985507
1165	0.0027148016690821957
1166	0.0027148009908530566
1167	0.002714800312612911
1168	0.0027147996343628938
1169	0.002714798956104339
1170	0.002714798277838743
1171	0.002714797599567483
1172	0.002714796921291387
1173	0.0027147962430124906
1174	0.0027147955647318827
1175	0.002714794886450839
1176	0.0027147942081707645
1177	0.002714793529893124
1178	0.0027147928516193394
1179	0.0027147921733505797
1180	0.002714791495088523
1181	0.002714790816834382
1182	0.0027147901385893964
1183	0.002714789460355121
1184	0.002714788782133366
1185	0.0027147881039248844
1186	0.0027147874257313384
1187	0.002714786747554081
1188	0.002714786069394948
1189	0.0027147853912548657
1190	0.0027147847131354674
1191	0.002714784035038216
1192	0.0027147833569644347
1193	0.002714782678916096
1194	0.00271478200089368
1195	0.0027147813228993564
1196	0.0027147806449345484
1197	0.0027147799670004347
1198	0.0027147792890986813
1199	0.002714778611230718
1200	0.0027147779333979456
1201	0.002714777255602053
1202	0.002714776577844152
1203	0.0027147759001262674
1204	0.0027147752224493853
1205	0.002714774544815321
1206	0.0027147738672252584
1207	0.002714773189681256
1208	0.002714772512184345
1209	0.002714771834736392
1210	0.0027147711573384694
1211	0.0027147704799926056
1212	0.0027147698026998373
1213	0.0027147691254620614
1214	0.0027147684482806142
1215	0.0027147677711573657
1216	0.0027147670940933233
1217	0.002714766417090615
1218	0.002714765740150565
1219	0.0027147650632742934
1220	0.002714764386464299
1221	0.002714763709721352
1222	0.002714763033047388
1223	0.002714762356443886
1224	0.002714761679912252
1225	0.0027147610034544464
1226	0.002714760327071911
1227	0.0027147596507661083
1228	0.0027147589745388397
1229	0.0027147582983914212
1230	0.0027147576223257746
1231	0.0027147569463434836
1232	0.002714756270445773
1233	0.0027147555946347383
1234	0.0027147549189119216
1235	0.002714754243278812
1236	0.0027147535677370066
1237	0.0027147528922885585
1238	0.0027147522169345757
1239	0.002714751541677815
1240	0.0027147508665195208
1241	0.0027147501914633787
1242	0.002714749516513729
1243	0.002714748841678798
1244	0.0027147481669755704
1245	0.0027147474924412644
1246	0.002714746818160424
1247	0.002714746144328834
1248	0.0027147454714073617
1249	0.0027147448004873113
1250	0.0027147441341721424
1251	0.0027147434787131624
1252	0.0027147428491970343
1253	0.002714742282224108
1254	0.0027147418668180016
1255	0.002714741819658514
1256	0.0027147426626918467
1257	0.0027147456187408677
1258	0.0027147533057535105
1259	0.0027147700889638467
1260	0.0027147976011289814
1261	0.00271481838018439
1262	0.0027147949274813456
1263	0.0027147449965403757
1264	0.002714741509311351
1265	0.002714774040074361
1266	0.002714768337531461
1267	0.0027147355162306284
1268	0.002714742811381363
1269	0.002714760821550565
1270	0.002714741880073916
1271	0.0027147311800616086
1272	0.002714747240239568
1273	0.0027147422827844183
1274	0.0027147280248668187
1275	0.002714736974150571
1276	0.0027147388339686805
1277	0.0027147267545324693
1278	0.0027147302274769755
1279	0.0027147342701707754
1280	0.0027147254291681002
1281	0.0027147256971692068
1282	0.002714729800285744
1283	0.002714723742657313
1284	0.0027147223920829353
1285	0.0027147257804097597
1286	0.002714721778021428
1287	0.0027147197388878923
1288	0.002714722236643749
1289	0.0027147196541903243
1290	0.0027147174299487573
1291	0.0027147190963902924
1292	0.00271471745586165
1293	0.0027147153021834613
1294	0.0027147162718077983
1295	0.002714715232892336
1296	0.0027147132683577806
1297	0.0027147136862944237
1298	0.002714713012167652
1299	0.002714711280833742
1300	0.0027147112793378405
1301	0.0027147108072474234
1302	0.0027147093129221505
1303	0.0027147090048511295
1304	0.002714708624769033
1305	0.002714707349608616
1306	0.002714706827923668
1307	0.002714706467697112
1308	0.0027147053826628545
1309	0.0027147047220237933
1310	0.0027147043370816396
1311	0.0027147034081356053
1312	0.0027147026668468853
1313	0.0027147022328320412
1314	0.002714701424836828
1315	0.002714700646737861
1316	0.002714700154062777
1317	0.0027146994334885676
1318	0.0027146986496636542
1319	0.0027146980991966255
1320	0.0027146974360492677
1321	0.002714696666514118
1322	0.002714696066000704
1323	0.0027146954351882887
1324	0.0027146946906598194
1325	0.002714694051679828
1326	0.0027146934338094348
1327	0.0027146927176101773
1328	0.0027146920530232016
1329	0.002714691434653068
1330	0.002714690744729309
1331	0.0027146900666406735
1332	0.0027146894399659545
1333	0.0027146887709240024
1334	0.002714688089231192
1335	0.002714687451269481
1336	0.0027146867962840352
1337	0.0027146861178721283
1338	0.0027146854692655107
1339	0.0027146848216836805
1340	0.0027146841502560526
1341	0.002714683493880746
1342	0.002714682848371568
1343	0.0027146821848401453
1344	0.0027146815244407582
1345	0.002714680877599908
1346	0.0027146802208683953
1347	0.002714679559926743
1348	0.002714678910337465
1349	0.0027146782582643733
1350	0.002714677599263157
1351	0.002714676947117458
1352	0.0027146762974236426
1353	0.002714675641565721
1354	0.002714674988021842
1355	0.0027146743389569574
1356	0.0027146736862963053
1357	0.002714673032790446
1358	0.0027146723834483525
1359	0.0027146717333007835
1360	0.002714671080999603
1361	0.002714670431291531
1362	0.002714669782731274
1363	0.002714669132248442
1364	0.002714668482627137
1365	0.002714667834902646
1366	0.0027146671862925227
1367	0.0027146665373859514
1368	0.002714665890136698
1369	0.00271466524309097
1370	0.0027146645953955596
1371	0.002714663948649777
1372	0.0027146633027665943
1373	0.0027146626564988046
1374	0.0027146620105177074
1375	0.002714661365517203
1376	0.002714660720632819
1377	0.0027146600757095053
1378	0.0027146594315212323
1379	0.0027146587878454456
1380	0.0027146581441609054
1381	0.002714657500883742
1382	0.002714656858255975
1383	0.0027146562158405544
1384	0.0027146555736341023
1385	0.00271465493199617
1386	0.002714654290781434
1387	0.002714653649765134
1388	0.0027146530091608527
1389	0.0027146523690681247
1390	0.0027146517292786013
1391	0.002714651089798864
1392	0.002714650450799408
1393	0.0027146498122128577
1394	0.002714649173931935
1395	0.002714648536055764
1396	0.002714647898638595
1397	0.002714647261584858
1398	0.002714646624889639
1399	0.0027146459886363363
1400	0.0027146453528039288
1401	0.002714644717336942
1402	0.0027146440822753055
1403	0.0027146434476551205
1404	0.0027146428134361025
1405	0.0027146421796068122
1406	0.0027146415462082564
1407	0.00271464091324041
1408	0.0027146402806750972
1409	0.002714639648524691
1410	0.0027146390168128515
1411	0.002714638385526789
1412	0.002714637754655472
1413	0.0027146371242169993
1414	0.0027146364942187196
1415	0.002714635864649191
1416	0.0027146352355088867
1417	0.0027146346068119935
1418	0.002714633978558292
1419	0.0027146333507407933
1420	0.0027146327233652256
1421	0.002714632096440589
1422	0.0027146314699639297
1423	0.002714630843933355
1424	0.002714630218355151
1425	0.00271462959323422
1426	0.002714628968568038
1427	0.0027146283443578714
1428	0.002714627720609498
1429	0.0027146270973243685
1430	0.002714626474502302
1431	0.0027146258521455907
1432	0.0027146252302588567
1433	0.0027146246088427762
1434	0.0027146239878980487
1435	0.002714623367427637
1436	0.0027146227474347468
1437	0.0027146221279204883
1438	0.002714621508886139
1439	0.0027146208903344486
1440	0.0027146202722681525
1441	0.0027146196546882838
1442	0.00271461903759695
1443	0.0027146184209965933
1444	0.002714617804889628
1445	0.0027146171892771668
1446	0.00271461657416146
1447	0.002714615959544982
1448	0.00271461534542967
1449	0.002714614731817134
1450	0.0027146141187096426
1451	0.002714613506109182
1452	0.002714612894018124
1453	0.0027146122824380885
1454	0.0027146116713710213
1455	0.002714611060819273
1456	0.002714610450784838
1457	0.0027146098412695174
1458	0.00271460923227535
1459	0.002714608623804422
1460	0.002714608015858866
1461	0.0027146074084402378
1462	0.002714606801551255
1463	0.0027146061951931234
1464	0.002714605589368709
1465	0.0027146049840793213
1466	0.0027146043793269646
1467	0.0027146037751142123
1468	0.0027146031714423815
1469	0.002714602568314167
1470	0.0027146019657308474
1471	0.002714601363694771
1472	0.0027146007622080156
1473	0.0027146001612723294
1474	0.0027145995608898023
1475	0.002714598961062405
1476	0.002714598361792298
1477	0.00271459776308095
1478	0.0027145971649306603
1479	0.0027145965673434145
1480	0.002714595970321091
1481	0.002714595373865783
1482	0.0027145947779792247
1483	0.0027145941826634363
1484	0.0027145935879208127
1485	0.0027145929937525295
1486	0.0027145924001608346
1487	0.00271459180714788
1488	0.002714591214715472
1489	0.002714590622865548
1490	0.0027145900315999863
1491	0.0027145894409208275
1492	0.0027145888508297265
1493	0.002714588261328834
1494	0.002714587672420214
1495	0.0027145870841056245
1496	0.002714586496386833
1497	0.002714585909265624
1498	0.002714585322744453
1499	0.002714584736824804
1500	0.0027145841515087885
1501	0.0027145835667978842
1502	0.0027145829826945586
1503	0.0027145823992001904
1504	0.0027145818163169418
1505	0.0027145812340466542
1506	0.002714580652391137
1507	0.0027145800713524997
1508	0.002714579490932188
1509	0.002714578911132502
1510	0.0027145783319549345
1511	0.0027145777534014434
1512	0.002714577175474021
1513	0.002714576598174297
1514	0.0027145760215041954
1515	0.002714575445465729
1516	0.0027145748700604915
1517	0.002714574295290419
1518	0.00271457372115737
1519	0.002714573147662943
1520	0.002714572574809147
1521	0.0027145720025978527
1522	0.0027145714310306246
1523	0.002714570860109477
1524	0.002714570289836127
1525	0.0027145697202124257
1526	0.0027145691512400786
1527	0.0027145685829208415
1528	0.0027145680152565396
1529	0.0027145674482489533
1530	0.002714566881899848
1531	0.002714566316210748
1532	0.0027145657511838906
1533	0.002714565186820682
1534	0.0027145646231230003
1535	0.00271456406009238
1536	0.0027145634977308463
1537	0.002714562936040051
1538	0.0027145623750215384
1539	0.0027145618146771277
1540	0.002714561255008451
1541	0.0027145606960175092
1542	0.002714560137705674
1543	0.0027145595800749894
1544	0.002714559023126791
1545	0.0027145584668630753
1546	0.0027145579112851023
1547	0.0027145573563948917
1548	0.002714556802194041
1549	0.002714556248684283
1550	0.0027145556958670996
1551	0.0027145551437443515
1552	0.0027145545923172956
1553	0.0027145540415881375
1554	0.0027145534915581204
1555	0.002714552942229042
1556	0.002714552393602163
1557	0.0027145518456795303
1558	0.0027145512984626695
1559	0.002714550751952981
1560	0.0027145502061524927
1561	0.0027145496610621813
1562	0.0027145491166842327
1563	0.002714548573019805
1564	0.0027145480300707217
1565	0.0027145474878382324
1566	0.0027145469463243687
1567	0.002714546405530285
1568	0.002714545865457526
1569	0.0027145453261079307
1570	0.002714544787483112
1571	0.0027145442495839956
1572	0.0027145437124124635
1573	0.0027145431759702447
1574	0.002714542640258435
1575	0.00271454210527904
1576	0.0027145415710329327
1577	0.002714541037522097
1578	0.002714540504747739
1579	0.0027145399727114116
1580	0.0027145394414144833
1581	0.002714538910858656
1582	0.002714538381045192
1583	0.0027145378519758028
1584	0.002714537323651512
1585	0.0027145367960738635
1586	0.0027145362692446123
1587	0.0027145357431648024
1588	0.0027145352178359586
1589	0.0027145346932595537
1590	0.002714534169436708
1591	0.0027145336463693616
1592	0.0027145331240583485
1593	0.0027145326025051356
1594	0.0027145320817115507
1595	0.00271453156167833
1596	0.0027145310424072796
1597	0.002714530523899498
1598	0.002714530006156374
1599	0.002714529489179243
1600	0.002714528972969566
1601	0.002714528457528421
1602	0.0027145279428570385
1603	0.0027145274289572105
1604	0.0027145269158296327
1605	0.002714526403476048
1606	0.0027145258918974996
1607	0.002714525381095188
1608	0.0027145248710705927
1609	0.002714524361824924
1610	0.002714523853359166
1611	0.002714523345674867
1612	0.00271452283877322
1613	0.00271452233265518
1614	0.0027145218273222486
1615	0.002714521322775468
1616	0.002714520819016222
1617	0.0027145203160452045
1618	0.0027145198138642506
1619	0.002714519312474062
1620	0.00271451881187616
1621	0.002714518312071333
1622	0.0027145178130610773
1623	0.002714517314846173
1624	0.0027145168174280538
1625	0.0027145163208075946
1626	0.0027145158249859747
1627	0.0027145153299645945
1628	0.002714514835744343
1629	0.002714514342326173
1630	0.002714513849711159
1631	0.0027145133579007867
1632	0.002714512866895474
1633	0.002714512376696633
1634	0.0027145118873054997
1635	0.0027145113987229446
1636	0.0027145109109497534
1637	0.002714510423987117
1638	0.0027145099378362452
1639	0.002714509452497857
1640	0.0027145089679731543
1641	0.0027145084842630503
1642	0.0027145080013684466
1643	0.002714507519290422
1644	0.00271450703803007
1645	0.002714506557587886
1646	0.002714506077965225
1647	0.002714505599162789
1648	0.0027145051211817134
1649	0.0027145046440226854
1650	0.0027145041676867546
1651	0.0027145036921746774
1652	0.002714503217487628
1653	0.002714502743626299
1654	0.002714502270591597
1655	0.0027145017983843324
1656	0.0027145013270053206
1657	0.002714500856455709
1658	0.002714500386735854
1659	0.0027144999178468614
1660	0.0027144994497896977
1661	0.002714498982564863
1662	0.002714498516173342
1663	0.002714498050615872
1664	0.002714497585893236
1665	0.0027144971220060352
1666	0.0027144966589555657
1667	0.002714496196741836
1668	0.0027144957353661386
1669	0.0027144952748290718
1670	0.002714494815131427
1671	0.0027144943562737614
1672	0.0027144938982570114
1673	0.002714493441081594
1674	0.002714492984748301
1675	0.0027144925292579706
1676	0.0027144920746110996
1677	0.0027144916208082463
1678	0.002714491167850657
1679	0.0027144907157381735
1680	0.0027144902644720545
1681	0.0027144898140525338
1682	0.0027144893644802945
1683	0.002714488915756141
1684	0.0027144884678806237
1685	0.0027144880208541597
1686	0.0027144875746776317
1687	0.002714487129351238
1688	0.0027144866848758382
1689	0.00271448624125174
1690	0.0027144857984797463
1691	0.0027144853565601664
1692	0.0027144849154935487
1693	0.002714484475280566
1694	0.0027144840359218754
1695	0.002714483597417583
1696	0.0027144831597681954
1697	0.0027144827229746505
1698	0.002714482287036795
1699	0.0027144818519555147
1700	0.002714481417731169
1701	0.0027144809843641588
1702	0.0027144805518549316
1703	0.0027144801202039683
1704	0.0027144796894114794
1705	0.0027144792594782766
1706	0.0027144788304043865
1707	0.002714478402190377
1708	0.0027144779748363808
1709	0.002714477548343063
1710	0.0027144771227104506
1711	0.0027144766979392615
1712	0.002714476274029899
1713	0.002714475850982035
1714	0.002714475428796864
1715	0.0027144750074740843
1716	0.0027144745870140204
1717	0.0027144741674173644
1718	0.0027144737486840993
1719	0.0027144733308144355
1720	0.002714472913808881
1721	0.0027144724976677008
1722	0.0027144720823908688
1723	0.0027144716679787123
1724	0.0027144712544316866
1725	0.002714470841749756
1726	0.0027144704299332818
1727	0.0027144700189823978
1728	0.002714469608897305
1729	0.002714469199678148
1730	0.002714468791325178
1731	0.0027144683838384214
1732	0.0027144679772182915
1733	0.002714467571464683
1734	0.00271446716657774
1735	0.0027144667625579703
1736	0.002714466359404879
1737	0.0027144659571191093
1738	0.0027144655557004957
1739	0.0027144651551492087
1740	0.00271446475546523
1741	0.002714464356648856
1742	0.0027144639586997848
1743	0.002714463561618712
1744	0.002714463165404934
1745	0.0027144627700588678
1746	0.0027144623755804374
1747	0.002714461981969708
1748	0.002714461589226872
1749	0.0027144611973516576
1750	0.0027144608063442172
1751	0.002714460416204464
1752	0.0027144600269325345
1753	0.0027144596385279764
1754	0.002714459250990978
1755	0.00271445886432169
1756	0.0027144584785198447
1757	0.002714458093585619
1758	0.002714457709518589
1759	0.0027144573263186123
1760	0.0027144569439859333
1761	0.002714456562520432
1762	0.0027144561819217395
1763	0.002714455802189949
1764	0.002714455423324736
1765	0.002714455045326129
1766	0.0027144546681939588
1767	0.002714454291928077
1768	0.0027144539165280387
1769	0.0027144535419941253
1770	0.0027144531683257834
1771	0.0027144527955229635
1772	0.002714452423585643
1773	0.0027144520525132134
1774	0.002714451682305795
1775	0.002714451312963078
1776	0.0027144509444847146
1777	0.0027144505768707345
1778	0.0027144502101208276
1779	0.0027144498442342986
1780	0.00271444947921162
1781	0.0027144491150522445
1782	0.0027144487517561234
1783	0.0027144483893244745
1784	0.0027144480277574577
1785	0.0027144476670580616
1786	0.002714447307231889
1787	0.0027144469482918367
1788	0.0027144465902646355
1789	0.002714446233208561
1790	0.002714445877247865
1791	0.002714445522652191
1792	0.0027144451700059124
1793	0.0027144448205835333
1794	0.0027144444771783514
1795	0.0027144441459434118
1796	0.002714443840502165
1797	0.0027144435911258366
1798	0.0027144434653296632
1799	0.002714443613471044
1800	0.0027144443687933907
1801	0.002714446451811226
1802	0.002714451339641194
1803	0.0027144616141595314
1804	0.00271448005879032
1805	0.002714503371865095
1806	0.0027145116535855648
1807	0.002714483012114509
1808	0.0027144448606559643
1809	0.0027144458881509345
1810	0.002714472039531657
1811	0.0027144714301477676
1812	0.00271444472505938
1813	0.0027144411989634696
1814	0.0027144591911686376
1815	0.0027144559717954793
1816	0.0027144384858308872
1817	0.0027144420567826893
1818	0.002714452344863973
1819	0.0027144436624977368
1820	0.002714435651753982
1821	0.0027144431906981205
1822	0.00271444468903527
1823	0.002714435939662474
1824	0.002714436372012879
1825	0.002714441479324073
1826	0.0027144372336648796
1827	0.0027144333581652557
1828	0.0027144370190228645
1829	0.0027144370568321593
1830	0.0027144327020856675
1831	0.0027144333912721887
1832	0.0027144353520187486
1833	0.0027144326746858976
1834	0.002714431204849357
1835	0.0027144329711472777
1836	0.002714432257908222
1837	0.0027144301348963756
1838	0.0027144307285211075
1839	0.0027144312001968936
1840	0.0027144295528437465
1841	0.0027144290348332
1842	0.0027144297215806017
1843	0.0027144289439209367
1844	0.002714427896072226
1845	0.002714428177887124
1846	0.002714428074284314
1847	0.002714427085260638
1848	0.0027144268286860077
1849	0.0027144269656400816
1850	0.0027144263404970006
1851	0.002714425750189135
1852	0.0027144257705434154
1853	0.0027144254987351672
1854	0.002714424868639288
1855	0.0027144246392495925
1856	0.0027144245321284524
1857	0.0027144240535233056
1858	0.002714423640207631
1859	0.002714423505214413
1860	0.002714423205201343
1861	0.0027144227528865302
1862	0.0027144225011858734
1863	0.002714422294903369
1864	0.0027144219115127098
1865	0.002714421565719778
1866	0.0027144213518332455
1867	0.0027144210589866596
1868	0.0027144206929651943
1869	0.0027144204218746
1870	0.002714420176814268
1871	0.0027144198477904225
1872	0.0027144195314163177
1873	0.002714419280890147
1874	0.002714418998677638
1875	0.0027144186768341856
1876	0.002714418396943058
1877	0.002714418136705064
1878	0.002714417837881466
1879	0.0027144175384009508
1880	0.0027144172724541888
1881	0.0027144169979399875
1882	0.0027144167010693283
1883	0.002714416420312051
1884	0.0027144161544469083
1885	0.0027144158727542543
1886	0.002714415585773978
1887	0.0027144153150651905
1888	0.002714415045567803
1889	0.002714414764339729
1890	0.0027144144873333356
1891	0.002714414220375193
1892	0.002714413948907401
1893	0.002714413672289723
1894	0.002714413402447442
1895	0.002714413136654595
1896	0.0027144128659968092
1897	0.002714412595001496
1898	0.0027144123296960862
1899	0.002714412064892872
1900	0.002714411797004852
1901	0.0027144115310883048
1902	0.0027144112688263543
1903	0.002714411005736131
1904	0.0027144107414820463
1905	0.00271441047975496
1906	0.002714410220008118
1907	0.002714409959374392
1908	0.0027144096988962075
1909	0.0027144094406693995
1910	0.002714409183425984
1911	0.0027144089257198447
1912	0.002714408668849227
1913	0.0027144084137344284
1914	0.002714408159156603
1915	0.0027144079045856007
1916	0.0027144076510949504
1917	0.002714407398928133
1918	0.002714407147176072
1919	0.0027144068957839027
1920	0.002714406645490676
1921	0.002714406396228104
1922	0.002714406147406208
1923	0.0027144058991605624
1924	0.0027144056519455657
1925	0.002714405405591062
1926	0.002714405159748065
1927	0.0027144049145942065
1928	0.0027144046703876257
1929	0.0027144044269539853
1930	0.0027144041841012877
1931	0.0027144039419864795
1932	0.0027144037007475964
1933	0.0027144034602427447
1934	0.0027144032203705033
1935	0.0027144029812509376
1936	0.002714402742954579
1937	0.0027144025053769307
1938	0.0027144022684660544
1939	0.002714402032306708
1940	0.002714401796933684
1941	0.0027144015622748586
1942	0.0027144013283025075
1943	0.0027144010950743815
1944	0.0027144008626078745
1945	0.002714400630853719
1946	0.0027144003997968407
1947	0.002714400169474905
1948	0.002714399939897324
1949	0.002714399711031195
1950	0.0027143994828669345
1951	0.0027143992554287412
1952	0.002714399028722078
1953	0.0027143988027252056
1954	0.002714398577431236
1955	0.0027143983528551815
1956	0.002714398129000694
1957	0.00271439790585363
1958	0.002714397683407909
1959	0.002714397461672802
1960	0.0027143972406511556
1961	0.002714397020333238
1962	0.0027143968007144015
1963	0.0027143965817993244
1964	0.002714396363590681
1965	0.0027143961460814672
1966	0.0027143959292679157
1967	0.0027143957131523736
1968	0.002714395497735878
1969	0.002714395283014901
1970	0.002714395068985373
1971	0.00271439485564787
1972	0.0027143946430033708
1973	0.002714394431049448
1974	0.002714394219782384
1975	0.002714394009202195
1976	0.0027143937993087076
1977	0.002714393590100407
1978	0.0027143933815748185
1979	0.0027143931737302726
1980	0.002714392966566742
1981	0.0027143927600831756
1982	0.002714392554277198
1983	0.0027143923491473906
1984	0.0027143921446925495
1985	0.0027143919409121364
1986	0.0027143917378043107
1987	0.002714391535367172
1988	0.0027143913335998886
1989	0.0027143911325014144
1990	0.0027143909320697683
1991	0.002714390732304242
1992	0.0027143905332024476
1993	0.002714390334764203
1994	0.00271439013698745
1995	0.002714389939871165
1996	0.0027143897434137544
1997	0.002714389547613886
1998	0.0027143893524704706
1999	0.002714389157981801
2000	0.0027143889641464674
2001	0.0027143887709633096
2002	0.002714388578430917
2003	0.002714388386548134
2004	0.0027143881953131293
2005	0.002714388004724778
2006	0.0027143878147816063
2007	0.0027143876254825286
2008	0.00271438743682554
2009	0.0027143872488101265
2010	0.002714387061434296
2011	0.002714386874696706
2012	0.0027143866885963176
2013	0.0027143865031313045
2014	0.002714386318300539
2015	0.0027143861341025707
2016	0.0027143859505360723
2017	0.0027143857675996693
2018	0.0027143855852919817
2019	0.002714385403611335
2020	0.0027143852225567622
2021	0.002714385042126479
2022	0.0027143848623196387
2023	0.0027143846831341883
2024	0.002714384504569018
2025	0.002714384326622755
2026	0.0027143841492939125
2027	0.0027143839725814953
2028	0.0027143837964835387
2029	0.00271438362099907
2030	0.0027143834461264647
2031	0.0027143832718643838
2032	0.002714383098211282
2033	0.002714382925166082
2034	0.0027143827527270387
2035	0.002714382580892929
2036	0.002714382409662536
2037	0.002714382239034092
2038	0.002714382069006356
2039	0.0027143818995779565
2040	0.002714381730747505
2041	0.0027143815625135124
2042	0.0027143813948747593
2043	0.002714381227829534
2044	0.002714381061376576
2045	0.0027143808955148022
2046	0.0027143807302419947
2047	0.002714380565557493
2048	0.0027143804014596973
2049	0.002714380237947164
2050	0.0027143800750184304
2051	0.0027143799126720623
2052	0.0027143797509068934
2053	0.0027143795897213827
2054	0.002714379429113976
2055	0.002714379269083555
2056	0.0027143791096284455
2057	0.0027143789507474846
2058	0.00271437879243897
2059	0.002714378634701678
2060	0.002714378477534239
2061	0.0027143783209350987
2062	0.0027143781649030204
2063	0.0027143780094364242
2064	0.0027143778545340442
2065	0.0027143777001943452
2066	0.002714377546416164
2067	0.0027143773931979287
2068	0.002714377240538123
2069	0.0027143770884355697
2070	0.0027143769368885426
2071	0.002714376785896303
2072	0.002714376635456653
2073	0.0027143764855684727
2074	0.002714376336230766
2075	0.002714376187441376
2076	0.002714376039199568
2077	0.0027143758915035496
2078	0.002714375744352206
2079	0.0027143755977437783
2080	0.0027143754516773585
2081	0.002714375306150928
2082	0.002714375161163501
2083	0.0027143750167138527
2084	0.0027143748728001207
2085	0.002714374729421236
2086	0.0027143745865754543
2087	0.0027143744442616148
2088	0.0027143743024783794
2089	0.0027143741612244547
2090	0.0027143740204981642
2091	0.0027143738802982292
2092	0.002714373740623162
2093	0.0027143736014716056
2094	0.0027143734628425156
2095	0.0027143733247339727
2096	0.0027143731871449974
2097	0.0027143730500738842
2098	0.0027143729135195296
2099	0.0027143727774800955
2100	0.0027143726419549576
2101	0.002714372506942012
2102	0.002714372372440146
2103	0.002714372238447793
2104	0.0027143721049641615
2105	0.002714371971987175
2106	0.002714371839515569
2107	0.0027143717075483113
2108	0.0027143715760841293
2109	0.0027143714451210144
2110	0.002714371314658021
2111	0.0027143711846937153
2112	0.0027143710552263948
2113	0.00271437092625518
2114	0.0027143707977784824
2115	0.0027143706697951636
2116	0.0027143705423032967
2117	0.0027143704153020473
2118	0.0027143702887894848
2119	0.0027143701627649806
2120	0.0027143700372266643
2121	0.002714369912173435
2122	0.0027143697876036133
2123	0.0027143696635159083
2124	0.0027143695399093138
2125	0.0027143694167821
2126	0.002714369294132966
2127	0.0027143691719606153
2128	0.0027143690502636508
2129	0.002714368929040831
2130	0.002714368808290713
2131	0.0027143686880120666
2132	0.0027143685682032466
2133	0.002714368448863128
2134	0.0027143683299904317
2135	0.002714368211583499
2136	0.0027143680936414045
2137	0.002714367976162303
2138	0.002714367859145147
2139	0.0027143677425889223
2140	0.002714367626491837
2141	0.0027143675108524177
2142	0.002714367395669715
2143	0.0027143672809422322
2144	0.002714367166668626
2145	0.002714367052847556
2146	0.0027143669394776746
2147	0.0027143668265579017
2148	0.0027143667140865496
2149	0.0027143666020627193
2150	0.0027143664904843634
2151	0.002714366379350802
2152	0.0027143662686604743
2153	0.002714366158412106
2154	0.002714366048604489
2155	0.002714365939236057
2156	0.002714365830305826
2157	0.0027143657218121203
2158	0.0027143656137537313
2159	0.0027143655061296107
2160	0.0027143653989381705
2161	0.002714365292178061
2162	0.002714365185848204
2163	0.002714365079947188
2164	0.0027143649744735565
2165	0.0027143648694263733
2166	0.002714364764803995
2167	0.0027143646606054166
2168	0.002714364556828947
2169	0.0027143644534736453
2170	0.002714364350538157
2171	0.0027143642480212484
2172	0.0027143641459213396
2173	0.0027143640442373203
2174	0.0027143639429680557
2175	0.00271436384211191
2176	0.0027143637416679406
2177	0.0027143636416347445
2178	0.0027143635420109895
2179	0.0027143634427953356
2180	0.0027143633439867393
2181	0.002714363245584061
2182	0.002714363147585456
2183	0.0027143630499901475
2184	0.0027143629527967123
2185	0.0027143628560037806
2186	0.002714362759610194
2187	0.002714362663614692
2188	0.002714362568016106
2189	0.0027143624728129256
2190	0.0027143623780042604
2191	0.002714362283588533
2192	0.0027143621895645287
2193	0.0027143620959312266
2194	0.0027143620026873084
2195	0.002714361909831362
2196	0.002714361817362203
2197	0.002714361725278614
2198	0.0027143616335794634
2199	0.002714361542263397
2200	0.0027143614513292333
2201	0.0027143613607756
2202	0.002714361270601471
2203	0.0027143611808056805
2204	0.0027143610913866537
2205	0.0027143610023434087
2206	0.00271436091367463
2207	0.0027143608253793897
2208	0.002714360737455975
2209	0.0027143606499034113
2210	0.0027143605627206004
2211	0.0027143604759061624
2212	0.002714360389459045
2213	0.0027143603033778813
2214	0.0027143602176615887
2215	0.0027143601323088426
2216	0.0027143600473186714
2217	0.00271435996268951
2218	0.0027143598784204023
2219	0.0027143597945101933
2220	0.0027143597109575697
2221	0.002714359627761379
2222	0.0027143595449205587
2223	0.0027143594624337497
2224	0.002714359380299806
2225	0.002714359298517336
2226	0.0027143592170858653
2227	0.0027143591360035196
2228	0.0027143590552691724
2229	0.0027143589748822045
2230	0.002714358894840705
2231	0.0027143588151440773
2232	0.002714358735790851
2233	0.0027143586567799317
2234	0.0027143585781104155
2235	0.0027143584997806154
2236	0.0027143584217896796
2237	0.0027143583441366945
2238	0.0027143582668201836
2239	0.0027143581898391193
2240	0.0027143581131921423
2241	0.0027143580368782726
2242	0.0027143579608966337
2243	0.0027143578852455554
2244	0.002714357809924226
2245	0.0027143577349314405
2246	0.0027143576602661834
2247	0.0027143575859271624
2248	0.0027143575119132055
2249	0.002714357438223453
2250	0.002714357364856421
2251	0.002714357291811279
2252	0.002714357219086875
2253	0.002714357146681894
2254	0.0027143570745953105
2255	0.002714357002826211
2256	0.002714356931373228
2257	0.002714356860235321
2258	0.002714356789411328
2259	0.0027143567189003804
2260	0.0027143566487012405
2261	0.002714356578812767
2262	0.002714356509233659
2263	0.002714356439963029
2264	0.0027143563710002373
2265	0.002714356302343635
2266	0.002714356233992098
2267	0.0027143561659448995
2268	0.0027143560982005694
2269	0.002714356030758243
2270	0.0027143559636169275
2271	0.0027143558967754017
2272	0.0027143558302326703
2273	0.0027143557639874296
2274	0.002714355698038939
2275	0.002714355632386224
2276	0.002714355567027627
2277	0.00271435550196268
2278	0.0027143554371900727
2279	0.0027143553727086984
2280	0.0027143553085176076
2281	0.0027143552446159415
2282	0.002714355181002213
2283	0.002714355117675678
2284	0.002714355054635403
2285	0.0027143549918799102
2286	0.002714354929408416
2287	0.002714354867220116
2288	0.002714354805313672
2289	0.00271435474368833
2290	0.0027143546823430054
2291	0.002714354621276961
2292	0.0027143545604893424
2293	0.0027143544999805504
2294	0.0027143544397507046
2295	0.00271435437980198
2296	0.0027143543201402433
2297	0.002714354260777675
2298	0.0027143542017408783
2299	0.0027143541430846574
2300	0.002714354084924188
2301	0.002714354027498584
2302	0.00271435397130736
2303	0.002714353917399439
2304	0.0027143538679844552
2305	0.0027143538277431952
2306	0.0027143538066304504
2307	0.0027143538259196093
2308	0.0027143539311786343
2309	0.002714354220243909
2310	0.0027143549020719098
2311	0.002714356418286862
2312	0.0027143596664561858
2313	0.0027143663289867317
2314	0.002714378874079739
2315	0.0027143985897527386
2316	0.0027144182933360843
2317	0.0027144171056074588
2318	0.00271438454342374
2319	0.0027143549954345824
2320	0.002714362536215771
2321	0.0027143852198555428
2322	0.0027143819037309435
2323	0.0027143588617820433
2324	0.0027143560354927817
2325	0.002714371362945235
2326	0.0027143706893224644
2327	0.0027143559840428957
2328	0.002714356013609413
2329	0.0027143657647844526
2330	0.002714362155577011
2331	0.0027143532973281414
2332	0.002714356762681768
2333	0.002714361774630682
2334	0.0027143563611587763
2335	0.0027143525346396045
2336	0.002714357024116426
2337	0.0027143579723638792
2338	0.00271435312184335
2339	0.002714352951137634
2340	0.002714356285190164
2341	0.0027143548040929233
2342	0.002714351905156912
2343	0.0027143534228130798
2344	0.002714354836598642
2345	0.0027143527300537464
2346	0.0027143517929179707
2347	0.002714353379293834
2348	0.002714353295385786
2349	0.002714351716128661
2350	0.0027143519552733125
2351	0.0027143528599313516
2352	0.0027143521209345915
2353	0.002714351368977597
2354	0.002714351960918641
2355	0.0027143521662099874
2356	0.0027143514152382
2357	0.0027143512771651617
2358	0.0027143517418321077
2359	0.0027143515424438197
2360	0.0027143510558822804
2361	0.0027143511960812062
2362	0.002714351398440972
2363	0.0027143510844103553
2364	0.0027143508691177373
2365	0.0027143510477069697
2366	0.0027143510433908715
2367	0.0027143507754435053
2368	0.0027143507309832886
2369	0.002714350844012491
2370	0.0027143507364866784
2371	0.0027143505605245954
2372	0.002714350585450908
2373	0.0027143506195702887
2374	0.002714350488776787
2375	0.0027143503905588257
2376	0.0027143504219431123
2377	0.0027143504003992597
2378	0.0027143502863259386
2379	0.0027143502357568306
2380	0.002714350248289563
2381	0.002714350198207848
2382	0.0027143501110322562
2383	0.002714350082704431
2384	0.0027143500738091597
2385	0.0027143500146104625
2386	0.0027143499500099444
2387	0.00271434992801081
2388	0.0027143499037083057
2389	0.0027143498460468337
2390	0.0027143497963930813
2391	0.0027143497730176603
2392	0.0027143497398143114
2393	0.0027143496876848886
2394	0.002714349646823957
2395	0.0027143496199357204
2396	0.0027143495824941285
2397	0.0027143495359455627
2398	0.0027143494997387903
2399	0.002714349469910674
2400	0.002714349431268936
2401	0.0027143493890277644
2402	0.002714349354872882
2403	0.0027143493231731493
2404	0.0027143492850415117
2405	0.002714349245969296
2406	0.0027143492126013337
2407	0.00271434917985806
2408	0.00271434914282896
2409	0.002714349106048618
2410	0.0027143490731012998
2411	0.002714349040012807
2412	0.0027143490041608744
2413	0.0027143489689557382
2414	0.002714348936326679
2415	0.0027143489033928645
2416	0.0027143488687126956
2417	0.00271434883466819
2418	0.0027143488023366595
2419	0.0027143487697712937
2420	0.002714348736162233
2421	0.002714348703085057
2422	0.002714348671146173
2423	0.0027143486390663442
2424	0.0027143486063792043
2425	0.002714348574118255
2426	0.002714348542650256
2427	0.0027143485111416374
2428	0.0027143484792913623
2429	0.00271434844776288
2430	0.002714348416802619
2431	0.00271434838588217
2432	0.0027143483547952068
2433	0.0027143483239608357
2434	0.0027143482935517195
2435	0.0027143482632319246
2436	0.002714348232848382
2437	0.002714348202666505
2438	0.002714348172823029
2439	0.0027143481431082025
2440	0.002714348113397542
2441	0.0027143480838503187
2442	0.002714348054577512
2443	0.0027143480254567904
2444	0.0027143479963874103
2445	0.0027143479674589708
2446	0.0027143479387605252
2447	0.0027143479102271534
2448	0.0027143478817782197
2449	0.002714347853455788
2450	0.0027143478253284755
2451	0.002714347797370002
2452	0.0027143477695206223
2453	0.0027143477417933375
2454	0.002714347714236032
2455	0.0027143476868439266
2456	0.0027143476595768885
2457	0.002714347632431344
2458	0.0027143476054381343
2459	0.002714347578604059
2460	0.0027143475519039503
2461	0.002714347525327734
2462	0.0027143474988930907
2463	0.0027143474726092406
2464	0.0027143474464632984
2465	0.0027143474204442
2466	0.0027143473945588784
2467	0.0027143473688173137
2468	0.0027143473432143534
2469	0.00271434731774026
2470	0.0027143472923959306
2471	0.0027143472671885887
2472	0.0027143472421184305
2473	0.00271434721717782
2474	0.0027143471923649076
2475	0.0027143471676836914
2476	0.002714347143136043
2477	0.00271434711871833
2478	0.002714347094427072
2479	0.0027143470702634775
2480	0.0027143470462297698
2481	0.0027143470223246736
2482	0.0027143469985449324
2483	0.0027143469748900782
2484	0.002714346951361476
2485	0.0027143469279592223
2486	0.002714346904681298
2487	0.0027143468815262906
2488	0.002714346858494163
2489	0.002714346835585732
2490	0.002714346812799782
2491	0.0027143467901351
2492	0.0027143467675909455
2493	0.0027143467451674155
2494	0.002714346722864583
2495	0.0027143467006809398
2496	0.002714346678615708
2497	0.0027143466566686074
2498	0.00271434663483976
2499	0.002714346613128049
2500	0.002714346591532996
2501	0.0027143465700538633
2502	0.0027143465486904558
2503	0.002714346527441888
2504	0.002714346506308217
2505	0.0027143464852884534
2506	0.002714346464381872
2507	0.0027143464435881925
2508	0.002714346422907119
2509	0.002714346402337883
2510	0.002714346381879776
2511	0.002714346361532376
2512	0.002714346341295693
2513	0.002714346321168496
2514	0.00271434630115048
2515	0.0027143462812414666
2516	0.0027143462614406576
2517	0.0027143462417474054
2518	0.00271434622216149
2519	0.0027143462026822337
2520	0.0027143461833090067
2521	0.002714346164041701
2522	0.00271434614487954
2523	0.002714346125822056
2524	0.002714346106868792
2525	0.0027143460880192935
2526	0.002714346069272784
2527	0.002714346050629169
2528	0.0027143460320878158
2529	0.0027143460136481736
2530	0.0027143459953097907
2531	0.0027143459770722603
2532	0.0027143459589352025
2533	0.002714345940897744
2534	0.002714345922959707
2535	0.0027143459051207656
2536	0.002714345887380305
2537	0.0027143458697378663
2538	0.0027143458521934538
2539	0.0027143458347469243
2540	0.0027143458173977133
2541	0.002714345800146725
2542	0.002714345782994738
2543	0.002714345765943661
2544	0.002714345748997514
2545	0.002714345732163286
2546	0.0027143457154537587
2547	0.002714345698892686
2548	0.0027143456825225926
2549	0.002714345666421733
2550	0.0027143456507340248
2551	0.0027143456357244635
2552	0.002714345621887844
2553	0.0027143456101503607
2554	0.0027143456022636274
2555	0.0027143456015537725
2556	0.0027143456144053087
2557	0.002714345653110196
2558	0.0027143457416245946
2559	0.0027143459266580224
2560	0.0027143463007191448
2561	0.002714347046143581
2562	0.0027143485303749142
2563	0.002714351483041484
2564	0.0027143574032179128
2565	0.0027143692667663637
2566	0.0027143933178745065
2567	0.0027144416968316208
2568	0.0027145402715787687
2569	0.0027147350570851663
2570	0.002715120719237675
2571	0.002715806741246042
2572	0.002716938188215525
2573	0.0027181348894451747
2574	0.00271860899554756
2575	0.0027169632550812497
2576	0.0027147596327093257
2577	0.002714632553051913
2578	0.0027159357966898405
2579	0.002715588200134374
2580	0.0027143890021967786
2581	0.0027149880725400198
2582	0.002715318544129058
2583	0.0027144193792709537
2584	0.0027147560394079726
2585	0.0027149820975316437
2586	0.002714371230138776
2587	0.002714742432242275
2588	0.0027146854253825574
2589	0.002714373786202092
2590	0.00271472240693108
2591	0.0027144540607330096
2592	0.0027144675513772593
2593	0.002714597144074578
2594	0.002714357604455475
2595	0.0027145411447337072
2596	0.0027144322354748524
2597	0.0027144064529963817
2598	0.002714494871694987
2599	0.002714358229773144
2600	0.002714463839858923
2601	0.002714395257382059
2602	0.0027143930686623964
2603	0.002714430564092083
2604	0.0027143595630368346
2605	0.0027144220900747478
2606	0.002714371081712853
