0	0.011262341105073324
1	0.010114984027596346
2	0.009265716290437102
3	0.00859890659960149
4	0.008063482334003993
5	0.007648177757112487
6	0.007349748881895342
7	0.007132272553522926
8	0.006939848660855586
9	0.0067468844352070205
10	0.006564811458453755
11	0.006409198292316865
12	0.006281041455595146
13	0.006169816659293941
14	0.006064255806990247
15	0.005958621732412716
16	0.005853144282577289
17	0.005751846942098892
18	0.005659585702269543
19	0.005578921814196543
20	0.005508129642620524
21	0.0054423456902722295
22	0.005377644875599187
23	0.005314090934697968
24	0.00525471139665836
25	0.005202136022100898
26	0.005156441001876492
27	0.005115558108044971
28	0.0050770825382769925
29	0.005039772865193491
30	0.005003956332636911
31	0.0049709347139024525
32	0.00494186674859399
33	0.004916805704170836
34	0.004894611091250161
35	0.004873894423119147
36	0.004854139891834561
37	0.004835885282224835
38	0.004819896222404637
39	0.004806292662548783
40	0.004794415336058106
41	0.0047833562065737216
42	0.004772569444965682
43	0.004762106246939804
44	0.00475240036331316
45	0.004743832535520196
46	0.004736419166415338
47	0.004729861367548143
48	0.0047238774377126305
49	0.004718474074846506
50	0.004713894272064359
51	0.004710334524180199
52	0.004707735673627277
53	0.004705820684627067
54	0.004704293788577965
55	0.004703004631372303
56	0.004701959412576478
57	0.0047012044996971505
58	0.004700701183001723
59	0.004700302134709126
60	0.00469984161946132
61	0.0046992446832709745
62	0.004698550559947018
63	0.004697841307952606
64	0.004697158050734672
65	0.004696481280199466
66	0.0046957756748575935
67	0.004695042619764143
68	0.0046943299416968105
69	0.004693695703900094
70	0.0046931638892118545
71	0.004692712627874133
72	0.004692301918495361
73	0.00469191051380642
74	0.004691546847544032
75	0.004691228759707283
76	0.004690957459265714
77	0.004690712022121297
78	0.004690466332196611
79	0.004690209106750856
80	0.004689948590900141
81	0.004689700900218554
82	0.004689475616229136
83	0.004689271590708892
84	0.004689083709727489
85	0.004688911134140997
86	0.004688758462636611
87	0.004688630146192526
88	0.0046885250411473085
89	0.004688436468542686
90	0.00468835690831761
91	0.004688282365928113
92	0.004688212649228385
93	0.004688148123242534
94	0.004688086668207186
95	0.004688023911669267
96	0.004687956297376344
97	0.0046878837496111755
98	0.004687809312322691
99	0.004687736319734978
100	0.004687665962972014
101	0.0046875973384524795
102	0.00468752938511507
103	0.004687462468422827
104	0.004687398170477548
105	0.004687337844340279
106	0.004687281526292267
107	0.004687228115743358
108	0.004687176380499513
109	0.004687125731455363
110	0.0046870761911242355
111	0.0046870278353358455
112	0.004686980377360478
113	0.004686933277012562
114	0.004686886193373542
115	0.004686839294990902
116	0.004686793128135576
117	0.004686748197516942
118	0.00468670467302687
119	0.004686662456155523
120	0.004686621449059842
121	0.004686581701592264
122	0.004686543308456309
123	0.004686506216304474
124	0.004686470161098142
125	0.004686434782805781
126	0.004686399790840632
127	0.0046863650423448495
128	0.004686330503640094
129	0.004686296164393683
130	0.004686261991374287
131	0.0046862279523300415
132	0.004686194066725088
133	0.004686160415712671
134	0.004686127092315479
135	0.004686094140785098
136	0.004686061543672845
137	0.004686029258714804
138	0.004685997256882781
139	0.0046859655243646475
140	0.0046859340395370205
141	0.004685902759666176
142	0.00468587163300107
143	0.00468584062272489
144	0.004685809720749409
145	0.004685778941547561
146	0.0046857483034552175
147	0.0046857178140620355
148	0.004685687471037351
149	0.004685657273728808
150	0.004685627230136876
151	0.004685597350632029
152	0.004685567635986032
153	0.004685538073165547
154	0.004685508642518207
155	0.004685479328129974
156	0.004685450122239572
157	0.004685421022223301
158	0.004685392025082525
159	0.004685363124986444
160	0.004685334315663324
161	0.004685305594645134
162	0.004685276964612408
163	0.0046852484301768815
164	0.0046852199934261304
165	0.004685191652567956
166	0.0046851634041827
167	0.00468513524597911
168	0.004685107177400443
169	0.004685079198274662
170	0.004685051307352006
171	0.004685023502127997
172	0.004684995780014441
173	0.004684968139777031
174	0.00468494058190278
175	0.004684913107610137
176	0.004684885717607321
177	0.00468485841179427
178	0.004684831189872505
179	0.004684804051891285
180	0.004684776998161659
181	0.004684750028806159
182	0.00468472314345649
183	0.0046846963413611584
184	0.0046846696217889144
185	0.004684642984410501
186	0.004684616429345025
187	0.004684589956908478
188	0.00468456356737422
189	0.004684537260984561
190	0.0046845110380840365
191	0.0046844848991448
192	0.0046844588446444055
193	0.004684432874930955
194	0.004684406990193026
195	0.004684381190536281
196	0.004684355476113575
197	0.004684329847189699
198	0.004684304304098742
199	0.0046842788471632936
200	0.0046842534766779595
201	0.004684228192960965
202	0.004684202996392164
203	0.004684177887394156
204	0.004684152866372934
205	0.004684127933673158
206	0.004684103089573933
207	0.004684078334323419
208	0.004684053668184466
209	0.004684029091441865
210	0.004684004604380987
211	0.0046839802072638865
212	0.004683955900337357
213	0.004683931683856546
214	0.004683907558093591
215	0.004683883523335794
216	0.004683859579864036
217	0.0046838357279371705
218	0.004683811967786689
219	0.004683788299629074
220	0.004683764723676631
221	0.004683741240134795
222	0.00468371784919942
223	0.0046836945510448195
224	0.004683671345837807
225	0.004683648233734041
226	0.004683625214886088
227	0.004683602289441939
228	0.004683579457538937
229	0.004683556719300797
230	0.004683534074833441
231	0.004683511524236234
232	0.004683489067595362
233	0.004683466704986223
234	0.004683444436473043
235	0.004683422262104385
236	0.004683400181918723
237	0.004683378195941989
238	0.004683356304191882
239	0.00468333450667617
240	0.004683312803392074
241	0.004683291194325348
242	0.004683269679452357
243	0.004683248258736342
244	0.004683226932133876
245	0.004683205699587163
246	0.004683184561030419
247	0.004683163516385504
248	0.004683142565563308
249	0.004683121708465799
250	0.004683100944985636
251	0.0046830802750043084
252	0.004683059698396795
253	0.004683039215026243
254	0.004683018824747471
255	0.004682998527406811
256	0.004682978322842518
257	0.004682958210883491
258	0.004682938191347491
259	0.00468291826404754
260	0.004682898428785608
261	0.004682878685357361
262	0.0046828590335491966
263	0.004682839473141403
264	0.004682820003904792
265	0.00468280062560531
266	0.004682781337999138
267	0.004682762140837654
268	0.0046827430338645445
269	0.004682724016817706
270	0.004682705089426979
271	0.004682686251416589
272	0.0046826675025045715
273	0.004682648842404248
274	0.004682630270821263
275	0.004682611787455132
276	0.004682593392003239
277	0.0046825750841548415
278	0.004682556863595472
279	0.004682538730004409
280	0.004682520683057127
281	0.004682502722425794
282	0.004682484847774331
283	0.004682467058766071
284	0.004682449355058796
285	0.004682431736305967
286	0.004682414202157841
287	0.004682396752260285
288	0.004682379386256939
289	0.004682362103786533
290	0.0046823449044858375
291	0.004682327787986353
292	0.004682310753920459
293	0.004682293801913585
294	0.004682276931591599
295	0.004682260142576566
296	0.004682243434487281
297	0.0046822268069414644
298	0.004682210259555121
299	0.0046821937919402385
300	0.0046821774037093975
301	0.004682161094470989
302	0.004682144863833801
303	0.004682128711403647
304	0.004682112636785957
305	0.004682096639584206
306	0.004682080719399604
307	0.004682064875834363
308	0.004682049108488692
309	0.004682033416962319
310	0.004682017800853494
311	0.004682002259759838
312	0.004681986793278906
313	0.004681971401007766
314	0.004681956082540957
315	0.004681940837477522
316	0.004681925665410402
317	0.004681910565937106
318	0.004681895538651602
319	0.004681880583151176
320	0.004681865699030657
321	0.00468185088588617
322	0.004681836143313615
323	0.004681821470909009
324	0.004681806868270718
325	0.004681792334993116
326	0.004681777870676477
327	0.00468176347491856
328	0.004681749147317936
329	0.004681734887474717
330	0.0046817206949893286
331	0.0046817065694631675
332	0.004681692510498507
333	0.00468167851769857
334	0.004681664590667231
335	0.004681650729010371
336	0.004681636932333252
337	0.004681623200245226
338	0.004681609532353631
339	0.004681595928267377
340	0.004681582387600606
341	0.0046815689099639485
342	0.004681555494971146
343	0.004681542142238817
344	0.004681528851382267
345	0.004681515622020616
346	0.004681502453773418
347	0.004681489346262758
348	0.00468147629911039
349	0.004681463311941532
350	0.004681450384381038
351	0.004681437516059192
352	0.004681424706603348
353	0.004681411955646211
354	0.004681399262819234
355	0.004681386627758219
356	0.004681374050099985
357	0.004681361529482109
358	0.004681349065545376
359	0.004681336657931542
360	0.004681324306284342
361	0.004681312010250212
362	0.004681299769475959
363	0.0046812875836123626
364	0.004681275452310287
365	0.004681263375222889
366	0.004681251352006765
367	0.004681239382318684
368	0.004681227465818097
369	0.004681215602166526
370	0.004681203791027795
371	0.004681192032066539
372	0.00468118032495104
373	0.004681168669350625
374	0.004681157064936608
375	0.0046811455113822675
376	0.0046811340083642095
377	0.004681122555558767
378	0.004681111152647232
379	0.004681099799310705
380	0.004681088495232133
381	0.004681077240098956
382	0.00468106603359768
383	0.004681054875419959
384	0.0046810437652564825
385	0.004681032702801977
386	0.004681021687753096
387	0.004681010719806358
388	0.004680999798664793
389	0.004680988924028634
390	0.004680978095603004
391	0.004680967313094898
392	0.004680956576212313
393	0.004680945884665872
394	0.004680935238168056
395	0.004680924636435237
396	0.004680914079181375
397	0.004680903566127286
398	0.0046808930969926355
399	0.0046808826715007724
400	0.0046808722893758046
401	0.004680861950344844
402	0.004680851654137896
403	0.00468084140048373
404	0.0046808311891161965
405	0.004680821019770451
406	0.00468081089218157
407	0.0046808008060897485
408	0.004680790761235369
409	0.00468078075736027
410	0.004680770794209069
411	0.004680760871528844
412	0.004680750989067764
413	0.004680741146575232
414	0.00468073134380406
415	0.004680721580508121
416	0.004680711856442917
417	0.004680702171366789
418	0.004680692525039017
419	0.0046806829172215385
420	0.0046806733476766615
421	0.004680663816170956
422	0.0046806543224702565
423	0.0046806448663440844
424	0.00468063544756189
425	0.00468062606589677
426	0.004680616721122825
427	0.00468060741301582
428	0.0046805981413530675
429	0.00468058890591421
430	0.004680579706480631
431	0.004680570542834913
432	0.004680561414761688
433	0.004680552322046587
434	0.004680543264478369
435	0.004680534241846305
436	0.0046805252539416035
437	0.0046805163005562925
438	0.004680507381486461
439	0.004680498496527965
440	0.004680489645477576
441	0.004680480828135863
442	0.004680472044302466
443	0.00468046329378157
444	0.004680454576376079
445	0.004680445891892376
446	0.004680437240137262
447	0.0046804286209199495
448	0.0046804200340502845
449	0.004680411479340481
450	0.004680402956603861
451	0.004680394465655414
452	0.004680386006310884
453	0.004680377578388343
454	0.004680369181706822
455	0.004680360816087041
456	0.004680352481351903
457	0.0046803441773243986
458	0.0046803359038295675
459	0.0046803276606924
460	0.004680319447743358
461	0.0046803112648095445
462	0.004680303111721611
463	0.00468029498831161
464	0.004680286894413643
465	0.004680278829860618
466	0.004680270794490038
467	0.004680262788138314
468	0.00468025481064289
469	0.004680246861845171
470	0.004680238941585892
471	0.004680231049705918
472	0.004680223186050596
473	0.004680215350464312
474	0.0046802075427929005
475	0.004680199762882567
476	0.004680192010583597
477	0.0046801842857445595
478	0.004680176588216461
479	0.004680168917851723
480	0.0046801612745041325
481	0.00468015365802739
482	0.00468014606827732
483	0.004680138505109769
484	0.004680130968383333
485	0.004680123457957582
486	0.0046801159736916224
487	0.004680108515448093
488	0.004680101083087164
489	0.004680093676473448
490	0.004680086295471631
491	0.004680078939947521
492	0.004680071609766275
493	0.00468006430479639
494	0.004680057024906924
495	0.00468004976996802
496	0.004680042539848626
497	0.004680035334421713
498	0.004680028153560403
499	0.0046800209971374135
500	0.004680013865028491
501	0.004680006757108073
502	0.004679999673254377
503	0.004679992613344378
504	0.004679985577255858
505	0.004679978564868962
506	0.004679971576065162
507	0.004679964610724327
508	0.004679957668729908
509	0.004679950749963704
510	0.004679943854311586
511	0.004679936981657284
512	0.0046799301318871545
513	0.004679923304888264
514	0.004679916500548158
515	0.0046799097187544755
516	0.004679902959397566
517	0.004679896222367268
518	0.004679889507554516
519	0.004679882814851454
520	0.004679876144150319
521	0.004679869495345099
522	0.004679862868329517
523	0.004679856262999384
524	0.004679849679250007
525	0.004679843116978706
526	0.0046798365760825555
527	0.0046798300564599524
528	0.0046798235580092305
529	0.004679817080630498
530	0.004679810624224897
531	0.004679804188692914
532	0.00467979777393626
533	0.004679791379859008
534	0.004679785006363535
535	0.004679778653354054
536	0.00467977232073514
537	0.004679766008412906
538	0.004679759716294247
539	0.004679753444284701
540	0.004679747192292173
541	0.004679740960225972
542	0.004679734747993349
543	0.00467972855550574
544	0.004679722382672859
545	0.0046797162294053484
546	0.0046797100956147844
547	0.004679703981213576
548	0.00467969788611412
549	0.004679691810230492
550	0.004679685753476963
551	0.004679679715768039
552	0.004679673697019064
553	0.004679667697145666
554	0.0046796617160649355
555	0.004679655753693387
556	0.004679649809949631
557	0.004679643884750886
558	0.004679637978017076
559	0.004679632089666961
560	0.004679626219621529
561	0.004679620367800204
562	0.004679614534124346
563	0.004679608718516261
564	0.004679602920898806
565	0.00467959714119299
566	0.004679591379323572
567	0.004679585635213518
568	0.004679579908788164
569	0.0046795741999718175
570	0.004679568508690253
571	0.0046795628348688285
572	0.00467955717843435
573	0.004679551539314721
574	0.004679545917435625
575	0.004679540312726003
576	0.004679534725114627
577	0.00467952915453033
578	0.004679523600902317
579	0.004679518064159777
580	0.0046795125442343054
581	0.004679507041055788
582	0.004679501554556496
583	0.004679496084667416
584	0.004679490631321489
585	0.004679485194450137
586	0.004679479773987835
587	0.00467947436986723
588	0.0046794689820227955
589	0.0046794636103893355
590	0.004679458254900607
591	0.004679452915492519
592	0.004679447592100955
593	0.004679442284662099
594	0.004679436993112695
595	0.00467943171738952
596	0.004679426457429027
597	0.004679421213170649
598	0.004679415984551063
599	0.004679410771509941
600	0.004679405573985908
601	0.004679400391918009
602	0.004679395225246673
603	0.004679390073911462
604	0.004679384937853545
605	0.004679379817013097
606	0.004679374711331838
607	0.004679369620751264
608	0.004679364545213645
609	0.00467935948466122
610	0.004679354439036536
611	0.004679349408282905
612	0.004679344392343899
613	0.0046793393911632765
614	0.004679334404684509
615	0.004679329432853071
616	0.004679324475613244
617	0.004679319532911208
618	0.004679314604691306
619	0.004679309690899538
620	0.0046793047914827305
621	0.004679299906386872
622	0.004679295035558917
623	0.004679290178945972
624	0.0046792853364962875
625	0.004679280508156455
626	0.004679275693875293
627	0.0046792708936011975
628	0.0046792661072827205
629	0.004679261334869362
630	0.004679256576309649
631	0.004679251831553891
632	0.004679247100551597
633	0.0046792423832535774
634	0.004679237679609877
635	0.004679232989571639
636	0.004679228313089472
637	0.0046792236501153
638	0.004679219000600999
639	0.00467921436449802
640	0.0046792097417587145
641	0.004679205132335076
642	0.004679200536181724
643	0.0046791959532497315
644	0.0046791913834926795
645	0.004679186826865496
646	0.004679182283320435
647	0.004679177752813101
648	0.00467917323529714
649	0.004679168730726965
650	0.0046791642390582484
651	0.004679159760244867
652	0.004679155294243837
653	0.004679150841009499
654	0.0046791464004988246
655	0.004679141972667157
656	0.004679137557471307
657	0.004679133154867221
658	0.004679128764812427
659	0.004679124387264365
660	0.004679120022179784
661	0.0046791156695165596
662	0.004679111329232304
663	0.004679107001285284
664	0.004679102685633448
665	0.004679098382235332
666	0.004679094091050237
667	0.004679089812036643
668	0.00467908554515335
669	0.00467908129036082
670	0.004679077047617266
671	0.004679072816883752
672	0.004679068598120152
673	0.004679064391286163
674	0.004679060196342287
675	0.004679056013249707
676	0.00467905184196849
677	0.004679047682460431
678	0.004679043534686711
679	0.004679039398608486
680	0.004679035274187681
681	0.004679031161386476
682	0.004679027060166253
683	0.004679022970489835
684	0.0046790188923194346
685	0.00467901482561793
686	0.004679010770347446
687	0.004679006726472839
688	0.00467900269395532
689	0.004678998672759786
690	0.004678994662848582
691	0.00467899066418672
692	0.004678986676737332
693	0.004678982700464728
694	0.004678978735333058
695	0.004678974781307677
696	0.0046789708383521336
697	0.004678966906432373
698	0.004678962985512966
699	0.004678959075559494
700	0.004678955176536336
701	0.004678951288409973
702	0.004678947411145801
703	0.004678943544709913
704	0.004678939689068094
705	0.004678935844186928
706	0.004678932010031996
707	0.004678928186570966
708	0.004678924373770105
709	0.004678920571596261
710	0.004678916780016264
711	0.004678912998997859
712	0.004678909228507508
713	0.004678905468513297
714	0.00467890171898297
715	0.004678897979884304
716	0.004678894251185464
717	0.004678890532853981
718	0.004678886824858353
719	0.004678883127166849
720	0.0046788794397484516
721	0.004678875762571945
722	0.004678872095606137
723	0.004678868438819157
724	0.004678864792181144
725	0.00467886115566069
726	0.004678857529228459
727	0.004678853912852749
728	0.004678850306503444
729	0.004678846710150977
730	0.004678843123765029
731	0.004678839547315461
732	0.004678835980773007
733	0.004678832424107653
734	0.004678828877290502
735	0.0046788253402915226
736	0.004678821813081924
737	0.004678818295632677
738	0.004678814787914718
739	0.00467881128989892
740	0.004678807801557386
741	0.004678804322860563
742	0.004678800853780445
743	0.004678797394289523
744	0.004678793944358517
745	0.004678790503959597
746	0.004678787073065307
747	0.004678783651647559
748	0.004678780239678007
749	0.004678776837130205
750	0.004678773443976325
751	0.004678770060188172
752	0.0046787666857403196
753	0.004678763320603564
754	0.004678759964752767
755	0.004678756618159832
756	0.004678753280798717
757	0.004678749952642511
758	0.0046787466336645385
759	0.0046787433238388975
760	0.004678740023138253
761	0.004678736731537571
762	0.004678733449010446
763	0.004678730175530558
764	0.004678726911072537
765	0.004678723655610411
766	0.0046787204091181655
767	0.004678717171570637
768	0.0046787139429419
769	0.004678710723208275
770	0.004678707512342447
771	0.004678704310320225
772	0.004678701117117024
773	0.004678697932707105
774	0.004678694757065895
775	0.004678691590169539
776	0.004678688431992069
777	0.004678685282510269
778	0.0046786821416985175
779	0.00467867900953348
780	0.004678675885990262
781	0.004678672771045183
782	0.004678669664674097
783	0.004678666566852796
784	0.004678663477557934
785	0.0046786603967656415
786	0.004678657324452198
787	0.00467865426059396
788	0.004678651205167519
789	0.004678648158149954
790	0.004678645119517286
791	0.004678642089246531
792	0.004678639067315574
793	0.004678636053700147
794	0.0046786330483774875
795	0.004678630051325647
796	0.004678627062520794
797	0.00467862408194149
798	0.004678621109563826
799	0.004678618145366728
800	0.0046786151893274215
801	0.00467861224142296
802	0.004678609301631277
803	0.004678606369930706
804	0.004678603446299276
805	0.004678600530714568
806	0.004678597623154497
807	0.0046785947235983075
808	0.004678591832023765
809	0.004678588948408641
810	0.004678586072732103
811	0.0046785832049726014
812	0.004678580345108641
813	0.004678577493119399
814	0.004678574648982331
815	0.004678571812677667
816	0.004678568984183539
817	0.004678566163479317
818	0.00467856335054475
819	0.004678560545357163
820	0.004678557747897691
821	0.004678554958144631
822	0.004678552176077573
823	0.00467854940167599
824	0.0046785466349196225
825	0.004678543875788339
826	0.004678541124261092
827	0.004678538380317642
828	0.0046785356439381426
829	0.00467853291510302
830	0.004678530193791846
831	0.004678527479984415
832	0.004678524773660915
833	0.004678522074801942
834	0.0046785193833872255
835	0.004678516699397596
836	0.00467851402281316
837	0.004678511353614874
838	0.0046785086917821486
839	0.004678506037297082
840	0.0046785033901390865
841	0.004678500750289987
842	0.004678498117729074
843	0.004678495492438605
844	0.00467849287439945
845	0.0046784902635923315
846	0.004678487659998408
847	0.004678485063598577
848	0.004678482474374048
849	0.004678479892306214
850	0.004678477317376925
851	0.004678474749566658
852	0.004678472188857244
853	0.004678469635230708
854	0.004678467088667588
855	0.004678464549150763
856	0.004678462016661282
857	0.004678459491180694
858	0.004678456972691586
859	0.004678454461175632
860	0.004678451956614276
861	0.004678449458989518
862	0.004678446968284567
863	0.004678444484480295
864	0.004678442007559532
865	0.004678439537504278
866	0.004678437074297257
867	0.0046784346179206794
868	0.004678432168356627
869	0.0046784297255877925
870	0.00467842728959707
871	0.00467842486036692
872	0.004678422437879691
873	0.004678420022118027
874	0.00467841761306507
875	0.004678415210704447
876	0.004678412815017543
877	0.004678410425987411
878	0.00467840804359808
879	0.004678405667832107
880	0.004678403298672252
881	0.004678400936102976
882	0.004678398580105636
883	0.004678396230664442
884	0.004678393887763409
885	0.004678391551384517
886	0.0046783892215120845
887	0.00467838689812965
888	0.004678384581220768
889	0.004678382270768049
890	0.004678379966756175
891	0.004678377669168691
892	0.0046783753779888245
893	0.0046783730932009465
894	0.004678370814788483
895	0.004678368542735572
896	0.0046783662770253824
897	0.0046783640176436625
898	0.004678361764573109
899	0.004678359517798156
900	0.004678357277302525
901	0.004678355043071504
902	0.004678352815088097
903	0.004678350593337213
904	0.004678348377803021
905	0.004678346168469729
906	0.00467834396532276
907	0.004678341768345575
908	0.004678339577522263
909	0.004678337392838893
910	0.004678335214278799
911	0.004678333041827725
912	0.004678330875469219
913	0.00467832871518872
914	0.004678326560971009
915	0.004678324412801089
916	0.0046783222706633
917	0.004678320134543326
918	0.004678318004425461
919	0.004678315880294905
920	0.0046783137621370366
921	0.00467831164993606
922	0.00467830954367858
923	0.00467830744334872
924	0.004678305348932212
925	0.004678303260414657
926	0.004678301177779929
927	0.004678299101015281
928	0.004678297030104696
929	0.004678294965034394
930	0.004678292905789692
931	0.0046782908523560155
932	0.004678288804719077
933	0.004678286762863991
934	0.004678284726777938
935	0.004678282696444678
936	0.004678280671851321
937	0.004678278652983115
938	0.004678276639826227
939	0.004678274632366028
940	0.004678272630589051
941	0.0046782706344798315
942	0.004678268644026654
943	0.004678266659213873
944	0.004678264680028333
945	0.004678262706455588
946	0.004678260738481813
947	0.004678258776093925
948	0.004678256819277053
949	0.004678254868018334
950	0.004678252922303633
951	0.0046782509821197615
952	0.004678249047451889
953	0.004678247118288704
954	0.004678245194614335
955	0.0046782432764169496
956	0.004678241363681522
957	0.004678239456396024
958	0.004678237554546069
959	0.00467823565811877
960	0.004678233767100962
961	0.004678231881478872
962	0.004678230001239937
963	0.004678228126370494
964	0.004678226256856734
965	0.004678224392686518
966	0.004678222533846443
967	0.004678220680323028
968	0.004678218832104336
969	0.004678216989175996
970	0.004678215151525828
971	0.004678213319140533
972	0.004678211492007689
973	0.004678209670113718
974	0.004678207853447025
975	0.0046782060419937556
976	0.004678204235740922
977	0.004678202434675948
978	0.004678200638787374
979	0.004678198848060967
980	0.004678197062484724
981	0.004678195282046793
982	0.004678193506733274
983	0.004678191736532129
984	0.004678189971431621
985	0.004678188211417779
986	0.004678186456479843
987	0.0046781847066041235
988	0.004678182961779095
989	0.0046781812219921755
990	0.004678179487230245
991	0.0046781777574822995
992	0.004678176032735179
993	0.004678174312976764
994	0.004678172598195767
995	0.004678170888379438
996	0.0046781691835149665
997	0.004678167483591434
998	0.004678165788596298
999	0.004678164098517148
1000	0.004678162413343253
1001	0.004678160733060464
1002	0.004678159057658543
1003	0.004678157387125258
1004	0.004678155721448943
1005	0.004678154060616921
1006	0.004678152404618401
1007	0.004678150753441057
1008	0.0046781491070725595
1009	0.004678147465502916
1010	0.004678145828718644
1011	0.004678144196708672
1012	0.004678142569461361
1013	0.004678140946965614
1014	0.004678139329208848
1015	0.004678137716180504
1016	0.004678136107868186
1017	0.004678134504261055
1018	0.004678132905347527
1019	0.004678131311115869
1020	0.004678129721554872
1021	0.004678128136653533
1022	0.004678126556399667
1023	0.004678124980782274
1024	0.0046781234097905515
1025	0.004678121843412392
1026	0.004678120281637123
1027	0.004678118724453192
1028	0.0046781171718495666
1029	0.004678115623815526
1030	0.004678114080339217
1031	0.004678112541409526
1032	0.004678111007015864
1033	0.004678109477146826
1034	0.0046781079517921
1035	0.004678106430939955
1036	0.004678104914578651
1037	0.004678103402698886
1038	0.004678101895288359
1039	0.004678100392337023
1040	0.004678098893833577
1041	0.004678097399767828
1042	0.004678095910127774
1043	0.004678094424903661
1044	0.0046780929440840505
1045	0.004678091467658342
1046	0.004678089995616908
1047	0.004678088527947081
1048	0.0046780870646391136
1049	0.0046780856056826995
1050	0.004678084151067268
1051	0.0046780827007812005
1052	0.004678081254815079
1053	0.004678079813157637
1054	0.0046780783757986435
1055	0.004678076942727309
1056	0.004678075513933407
1057	0.004678074089406644
1058	0.004678072669136218
1059	0.004678071253111582
1060	0.004678069841322834
1061	0.004678068433759289
1062	0.004678067030410798
1063	0.00467806563126697
1064	0.004678064236317493
1065	0.004678062845552013
1066	0.004678061458960263
1067	0.00467806007653278
1068	0.004678058698257875
1069	0.00467805732412635
1070	0.004678055954128122
1071	0.004678054588252852
1072	0.004678053226490888
1073	0.004678051868830424
1074	0.004678050515264068
1075	0.00467804916577952
1076	0.00467804782036797
1077	0.004678046479018739
1078	0.004678045141722164
1079	0.004678043808468525
1080	0.004678042479247181
1081	0.004678041154048909
1082	0.00467803983286383
1083	0.004678038515681606
1084	0.004678037202492709
1085	0.004678035893287344
1086	0.004678034588055652
1087	0.0046780332867875
1088	0.004678031989473638
1089	0.004678030696104374
1090	0.004678029406669726
1091	0.0046780281211594565
1092	0.004678026839564819
1093	0.004678025561875835
1094	0.004678024288082744
1095	0.004678023018175689
1096	0.004678021752146012
1097	0.004678020489983072
1098	0.00467801923167821
1099	0.004678017977221172
1100	0.0046780167266029515
1101	0.00467801547981372
1102	0.00467801423684387
1103	0.004678012997684946
1104	0.004678011762326272
1105	0.004678010530758988
1106	0.0046780093029739015
1107	0.004678008078961368
1108	0.004678006858712196
1109	0.00467800564221642
1110	0.0046780044294659874
1111	0.004678003220451162
1112	0.0046780020151618975
1113	0.004678000813589083
1114	0.004677999615724426
1115	0.004677998421557774
1116	0.004677997231080698
1117	0.004677996044283605
1118	0.0046779948611571105
1119	0.00467799368169247
1120	0.004677992505880836
1121	0.0046779913337126056
1122	0.004677990165178644
1123	0.004677989000269911
1124	0.004677987838977962
1125	0.0046779866812928445
1126	0.004677985527206233
1127	0.004677984376708716
1128	0.004677983229792449
1129	0.004677982086446976
1130	0.004677980946664231
1131	0.0046779798104352194
1132	0.004677978677750722
1133	0.0046779775486018825
1134	0.004677976422980368
1135	0.004677975300876595
1136	0.00467797418228256
1137	0.004677973067189143
1138	0.004677971955587034
1139	0.004677970847468508
1140	0.004677969742823746
1141	0.00467796864164464
1142	0.004677967543922144
1143	0.004677966449647984
1144	0.004677965358813396
1145	0.004677964271409926
1146	0.004677963187427809
1147	0.004677962106859147
1148	0.0046779610296962485
1149	0.004677959955928913
1150	0.004677958885550155
1151	0.004677957818549749
1152	0.004677956754920421
1153	0.004677955694653081
1154	0.00467795463773968
1155	0.004677953584171154
1156	0.004677952533939425
1157	0.004677951487036031
1158	0.0046779504434525
1159	0.00467794940318002
1160	0.0046779483662104104
1161	0.00467794733253645
1162	0.004677946302148321
1163	0.004677945275037771
1164	0.0046779442511967004
1165	0.004677943230616788
1166	0.004677942213290124
1167	0.0046779411992085036
1168	0.004677940188362774
1169	0.004677939180744802
1170	0.004677938176347616
1171	0.0046779371751609665
1172	0.00467793617717913
1173	0.004677935182392096
1174	0.004677934190792167
1175	0.004677933202371173
1176	0.0046779322171211805
1177	0.004677931235033737
1178	0.004677930256101004
1179	0.004677929280314881
1180	0.00467792830766698
1181	0.004677927338149374
1182	0.004677926371754369
1183	0.004677925408473461
1184	0.004677924448299406
1185	0.004677923491223369
1186	0.004677922537237951
1187	0.0046779215863343
1188	0.004677920638505097
1189	0.004677919693743119
1190	0.004677918752039114
1191	0.004677917813385779
1192	0.004677916877775605
1193	0.004677915945199669
1194	0.004677915015651832
1195	0.00467791408912241
1196	0.00467791316560449
1197	0.004677912245090623
1198	0.004677911327572262
1199	0.004677910413041535
1200	0.004677909501491359
1201	0.004677908592914008
1202	0.004677907687301104
1203	0.004677906784645348
1204	0.004677905884938905
1205	0.004677904988173684
1206	0.004677904094342569
1207	0.004677903203437786
1208	0.004677902315452042
1209	0.004677901430377026
1210	0.004677900548205775
1211	0.004677899668929656
1212	0.004677898792541988
1213	0.004677897919034984
1214	0.004677897048401221
1215	0.004677896180632749
1216	0.004677895315722748
1217	0.004677894453662587
1218	0.004677893594446213
1219	0.004677892738064709
1220	0.004677891884511106
1221	0.004677891033778196
1222	0.004677890185858761
1223	0.004677889340744489
1224	0.004677888498428969
1225	0.0046778876589041755
1226	0.004677886822162361
1227	0.004677885988197062
1228	0.004677885157000867
1229	0.004677884328565185
1230	0.004677883502884332
1231	0.004677882679950207
1232	0.004677881859755614
1233	0.004677881042291745
1234	0.0046778802275545765
1235	0.004677879415534227
1236	0.004677878606224255
1237	0.004677877799617419
1238	0.0046778769957067185
1239	0.004677876194484624
1240	0.004677875395943687
1241	0.0046778746000773405
1242	0.004677873806878278
1243	0.00467787301633884
1244	0.004677872228452577
1245	0.004677871443211774
1246	0.0046778706606097845
1247	0.004677869880639286
1248	0.0046778691032929535
1249	0.0046778683285640145
1250	0.00467786755644552
1251	0.004677866786930334
1252	0.0046778660200109375
1253	0.004677865255681516
1254	0.004677864493933972
1255	0.004677863734761027
1256	0.004677862978156578
1257	0.004677862224114196
1258	0.004677861472624854
1259	0.0046778607236833076
1260	0.004677859977282067
1261	0.004677859233415042
1262	0.0046778584920742095
1263	0.004677857753252442
1264	0.0046778570169440335
1265	0.004677856283141567
1266	0.004677855551837681
1267	0.004677854823027033
1268	0.004677854096701654
1269	0.004677853372854229
1270	0.004677852651478756
1271	0.004677851932568657
1272	0.004677851216116055
1273	0.004677850502115952
1274	0.00467784979056019
1275	0.004677849081442338
1276	0.004677848374756186
1277	0.004677847670494376
1278	0.004677846968650462
1279	0.004677846269217426
1280	0.004677845572189095
1281	0.004677844877558673
1282	0.0046778441853194816
1283	0.004677843495464462
1284	0.004677842807987977
1285	0.004677842122882694
1286	0.004677841440141729
1287	0.004677840759759789
1288	0.0046778400817288224
1289	0.004677839406042633
1290	0.004677838732695163
1291	0.004677838061679596
1292	0.0046778373929894715
1293	0.004677836726617937
1294	0.004677836062558986
1295	0.0046778354008064175
1296	0.004677834741352507
1297	0.004677834084191483
1298	0.004677833429317666
1299	0.004677832776723697
1300	0.0046778321264032904
1301	0.004677831478349371
1302	0.004677830832557088
1303	0.004677830189018762
1304	0.004677829547728574
1305	0.004677828908680744
1306	0.004677828271867097
1307	0.004677827637283098
1308	0.004677827004921589
1309	0.0046778263747761974
1310	0.004677825746840951
1311	0.00467782512110905
1312	0.004677824497575174
1313	0.004677823876231903
1314	0.004677823257074127
1315	0.004677822640094509
1316	0.004677822025287276
1317	0.004677821412645964
1318	0.004677820802164847
1319	0.004677820193837612
1320	0.004677819587657653
1321	0.004677818983619077
1322	0.0046778183817159655
1323	0.004677817781942044
1324	0.004677817184290148
1325	0.0046778165887556835
1326	0.004677815995331607
1327	0.004677815404012277
1328	0.004677814814791115
1329	0.004677814227662325
1330	0.004677813642620083
1331	0.004677813059657847
1332	0.004677812478769358
1333	0.004677811899949273
1334	0.004677811323191332
1335	0.00467781074848923
1336	0.004677810175837415
1337	0.004677809605229475
1338	0.004677809036659712
1339	0.004677808470121943
1340	0.004677807905610082
1341	0.004677807343118904
1342	0.004677806782641333
1343	0.004677806224172598
1344	0.004677805667705952
1345	0.00467780511323615
1346	0.004677804560756195
1347	0.004677804010261631
1348	0.004677803461745279
1349	0.004677802915202455
1350	0.004677802370625697
1351	0.004677801828011719
1352	0.004677801287352091
1353	0.004677800748642182
1354	0.0046778002118765625
1355	0.0046777996770488665
1356	0.004677799144153151
1357	0.004677798613184662
1358	0.004677798084135666
1359	0.0046777975570023
1360	0.00467779703177805
1361	0.004677796508457138
1362	0.004677795987034061
1363	0.004677795467503716
1364	0.00467779494985849
1365	0.004677794434094652
1366	0.004677793920205976
1367	0.00467779340818597
1368	0.00467779289803046
1369	0.0046777923897326065
1370	0.004677791883286848
1371	0.004677791378688364
1372	0.00467779087593089
1373	0.004677790375008916
1374	0.004677789875916856
1375	0.004677789378650193
1376	0.0046777888832011906
1377	0.004677788389565693
1378	0.004677787897738208
1379	0.004677787407713499
1380	0.0046777869194850495
1381	0.004677786433047586
1382	0.004677785948396037
1383	0.004677785465524342
1384	0.004677784984428007
1385	0.004677784505100226
1386	0.004677784027536742
1387	0.004677783551731835
1388	0.0046777830776793695
1389	0.004677782605374423
1390	0.004677782134812179
1391	0.004677781665985841
1392	0.004677781198890872
1393	0.00467778073352215
1394	0.004677780269873832
1395	0.004677779807940325
1396	0.00467777934771733
1397	0.0046777788891984255
1398	0.004677778432378944
1399	0.004677777977252881
1400	0.004677777523815771
1401	0.004677777072061766
1402	0.004677776621985816
1403	0.004677776173581962
1404	0.004677775726846069
1405	0.0046777752817724495
1406	0.0046777748383550945
1407	0.004677774396589526
1408	0.004677773956470866
1409	0.004677773517993194
1410	0.004677773081151399
1411	0.0046777726459406215
1412	0.004677772212355523
1413	0.004677771780390929
1414	0.0046777713500411305
1415	0.0046777709213022736
1416	0.004677770494167882
1417	0.004677770068633663
1418	0.004677769644694065
1419	0.004677769222344212
1420	0.004677768801578841
1421	0.004677768382392886
1422	0.00467776796478237
1423	0.0046777675487396165
1424	0.004677767134262184
1425	0.004677766721343462
1426	0.004677766309979397
1427	0.004677765900163881
1428	0.004677765491893161
1429	0.004677765085161114
1430	0.004677764679963293
1431	0.004677764276295112
1432	0.004677763874150904
1433	0.004677763473525729
1434	0.004677763074415186
1435	0.004677762676814187
1436	0.004677762280716491
1437	0.004677761886119188
1438	0.004677761493016651
1439	0.004677761101403138
1440	0.004677760711274268
1441	0.004677760322625819
1442	0.004677759935452469
1443	0.004677759549749189
1444	0.004677759165511374
1445	0.004677758782733728
1446	0.004677758401412041
1447	0.004677758021540958
1448	0.004677757643115884
1449	0.004677757266132383
1450	0.004677756890584867
1451	0.0046777565164695
1452	0.004677756143780682
1453	0.004677755772514283
1454	0.004677755402665053
1455	0.004677755034228523
1456	0.0046777546671999915
1457	0.004677754301574847
1458	0.004677753937347875
1459	0.0046777535745149545
1460	0.004677753213070739
1461	0.004677752853011617
1462	0.004677752494331987
1463	0.004677752137027552
1464	0.004677751781093647
1465	0.00467775142652585
1466	0.004677751073318743
1467	0.004677750721468279
1468	0.00467775037096993
1469	0.004677750021819274
1470	0.004677749674010977
1471	0.004677749327541461
1472	0.004677748982405763
1473	0.004677748638598617
1474	0.004677748296116309
1475	0.004677747954954494
1476	0.004677747615107591
1477	0.00467774727657231
1478	0.004677746939342711
1479	0.004677746603416334
1480	0.004677746268786438
1481	0.004677745935450267
1482	0.004677745603402553
1483	0.00467774527263891
1484	0.004677744943155635
1485	0.004677744614947053
1486	0.004677744288009519
1487	0.0046777439623384535
1488	0.004677743637929025
1489	0.004677743314777953
1490	0.004677742992880058
1491	0.004677742672230913
1492	0.004677742352826187
1493	0.004677742034662225
1494	0.0046777417177339565
1495	0.004677741402036859
1496	0.004677741087567359
1497	0.004677740774320872
1498	0.0046777404622928365
1499	0.0046777401514790625
1500	0.004677739841875642
1501	0.004677739533478025
1502	0.004677739226281402
1503	0.004677738920282803
1504	0.004677738615476825
1505	0.004677738311860042
1506	0.0046777380094271265
1507	0.004677737708175334
1508	0.004677737408099699
1509	0.004677737109195592
1510	0.00467773681145978
1511	0.004677736514887697
1512	0.0046777362194748325
1513	0.004677735925217008
1514	0.004677735632111007
1515	0.004677735340152407
1516	0.004677735049336317
1517	0.004677734759659073
1518	0.0046777344711163155
1519	0.004677734183704553
1520	0.004677733897419611
1521	0.0046777336122569586
1522	0.004677733328213264
1523	0.0046777330452833004
1524	0.004677732763464084
1525	0.004677732482751384
1526	0.004677732203140685
1527	0.004677731924628596
1528	0.004677731647211442
1529	0.004677731370883893
1530	0.004677731095642985
1531	0.004677730821484623
1532	0.004677730548404213
1533	0.004677730276399007
1534	0.004677730005464726
1535	0.004677729735596412
1536	0.004677729466791129
1537	0.00467772919904518
1538	0.004677728932352899
1539	0.004677728666713176
1540	0.004677728402119584
1541	0.0046777281385697415
1542	0.004677727876059339
1543	0.004677727614584734
1544	0.004677727354142005
1545	0.004677727094727212
1546	0.004677726836335809
1547	0.004677726578965681
1548	0.004677726322611807
1549	0.004677726067271078
1550	0.004677725812939278
1551	0.004677725559611882
1552	0.004677725307287043
1553	0.004677725055959354
1554	0.004677724805625727
1555	0.004677724556283138
1556	0.004677724307926269
1557	0.004677724060552538
1558	0.0046777238141577845
1559	0.004677723568738678
1560	0.0046777233242916785
1561	0.004677723080812372
1562	0.004677722838297322
1563	0.004677722596744508
1564	0.004677722356147466
1565	0.004677722116504668
1566	0.004677721877812083
1567	0.004677721640065362
1568	0.004677721403261619
1569	0.004677721167396986
1570	0.004677720932468007
1571	0.004677720698471368
1572	0.004677720465403006
1573	0.004677720233259741
1574	0.004677720002037726
1575	0.004677719771733943
1576	0.004677719542344187
1577	0.0046777193138655545
1578	0.004677719086293783
1579	0.004677718859626854
1580	0.0046777186338597225
1581	0.004677718408989805
1582	0.004677718185013473
1583	0.004677717961927052
1584	0.00467771773972751
1585	0.004677717518410726
1586	0.004677717297973705
1587	0.004677717078413456
1588	0.004677716859726651
1589	0.004677716641908189
1590	0.004677716424957041
1591	0.0046777162088683455
1592	0.004677715993639232
1593	0.00467771577926661
1594	0.00467771556574612
1595	0.004677715353075739
1596	0.004677715141251294
1597	0.004677714930270043
1598	0.0046777147201283184
1599	0.004677714510822245
1600	0.004677714302349887
1601	0.004677714094706973
1602	0.0046777138878908225
1603	0.004677713681897558
1604	0.00467771347672475
1605	0.0046777132723691064
1606	0.004677713068826185
1607	0.004677712866094058
1608	0.004677712664169177
1609	0.004677712463047984
1610	0.004677712262727755
1611	0.004677712063205491
1612	0.004677711864476941
1613	0.004677711666540265
1614	0.0046777114693914885
1615	0.004677711273028434
1616	0.004677711077446586
1617	0.004677710882644053
1618	0.004677710688616976
1619	0.004677710495363012
1620	0.004677710302878106
1621	0.004677710111159772
1622	0.004677709920205388
1623	0.004677709730010868
1624	0.004677709540573361
1625	0.004677709351890875
1626	0.004677709163959688
1627	0.004677708976776156
1628	0.00467770879033834
1629	0.004677708604643155
1630	0.00467770841968695
1631	0.004677708235466676
1632	0.0046777080519802006
1633	0.004677707869223919
1634	0.004677707687195858
1635	0.004677707505891321
1636	0.004677707325308372
1637	0.004677707145444794
1638	0.0046777069662970044
1639	0.00467770678786162
1640	0.004677706610136263
1641	0.0046777064331186115
1642	0.004677706256804055
1643	0.004677706081192515
1644	0.00467770590627853
1645	0.004677705732060149
1646	0.004677705558534847
1647	0.004677705385699652
1648	0.0046777052135516224
1649	0.004677705042088388
1650	0.004677704871306274
1651	0.0046777047012035765
1652	0.004677704531776644
1653	0.0046777043630235335
1654	0.004677704194940004
1655	0.004677704027524925
1656	0.004677703860775282
1657	0.004677703694687348
1658	0.004677703529259307
1659	0.00467770336448857
1660	0.004677703200371567
1661	0.00467770303690639
1662	0.004677702874090367
1663	0.004677702711920265
1664	0.0046777025503938405
1665	0.0046777023895081555
1666	0.004677702229260975
1667	0.0046777020696489955
1668	0.004677701910670708
1669	0.004677701752322277
1670	0.004677701594602144
1671	0.004677701437506839
1672	0.004677701281034161
1673	0.004677701125181526
1674	0.004677700969946271
1675	0.004677700815326468
1676	0.004677700661318472
1677	0.00467770050792039
1678	0.004677700355129781
1679	0.004677700202943589
1680	0.0046777000513600385
1681	0.004677699900376063
1682	0.004677699749989304
1683	0.004677699600197397
1684	0.004677699450998406
1685	0.004677699302388179
1686	0.004677699154365857
1687	0.004677699006928472
1688	0.004677698860073662
1689	0.004677698713798199
1690	0.004677698568101397
1691	0.004677698422979153
1692	0.00467769827843029
1693	0.004677698134451047
1694	0.00467769799104016
1695	0.004677697848194924
1696	0.004677697705913175
1697	0.004677697564192411
1698	0.0046776974230300535
1699	0.004677697282423553
1700	0.004677697142371558
1701	0.00467769700287107
1702	0.0046776968639194545
1703	0.004677696725515038
1704	0.004677696587655341
1705	0.004677696450337954
1706	0.0046776963135606595
1707	0.004677696177321011
1708	0.004677696041617573
1709	0.004677695906446386
1710	0.004677695771806892
1711	0.004677695637696011
1712	0.004677695504111619
1713	0.004677695371052192
1714	0.004677695238514258
1715	0.004677695106496771
1716	0.004677694974997009
1717	0.004677694844012334
1718	0.004677694713541543
1719	0.00467769458358154
1720	0.004677694454130778
1721	0.004677694325186881
1722	0.004677694196747989
1723	0.004677694068811731
1724	0.004677693941376021
1725	0.00467769381443827
1726	0.004677693687997182
1727	0.00467769356205012
1728	0.00467769343659533
1729	0.0046776933116303935
1730	0.004677693187153526
1731	0.004677693063162387
1732	0.0046776929396549
1733	0.0046776928166291625
1734	0.00467769269408344
1735	0.0046776925720152926
1736	0.0046776924504229505
1737	0.0046776923293035235
1738	0.004677692208656462
1739	0.004677692088478702
1740	0.004677691968768975
1741	0.00467769184952417
1742	0.004677691730743483
1743	0.004677691612424428
1744	0.004677691494565194
1745	0.004677691377163062
1746	0.004677691260217583
1747	0.004677691143725425
1748	0.004677691027685723
1749	0.0046776909120956256
1750	0.004677690796954287
1751	0.004677690682258369
1752	0.0046776905680071985
1753	0.004677690454198664
1754	0.00467769034083033
1755	0.004677690227900657
1756	0.004677690115407852
1757	0.004677690003349709
1758	0.004677689891725522
1759	0.004677689780531754
1760	0.004677689669768085
1761	0.004677689559431045
1762	0.004677689449520484
1763	0.0046776893400333145
1764	0.0046776892309688305
1765	0.00467768912232491
1766	0.0046776890140991035
1767	0.004677688906289542
1768	0.004677688798896224
1769	0.004677688691915098
1770	0.004677688585346087
1771	0.004677688479186338
1772	0.004677688373434638
1773	0.004677688268089761
1774	0.0046776881631483734
1775	0.004677688058610638
1776	0.004677687954473692
1777	0.004677687850735868
1778	0.004677687747396017
1779	0.004677687644452141
1780	0.004677687541902268
1781	0.004677687439745406
1782	0.00467768733797934
1783	0.004677687236602313
1784	0.004677687135613022
1785	0.004677687035009486
1786	0.0046776869347906185
1787	0.004677686834954169
1788	0.004677686735499351
1789	0.004677686636423216
1790	0.00467768653772499
1791	0.004677686439403016
1792	0.004677686341456013
1793	0.004677686243881901
1794	0.004677686146679322
1795	0.004677686049846014
1796	0.004677685953381589
1797	0.004677685857283203
1798	0.004677685761550369
1799	0.004677685666181338
1800	0.004677685571174142
1801	0.004677685476527713
1802	0.004677685382240308
1803	0.0046776852883097944
1804	0.004677685194735707
1805	0.004677685101515545
1806	0.004677685008648904
1807	0.004677684916133489
1808	0.004677684823967664
1809	0.0046776847321510755
1810	0.004677684640680802
1811	0.004677684549556088
1812	0.00467768445877536
1813	0.004677684368337769
1814	0.004677684278240784
1815	0.004677684188483607
1816	0.004677684099064806
1817	0.004677684009982979
1818	0.0046776839212358985
1819	0.004677683832823213
1820	0.004677683744743183
1821	0.004677683656993811
1822	0.004677683569574793
1823	0.0046776834824835255
1824	0.004677683395719817
1825	0.004677683309281169
1826	0.004677683223166959
1827	0.004677683137375659
1828	0.004677683051905683
1829	0.004677682966755946
1830	0.004677682881925111
1831	0.0046776827974118204
1832	0.004677682713214402
1833	0.004677682629331436
1834	0.004677682545761763
1835	0.004677682462504667
1836	0.004677682379558547
1837	0.00467768229692162
1838	0.0046776822145929335
1839	0.004677682132571018
1840	0.0046776820508546485
1841	0.004677681969442406
1842	0.004677681888333804
1843	0.004677681807526551
1844	0.004677681727020295
1845	0.00467768164681225
1846	0.004677681566903289
1847	0.00467768148729002
1848	0.004677681407972976
1849	0.004677681328950113
1850	0.004677681250220361
1851	0.004677681171782201
1852	0.004677681093634315
1853	0.0046776810157758645
1854	0.004677680938205798
1855	0.00467768086092256
1856	0.004677680783925125
1857	0.004677680707212015
1858	0.0046776806307830526
1859	0.00467768055463518
1860	0.004677680478768918
1861	0.004677680403182739
1862	0.004677680327874492
1863	0.00467768025284399
1864	0.0046776801780901885
1865	0.004677680103611508
1866	0.004677680029406509
1867	0.004677679955474674
1868	0.004677679881814398
1869	0.004677679808425347
1870	0.004677679735305159
1871	0.0046776796624534295
1872	0.004677679589869356
1873	0.0046776795175516965
1874	0.004677679445498511
1875	0.004677679373710277
1876	0.004677679302183716
1877	0.004677679230919531
1878	0.004677679159915695
1879	0.004677679089172304
1880	0.004677679018687144
1881	0.004677678948458791
1882	0.004677678878487463
1883	0.00467767880877191
1884	0.004677678739310292
1885	0.004677678670102041
1886	0.004677678601146302
1887	0.004677678532441369
1888	0.004677678463986959
1889	0.004677678395781256
1890	0.004677678327824144
1891	0.004677678260113784
1892	0.00467767819264917
1893	0.004677678125430591
1894	0.004677678058455866
1895	0.004677677991724209
1896	0.004677677925234175
1897	0.004677677858985505
1898	0.004677677792977166
1899	0.0046776777272078355
1900	0.004677677661676419
1901	0.004677677596382612
1902	0.004677677531324467
1903	0.004677677466502026
1904	0.004677677401913993
1905	0.004677677337559146
1906	0.004677677273436923
1907	0.004677677209545601
1908	0.004677677145884832
1909	0.004677677082454584
1910	0.004677677019251928
1911	0.004677676956277481
1912	0.004677676893529938
1913	0.00467767683100807
1914	0.004677676768711478
1915	0.004677676706638864
1916	0.004677676644788907
1917	0.00467767658316126
1918	0.004677676521755148
1919	0.004677676460570069
1920	0.004677676399604086
1921	0.004677676338856659
1922	0.004677676278327492
1923	0.0046776762180145495
1924	0.004677676157918363
1925	0.004677676098036844
1926	0.00467767603837003
1927	0.004677675978916732
1928	0.004677675919676006
1929	0.004677675860647105
1930	0.004677675801828608
1931	0.004677675743220862
1932	0.004677675684821465
1933	0.004677675626631636
1934	0.004677675568648757
1935	0.004677675510872799
1936	0.004677675453302348
1937	0.004677675395937269
1938	0.004677675338776412
1939	0.004677675281819142
1940	0.0046776752250647004
1941	0.004677675168511704
1942	0.0046776751121602065
1943	0.004677675056008704
1944	0.004677675000056577
1945	0.004677674944303057
1946	0.004677674888747456
1947	0.004677674833389419
1948	0.0046776747782273495
1949	0.004677674723260913
1950	0.004677674668489135
1951	0.004677674613911635
1952	0.004677674559526831
1953	0.004677674505335332
1954	0.0046776744513347636
1955	0.004677674397525126
1956	0.004677674343906838
1957	0.0046776742904771065
1958	0.004677674237236505
1959	0.004677674184183534
1960	0.004677674131318135
1961	0.00467767407863886
1962	0.004677674026145732
1963	0.0046776739738376375
1964	0.004677673921713644
1965	0.004677673869773711
1966	0.004677673818016317
1967	0.004677673766441256
1968	0.004677673715047597
1969	0.0046776736638350705
1970	0.00467767361280195
1971	0.004677673561948792
1972	0.004677673511274204
1973	0.00467767346077773
1974	0.004677673410458458
1975	0.004677673360315358
1976	0.004677673310348483
1977	0.004677673260556848
1978	0.004677673210939823
1979	0.0046776731614969844
1980	0.00467767311222691
1981	0.00467767306312945
1982	0.00467767301420427
1983	0.004677672965450487
1984	0.004677672916866682
1985	0.004677672868453529
1986	0.004677672820208516
1987	0.004677672772132801
1988	0.004677672724224709
1989	0.004677672676484324
1990	0.004677672628910761
1991	0.0046776725815030045
1992	0.00467767253426053
1993	0.004677672487182537
1994	0.00467767244026933
1995	0.0046776723935194504
1996	0.004677672346932565
1997	0.004677672300507718
1998	0.0046776722542446825
1999	0.00467767220814234
2000	0.004677672162201178
2001	0.00467767211641929
2002	0.004677672070797124
2003	0.004677672025332783
2004	0.004677671980026313
2005	0.00467767193487831
2006	0.004677671889887111
2007	0.00467767184505119
2008	0.0046776718003714995
2009	0.004677671755846494
2010	0.004677671711476522
2011	0.004677671667259872
2012	0.004677671623196572
2013	0.0046776715792863095
2014	0.004677671535527682
2015	0.00467767149192069
2016	0.004677671448465739
2017	0.0046776714051605045
2018	0.004677671362004746
2019	0.004677671318998953
2020	0.004677671276141324
2021	0.004677671233432604
2022	0.00467767119087085
2023	0.004677671148456598
2024	0.004677671106189014
2025	0.004677671064066881
2026	0.004677671022090878
2027	0.004677670980258967
2028	0.004677670938572285
2029	0.004677670897029023
2030	0.004677670855628936
2031	0.004677670814371913
2032	0.00467767077325728
2033	0.00467767073228368
2034	0.004677670691451705
2035	0.004677670650760006
2036	0.004677670610209236
2037	0.0046776705697978245
2038	0.004677670529525274
2039	0.004677670489391072
2040	0.004677670449395182
2041	0.004677670409537026
2042	0.004677670369815836
2043	0.004677670330231156
2044	0.00467767029078255
2045	0.004677670251469664
2046	0.004677670212291502
2047	0.004677670173248208
2048	0.004677670134339137
2049	0.004677670095563122
2050	0.004677670056920685
2051	0.004677670018411138
2052	0.004677669980032887
2053	0.0046776699417868835
2054	0.004677669903671682
2055	0.004677669865687286
2056	0.004677669827832954
2057	0.004677669790108177
2058	0.004677669752513516
2059	0.004677669715046569
2060	0.004677669677708619
2061	0.004677669640498637
2062	0.0046776696034153305
2063	0.004677669566459175
2064	0.00467766952962963
2065	0.004677669492926749
2066	0.004677669456348461
2067	0.004677669419895581
2068	0.004677669383567094
2069	0.004677669347362983
2070	0.004677669311282609
2071	0.004677669275325631
2072	0.004677669239491433
2073	0.004677669203779761
2074	0.004677669168190164
2075	0.004677669132721664
2076	0.004677669097374625
2077	0.004677669062147938
2078	0.004677669027041934
2079	0.00467766899205504
2080	0.004677668957187981
2081	0.0046776689224399615
2082	0.004677668887810098
2083	0.004677668853297987
2084	0.004677668818904137
2085	0.004677668784627447
2086	0.004677668750467775
2087	0.004677668716423806
2088	0.004677668682496025
2089	0.004677668648684634
2090	0.004677668614987341
2091	0.0046776685814054475
2092	0.004677668547937613
2093	0.0046776685145839565
2094	0.00467766848134317
2095	0.00467766844821637
2096	0.004677668415201691
2097	0.004677668382299511
2098	0.0046776683495096645
2099	0.004677668316830768
2100	0.004677668284263491
2101	0.004677668251805994
2102	0.004677668219460264
2103	0.0046776681872231635
2104	0.004677668155096516
2105	0.00467766812307859
2106	0.004677668091169675
2107	0.004677668059368943
2108	0.004677668027676552
2109	0.004677667996092018
2110	0.0046776679646142755
2111	0.004677667933243489
2112	0.004677667901978783
2113	0.004677667870820973
2114	0.0046776678397685316
2115	0.004677667808821605
2116	0.004677667777980088
2117	0.004677667747242777
2118	0.004677667716609729
2119	0.00467766768608095
2120	0.004677667655655177
2121	0.004677667625332915
2122	0.004677667595114168
2123	0.004677667564996925
2124	0.00467766753498228
2125	0.004677667505069373
2126	0.004677667475257116
2127	0.004677667445546846
2128	0.0046776674159371276
2129	0.004677667386427731
2130	0.004677667357017901
2131	0.004677667327708301
2132	0.004677667298497695
2133	0.004677667269385797
2134	0.00467766724037329
2135	0.0046776672114585485
2136	0.004677667182642262
2137	0.004677667153923046
2138	0.004677667125301243
2139	0.0046776670967761304
2140	0.0046776670683475125
2141	0.004677667040015472
2142	0.004677667011779526
2143	0.004677666983638784
2144	0.004677666955593655
2145	0.004677666927642988
2146	0.004677666899787164
2147	0.004677666872025716
2148	0.004677666844358635
2149	0.004677666816784165
2150	0.004677666789303518
2151	0.004677666761915974
2152	0.004677666734620843
2153	0.004677666707418171
2154	0.004677666680307742
2155	0.004677666653288435
2156	0.004677666626361149
2157	0.004677666599524808
2158	0.004677666572779003
2159	0.004677666546123871
2160	0.004677666519558639
2161	0.00467766649308338
2162	0.0046776664666982
2163	0.004677666440401949
2164	0.004677666414193649
2165	0.004677666388074895
2166	0.0046776663620442666
2167	0.004677666336102001
2168	0.004677666310246764
2169	0.004677666284479271
2170	0.004677666258798849
2171	0.004677666233205188
2172	0.0046776662076984865
2173	0.004677666182277219
2174	0.0046776661569425775
2175	0.00467766613169274
2176	0.004677666106529173
2177	0.0046776660814503435
2178	0.004677666056456172
2179	0.004677666031546385
2180	0.004677666006721113
2181	0.004677665981979705
2182	0.004677665957321952
2183	0.0046776659327472745
2184	0.004677665908255588
2185	0.0046776658838468795
2186	0.004677665859520531
2187	0.004677665835276799
2188	0.004677665811114539
2189	0.004677665787034078
2190	0.004677665763034685
2191	0.004677665739116755
2192	0.004677665715279435
2193	0.004677665691523015
2194	0.004677665667846498
2195	0.004677665644250229
2196	0.004677665620733802
2197	0.004677665597296393
2198	0.0046776655739385635
2199	0.004677665550660181
2200	0.004677665527459286
2201	0.004677665504338011
2202	0.004677665481293723
2203	0.004677665458328185
2204	0.004677665435439787
2205	0.004677665412629063
2206	0.004677665389895138
2207	0.004677665367238042
2208	0.004677665344657561
2209	0.004677665322153655
2210	0.004677665299725702
2211	0.004677665277373162
2212	0.004677665255096845
2213	0.004677665232895177
2214	0.004677665210769207
2215	0.004677665188717301
2216	0.004677665166740629
2217	0.004677665144837797
2218	0.004677665123008828
2219	0.004677665101254203
2220	0.004677665079573145
2221	0.004677665057965056
2222	0.004677665036430374
2223	0.004677665014967782
2224	0.004677664993578484
2225	0.004677664972261273
2226	0.004677664951015712
2227	0.0046776649298431745
2228	0.004677664908741285
2229	0.004677664887710695
2230	0.004677664866751384
2231	0.004677664845863572
2232	0.004677664825045731
2233	0.004677664804298176
2234	0.004677664783621337
2235	0.004677664763014488
2236	0.004677664742476907
2237	0.004677664722008961
2238	0.004677664701610258
2239	0.004677664681280216
2240	0.0046776646610192235
2241	0.004677664640827533
2242	0.004677664620703689
2243	0.004677664600647238
2244	0.004677664580659413
2245	0.004677664560739334
2246	0.0046776645408860874
2247	0.004677664521100401
2248	0.004677664501382274
2249	0.004677664481729389
2250	0.00467766446214468
2251	0.0046776644426254465
2252	0.004677664423172374
2253	0.004677664403785268
2254	0.004677664384463327
2255	0.0046776643652077345
2256	0.004677664346017153
2257	0.004677664326890747
2258	0.004677664307830143
2259	0.004677664288833433
2260	0.004677664269901408
2261	0.004677664251033901
2262	0.004677664232229646
2263	0.004677664213489381
2264	0.004677664194812701
2265	0.00467766417619908
2266	0.0046776641576488235
2267	0.004677664139160998
2268	0.004677664120736645
2269	0.004677664102373916
2270	0.004677664084073927
2271	0.004677664065835974
2272	0.004677664047659653
2273	0.004677664029545209
2274	0.004677664011492057
2275	0.0046776639935004905
2276	0.0046776639755695005
2277	0.004677663957699255
2278	0.004677663939890179
2279	0.004677663922141488
2280	0.0046776639044525
2281	0.004677663886824095
2282	0.004677663869254949
2283	0.004677663851746205
2284	0.0046776638342965055
2285	0.0046776638169059945
2286	0.004677663799574678
2287	0.004677663782302251
2288	0.0046776637650883975
2289	0.004677663747933802
2290	0.004677663730837559
2291	0.004677663713800622
2292	0.0046776636968234
2293	0.004677663679908399
2294	0.004677663663059381
2295	0.004677663646285615
2296	0.004677663629605437
2297	0.004677663613058695
2298	0.004677663596728035
2299	0.004677663580788049
2300	0.004677663565610753
2301	0.004677663551987712
2302	0.00467766354161613
2303	0.004677663538150567
2304	0.004677663549496423
2305	0.00467766359282657
2306	0.0046776637055655785
2307	0.004677663969344495
2308	0.004677664561619201
2309	0.00467766586273037
2310	0.004677668658623383
2311	0.004677674426980272
2312	0.004677685318985668
2313	0.004677702108683973
2314	0.004677717539460051
2315	0.004677712899638689
2316	0.00467768386470838
2317	0.004677663632857042
2318	0.004677674848704034
2319	0.004677691675679707
2320	0.0046776833485482235
2321	0.004677665370023422
2322	0.004677668435348491
2323	0.0046776803803959205
2324	0.004677675303294132
2325	0.004677664378755527
2326	0.0046776681045280315
2327	0.004677674450860354
2328	0.004677668967790286
2329	0.004677663966851963
2330	0.004677668176446337
2331	0.00467766992872995
2332	0.0046776653602626905
2333	0.004677664421104754
2334	0.004677667353275749
2335	0.004677666572654909
2336	0.0046776639934810165
2337	0.004677664737107386
2338	0.004677665948213222
2339	0.0046776646300297885
2340	0.004677663669206106
2341	0.0046776645238109415
2342	0.004677664714669687
2343	0.004677663723842266
2344	0.004677663513404271
2345	0.004677664095734278
2346	0.00467766391789773
2347	0.004677663254183612
2348	0.004677663356079889
2349	0.004677663733371796
2350	0.004677663374012195
2351	0.004677662972610824
2352	0.004677663270080748
2353	0.004677663406267316
2354	0.004677662964405285
2355	0.00467766287214329
2356	0.004677663192452918
2357	0.004677663060269116
2358	0.004677662730497843
2359	0.004677662878265445
2360	0.004677663029694623
2361	0.0046776627715065505
2362	0.00467766266594189
2363	0.004677662855180871
2364	0.0046776628128819865
2365	0.004677662613363645
2366	0.00467766266318517
2367	0.004677662754610325
2368	0.004677662634311478
2369	0.004677662556036216
2370	0.00467766263101324
2371	0.004677662624781455
2372	0.004677662529610817
2373	0.004677662524621192
2374	0.004677662559275099
2375	0.004677662518142808
2376	0.004677662470600822
2377	0.004677662478709238
2378	0.004677662478653868
2379	0.004677662443858235
2380	0.0046776624213915406
2381	0.004677662419987826
2382	0.004677662409335689
2383	0.004677662386122851
2384	0.004677662368691537
2385	0.0046776623612917465
2386	0.00467766235129205
2387	0.004677662331970575
2388	0.004677662314865234
2389	0.004677662307758119
2390	0.004677662297871296
2391	0.004677662278414842
2392	0.004677662263687812
2393	0.004677662257646984
2394	0.0046776622455215544
2395	0.0046776622268230655
2396	0.0046776622154022585
2397	0.004677662208450085
2398	0.004677662194234306
2399	0.004677662177935
2400	0.004677662168497557
2401	0.004677662159475721
2402	0.0046776621447896264
2403	0.004677662131094079
2404	0.004677662121918632
2405	0.004677662111185454
2406	0.004677662097300244
2407	0.0046776620853245365
2408	0.00467766207553802
2409	0.004677662064052138
2410	0.0046776620513036965
2411	0.004677662040078108
2412	0.00467766202964988
2413	0.004677662018148501
2414	0.004677662006286503
2415	0.004677661995255073
2416	0.004677661984504385
2417	0.0046776619732898815
2418	0.004677661961949385
2419	0.004677661950954372
2420	0.004677661940169786
2421	0.00467766192925618
2422	0.004677661918195698
2423	0.004677661907270464
2424	0.004677661896598142
2425	0.004677661885906944
2426	0.004677661875027962
2427	0.004677661864238379
2428	0.0046776618537143115
2429	0.004677661843177937
2430	0.004677661832463706
2431	0.004677661821846298
2432	0.004677661811460078
2433	0.004677661801049265
2434	0.004677661790508323
2435	0.004677661780067996
2436	0.0046776617698034186
2437	0.004677661759516215
2438	0.004677661749152079
2439	0.0046776617388790825
2440	0.004677661728730209
2441	0.004677661718571153
2442	0.004677661708381165
2443	0.004677661698263567
2444	0.004677661688230686
2445	0.004677661678206716
2446	0.004677661668181077
2447	0.004677661658209466
2448	0.004677661648298452
2449	0.004677661638411056
2450	0.004677661628540828
2451	0.004677661618709687
2452	0.00467766160892453
2453	0.004677661599174069
2454	0.004677661589449873
2455	0.004677661579757205
2456	0.004677661570102191
2457	0.004677661560485541
2458	0.00467766155090091
2459	0.004677661541344886
2460	0.004677661531821406
2461	0.004677661522337385
2462	0.004677661512888197
2463	0.004677661503465609
2464	0.004677661494073908
2465	0.004677661484720771
2466	0.004677661475403386
2467	0.004677661466112962
2468	0.0046776614568526794
2469	0.004677661447628764
2470	0.00467766143843964
2471	0.004677661429279809
2472	0.004677661420149944
2473	0.00467766141105392
2474	0.004677661401991785
2475	0.004677661392959967
2476	0.00467766138395787
2477	0.004677661374988512
2478	0.004677661366052301
2479	0.004677661357146618
2480	0.0046776613482709915
2481	0.004677661339426654
2482	0.004677661330614033
2483	0.0046776613218325455
2484	0.004677661313080778
2485	0.004677661304360717
2486	0.004677661295670475
2487	0.004677661287011214
2488	0.004677661278382692
2489	0.004677661269784484
2490	0.004677661261215455
2491	0.004677661252677693
2492	0.004677661244169553
2493	0.004677661235691084
2494	0.0046776612272425066
2495	0.004677661218823264
2496	0.004677661210434388
2497	0.004677661202074955
2498	0.00467766119374466
2499	0.004677661185443846
2500	0.00467766117717186
2501	0.004677661168929566
2502	0.0046776611607162455
2503	0.0046776611525312425
2504	0.004677661144375315
2505	0.004677661136248373
2506	0.004677661128150124
2507	0.004677661120080372
2508	0.004677661112039033
2509	0.004677661104026068
2510	0.0046776610960414305
2511	0.0046776610880849626
2512	0.004677661080156045
2513	0.004677661072255912
2514	0.004677661064383285
2515	0.004677661056538444
2516	0.004677661048721414
2517	0.004677661040932137
2518	0.0046776610331703255
2519	0.004677661025435985
2520	0.004677661017729028
2521	0.004677661010049398
2522	0.004677661002396352
2523	0.004677660994770982
2524	0.004677660987172501
2525	0.0046776609796009986
2526	0.004677660972056035
2527	0.004677660964537987
2528	0.004677660957046565
2529	0.004677660949581645
2530	0.004677660942142964
2531	0.004677660934730961
2532	0.004677660927345063
2533	0.004677660919985749
2534	0.00467766091265216
2535	0.004677660905344895
2536	0.004677660898063392
2537	0.004677660890807646
2538	0.004677660883577896
2539	0.004677660876373449
2540	0.0046776608691952645
2541	0.004677660862041718
2542	0.004677660854914312
2543	0.004677660847811542
2544	0.004677660840734908
2545	0.004677660833682961
2546	0.004677660826656271
2547	0.004677660819654506
2548	0.004677660812678048
2549	0.004677660805725547
2550	0.004677660798798555
2551	0.0046776607918956326
2552	0.00467766078501802
2553	0.004677660778164666
2554	0.0046776607713358885
2555	0.0046776607645305345
2556	0.004677660757750685
2557	0.0046776607509943745
2558	0.004677660744262633
2559	0.004677660737554305
2560	0.00467766073087018
2561	0.004677660724210046
2562	0.004677660717573684
2563	0.004677660710960848
2564	0.004677660704372183
2565	0.0046776606978062175
2566	0.004677660691264269
2567	0.0046776606847454445
2568	0.0046776606782502625
2569	0.004677660671778347
2570	0.004677660665329423
2571	0.004677660658903783
2572	0.0046776606525005225
2573	0.004677660646120894
2574	0.004677660639763958
2575	0.004677660633429328
2576	0.004677660627118305
2577	0.004677660620829074
2578	0.004677660614562685
2579	0.004677660608318722
2580	0.00467766060209727
2581	0.004677660595898562
2582	0.004677660589721539
2583	0.004677660583566937
2584	0.004677660577434469
2585	0.004677660571323536
2586	0.004677660565235096
2587	0.0046776605591683125
2588	0.004677660553123632
2589	0.004677660547100551
2590	0.004677660541098928
2591	0.004677660535119278
2592	0.004677660529160566
2593	0.004677660523223416
2594	0.004677660517308343
2595	0.004677660511414107
2596	0.004677660505541425
2597	0.004677660499689306
2598	0.004677660493858427
2599	0.004677660488049076
2600	0.004677660482260728
2601	0.004677660476492475
2602	0.004677660470745616
2603	0.0046776604650193895
2604	0.004677660459313515
2605	0.0046776604536284995
2606	0.004677660447963807
2607	0.004677660442319738
2608	0.004677660436696419
2609	0.004677660431093326
2610	0.004677660425510121
2611	0.004677660419947334
2612	0.0046776604144048405
2613	0.004677660408882043
2614	0.004677660403379449
2615	0.004677660397896947
2616	0.004677660392433929
2617	0.004677660386991007
2618	0.004677660381567685
2619	0.004677660376163773
2620	0.004677660370779765
2621	0.004677660365415387
2622	0.004677660360070264
2623	0.004677660354744781
2624	0.00467766034943848
2625	0.004677660344151223
2626	0.004677660338883694
2627	0.0046776603336350425
2628	0.004677660328404897
2629	0.004677660323194184
2630	0.004677660318002547
2631	0.004677660312829613
2632	0.0046776603076757
2633	0.004677660302540592
2634	0.0046776602974238244
2635	0.004677660292325707
2636	0.004677660287246348
2637	0.00467766028218527
2638	0.004677660277143267
2639	0.004677660272119324
2640	0.004677660267113379
2641	0.004677660262125829
2642	0.004677660257156608
2643	0.004677660252205507
2644	0.004677660247272092
2645	0.00467766024235738
2646	0.0046776602374601255
2647	0.00467766023258118
2648	0.00467766022771922
2649	0.004677660222875923
2650	0.0046776602180498335
2651	0.004677660213241695
2652	0.004677660208450765
2653	0.00467766020367766
2654	0.0046776601989222495
2655	0.004677660194183176
2656	0.004677660189462661
2657	0.004677660184758722
2658	0.004677660180072448
2659	0.00467766017540331
2660	0.004677660170751453
2661	0.004677660166116043
2662	0.00467766016149817
2663	0.004677660156896907
2664	0.004677660152312565
2665	0.004677660147745001
2666	0.004677660143194441
2667	0.004677660138660397
2668	0.004677660134142983
2669	0.004677660129642462
2670	0.004677660125158558
2671	0.0046776601206905835
2672	0.0046776601162400325
2673	0.004677660111805191
2674	0.004677660107386035
2675	0.0046776601029841205
2676	0.004677660098597743
2677	0.004677660094228177
2678	0.004677660089874443
2679	0.004677660085536424
2680	0.004677660081215016
2681	0.004677660076908915
2682	0.004677660072619358
2683	0.004677660068345065
2684	0.004677660064086478
2685	0.004677660059844274
2686	0.004677660055617214
2687	0.004677660051405801
2688	0.0046776600472104276
2689	0.004677660043029925
2690	0.0046776600388653
2691	0.0046776600347157755
2692	0.004677660030581859
2693	0.004677660026463208
2694	0.004677660022359731
2695	0.004677660018271437
2696	0.004677660014197829
2697	0.004677660010140273
2698	0.004677660006096915
2699	0.004677660002069026
2700	0.004677659998056033
2701	0.004677659994057618
2702	0.004677659990074475
2703	0.004677659986105597
2704	0.004677659982151755
2705	0.0046776599782129905
2706	0.004677659974288106
2707	0.0046776599703784805
2708	0.004677659966483367
2709	0.004677659962601963
2710	0.004677659958735526
2711	0.004677659954883158
2712	0.00467765995104546
2713	0.004677659947221946
2714	0.004677659943412396
2715	0.004677659939617483
2716	0.004677659935836464
2717	0.004677659932070111
2718	0.004677659928316652
2719	0.004677659924578087
2720	0.004677659920853321
2721	0.004677659917142465
2722	0.004677659913445476
2723	0.004677659909762079
2724	0.004677659906092163
2725	0.004677659902436598
2726	0.004677659898794228
2727	0.004677659895165495
2728	0.0046776598915507835
2729	0.004677659887949345
2730	0.004677659884361428
2731	0.004677659880786885
2732	0.004677659877225412
2733	0.004677659873678003
2734	0.004677659870143036
2735	0.004677659866621735
2736	0.004677659863113238
2737	0.0046776598596187675
2738	0.0046776598561368635
2739	0.004677659852668074
2740	0.004677659849212166
2741	0.004677659845769051
2742	0.004677659842339841
2743	0.0046776598389223385
2744	0.0046776598355185136
2745	0.0046776598321268134
2746	0.00467765982874867
2747	0.004677659825382123
2748	0.0046776598220292
2749	0.004677659818688485
2750	0.004677659815360295
2751	0.004677659812044678
2752	0.004677659808741549
2753	0.004677659805451464
2754	0.0046776598021732035
2755	0.004677659798907566
2756	0.0046776597956536435
2757	0.004677659792412579
2758	0.004677659789183485
2759	0.00467765978596694
2760	0.004677659782762114
2761	0.004677659779569387
2762	0.004677659776388814
2763	0.004677659773220398
2764	0.004677659770064096
2765	0.00467765976691918
2766	0.004677659763786615
2767	0.004677659760665928
2768	0.0046776597575569285
2769	0.004677659754459641
2770	0.004677659751374324
2771	0.0046776597483001005
2772	0.0046776597452379675
2773	0.004677659742187691
2774	0.004677659739148465
2775	0.004677659736120806
2776	0.004677659733105285
2777	0.004677659730100703
2778	0.004677659727107127
2779	0.0046776597241261555
2780	0.004677659721155761
2781	0.004677659718197153
2782	0.00467765971524989
2783	0.004677659712314901
2784	0.004677659709391819
2785	0.004677659706483167
2786	0.0046776597035902735
2787	0.004677659700718809
2788	0.0046776596978789714
2789	0.004677659695091536
2790	0.0046776596923977665
2791	0.004677659689882415
2792	0.0046776596877206545
2793	0.004677659686269835
2794	0.00467765968627297
2795	0.004677659689271378
2796	0.00467765969848538
2797	0.004677659720675148
2798	0.0046776597700950925
2799	0.004677659876871848
2800	0.004677660104903736
2801	0.004677660589199597
2802	0.004677661613362832
2803	0.004677663755874529
2804	0.004677668134319493
2805	0.004677676578063157
2806	0.004677690967924249
2807	0.004677709251820659
2808	0.004677718905163947
2809	0.004677702655366441
2810	0.004677671266506542
2811	0.00467766068220167
2812	0.004677677770668178
2813	0.004677690096973991
2814	0.0046776764280301855
2815	0.004677660442491582
2816	0.004677666914237099
2817	0.00467767820445259
2818	0.004677671273505858
2819	0.004677660082414863
2820	0.004677664640311188
2821	0.004677671897787137
2822	0.0046776660077957
2823	0.0046776596291716556
2824	0.004677664268777602
2825	0.004677667642027151
2826	0.004677662379596562
2827	0.004677659853047322
2828	0.0046776638471107785
2829	0.0046776643694997925
2830	0.004677660457738638
2831	0.004677660359549536
2832	0.004677663009299572
2833	0.004677662072603607
2834	0.004677659783164256
2835	0.004677660678748842
2836	0.004677661999519544
2837	0.004677660711244001
2838	0.004677659661431099
2839	0.004677660697698112
2840	0.004677661114856119
2841	0.004677659981025644
2842	0.004677659716270356
2843	0.004677660553107711
2844	0.0046776604419680136
2845	0.004677659648750953
2846	0.0046776598079173925
2847	0.004677660322125073
2848	0.004677659976722632
2849	0.004677659546375628
2850	0.004677659851647042
2851	0.004677660061978894
2852	0.0046776596998711955
2853	0.004677659552910154
2854	0.004677659826233874
2855	0.004677659837654967
2856	0.004677659573280236
2857	0.004677659580364553
2858	0.004677659754997318
2859	0.004677659683743455
2860	0.004677659529056369
2861	0.004677659586786344
2862	0.0046776596753334895
2863	0.004677659592361246
2864	0.004677659514126801
2865	0.004677659573135948
2866	0.004677659609966852
2867	0.004677659541278783
2868	0.0046776595057316205
2869	0.004677659552531417
2870	0.004677659562972355
2871	0.004677659511404358
2872	0.004677659498163522
2873	0.004677659532098103
2874	0.004677659529164629
2875	0.004677659492292267
2876	0.004677659490632788
2877	0.004677659513182929
2878	0.0046776595040833036
2879	0.004677659479276987
2880	0.004677659482685271
2881	0.00467765949591871
2882	0.00467765948531984
2883	0.0046776594696658425
2884	0.0046776594740104045
2885	0.0046776594806067434
2886	0.004677659471191738
2887	0.004677659461561067
2888	0.004677659464817593
2889	0.004677659467463829
2890	0.004677659460099269
2891	0.00467765945387748
2892	0.0046776594556255935
2893	0.00467765945629186
2894	0.004677659450758866
2895	0.00467765944629828
2896	0.0046776594468835786
2897	0.004677659446668377
2898	0.004677659442456367
2899	0.0046776594389869985
2900	0.004677659438908271
2901	0.004677659438366969
2902	0.004677659435173996
2903	0.004677659432540653
2904	0.00467765943235833
2905	0.004677659432055874
2906	0.004677659430169702
2907	0.004677659428986463
2908	0.00467765942995315
2909	0.00467765943153077
2910	0.004677659432971104
2911	0.004677659436104744
2912	0.0046776594422919295
2913	0.00467765945091919
2914	0.004677659461627838
2915	0.004677659475195687
2916	0.004677659491124503
2917	0.004677659506040088
2918	0.004677659514847709
2919	0.004677659512637858
2920	0.004677659496373971
2921	0.0046776594675955584
2922	0.004677659434083974
2923	0.0046776594069675844
2924	0.004677659394203309
2925	0.0046776593962972075
2926	0.004677659407378865
2927	0.004677659419242836
2928	0.004677659424962596
2929	0.0046776594211908485
2930	0.0046776594093265785
2931	0.004677659394695549
2932	0.004677659383424331
2933	0.004677659378937991
2934	0.004677659380638282
2935	0.004677659385154711
2936	0.004677659388573266
2937	0.0046776593882578476
2938	0.004677659383798859
2939	0.004677659376933168
2940	0.00467765937037533
2941	0.004677659366220377
2942	0.0046776593649650875
2943	0.004677659365633219
2944	0.004677659366601119
2945	0.004677659366465676
2946	0.004677659364602167
2947	0.00467765936130712
2948	0.004677659357514656
2949	0.004677659354237183
2950	0.0046776593520569225
2951	0.004677659350944862
2952	0.004677659350420568
2953	0.004677659349875149
2954	0.004677659348842418
2955	0.004677659347154387
2956	0.004677659344954404
2957	0.004677659342583155
2958	0.004677659340397405
2959	0.004677659338605159
2960	0.004677659337215324
2961	0.004677659336087497
2962	0.004677659335022849
2963	0.0046776593338433495
2964	0.004677659332449587
2965	0.004677659330844376
2966	0.0046776593291126545
2967	0.0046776593273730425
2968	0.004677659325719892
2969	0.004677659324201257
2970	0.004677659322814889
2971	0.00467765932152057
2972	0.004677659320260667
2973	0.0046776593189788405
2974	0.004677659317640058
2975	0.004677659316238637
2976	0.004677659314788517
2977	0.004677659313318573
2978	0.004677659311856096
2979	0.0046776593104225495
2980	0.004677659309031493
2981	0.004677659307682324
2982	0.004677659306366374
2983	0.004677659305069287
2984	0.004677659303777727
2985	0.0046776593024815604
2986	0.004677659301176768
2987	0.004677659299860163
2988	0.004677659298535487
2989	0.004677659297207873
2990	0.004677659295882023
2991	0.0046776592945647075
2992	0.004677659293258089
2993	0.004677659291963256
2994	0.004677659290680682
2995	0.0046776592894107434
2996	0.0046776592881500965
2997	0.0046776592868972245
2998	0.004677659285650655
2999	0.004677659284408154
3000	0.004677659283169547
3001	0.004677659281934028
3002	0.004677659280701404
3003	0.00467765927947149
3004	0.004677659278245083
3005	0.004677659277022964
3006	0.004677659275805023
3007	0.00467765927459143
3008	0.004677659273383079
3009	0.004677659272179896
3010	0.004677659270981663
3011	0.004677659269789314
3012	0.004677659268602122
3013	0.004677659267420309
3014	0.0046776592662437205
3015	0.004677659265072321
3016	0.004677659263906027
3017	0.004677659262744818
3018	0.0046776592615886
3019	0.004677659260437421
3020	0.004677659259290854
3021	0.004677659258149619
3022	0.004677659257012754
3023	0.004677659255880928
3024	0.004677659254753604
3025	0.00467765925363125
3026	0.0046776592525133885
3027	0.004677659251400781
3028	0.004677659250292218
3029	0.004677659249188458
3030	0.004677659248089573
3031	0.004677659246995917
3032	0.004677659245906261
3033	0.004677659244822096
3034	0.004677659243742712
3035	0.004677659242668562
3036	0.004677659241600235
3037	0.00467765924053829
3038	0.004677659239482959
3039	0.004677659238435562
3040	0.0046776592373983135
3041	0.004677659236373431
3042	0.0046776592353647535
3043	0.004677659234378542
3044	0.004677659233424774
3045	0.004677659232518572
3046	0.004677659231683244
3047	0.004677659230955779
3048	0.004677659230395507
3049	0.004677659230096195
3050	0.004677659230208725
3051	0.004677659230971083
3052	0.004677659232764443
3053	0.004677659236189449
3054	0.004677659242172674
3055	0.004677659252096905
3056	0.004677659267877648
3057	0.0046776592918163235
3058	0.004677659325756197
3059	0.004677659368880417
3060	0.0046776594137306025
3061	0.00467765944285588
3062	0.004677659433132815
3063	0.004677659374517637
3064	0.004677659289822405
3065	0.004677659225670483
3066	0.004677659214094593
3067	0.004677659247402843
3068	0.004677659288976286
3069	0.00467765930221869
3070	0.004677659276322478
3071	0.0046776592332884
3072	0.004677659207098438
3073	0.004677659212576651
3074	0.004677659235595877
3075	0.004677659250124808
3076	0.004677659242027991
3077	0.004677659219407848
3078	0.004677659202173854
3079	0.004677659202123113
3080	0.004677659213705341
3081	0.004677659222242645
3082	0.004677659218605069
3083	0.0046776592063464675
3084	0.004677659196288602
3085	0.004677659195364004
3086	0.004677659201055924
3087	0.004677659205492254
3088	0.004677659203493245
3089	0.004677659196671598
3090	0.004677659190714076
3091	0.004677659189511416
3092	0.004677659192031933
3093	0.004677659194206666
3094	0.004677659193097148
3095	0.0046776591892412015
3096	0.00467765918550463
3097	0.004677659184128543
3098	0.004677659184904182
3099	0.004677659185843348
3100	0.00467765918522914
3101	0.004677659183017305
3102	0.00467765918054027
3103	0.004677659179110907
3104	0.004677659178926946
3105	0.004677659179129752
3106	0.00467765917872542
3107	0.004677659177422354
3108	0.004677659175726613
3109	0.004677659174373398
3110	0.004677659173686136
3111	0.004677659173406026
3112	0.0046776591730112345
3113	0.004677659172179731
3114	0.004677659171000142
3115	0.0046776591698182955
3116	0.004677659168918644
3117	0.004677659168321719
3118	0.004677659167821178
3119	0.004677659167183635
3120	0.004677659166329103
3121	0.004677659165357135
3122	0.00467765916443634
3123	0.004677659163670029
3124	0.004677659163032925
3125	0.004677659162418015
3126	0.004677659161726182
3127	0.004677659160934958
3128	0.004677659160099231
3129	0.004677659159295276
3130	0.004677659158566019
3131	0.0046776591578980495
3132	0.004677659157242715
3133	0.0046776591565553405
3134	0.004677659155823809
3135	0.0046776591550685125
3136	0.0046776591543246406
3137	0.004677659153613801
3138	0.004677659152936444
3139	0.004677659152273124
3140	0.004677659151602051
3141	0.004677659150912764
3142	0.0046776591502096735
3143	0.004677659149506249
3144	0.004677659148816365
3145	0.004677659148143231
3146	0.004677659147483787
3147	0.004677659146827632
3148	0.004677659146167957
3149	0.0046776591455012385
3150	0.004677659144832355
3151	0.004677659144166171
3152	0.004677659143507255
3153	0.004677659142857321
3154	0.004677659142214316
3155	0.004677659141574757
3156	0.004677659140935062
3157	0.004677659140294119
3158	0.004677659139653759
3159	0.004677659139015695
3160	0.0046776591383820435
3161	0.004677659137753273
3162	0.00467765913712915
3163	0.004677659136508519
3164	0.00467765913589076
3165	0.004677659135273596
3166	0.004677659134657983
3167	0.004677659134044274
3168	0.004677659133433342
3169	0.0046776591328262515
3170	0.004677659132222112
3171	0.004677659131621386
3172	0.004677659131023767
3173	0.004677659130428357
3174	0.004677659129835734
3175	0.004677659129244922
3176	0.004677659128656409
3177	0.004677659128070395
3178	0.004677659127486712
3179	0.004677659126906441
3180	0.004677659126328837
3181	0.004677659125753586
3182	0.00467765912518099
3183	0.004677659124611495
3184	0.004677659124044161
3185	0.004677659123479125
3186	0.0046776591229164746
3187	0.004677659122356073
3188	0.004677659121798606
3189	0.004677659121242732
3190	0.004677659120690617
3191	0.004677659120139688
3192	0.004677659119592462
3193	0.00467765911904716
3194	0.004677659118503957
3195	0.004677659117963607
3196	0.004677659117425561
3197	0.004677659116890101
3198	0.004677659116356706
3199	0.0046776591158257195
3200	0.004677659115297301
3201	0.004677659114770881
3202	0.004677659114246672
3203	0.004677659113725513
3204	0.004677659113205574
3205	0.004677659112689012
3206	0.004677659112174423
3207	0.004677659111662277
3208	0.004677659111152413
3209	0.0046776591106444075
3210	0.00467765911013891
3211	0.004677659109636021
3212	0.004677659109135162
3213	0.004677659108636495
3214	0.0046776591081398936
3215	0.004677659107645574
3216	0.0046776591071539635
3217	0.004677659106664385
3218	0.004677659106176085
3219	0.004677659105690715
3220	0.004677659105207702
3221	0.004677659104726107
3222	0.004677659104247621
3223	0.004677659103770681
3224	0.004677659103296082
3225	0.004677659102823646
3226	0.004677659102353429
3227	0.004677659101885244
3228	0.004677659101419025
3229	0.004677659100954908
3230	0.004677659100493329
3231	0.0046776591000331205
3232	0.004677659099575625
3233	0.004677659099120113
3234	0.0046776590986661055
3235	0.0046776590982144685
3236	0.004677659097765423
3237	0.0046776590973178446
3238	0.004677659096872176
3239	0.004677659096428663
3240	0.004677659095987323
3241	0.004677659095548582
3242	0.004677659095111253
3243	0.004677659094675899
3244	0.0046776590942431626
3245	0.00467765909381247
3246	0.004677659093384543
3247	0.0046776590929592625
3248	0.004677659092538789
3249	0.004677659092122588
3250	0.004677659091713734
3251	0.004677659091315544
3252	0.004677659090933962
3253	0.004677659090581218
3254	0.004677659090276369
3255	0.004677659090054369
3256	0.004677659089976428
3257	0.004677659090153983
3258	0.004677659090785941
3259	0.00467765909223394
3260	0.004677659095155703
3261	0.004677659100758935
3262	0.004677659111263464
3263	0.004677659130790842
3264	0.004677659166989794
3265	0.004677659234209193
3266	0.004677659359206723
3267	0.004677659592535549
3268	0.004677660027828899
3269	0.0046776608405454095
3270	0.004677662341207736
3271	0.0046776650727025455
3272	0.004677669814204493
3273	0.004677677466705032
3274	0.004677687771755585
3275	0.004677697662684697
3276	0.004677699160322851
3277	0.004677687659072473
3278	0.004677669748346582
3279	0.004677660649090384
3280	0.004677665197970248
3281	0.004677674483309485
3282	0.004677677012693127
3283	0.004677670086502089
3284	0.004677662161540827
3285	0.004677661061670667
3286	0.00467766568267152
3287	0.004677668863838602
3288	0.004677666451550412
3289	0.004677661845012671
3290	0.004677660239236999
3291	0.004677662305372972
3292	0.004677664373405654
3293	0.004677663653437833
3294	0.004677661263303466
3295	0.004677659862357642
3296	0.004677660536152558
3297	0.004677661937564143
3298	0.004677662088350348
3299	0.004677660708888303
3300	0.00467765941059548
3301	0.004677659648804074
3302	0.00467766078867923
3303	0.00467766107035487
3304	0.004677660096074454
3305	0.004677659180979047
3306	0.004677659371974858
3307	0.004677660106277062
