0	0.014384504306138706
1	0.013167466490429396
2	0.012707288481777849
3	0.01256969630670738
4	0.012482383097822559
5	0.01235247799917515
6	0.012168675836203811
7	0.011958267837693787
8	0.011770398034632566
9	0.011643143355371357
10	0.011577568375491822
11	0.011540973838369563
12	0.011497545773507693
13	0.011434786015417319
14	0.011356681149386545
15	0.011277698760589467
16	0.011222004257171259
17	0.011208349473203235
18	0.011231489879209902
19	0.011265758558664003
20	0.011289149686814454
21	0.011294702815732185
22	0.011284170167543649
23	0.011263238895279163
24	0.011241333825701798
25	0.011226308038053774
26	0.011218050414298863
27	0.011210843961783424
28	0.011201390160652597
29	0.011190871439040101
30	0.011181087904534773
31	0.011172704430072138
32	0.011166793153639012
33	0.01116475093542836
34	0.011166172123036012
35	0.01116861546398375
36	0.011169939055453503
37	0.011169633863974538
38	0.011167794732874294
39	0.011164269965779933
40	0.011159354985068502
41	0.011154240537837569
42	0.01115001238950084
43	0.011146724595132771
44	0.011143910308350241
45	0.011141412131815461
46	0.011139195077539089
47	0.011136940832278777
48	0.011134457695677311
49	0.011132128604393705
50	0.011130460491401595
51	0.011129476150159188
52	0.011128883233152793
53	0.011128474881310465
54	0.011128031772065075
55	0.011127201884044343
56	0.011125822529717359
57	0.011124124479840753
58	0.01112242675566272
59	0.011120858932801563
60	0.01111946808819696
61	0.011118310432047288
62	0.011117328073931673
63	0.011116358087893586
64	0.011115334895196479
65	0.01111433152521193
66	0.011113405425727564
67	0.011112548617452851
68	0.011111761511715248
69	0.01111104026817359
70	0.011110315548534151
71	0.011109505385886153
72	0.011108603746870803
73	0.011107657519537975
74	0.011106702623074501
75	0.01110576949417588
76	0.01110489710315058
77	0.01110409512566014
78	0.011103328981743654
79	0.01110256553546556
80	0.01110180103475885
81	0.011101039600647828
82	0.011100281347943023
83	0.011099534009410925
84	0.011098805404061086
85	0.011098084505739052
86	0.01109735074696532
87	0.0110965966701854
88	0.011095827894107846
89	0.011095051320144357
90	0.011094274937507503
91	0.011093508577394181
92	0.011092754612972674
93	0.011092004240122964
94	0.011091247223992583
95	0.011090479280784434
96	0.011089699155064912
97	0.011088905726950938
98	0.01108809930084244
99	0.01108728029496186
100	0.011086445650934598
101	0.011085589890906628
102	0.011084709603407546
103	0.011083804507023072
104	0.011082874951896455
105	0.01108192049407993
106	0.011080939984723544
107	0.011079930930425504
108	0.011078888936926464
109	0.011077809048685976
110	0.01107668761839802
111	0.011075522386497557
112	0.011074311223856952
113	0.011073051419079011
114	0.011071739853065228
115	0.011070373259622632
116	0.011068948416274333
117	0.011067462564861725
118	0.011065913797149173
119	0.011064300923872807
120	0.01106262302394986
121	0.011060879334348642
122	0.011059069724603186
123	0.011057195389782015
124	0.011055259331866723
125	0.011053266527288547
126	0.011051223898315516
127	0.011049140200156815
128	0.011047025879409516
129	0.011044892930336734
130	0.01104275472288004
131	0.011040625706778308
132	0.011038520896449976
133	0.011036455142946018
134	0.011034442320537923
135	0.011032494594755657
136	0.01103062187676673
137	0.011028831473664003
138	0.011027127892302813
139	0.011025512767296462
140	0.011023984925597976
141	0.011022540619804441
142	0.01102117393827478
143	0.011019877349961687
144	0.01101864230274904
145	0.011017459791470023
146	0.011016320842957918
147	0.0110152169065651
148	0.01101414016348022
149	0.011013083768911526
150	0.01101204202804362
151	0.011011010497764259
152	0.01100998601172784
153	0.011008966642072866
154	0.011007951624021092
155	0.011006941269783355
156	0.011005936885726488
157	0.011004940691259105
158	0.011003955728820578
159	0.01100298575553323
160	0.011002035113592603
161	0.011001108581415456
162	0.011000211207454171
163	0.010999348125495556
164	0.010998524349580895
165	0.010997744551257932
166	0.01099701283035463
167	0.010996332497879126
168	0.010995705892110092
169	0.010995134245477607
170	0.010994617613477864
171	0.010994154870454588
172	0.010993743772397235
173	0.010993381083030405
174	0.010993062754941132
175	0.01099278415205128
176	0.010992540294923065
177	0.01099232610783668
178	0.010992136647911425
179	0.01099196730052599
180	0.010991813930844701
181	0.010991672986232699
182	0.010991541548853918
183	0.010991417341460526
184	0.010991298693017971
185	0.010991184473672644
186	0.010991074010273437
187	0.01099096699336844
188	0.010990863384787438
189	0.010990763332134853
190	0.010990667094065399
191	0.010990574978325491
192	0.010990487293378929
193	0.010990404313468967
194	0.01099032625607759
195	0.01099025326996306
196	0.01099018543121482
197	0.010990122744956423
198	0.010990065150343625
199	0.010990012527280364
200	0.010989964703657956
201	0.010989921462427011
202	0.010989882548282641
203	0.010989847673980816
204	0.010989816526683857
205	0.010989788774654091
206	0.010989764074504747
207	0.010989742078905846
208	0.010989722444317144
209	0.010989704838377306
210	0.010989688946406645
211	0.010989674476846444
212	0.01098966116542955
213	0.01098964877808823
214	0.010989637112575222
215	0.010989625998901614
216	0.010989615298678026
217	0.010989604903549999
218	0.010989594732884083
219	0.010989584730853048
220	0.010989574863041491
221	0.010989565112675672
222	0.010989555476618822
223	0.010989545961286632
224	0.01098953657869641
225	0.010989527342853947
226	0.010989518266651902
227	0.010989509359455262
228	0.010989500625447748
229	0.010989492062825216
230	0.010989483663779078
231	0.010989475415205282
232	0.010989467299928772
233	0.010989459298274384
234	0.010989451389694692
235	0.010989443554285357
236	0.010989435774015916
237	0.010989428033561482
238	0.010989420320741147
239	0.010989412626538395
240	0.010989404944851646
241	0.01098939727202535
242	0.010989389606288556
243	0.0109893819472328
244	0.010989374295328746
245	0.010989366651593096
246	0.010989359017331553
247	0.010989351394017036
248	0.010989343783239788
249	0.0109893361866698
250	0.010989328606071398
251	0.010989321043275555
252	0.010989313500131164
253	0.010989305978430126
254	0.010989298479832231
255	0.010989291005778515
256	0.010989283557415614
257	0.01098927613557209
258	0.010989268740744006
259	0.010989261373117613
260	0.010989254032627961
261	0.01098924671900671
262	0.01098923943185654
263	0.010989232170713637
264	0.010989224935088037
265	0.010989217724504941
266	0.0109892105385216
267	0.010989203376743008
268	0.010989196238819509
269	0.010989189124453963
270	0.010989182033388667
271	0.010989174965414343
272	0.010989167920361366
273	0.01098916089810804
274	0.010989153898564821
275	0.010989146921691083
276	0.010989139967474297
277	0.0109891330359197
278	0.010989126127063284
279	0.010989119240939857
280	0.010989112377576092
281	0.010989105536995987
282	0.010989098719195206
283	0.010989091924153085
284	0.010989085151825227
285	0.010989078402152862
286	0.010989071675050425
287	0.010989064970432161
288	0.01098905828820453
289	0.010989051628273107
290	0.010989044990551623
291	0.010989038374957343
292	0.010989031781420546
293	0.01098902520988229
294	0.010989018660291887
295	0.010989012132614969
296	0.01098900562681431
297	0.010988999142873651
298	0.010988992680770044
299	0.010988986240490009
300	0.010988979822022491
301	0.01098897342535628
302	0.010988967050484752
303	0.010988960697393394
304	0.010988954366078238
305	0.010988948056526468
306	0.010988941768729473
307	0.010988935502676534
308	0.010988929258357814
309	0.010988923035760052
310	0.010988916834875713
311	0.010988910655689266
312	0.010988904498188483
313	0.010988898362362397
314	0.010988892248195669
315	0.01098888615567265
316	0.010988880084781105
317	0.010988874035502772
318	0.010988868007819862
319	0.010988862001720426
320	0.01098885601718112
321	0.010988850054185793
322	0.010988844112715373
323	0.01098883819275224
324	0.010988832294274225
325	0.010988826417264373
326	0.010988820561700361
327	0.010988814727563731
328	0.010988808914835713
329	0.010988803123492402
330	0.010988797353515996
331	0.010988791604882026
332	0.010988785877570056
333	0.010988780171558023
334	0.010988774486822957
335	0.010988768823338407
336	0.010988763181079652
337	0.010988757560027105
338	0.0109887519601482
339	0.01098874638141941
340	0.010988740823815308
341	0.010988735287306158
342	0.010988729771868001
343	0.010988724277470552
344	0.01098871880408665
345	0.010988713351687846
346	0.01098870792024433
347	0.010988702509727414
348	0.010988697120107842
349	0.010988691751357589
350	0.010988686403439698
351	0.010988681076327427
352	0.010988675769992538
353	0.010988670484399632
354	0.010988665219517224
355	0.010988659975313285
356	0.010988654751756297
357	0.010988649548813614
358	0.010988644366446884
359	0.010988639204631764
360	0.01098863406332742
361	0.010988628942501227
362	0.010988623842115276
363	0.010988618762141706
364	0.010988613702538317
365	0.010988608663274238
366	0.010988603644310448
367	0.0109885986456123
368	0.01098859366714366
369	0.01098858870886418
370	0.010988583770739758
371	0.010988578852733808
372	0.010988573954804279
373	0.010988569076919709
374	0.010988564219034613
375	0.010988559381116874
376	0.010988554563119576
377	0.010988549765010295
378	0.010988544986747553
379	0.010988540228291252
380	0.010988535489599887
381	0.010988530770635913
382	0.010988526071356433
383	0.010988521391721531
384	0.010988516731690295
385	0.010988512091221573
386	0.010988507470273854
387	0.010988502868806125
388	0.010988498286773934
389	0.0109884937241361
390	0.01098848918084951
391	0.010988484656871965
392	0.010988480152164474
393	0.01098847566667683
394	0.01098847120036737
395	0.01098846675319711
396	0.010988462325116426
397	0.010988457916083307
398	0.010988453526054473
399	0.010988449154986042
400	0.01098844480282957
401	0.010988440469544352
402	0.010988436155082638
403	0.010988431859401238
404	0.010988427582453828
405	0.010988423324193237
406	0.010988419084574057
407	0.010988414863551822
408	0.01098841066107841
409	0.010988406477112508
410	0.010988402311601857
411	0.01098839816449935
412	0.010988394035763195
413	0.01098838992534255
414	0.010988385833191946
415	0.010988381759261135
416	0.010988377703507642
417	0.01098837366587949
418	0.01098836964632997
419	0.010988365644812996
420	0.01098836166127964
421	0.010988357695677202
422	0.010988353747964062
423	0.010988349818086843
424	0.010988345906001371
425	0.010988342011657097
426	0.0109883381350016
427	0.010988334275989392
428	0.010988330434572317
429	0.010988326610697752
430	0.010988322804320329
431	0.010988319015388102
432	0.010988315243849371
433	0.01098831148965879
434	0.010988307752762752
435	0.010988304033115747
436	0.010988300330664228
437	0.01098829664535708
438	0.010988292977146643
439	0.010988289325983943
440	0.010988285691815525
441	0.01098828207459239
442	0.010988278474264774
443	0.010988274890778095
444	0.010988271324085778
445	0.010988267774136298
446	0.010988264240876632
447	0.01098826072425746
448	0.010988257224230424
449	0.010988253740737745
450	0.01098825027373411
451	0.010988246823165017
452	0.01098824338898111
453	0.010988239971129413
454	0.010988236569562397
455	0.01098823318422137
456	0.010988229815060601
457	0.010988226462026162
458	0.010988223125067646
459	0.01098821980413067
460	0.010988216499169114
461	0.010988213210125391
462	0.01098820993694928
463	0.010988206679591562
464	0.010988203437994061
465	0.010988200212113403
466	0.010988197001889681
467	0.010988193807275082
468	0.010988190628216304
469	0.010988187464662865
470	0.010988184316560333
471	0.010988181183861061
472	0.010988178066505495
473	0.01098817496444729
474	0.01098817187763202
475	0.010988168806008267
476	0.010988165749519163
477	0.01098816270812088
478	0.010988159681753927
479	0.010988156670371457
480	0.010988153673918609
481	0.010988150692340137
482	0.010988147725589047
483	0.010988144773609407
484	0.010988141836352616
485	0.010988138913761035
486	0.010988136005785675
487	0.010988133112373446
488	0.010988130233472816
489	0.010988127369031547
490	0.010988124518994514
491	0.01098812168331184
492	0.01098811886193391
493	0.010988116054803439
494	0.010988113261869811
495	0.010988110483083374
496	0.0109881077183883
497	0.010988104967734403
498	0.01098810223106662
499	0.010988099508336263
500	0.010988096799492197
501	0.010988094104477734
502	0.010988091423245784
503	0.01098808875574048
504	0.010988086101911662
505	0.01098808346170466
506	0.010988080835071815
507	0.010988078221958191
508	0.010988075622313579
509	0.010988073036082256
510	0.010988070463219809
511	0.010988067903668412
512	0.0109880653573759
513	0.010988062824295075
514	0.010988060304374499
515	0.010988057797553684
516	0.010988055303791655
517	0.010988052823031762
518	0.010988050355223837
519	0.01098804790031629
520	0.0109880454582568
521	0.010988043028995548
522	0.010988040612480812
523	0.01098803820865977
524	0.010988035817485073
525	0.01098803343890324
526	0.010988031072861323
527	0.010988028719310827
528	0.010988026378204166
529	0.010988024049482901
530	0.010988021733102243
531	0.010988019429008091
532	0.010988017137153637
533	0.010988014857485894
534	0.010988012589953067
535	0.010988010334507619
536	0.010988008091095555
537	0.01098800585967249
538	0.010988003640182178
539	0.01098800143257626
540	0.010987999236806592
541	0.010987997052822092
542	0.010987994880575211
543	0.010987992720012668
544	0.01098799057108346
545	0.010987988433744439
546	0.010987986307939911
547	0.010987984193621477
548	0.010987982090744747
549	0.010987979999253373
550	0.010987977919102623
551	0.010987975850243442
552	0.01098797379262483
553	0.010987971746198864
554	0.010987969710915549
555	0.010987967686726328
556	0.010987965673586082
557	0.010987963671441826
558	0.0109879616802476
559	0.010987959699952947
560	0.010987957730513725
561	0.010987955771876893
562	0.010987953823998073
563	0.010987951886825265
564	0.010987949960314757
565	0.010987948044418673
566	0.0109879461390864
567	0.01098794424427112
568	0.01098794235992579
569	0.010987940486003612
570	0.010987938622458872
571	0.010987936769242007
572	0.010987934926306871
573	0.010987933093604024
574	0.010987931271089437
575	0.010987929458718728
576	0.010987927656441231
577	0.01098792586421175
578	0.010987924081984433
579	0.010987922309710659
580	0.01098792054734858
581	0.010987918794848086
582	0.0109879170521658
583	0.010987915319256253
584	0.010987913596071134
585	0.010987911882566575
586	0.010987910178698214
587	0.01098790848441724
588	0.010987906799682411
589	0.010987905124446194
590	0.01098790345866414
591	0.010987901802292328
592	0.01098790015528467
593	0.010987898517599565
594	0.010987896889186406
595	0.010987895270006848
596	0.010987893660013452
597	0.010987892059163158
598	0.0109878904674118
599	0.010987888884718307
600	0.010987887311032127
601	0.010987885746315068
602	0.010987884190524419
603	0.010987882643612553
604	0.010987881105539355
605	0.010987879576258453
606	0.01098787805573181
607	0.010987876543912428
608	0.010987875040760563
609	0.010987873546231973
610	0.010987872060284579
611	0.010987870582873538
612	0.010987869113961417
613	0.010987867653501023
614	0.010987866201455369
615	0.010987864757780332
616	0.010987863322432933
617	0.010987861895374143
618	0.010987860476561357
619	0.010987859065952356
620	0.010987857663508495
621	0.010987856269185182
622	0.010987854882944178
623	0.010987853504744549
624	0.010987852134543185
625	0.010987850772306013
626	0.010987849417984067
627	0.010987848071542204
628	0.010987846732942933
629	0.010987845402137963
630	0.010987844079096892
631	0.010987842763773658
632	0.010987841456129636
633	0.010987840156128054
634	0.010987838863727636
635	0.010987837578890604
636	0.010987836301576027
637	0.010987835031746065
638	0.010987833769362453
639	0.010987832514385806
640	0.010987831266778955
641	0.010987830026503746
642	0.010987828793518315
643	0.010987827567788783
644	0.010987826349277363
645	0.01098782513794343
646	0.010987823933748527
647	0.010987822736661249
648	0.010987821546639439
649	0.010987820363647207
650	0.010987819187645976
651	0.0109878180186002
652	0.010987816856476125
653	0.010987815701231354
654	0.010987814552831716
655	0.010987813411243231
656	0.010987812276425687
657	0.010987811148345893
658	0.01098781002696795
659	0.010987808912254765
660	0.010987807804169915
661	0.010987806702680906
662	0.010987805607749094
663	0.010987804519341993
664	0.010987803437421978
665	0.010987802361955777
666	0.010987801292908762
667	0.010987800230244425
668	0.0109877991739312
669	0.010987798123932592
670	0.010987797080213408
671	0.010987796042742965
672	0.01098779501148316
673	0.010987793986403411
674	0.010987792967465925
675	0.010987791954643762
676	0.010987790947898039
677	0.010987789947198423
678	0.010987788952509398
679	0.010987787963797329
680	0.010987786981034269
681	0.010987786004181188
682	0.010987785033211586
683	0.010987784068087857
684	0.01098778310878279
685	0.010987782155257817
686	0.010987781207487547
687	0.010987780265434583
688	0.010987779329069379
689	0.010987778398362376
690	0.010987777473277557
691	0.010987776553789063
692	0.010987775639863629
693	0.010987774731463881
694	0.010987773828570399
695	0.010987772931142496
696	0.010987772039154728
697	0.010987771152574141
698	0.010987770271372658
699	0.01098776939551883
700	0.010987768524981565
701	0.010987767659732372
702	0.010987766799740777
703	0.01098776594497634
704	0.010987765095412392
705	0.01098776425101571
706	0.0109877634117577
707	0.010987762577610175
708	0.01098776174854564
709	0.01098776092453176
710	0.010987760105544182
711	0.010987759291548204
712	0.01098775848252111
713	0.010987757678432967
714	0.010987756879251251
715	0.010987756084951993
716	0.01098775529550756
717	0.01098775451089004
718	0.010987753731068235
719	0.010987752956018889
720	0.010987752185712458
721	0.01098775142012095
722	0.010987750659219201
723	0.010987749902977868
724	0.010987749151371509
725	0.010987748404371452
726	0.010987747661953394
727	0.010987746924092493
728	0.010987746190755987
729	0.010987745461924166
730	0.010987744737566408
731	0.010987744017657808
732	0.010987743302172188
733	0.010987742591086863
734	0.010987741884372152
735	0.01098774118200524
736	0.0109877404839583
737	0.010987739790207517
738	0.010987739100727239
739	0.010987738415492984
740	0.010987737734479714
741	0.010987737057663791
742	0.010987736385017195
743	0.010987735716518343
744	0.010987735052140865
745	0.010987734391862443
746	0.010987733735656199
747	0.010987733083504597
748	0.010987732435373007
749	0.010987731791248815
750	0.010987731151099713
751	0.01098773051490584
752	0.010987729882645937
753	0.010987729254289797
754	0.010987728629820748
755	0.010987728009213752
756	0.010987727392445018
757	0.010987726779493187
758	0.010987726170334456
759	0.010987725564944328
760	0.010987724963304987
761	0.010987724365389952
762	0.010987723771179245
763	0.010987723180649576
764	0.010987722593779496
765	0.010987722010543665
766	0.010987721430926406
767	0.010987720854902962
768	0.010987720282451178
769	0.01098771971354861
770	0.010987719148178756
771	0.010987718586316407
772	0.010987718027939132
773	0.010987717473029759
774	0.010987716921565027
775	0.010987716373523004
776	0.010987715828888163
777	0.010987715287632333
778	0.010987714749740592
779	0.010987714215192495
780	0.010987713683963809
781	0.010987713156040708
782	0.010987712631397372
783	0.010987712110018765
784	0.010987711591879142
785	0.01098771107696358
786	0.010987710565250094
787	0.010987710056719807
788	0.010987709551352799
789	0.010987709049133087
790	0.010987708550037136
791	0.010987708054048563
792	0.01098770756114767
793	0.010987707071313283
794	0.010987706584533003
795	0.010987706100780899
796	0.010987705620041172
797	0.010987705142299688
798	0.010987704667530724
799	0.010987704195719388
800	0.01098770372684852
801	0.010987703260899822
802	0.010987702797853998
803	0.010987702337693804
804	0.010987701880402535
805	0.010987701425960224
806	0.01098770097435405
807	0.01098770052556065
808	0.010987700079564833
809	0.010987699636350656
810	0.010987699195902527
811	0.010987698758199403
812	0.01098769832322384
813	0.010987697890963991
814	0.010987697461398485
815	0.010987697034512928
816	0.010987696610290618
817	0.010987696188714948
818	0.010987695769769252
819	0.010987695353434971
820	0.010987694939701155
821	0.010987694528547542
822	0.010987694119960081
823	0.010987693713920638
824	0.010987693310415738
825	0.010987692909427558
826	0.010987692510941909
827	0.010987692114943135
828	0.010987691721417525
829	0.01098769133034543
830	0.010987690941715042
831	0.010987690555508864
832	0.010987690171713135
833	0.010987689790312059
834	0.010987689411292769
835	0.010987689034637572
836	0.010987688660334258
837	0.010987688288366503
838	0.010987687918720113
839	0.01098768755138023
840	0.010987687186332059
841	0.010987686823563264
842	0.010987686463057224
843	0.010987686104803152
844	0.010987685748780951
845	0.010987685394983078
846	0.010987685043391416
847	0.010987684693994915
848	0.010987684346777764
849	0.010987684001724604
850	0.010987683658828297
851	0.010987683318068738
852	0.010987682979435802
853	0.010987682642914847
854	0.010987682308493526
855	0.01098768197615833
856	0.010987681645893588
857	0.010987681317692743
858	0.010987680991535931
859	0.010987680667413312
860	0.010987680345312995
861	0.010987680025218988
862	0.010987679707123721
863	0.010987679391009137
864	0.010987679076867731
865	0.010987678764683711
866	0.010987678454443785
867	0.010987678146139507
868	0.010987677839753468
869	0.01098767753528016
870	0.01098767723270424
871	0.01098767693201091
872	0.010987676633193196
873	0.01098767633623543
874	0.010987676041128052
875	0.01098767574785992
876	0.010987675456416296
877	0.010987675166787645
878	0.010987674878961885
879	0.01098767459292993
880	0.010987674308678792
881	0.010987674026196315
882	0.010987673745471768
883	0.010987673466493554
884	0.010987673189250757
885	0.010987672913733489
886	0.010987672639930812
887	0.010987672367831127
888	0.010987672097422022
889	0.010987671828697514
890	0.010987671561643323
891	0.01098767129624633
892	0.010987671032502484
893	0.01098767077039507
894	0.01098767050991905
895	0.010987670251058812
896	0.010987669993811879
897	0.010987669738156704
898	0.010987669484092967
899	0.010987669231605249
900	0.010987668980686779
901	0.010987668731325752
902	0.010987668483512077
903	0.010987668237236892
904	0.010987667992490326
905	0.010987667749260603
906	0.010987667507540329
907	0.010987667267320447
908	0.010987667028589929
909	0.010987666791340717
910	0.01098766655555837
911	0.010987666321240652
912	0.0109876660883748
913	0.010987665856952992
914	0.010987665626963515
915	0.01098766539839686
916	0.010987665171248941
917	0.010987664945504778
918	0.010987664721159895
919	0.010987664498202898
920	0.010987664276628041
921	0.010987664056421391
922	0.010987663837576558
923	0.010987663620086218
924	0.010987663403940407
925	0.010987663189132626
926	0.010987662975650276
927	0.010987662763487359
928	0.010987662552637724
929	0.010987662343090619
930	0.010987662134836788
931	0.010987661927869381
932	0.010987661722179881
933	0.010987661517757624
934	0.010987661314598943
935	0.010987661112694187
936	0.010987660912035669
937	0.010987660712613393
938	0.010987660514419935
939	0.010987660317450179
940	0.010987660121694273
941	0.010987659927145215
942	0.010987659733793953
943	0.010987659541632583
944	0.01098765935065572
945	0.010987659160854975
946	0.010987658972221906
947	0.010987658784752313
948	0.01098765859843128
949	0.010987658413259114
950	0.01098765822922607
951	0.010987658046325982
952	0.010987657864547433
953	0.010987657683888286
954	0.010987657504338952
955	0.01098765732588992
956	0.010987657148539831
957	0.01098765697227622
958	0.010987656797096968
959	0.010987656622990847
960	0.010987656449953722
961	0.010987656277978408
962	0.010987656107056995
963	0.010987655937184045
964	0.010987655768353985
965	0.010987655600556262
966	0.01098765543378936
967	0.010987655268041263
968	0.010987655103306404
969	0.01098765493958341
970	0.010987654776862688
971	0.010987654615135383
972	0.010987654454399918
973	0.010987654294644619
974	0.01098765413586764
975	0.01098765397806017
976	0.010987653821220331
977	0.01098765366533459
978	0.010987653510403945
979	0.010987653356418037
980	0.010987653203372721
981	0.010987653051259878
982	0.010987652900078405
983	0.010987652749817096
984	0.01098765260047001
985	0.01098765245203676
986	0.010987652304507448
987	0.01098765215787749
988	0.010987652012138626
989	0.010987651867288964
990	0.01098765172332131
991	0.010987651580229775
992	0.0109876514380087
993	0.010987651296652235
994	0.010987651156157607
995	0.010987651016515339
996	0.010987650877722455
997	0.010987650739773213
998	0.01098765060266179
999	0.010987650466382396
1000	0.010987650330932356
1001	0.010987650196302153
1002	0.010987650062489949
1003	0.010987649929491305
1004	0.01098764979729631
1005	0.010987649665904249
1006	0.010987649535309403
1007	0.010987649405506023
1008	0.010987649276486055
1009	0.010987649148251424
1010	0.010987649020792495
1011	0.010987648894104368
1012	0.010987648768181662
1013	0.01098764864302146
1014	0.010987648518619832
1015	0.010987648394968949
1016	0.010987648272065656
1017	0.010987648149904553
1018	0.010987648028481761
1019	0.010987647907794018
1020	0.010987647787832788
1021	0.010987647668595005
1022	0.010987647550077386
1023	0.010987647432276407
1024	0.010987647315184144
1025	0.010987647198799333
1026	0.01098764708311423
1027	0.010987646968127275
1028	0.010987646853833402
1029	0.010987646740226233
1030	0.010987646627304538
1031	0.010987646515062675
1032	0.010987646403494955
1033	0.010987646292597238
1034	0.010987646182369243
1035	0.010987646072801118
1036	0.010987645963893152
1037	0.010987645855639857
1038	0.01098764574803555
1039	0.010987645641076887
1040	0.01098764553476276
1041	0.010987645429083773
1042	0.01098764532404004
1043	0.010987645219626155
1044	0.010987645115840246
1045	0.010987645012674957
1046	0.01098764491012667
1047	0.010987644808193612
1048	0.010987644706870449
1049	0.010987644606155965
1050	0.010987644506042605
1051	0.010987644406529285
1052	0.01098764430760964
1053	0.01098764420928216
1054	0.010987644111543064
1055	0.010987644014387928
1056	0.010987643917813207
1057	0.010987643821815645
1058	0.010987643726390786
1059	0.010987643631536802
1060	0.010987643537247412
1061	0.010987643443520607
1062	0.010987643350353323
1063	0.010987643257739908
1064	0.010987643165682787
1065	0.010987643074170187
1066	0.010987642983206713
1067	0.010987642892781124
1068	0.010987642802895688
1069	0.010987642713544651
1070	0.01098764262472531
1071	0.010987642536434236
1072	0.010987642448670593
1073	0.010987642361425973
1074	0.01098764227470179
1075	0.01098764218849111
1076	0.01098764210279427
1077	0.010987642017605654
1078	0.010987641932922263
1079	0.010987641848742057
1080	0.01098764176506095
1081	0.010987641681877205
1082	0.01098764159918634
1083	0.010987641516987053
1084	0.01098764143527182
1085	0.01098764135404173
1086	0.01098764127329534
1087	0.010987641193024282
1088	0.010987641113230615
1089	0.010987641033908549
1090	0.010987640955055169
1091	0.01098764087666836
1092	0.010987640798747002
1093	0.010987640721283044
1094	0.010987640644280296
1095	0.010987640567730939
1096	0.01098764049163359
1097	0.01098764041598668
1098	0.010987640340785082
1099	0.010987640266026959
1100	0.010987640191710979
1101	0.010987640117835519
1102	0.010987640044391778
1103	0.010987639971383373
1104	0.010987639898805437
1105	0.010987639826654332
1106	0.010987639754929859
1107	0.010987639683626252
1108	0.010987639612742614
1109	0.0109876395422789
1110	0.010987639472225684
1111	0.010987639402587878
1112	0.01098763933335914
1113	0.010987639264535325
1114	0.010987639196118596
1115	0.010987639128103847
1116	0.010987639060486647
1117	0.010987638993268184
1118	0.010987638926445002
1119	0.010987638860013586
1120	0.010987638793971737
1121	0.010987638728318046
1122	0.01098763866304901
1123	0.010987638598163128
1124	0.010987638533659212
1125	0.010987638469531512
1126	0.010987638405780981
1127	0.01098763834240373
1128	0.010987638279397536
1129	0.010987638216760133
1130	0.010987638154491034
1131	0.010987638092583562
1132	0.010987638031039521
1133	0.010987637969856145
1134	0.010987637909032386
1135	0.010987637848562572
1136	0.0109876377884459
1137	0.010987637728681991
1138	0.01098763766926537
1139	0.010987637610197078
1140	0.010987637551474637
1141	0.010987637493093626
1142	0.01098763743505607
1143	0.010987637377354576
1144	0.010987637319990971
1145	0.010987637262964336
1146	0.010987637206266996
1147	0.010987637149902847
1148	0.010987637093866392
1149	0.010987637038155437
1150	0.010987636982771111
1151	0.010987636927707886
1152	0.010987636872966196
1153	0.010987636818542547
1154	0.010987636764437158
1155	0.01098763671064848
1156	0.010987636657168402
1157	0.010987636604002161
1158	0.010987636551146197
1159	0.010987636498595472
1160	0.010987636446353808
1161	0.010987636394411086
1162	0.010987636342775026
1163	0.010987636291435775
1164	0.010987636240396698
1165	0.010987636189653358
1166	0.010987636139205057
1167	0.010987636089051362
1168	0.010987636039186533
1169	0.010987635989613295
1170	0.0109876359403266
1171	0.010987635891326114
1172	0.01098763584261038
1173	0.010987635794177704
1174	0.010987635746024177
1175	0.01098763569815107
1176	0.010987635650555768
1177	0.010987635603235887
1178	0.010987635556191979
1179	0.01098763550941747
1180	0.010987635462914529
1181	0.010987635416683563
1182	0.010987635370719083
1183	0.010987635325022227
1184	0.010987635279588237
1185	0.010987635234417046
1186	0.010987635189507537
1187	0.010987635144858513
1188	0.010987635100467599
1189	0.010987635056334098
1190	0.010987635012457158
1191	0.010987634968830779
1192	0.010987634925459299
1193	0.010987634882337009
1194	0.010987634839463382
1195	0.01098763479683822
1196	0.010987634754462584
1197	0.01098763471232919
1198	0.010987634670439535
1199	0.01098763462879071
1200	0.010987634587384025
1201	0.01098763454621364
1202	0.010987634505284448
1203	0.010987634464592095
1204	0.010987634424132397
1205	0.010987634383907274
1206	0.010987634343913154
1207	0.01098763430415008
1208	0.010987634264617406
1209	0.010987634225311217
1210	0.010987634186232586
1211	0.01098763414738241
1212	0.010987634108750945
1213	0.010987634070346315
1214	0.010987634032160376
1215	0.01098763399419706
1216	0.01098763395645123
1217	0.010987633918923894
1218	0.010987633881610885
1219	0.0109876338445131
1220	0.010987633807632229
1221	0.01098763377096123
1222	0.010987633734501989
1223	0.01098763369825321
1224	0.010987633662212878
1225	0.010987633626380083
1226	0.010987633590754805
1227	0.010987633555331541
1228	0.010987633520114882
1229	0.010987633485099539
1230	0.010987633450285863
1231	0.010987633415672764
1232	0.010987633381260414
1233	0.010987633347044074
1234	0.010987633313026709
1235	0.01098763327920281
1236	0.010987633245575215
1237	0.0109876332121415
1238	0.010987633178897529
1239	0.010987633145846777
1240	0.010987633112985694
1241	0.01098763308031432
1242	0.010987633047829484
1243	0.010987633015533184
1244	0.010987632983421322
1245	0.010987632951495428
1246	0.010987632919750972
1247	0.010987632888189932
1248	0.01098763285681078
1249	0.010987632825612353
1250	0.010987632794591697
1251	0.010987632763751332
1252	0.010987632733087943
1253	0.010987632702599635
1254	0.010987632672287547
1255	0.01098763264214969
1256	0.010987632612181504
1257	0.01098763258239041
1258	0.010987632552768908
1259	0.010987632523318315
1260	0.010987632494037045
1261	0.010987632464921942
1262	0.010987632435973895
1263	0.010987632407195148
1264	0.01098763237857901
1265	0.010987632350129391
1266	0.010987632321843455
1267	0.010987632293717384
1268	0.010987632265756263
1269	0.010987632237952974
1270	0.010987632210310487
1271	0.010987632182828088
1272	0.01098763215550283
1273	0.01098763212833242
1274	0.010987632101319358
1275	0.0109876320744614
1276	0.010987632047759417
1277	0.010987632021210735
1278	0.010987631994811576
1279	0.010987631968569266
1280	0.010987631942472695
1281	0.010987631916528469
1282	0.010987631890733207
1283	0.010987631865084956
1284	0.010987631839586502
1285	0.010987631814230956
1286	0.010987631789023374
1287	0.010987631763960228
1288	0.010987631739039515
1289	0.010987631714266921
1290	0.010987631689632526
1291	0.010987631665140636
1292	0.010987631640790141
1293	0.010987631616580163
1294	0.010987631592504966
1295	0.010987631568574092
1296	0.010987631544776172
1297	0.010987631521118021
1298	0.010987631497596462
1299	0.010987631474207896
1300	0.010987631450954247
1301	0.010987631427833131
1302	0.010987631404847131
1303	0.010987631381992082
1304	0.010987631359269107
1305	0.010987631336676676
1306	0.01098763131421416
1307	0.010987631291880275
1308	0.010987631269675982
1309	0.01098763124759847
1310	0.010987631225647637
1311	0.01098763120382414
1312	0.010987631182126114
1313	0.010987631160551443
1314	0.0109876311391028
1315	0.010987631117778333
1316	0.010987631096574052
1317	0.010987631075493241
1318	0.010987631054532144
1319	0.01098763103369373
1320	0.010987631012975023
1321	0.010987630992374865
1322	0.010987630971895099
1323	0.010987630951530743
1324	0.010987630931285354
1325	0.010987630911155165
1326	0.010987630891142953
1327	0.010987630871242833
1328	0.010987630851461812
1329	0.010987630831790678
1330	0.010987630812237009
1331	0.010987630792792111
1332	0.010987630773459458
1333	0.0109876307542402
1334	0.010987630735132578
1335	0.010987630716132964
1336	0.010987630697243555
1337	0.01098763067846568
1338	0.010987630659791164
1339	0.01098763064122769
1340	0.010987630622771121
1341	0.01098763060442125
1342	0.010987630586177187
1343	0.01098763056803623
1344	0.010987630550001345
1345	0.010987630532071592
1346	0.010987630514246094
1347	0.010987630496522412
1348	0.01098763047889995
1349	0.010987630461380373
1350	0.010987630443962105
1351	0.010987630426645646
1352	0.010987630409426404
1353	0.010987630392308496
1354	0.01098763037529111
1355	0.010987630358367355
1356	0.010987630341546884
1357	0.01098763032482052
1358	0.010987630308192062
1359	0.010987630291659395
1360	0.010987630275223299
1361	0.010987630258880596
1362	0.01098763024263524
1363	0.010987630226480805
1364	0.010987630210423408
1365	0.010987630194455018
1366	0.01098763017858181
1367	0.010987630162801371
1368	0.010987630147109274
1369	0.010987630131509475
1370	0.010987630116000607
1371	0.010987630100582547
1372	0.010987630085253304
1373	0.01098763007001198
1374	0.01098763005486047
1375	0.010987630039795976
1376	0.01098763002481804
1377	0.010987630009929885
1378	0.010987629995126303
1379	0.010987629980410018
1380	0.010987629965778248
1381	0.010987629951230324
1382	0.010987629936766635
1383	0.010987629922389297
1384	0.010987629908095192
1385	0.010987629893883947
1386	0.010987629879754195
1387	0.01098762986570823
1388	0.010987629851741624
1389	0.010987629837859184
1390	0.010987629824055645
1391	0.010987629810334637
1392	0.010987629796691899
1393	0.010987629783128776
1394	0.010987629769645457
1395	0.010987629756240328
1396	0.010987629742914166
1397	0.010987629729663762
1398	0.010987629716493814
1399	0.010987629703397847
1400	0.010987629690378132
1401	0.010987629677434517
1402	0.010987629664568779
1403	0.010987629651776307
1404	0.010987629639059185
1405	0.010987629626415522
1406	0.010987629613845709
1407	0.01098762960135094
1408	0.01098762958892731
1409	0.010987629576577475
1410	0.010987629564301717
1411	0.010987629552096858
1412	0.010987629539960304
1413	0.010987629527898597
1414	0.010987629515906174
1415	0.010987629503982046
1416	0.010987629492128134
1417	0.010987629480347557
1418	0.010987629468631695
1419	0.01098762945698816
1420	0.01098762944541224
1421	0.010987629433902746
1422	0.010987629422459871
1423	0.010987629411087066
1424	0.0109876293997787
1425	0.010987629388538292
1426	0.010987629377362538
1427	0.010987629366253613
1428	0.010987629355210311
1429	0.010987629344232006
1430	0.010987629333317029
1431	0.010987629322466604
1432	0.010987629311679799
1433	0.010987629300957672
1434	0.010987629290298104
1435	0.010987629279702333
1436	0.010987629269167125
1437	0.010987629258694587
1438	0.010987629248283502
1439	0.010987629237935743
1440	0.010987629227648746
1441	0.010987629217419574
1442	0.010987629207254131
1443	0.010987629197147285
1444	0.01098762918710073
1445	0.010987629177111397
1446	0.010987629167183006
1447	0.010987629157314105
1448	0.010987629147502733
1449	0.01098762913774963
1450	0.01098762912805281
1451	0.010987629118414615
1452	0.010987629108832166
1453	0.010987629099308102
1454	0.010987629089840422
1455	0.010987629080430128
1456	0.01098762907107266
1457	0.010987629061774234
1458	0.01098762905252888
1459	0.010987629043338264
1460	0.010987629034201458
1461	0.010987629025120241
1462	0.010987629016093592
1463	0.01098762900711865
1464	0.010987628998197572
1465	0.010987628989331217
1466	0.010987628980516272
1467	0.01098762897175375
1468	0.01098762896304452
1469	0.01098762895438688
1470	0.010987628945779085
1471	0.010987628937224369
1472	0.010987628928719921
1473	0.010987628920267153
1474	0.01098762891186461
1475	0.010987628903512332
1476	0.010987628895209454
1477	0.010987628886956034
1478	0.010987628878752242
1479	0.01098762887059704
1480	0.010987628862490053
1481	0.010987628854434411
1482	0.010987628846423743
1483	0.010987628838465144
1484	0.010987628830549719
1485	0.010987628822683206
1486	0.010987628814865029
1487	0.010987628807092923
1488	0.010987628799367556
1489	0.010987628791687973
1490	0.01098762878405412
1491	0.010987628776468437
1492	0.010987628768926304
1493	0.010987628761429542
1494	0.010987628753977654
1495	0.010987628746572688
1496	0.010987628739210132
1497	0.010987628731892553
1498	0.010987628724620793
1499	0.010987628717390702
1500	0.010987628710203444
1501	0.010987628703062056
1502	0.010987628695962889
1503	0.010987628688905533
1504	0.010987628681891024
1505	0.010987628674919208
1506	0.010987628667989835
1507	0.010987628661102311
1508	0.010987628654255307
1509	0.010987628647452992
1510	0.010987628640688616
1511	0.010987628633966686
1512	0.010987628627285414
1513	0.010987628620644126
1514	0.01098762861404198
1515	0.010987628607480348
1516	0.010987628600959122
1517	0.01098762859447841
1518	0.010987628588034926
1519	0.010987628581631947
1520	0.010987628575268204
1521	0.01098762856894321
1522	0.01098762856265785
1523	0.01098762855640716
1524	0.010987628550197423
1525	0.01098762854402328
1526	0.010987628537889328
1527	0.010987628531790021
1528	0.010987628525730984
1529	0.010987628519707054
1530	0.01098762851371925
1531	0.010987628507767765
1532	0.01098762850185428
1533	0.010987628495977989
1534	0.010987628490135397
1535	0.010987628484327055
1536	0.010987628478557152
1537	0.01098762847282248
1538	0.010987628467121766
1539	0.010987628461456022
1540	0.01098762845582648
1541	0.01098762845023019
1542	0.01098762844466731
1543	0.01098762843913947
1544	0.010987628433646805
1545	0.010987628428186106
1546	0.01098762842276035
1547	0.01098762841736826
1548	0.010987628412005698
1549	0.010987628406679207
1550	0.010987628401385762
1551	0.010987628396124832
1552	0.010987628390897782
1553	0.01098762838569946
1554	0.010987628380534463
1555	0.010987628375400689
1556	0.010987628370301364
1557	0.010987628365230187
1558	0.010987628360190736
1559	0.010987628355184582
1560	0.010987628350206422
1561	0.010987628345262363
1562	0.010987628340348082
1563	0.010987628335463146
1564	0.010987628330608871
1565	0.010987628325784614
1566	0.01098762832099191
1567	0.010987628316227687
1568	0.010987628311492074
1569	0.01098762830678655
1570	0.010987628302112197
1571	0.010987628297464145
1572	0.01098762829284534
1573	0.010987628288253354
1574	0.01098762828369372
1575	0.010987628279163063
1576	0.010987628274658455
1577	0.010987628270182645
1578	0.010987628265735145
1579	0.010987628261314346
1580	0.010987628256922552
1581	0.010987628252556019
1582	0.010987628248218527
1583	0.01098762824390729
1584	0.010987628239622124
1585	0.010987628235365867
1586	0.010987628231136836
1587	0.01098762822693343
1588	0.010987628222753456
1589	0.010987628218601737
1590	0.01098762821447564
1591	0.010987628210377085
1592	0.01098762820630177
1593	0.01098762820225476
1594	0.010987628198230664
1595	0.010987628194234546
1596	0.010987628190263008
1597	0.010987628186315969
1598	0.010987628182393325
1599	0.010987628178495506
1600	0.01098762817462079
1601	0.010987628170772534
1602	0.010987628166948517
1603	0.01098762816314953
1604	0.010987628159373247
1605	0.010987628155620922
1606	0.010987628151890697
1607	0.010987628148185508
1608	0.010987628144503658
1609	0.010987628140845158
1610	0.01098762813720959
1611	0.010987628133598971
1612	0.010987628130008583
1613	0.010987628126443631
1614	0.010987628122899641
1615	0.010987628119378302
1616	0.010987628115880657
1617	0.010987628112403619
1618	0.01098762810894779
1619	0.010987628105516557
1620	0.01098762810210474
1621	0.010987628098716744
1622	0.010987628095349271
1623	0.010987628092004372
1624	0.010987628088680706
1625	0.010987628085377298
1626	0.010987628082093687
1627	0.010987628078834612
1628	0.010987628075591978
1629	0.010987628072373239
1630	0.010987628069174565
1631	0.010987628065994364
1632	0.010987628062836622
1633	0.010987628059698884
1634	0.01098762805658125
1635	0.01098762805348382
1636	0.010987628050405204
1637	0.010987628047348189
1638	0.010987628044308672
1639	0.010987628041291445
1640	0.01098762803829133
1641	0.010987628035312495
1642	0.010987628032350689
1643	0.01098762802940891
1644	0.010987628026486484
1645	0.010987628023581776
1646	0.010987628020695717
1647	0.01098762801783123
1648	0.010987628014982733
1649	0.010987628012151134
1650	0.01098762800934148
1651	0.010987628006546093
1652	0.010987628003771758
1653	0.010987628001016374
1654	0.01098762799827601
1655	0.010987627995555492
1656	0.01098762799285204
1657	0.010987627990165725
1658	0.010987627987496106
1659	0.01098762798484508
1660	0.010987627982209704
1661	0.010987627979593339
1662	0.010987627976993822
1663	0.010987627974411272
1664	0.010987627971844284
1665	0.010987627969295645
1666	0.010987627966761223
1667	0.010987627964246204
1668	0.010987627961746538
1669	0.01098762795926247
1670	0.010987627956793894
1671	0.01098762795434421
1672	0.01098762795190842
1673	0.01098762794949009
1674	0.010987627947087703
1675	0.010987627944698857
1676	0.010987627942327239
1677	0.010987627939971068
1678	0.010987627937629665
1679	0.01098762793530496
1680	0.010987627932994199
1681	0.010987627930700477
1682	0.010987627928419902
1683	0.010987627926154726
1684	0.010987627923903622
1685	0.010987627921669955
1686	0.010987627919450045
1687	0.01098762791724428
1688	0.010987627915050265
1689	0.010987627912875136
1690	0.010987627910712554
1691	0.010987627908566078
1692	0.010987627906431877
1693	0.010987627904312104
1694	0.010987627902206542
1695	0.01098762790011394
1696	0.010987627898038185
1697	0.010987627895973488
1698	0.01098762789392456
1699	0.010987627891885985
1700	0.010987627889862687
1701	0.010987627887854366
1702	0.01098762788585704
1703	0.01098762788387508
1704	0.0109876278819051
1705	0.010987627879947615
1706	0.01098762787800459
1707	0.010987627876075158
1708	0.010987627874157248
1709	0.010987627872252008
1710	0.010987627870359564
1711	0.010987627868480536
1712	0.010987627866611371
1713	0.010987627864758652
1714	0.010987627862918315
1715	0.010987627861087276
1716	0.010987627859269412
1717	0.010987627857463647
1718	0.010987627855672309
1719	0.010987627853889908
1720	0.01098762785212171
1721	0.010987627850363987
1722	0.010987627848618826
1723	0.01098762784688561
1724	0.010987627845163458
1725	0.010987627843454435
1726	0.01098762784175512
1727	0.010987627840068183
1728	0.010987627838392114
1729	0.010987627836727494
1730	0.010987627835073096
1731	0.010987627833433296
1732	0.010987627831799844
1733	0.010987627830181004
1734	0.010987627828572419
1735	0.010987627826974562
1736	0.010987627825387227
1737	0.010987627823810148
1738	0.010987627822246052
1739	0.010987627820689372
1740	0.010987627819146669
1741	0.01098762781761287
1742	0.010987627816088693
1743	0.010987627814575565
1744	0.010987627813071091
1745	0.010987627811579756
1746	0.010987627810098101
1747	0.010987627808625331
1748	0.01098762780716327
1749	0.010987627805711279
1750	0.010987627804267848
1751	0.01098762780283435
1752	0.01098762780141461
1753	0.010987627800000368
1754	0.010987627798595008
1755	0.010987627797202809
1756	0.010987627795820057
1757	0.010987627794446266
1758	0.010987627793080724
1759	0.010987627791724136
1760	0.010987627790379166
1761	0.010987627789040166
1762	0.010987627787713065
1763	0.010987627786394054
1764	0.010987627785083668
1765	0.010987627783785103
1766	0.010987627782492607
1767	0.010987627781210936
1768	0.01098762777993791
1769	0.010987627778671164
1770	0.010987627777415384
1771	0.010987627776167595
1772	0.010987627774928342
1773	0.010987627773699384
1774	0.010987627772475793
1775	0.010987627771263074
1776	0.010987627770057457
1777	0.010987627768862467
1778	0.01098762776767325
1779	0.010987627766493365
1780	0.010987627765322923
1781	0.010987627764158993
1782	0.010987627763004324
1783	0.010987627761857348
1784	0.010987627760716153
1785	0.010987627759583441
1786	0.01098762775846084
1787	0.010987627757345847
1788	0.010987627756237824
1789	0.010987627755136495
1790	0.010987627754045659
1791	0.010987627752959556
1792	0.010987627751883555
1793	0.01098762775081382
1794	0.010987627749750706
1795	0.010987627748695506
1796	0.010987627747649565
1797	0.010987627746610397
1798	0.010987627745575934
1799	0.010987627744551528
1800	0.010987627743534152
1801	0.010987627742522146
1802	0.01098762774151884
1803	0.010987627740523491
1804	0.010987627739531878
1805	0.010987627738550889
1806	0.01098762773757422
1807	0.010987627736604265
1808	0.010987627735642495
1809	0.010987627734687394
1810	0.010987627733740296
1811	0.010987627732798605
1812	0.010987627731863653
1813	0.010987627730935258
1814	0.010987627730014694
1815	0.010987627729097449
1816	0.010987627728189321
1817	0.010987627727287126
1818	0.010987627726393273
1819	0.010987627725503912
1820	0.010987627724619944
1821	0.010987627723741754
1822	0.01098762772287078
1823	0.010987627722007298
1824	0.010987627721148824
1825	0.010987627720296591
1826	0.010987627719451113
1827	0.010987627718610315
1828	0.010987627717776704
1829	0.010987627716949533
1830	0.010987627716128353
1831	0.010987627715313303
1832	0.010987627714501767
1833	0.010987627713696897
1834	0.01098762771289684
1835	0.01098762771210587
1836	0.010987627711320074
1837	0.01098762771053653
1838	0.010987627709760195
1839	0.010987627708990094
1840	0.01098762770822665
1841	0.010987627707467307
1842	0.010987627706712601
1843	0.01098762770596507
1844	0.010987627705222748
1845	0.010987627704484346
1846	0.01098762770375061
1847	0.010987627703025908
1848	0.010987627702304907
1849	0.010987627701587276
1850	0.01098762770087582
1851	0.010987627700170645
1852	0.010987627699469281
1853	0.010987627698773256
1854	0.010987627698084009
1855	0.010987627697398174
1856	0.010987627696717303
1857	0.010987627696040704
1858	0.010987627695371371
1859	0.01098762769470559
1860	0.010987627694044539
1861	0.010987627693387512
1862	0.010987627692738188
1863	0.01098762769208976
1864	0.010987627691447413
1865	0.010987627690811373
1866	0.010987627690177996
1867	0.010987627689549672
1868	0.010987627688926555
1869	0.010987627688307713
1870	0.010987627687694738
1871	0.010987627687084322
1872	0.010987627686479148
1873	0.010987627685879145
1874	0.010987627685281014
1875	0.010987627684689728
1876	0.010987627684103236
1877	0.010987627683518256
1878	0.01098762768294103
1879	0.010987627682363783
1880	0.010987627681795639
1881	0.010987627681229236
1882	0.010987627680668195
1883	0.010987627680108731
1884	0.010987627679556267
1885	0.010987627679004826
1886	0.010987627678460251
1887	0.010987627677919541
1888	0.01098762767738153
1889	0.010987627676848946
1890	0.010987627676318317
1891	0.010987627675792429
1892	0.010987627675271606
1893	0.010987627674752061
1894	0.010987627674240254
1895	0.010987627673729183
1896	0.010987627673223446
1897	0.01098762767271949
1898	0.010987627672222555
1899	0.010987627671727833
1900	0.010987627671235317
1901	0.010987627670749152
1902	0.010987627670264963
1903	0.010987627669785683
1904	0.010987627669308733
1905	0.010987627668834422
1906	0.010987627668363956
1907	0.010987627667897936
1908	0.010987627667435579
1909	0.010987627666976137
1910	0.010987627666521624
1911	0.010987627666067722
1912	0.0109876276656199
1913	0.010987627665174764
1914	0.010987627664731662
1915	0.010987627664294059
1916	0.010987627663857361
1917	0.010987627663425523
1918	0.01098762766299695
1919	0.010987627662570687
1920	0.010987627662148815
1921	0.01098762766173095
1922	0.010987627661314291
1923	0.010987627660900555
1924	0.010987627660490837
1925	0.010987627660084045
1926	0.01098762765967997
1927	0.01098762765928
1928	0.010987627658883403
1929	0.010987627658488978
1930	0.01098762765809714
1931	0.010987627657708837
1932	0.010987627657322916
1933	0.010987627656943066
1934	0.010987627656561534
1935	0.010987627656183576
1936	0.010987627655811037
1937	0.010987627655439591
1938	0.010987627655072215
1939	0.01098762765470603
1940	0.01098762765434549
1941	0.01098762765398327
1942	0.010987627653626791
1943	0.01098762765327375
1944	0.010987627652922652
1945	0.010987627652572928
1946	0.01098762765222646
1947	0.01098762765188355
1948	0.010987627651540804
1949	0.010987627651205034
1950	0.010987627650870014
1951	0.010987627650535523
1952	0.010987627650206023
1953	0.010987627649877705
1954	0.01098762764955278
1955	0.010987627649229687
1956	0.010987627648909514
1957	0.010987627648591663
1958	0.010987627648276956
1959	0.010987627647962833
1960	0.010987627647651326
1961	0.010987627647344891
1962	0.01098762764703856
1963	0.010987627646736319
1964	0.010987627646434756
1965	0.010987627646136127
1966	0.010987627645839887
1967	0.010987627645547022
1968	0.010987627645254731
1969	0.01098762764496582
1970	0.010987627644677679
1971	0.010987627644391347
1972	0.010987627644109805
1973	0.010987627643829725
1974	0.010987627643550258
1975	0.01098762764327459
1976	0.010987627643001392
1977	0.01098762764272877
1978	0.010987627642460748
1979	0.01098762764219158
1980	0.01098762764192751
1981	0.010987627641662837
1982	0.010987627641401591
1983	0.010987627641142812
1984	0.01098762764088557
1985	0.0109876276406294
1986	0.010987627640378046
1987	0.010987627640125034
1988	0.01098762763987725
1989	0.010987627639628527
1990	0.010987627639383518
1991	0.010987627639141807
1992	0.010987627638899725
1993	0.010987627638659545
1994	0.010987627638421166
1995	0.010987627638187114
1996	0.010987627637952234
1997	0.010987627637720666
1998	0.010987627637491828
1999	0.010987627637259974
2000	0.010987627637036975
2001	0.010987627636811922
2002	0.010987627636587874
2003	0.010987627636366707
2004	0.010987627636147941
2005	0.010987627635930652
2006	0.01098762763571381
2007	0.010987627635499939
2008	0.010987627635289206
2009	0.010987627635078104
2010	0.010987627634868566
2011	0.010987627634661521
2012	0.010987627634454895
2013	0.010987627634251073
2014	0.010987627634049087
2015	0.010987627633848489
2016	0.010987627633647879
2017	0.010987627633451248
2018	0.01098762763325528
2019	0.010987627633060318
2020	0.010987627632867506
2021	0.010987627632676149
2022	0.010987627632487042
2023	0.010987627632297797
2024	0.0109876276321105
2025	0.010987627631925631
2026	0.010987627631741496
2027	0.010987627631561307
2028	0.010987627631380947
2029	0.010987627631200604
2030	0.010987627631022078
2031	0.010987627630846453
2032	0.010987627630669787
2033	0.010987627630498115
2034	0.010987627630326131
2035	0.010987627630155455
2036	0.010987627629986754
2037	0.010987627629818907
2038	0.010987627629652314
2039	0.010987627629485712
2040	0.010987627629321435
2041	0.010987627629159575
2042	0.010987627628996867
2043	0.010987627628836143
2044	0.010987627628679046
2045	0.010987627628521434
2046	0.010987627628365568
2047	0.01098762762820945
2048	0.010987627628057973
2049	0.010987627627905557
2050	0.010987627627754173
2051	0.01098762762760657
2052	0.010987627627456382
2053	0.010987627627308563
2054	0.0109876276271628
2055	0.01098762762702014
2056	0.010987627626873343
2057	0.01098762762673193
2058	0.010987627626590212
2059	0.010987627626450568
2060	0.010987627626310224
2061	0.010987627626173464
2062	0.010987627626037041
2063	0.010987627625899507
2064	0.010987627625765849
2065	0.010987627625632726
2066	0.010987627625501652
2067	0.01098762762536936
2068	0.010987627625239959
2069	0.010987627625112054
2070	0.010987627624983263
2071	0.01098762762485619
2072	0.01098762762472937
2073	0.010987627624604673
2074	0.01098762762448064
2075	0.01098762762435904
2076	0.010987627624237634
2077	0.010987627624116637
2078	0.010987627623997112
2079	0.010987627623878442
2080	0.010987627623760831
2081	0.010987627623643859
2082	0.010987627623528442
2083	0.010987627623414221
2084	0.010987627623299152
2085	0.010987627623186754
2086	0.010987627623073667
2087	0.010987627622962034
2088	0.010987627622853154
2089	0.010987627622744597
2090	0.010987627622636968
2091	0.010987627622528693
2092	0.0109876276224225
2093	0.01098762762231881
2094	0.010987627622212809
2095	0.010987627622110288
2096	0.010987627622007048
2097	0.01098762762190418
2098	0.010987627621803605
2099	0.010987627621704393
2100	0.010987627621604098
2101	0.010987627621505949
2102	0.010987627621407344
2103	0.010987627621311264
2104	0.010987627621212978
2105	0.010987627621119036
2106	0.010987627621024565
2107	0.010987627620929844
2108	0.010987627620838098
2109	0.0109876276207457
2110	0.010987627620654684
2111	0.010987627620564624
2112	0.01098762762047433
2113	0.010987627620386879
2114	0.010987627620297964
2115	0.010987627620210683
2116	0.010987627620125446
2117	0.01098762762003947
2118	0.010987627619951609
2119	0.010987627619867957
2120	0.010987627619783686
2121	0.010987627619700416
2122	0.010987627619618093
2123	0.010987627619537024
2124	0.010987627619455088
2125	0.01098762761937682
2126	0.010987627619296345
2127	0.010987627619216131
2128	0.010987627619139087
2129	0.010987627619061748
2130	0.010987627618984553
2131	0.010987627618908825
2132	0.010987627618834355
2133	0.010987627618759474
2134	0.010987627618683344
2135	0.010987627618610597
2136	0.010987627618538477
2137	0.010987627618464451
2138	0.010987627618392679
2139	0.010987627618321774
2140	0.010987627618251915
2141	0.010987627618182751
2142	0.010987627618113525
2143	0.01098762761804432
2144	0.01098762761797484
2145	0.010987627617908492
2146	0.010987627617841528
2147	0.010987627617775173
2148	0.010987627617708133
2149	0.010987627617644895
2150	0.01098762761758128
2151	0.010987627617516168
2152	0.01098762761745391
2153	0.010987627617390312
2154	0.010987627617327364
2155	0.010987627617265065
2156	0.01098762761720502
2157	0.010987627617143298
2158	0.010987627617083735
2159	0.010987627617023269
2160	0.010987627616964929
2161	0.010987627616907336
2162	0.0109876276168489
2163	0.010987627616790884
2164	0.010987627616732998
2165	0.010987627616676546
2166	0.010987627616621169
2167	0.010987627616564553
2168	0.010987627616510209
2169	0.010987627616455138
2170	0.010987627616401879
2171	0.010987627616347499
2172	0.01098762761629301
2173	0.0109876276162407
2174	0.010987627616189804
2175	0.010987627616137129
2176	0.010987627616086217
2177	0.010987627616034881
2178	0.010987627615985013
2179	0.01098762761593436
2180	0.010987627615885936
2181	0.01098762761583691
2182	0.010987627615787837
2183	0.010987627615740373
2184	0.010987627615691362
2185	0.010987627615644566
2186	0.01098762761559824
2187	0.010987627615551967
2188	0.010987627615505108
2189	0.010987627615458054
2190	0.010987627615414344
2191	0.010987627615369533
2192	0.010987627615324236
2193	0.01098762761528034
2194	0.010987627615236147
2195	0.010987627615193889
2196	0.010987627615149655
2197	0.01098762761510802
2198	0.010987627615066236
2199	0.010987627615024444
2200	0.010987627614982464
2201	0.010987627614940603
2202	0.010987627614901487
2203	0.010987627614860962
2204	0.010987627614819834
2205	0.010987627614780539
2206	0.010987627614742122
2207	0.010987627614704064
2208	0.010987627614665069
2209	0.010987627614627371
2210	0.010987627614589318
2211	0.010987627614551375
2212	0.010987627614513874
2213	0.010987627614476995
2214	0.010987627614440772
2215	0.010987627614404957
2216	0.010987627614369775
2217	0.010987627614333048
2218	0.010987627614298565
2219	0.010987627614263676
2220	0.010987627614229875
2221	0.010987627614195104
2222	0.010987627614161204
2223	0.010987627614127866
2224	0.010987627614094693
2225	0.010987627614059454
2226	0.010987627614029329
2227	0.010987627613996126
2228	0.0109876276139637
2229	0.010987627613933473
2230	0.01098762761390159
2231	0.010987627613870427
2232	0.01098762761383862
2233	0.010987627613808308
2234	0.010987627613778993
2235	0.010987627613748439
2236	0.010987627613718118
2237	0.010987627613687953
2238	0.010987627613660607
2239	0.010987627613630079
2240	0.01098762761360153
2241	0.010987627613573714
2242	0.010987627613545022
2243	0.010987627613516664
2244	0.010987627613489129
2245	0.010987627613461936
2246	0.01098762761343482
2247	0.010987627613407963
2248	0.010987627613381705
2249	0.010987627613354133
2250	0.010987627613328782
2251	0.010987627613303531
2252	0.010987627613278744
2253	0.010987627613252022
2254	0.010987627613226037
2255	0.010987627613201328
2256	0.010987627613176537
2257	0.010987627613153576
2258	0.010987627613129623
2259	0.010987627613103105
2260	0.010987627613080421
2261	0.010987627613057577
2262	0.010987627613033405
2263	0.010987627613010902
2264	0.010987627612987935
2265	0.010987627612964965
2266	0.010987627612942388
2267	0.010987627612920275
2268	0.010987627612897203
2269	0.010987627612875956
2270	0.010987627612853547
2271	0.01098762761283329
2272	0.010987627612811355
2273	0.010987627612790197
2274	0.010987627612769245
2275	0.010987627612749436
2276	0.010987627612728838
2277	0.010987627612706344
2278	0.010987627612687803
2279	0.01098762761266853
2280	0.010987627612647894
2281	0.01098762761262807
2282	0.010987627612606948
2283	0.010987627612590938
2284	0.010987627612569942
2285	0.010987627612550914
2286	0.010987627612533713
2287	0.010987627612515958
2288	0.010987627612497105
2289	0.010987627612478915
2290	0.010987627612460329
2291	0.01098762761244301
2292	0.010987627612427
2293	0.010987627612408062
2294	0.010987627612391563
2295	0.010987627612373561
2296	0.010987627612357566
2297	0.010987627612340355
2298	0.010987627612324333
2299	0.010987627612307167
2300	0.010987627612290522
2301	0.010987627612274406
2302	0.010987627612258084
2303	0.010987627612243022
2304	0.010987627612227872
2305	0.010987627612211752
2306	0.010987627612197539
2307	0.010987627612181316
2308	0.010987627612165122
2309	0.010987627612151104
2310	0.010987627612135094
2311	0.010987627612121825
2312	0.010987627612107689
2313	0.010987627612092207
2314	0.010987627612078176
2315	0.01098762761206557
2316	0.010987627612049838
2317	0.010987627612036555
2318	0.01098762761202251
2319	0.010987627612008933
2320	0.010987627611995574
2321	0.01098762761198272
2322	0.010987627611968188
2323	0.010987627611955788
2324	0.010987627611943216
2325	0.010987627611931304
2326	0.010987627611917856
2327	0.010987627611903753
2328	0.010987627611892557
2329	0.010987627611880404
2330	0.010987627611869333
2331	0.010987627611856845
2332	0.010987627611844894
2333	0.010987627611832626
2334	0.010987627611819033
2335	0.010987627611810349
2336	0.010987627611798861
2337	0.010987627611785683
2338	0.01098762761177446
2339	0.010987627611763544
2340	0.0109876276117531
2341	0.01098762761174327
2342	0.010987627611731117
2343	0.010987627611720866
2344	0.010987627611710323
2345	0.010987627611700596
2346	0.010987627611688908
2347	0.010987627611678067
2348	0.010987627611668377
2349	0.010987627611658278
2350	0.010987627611647954
2351	0.01098762761163834
2352	0.01098762761162804
2353	0.01098762761161836
2354	0.010987627611609064
2355	0.010987627611599472
2356	0.010987627611589161
2357	0.010987627611581459
2358	0.01098762761157288
2359	0.010987627611562788
2360	0.01098762761155346
2361	0.010987627611544433
2362	0.010987627611535647
2363	0.01098762761152614
2364	0.010987627611516861
2365	0.010987627611508864
2366	0.010987627611501547
2367	0.010987627611492197
2368	0.010987627611482677
2369	0.010987627611476473
2370	0.010987627611467717
2371	0.010987627611460129
2372	0.010987627611453407
2373	0.010987627611444596
2374	0.010987627611436337
2375	0.010987627611429187
2376	0.010987627611420048
2377	0.010987627611411838
2378	0.01098762761140557
2379	0.010987627611397932
2380	0.010987627611392405
2381	0.010987627611383844
2382	0.010987627611375643
2383	0.010987627611368378
2384	0.010987627611360549
2385	0.010987627611353338
2386	0.010987627611346834
2387	0.010987627611339852
2388	0.010987627611334178
2389	0.010987627611325193
2390	0.010987627611319821
2391	0.010987627611313243
2392	0.010987627611307242
2393	0.010987627611298697
2394	0.010987627611292792
2395	0.010987627611288174
2396	0.010987627611281076
2397	0.010987627611274624
2398	0.010987627611269705
2399	0.010987627611262325
2400	0.010987627611257645
2401	0.010987627611250652
2402	0.010987627611244269
2403	0.01098762761123778
2404	0.010987627611232882
2405	0.010987627611227135
2406	0.010987627611222118
2407	0.010987627611215817
2408	0.010987627611210223
2409	0.010987627611204368
2410	0.010987627611199813
2411	0.010987627611192702
2412	0.010987627611189685
2413	0.010987627611183416
2414	0.010987627611177856
2415	0.010987627611173228
2416	0.010987627611167108
2417	0.010987627611162256
2418	0.010987627611157427
2419	0.01098762761115376
2420	0.010987627611146874
2421	0.010987627611142895
2422	0.010987627611138497
2423	0.01098762761113482
2424	0.010987627611128275
2425	0.010987627611123334
2426	0.010987627611119738
2427	0.01098762761111573
2428	0.010987627611110317
2429	0.010987627611105439
2430	0.010987627611101416
2431	0.010987627611095889
2432	0.010987627611093648
2433	0.010987627611088282
2434	0.010987627611082502
2435	0.010987627611080386
2436	0.010987627611076339
2437	0.010987627611072361
2438	0.010987627611068317
2439	0.010987627611063842
2440	0.010987627611059606
2441	0.01098762761105581
2442	0.010987627611052396
2443	0.010987627611047287
2444	0.010987627611043329
2445	0.010987627611039138
2446	0.010987627611036556
2447	0.0109876276110331
2448	0.010987627611029102
2449	0.010987627611026642
2450	0.010987627611021681
2451	0.010987627611018045
2452	0.01098762761101493
2453	0.01098762761101041
2454	0.01098762761100737
2455	0.010987627611005506
2456	0.01098762761100137
2457	0.01098762761099668
2458	0.010987627610994581
2459	0.010987627610989713
2460	0.01098762761098808
2461	0.01098762761098575
2462	0.010987627610981125
2463	0.010987627610979695
2464	0.010987627610974575
2465	0.01098762761097196
2466	0.01098762761096834
2467	0.010987627610965764
2468	0.010987627610963694
2469	0.010987627610960511
2470	0.010987627610957605
2471	0.010987627610953279
2472	0.01098762761095101
2473	0.010987627610949492
2474	0.01098762761094573
2475	0.010987627610943006
2476	0.010987627610940468
2477	0.010987627610937587
2478	0.010987627610934563
2479	0.010987627610933134
2480	0.01098762761093002
2481	0.010987627610927447
2482	0.010987627610923017
2483	0.0109876276109225
2484	0.010987627610919422
2485	0.010987627610915875
2486	0.010987627610914937
2487	0.010987627610911842
2488	0.010987627610909588
2489	0.010987627610906919
2490	0.010987627610905177
2491	0.010987627610902478
2492	0.010987627610899832
2493	0.010987627610898824
2494	0.0109876276108952
2495	0.010987627610894904
2496	0.010987627610890635
2497	0.010987627610891223
2498	0.010987627610886149
2499	0.01098762761088478
2500	0.010987627610882435
2501	0.010987627610880065
2502	0.01098762761087949
2503	0.01098762761087687
2504	0.010987627610874233
2505	0.010987627610872765
2506	0.010987627610871298
2507	0.010987627610868508
2508	0.010987627610865991
2509	0.010987627610865419
2510	0.01098762761086496
2511	0.010987627610860928
2512	0.010987627610859403
2513	0.010987627610857803
2514	0.010987627610854193
2515	0.010987627610853952
2516	0.010987627610850528
2517	0.010987627610849461
2518	0.010987627610848351
2519	0.010987627610847688
2520	0.01098762761084374
2521	0.010987627610843731
2522	0.01098762761084162
2523	0.010987627610839854
2524	0.01098762761083861
2525	0.010987627610836714
2526	0.010987627610835705
2527	0.01098762761083396
2528	0.010987627610832386
2529	0.010987627610831743
2530	0.010987627610830063
2531	0.010987627610827755
2532	0.01098762761082597
2533	0.010987627610823846
2534	0.010987627610822963
2535	0.010987627610820838
2536	0.010987627610819187
2537	0.010987627610817572
2538	0.010987627610817438
2539	0.01098762761081485
2540	0.010987627610814189
2541	0.010987627610812845
2542	0.010987627610811805
2543	0.010987627610810544
2544	0.010987627610809146
2545	0.010987627610808133
2546	0.010987627610805982
2547	0.010987627610805156
2548	0.010987627610804204
2549	0.01098762761080231
2550	0.010987627610801258
2551	0.010987627610799567
2552	0.010987627610798259
2553	0.010987627610798325
2554	0.010987627610796726
2555	0.01098762761079566
2556	0.01098762761079546
2557	0.01098762761079285
2558	0.010987627610792966
2559	0.010987627610791374
2560	0.010987627610790408
2561	0.010987627610788711
2562	0.010987627610787795
2563	0.010987627610788002
2564	0.010987627610786262
2565	0.010987627610785125
2566	0.010987627610785426
2567	0.010987627610784178
2568	0.010987627610782423
2569	0.010987627610780688
2570	0.010987627610780211
2571	0.010987627610778056
2572	0.010987627610777623
2573	0.010987627610778336
2574	0.010987627610777841
2575	0.010987627610775114
2576	0.010987627610773695
2577	0.010987627610774308
2578	0.01098762761077268
2579	0.010987627610771574
2580	0.010987627610772217
2581	0.010987627610770476
2582	0.010987627610772209
2583	0.01098762761076898
2584	0.010987627610767575
2585	0.010987627610767962
2586	0.010987627610765152
2587	0.010987627610765304
2588	0.010987627610765095
2589	0.010987627610763592
2590	0.010987627610763835
2591	0.010987627610761599
2592	0.010987627610760763
2593	0.010987627610760215
2594	0.010987627610759883
2595	0.010987627610759136
2596	0.010987627610758534
2597	0.010987627610757292
2598	0.010987627610755769
2599	0.010987627610755722
2600	0.010987627610755517
2601	0.010987627610754943
2602	0.010987627610755116
2603	0.010987627610753148
2604	0.010987627610754306
2605	0.010987627610752853
2606	0.010987627610751241
2607	0.01098762761075186
2608	0.010987627610750311
2609	0.010987627610749688
2610	0.010987627610750056
2611	0.010987627610747723
2612	0.010987627610748323
2613	0.010987627610747203
2614	0.010987627610746993
2615	0.010987627610746205
2616	0.01098762761074578
2617	0.010987627610745438
2618	0.010987627610745683
2619	0.010987627610743936
2620	0.010987627610744403
2621	0.010987627610743289
2622	0.01098762761074304
2623	0.010987627610742443
2624	0.010987627610740857
2625	0.010987627610741617
2626	0.010987627610740465
2627	0.010987627610740366
2628	0.01098762761073926
2629	0.0109876276107393
2630	0.010987627610737414
2631	0.010987627610736692
2632	0.010987627610736623
2633	0.010987627610735703
2634	0.010987627610736355
2635	0.010987627610735113
2636	0.010987627610733908
2637	0.010987627610736728
2638	0.010987627610733042
2639	0.010987627610734489
2640	0.0109876276107339
2641	0.010987627610733958
2642	0.010987627610733186
2643	0.010987627610732933
2644	0.010987627610734255
2645	0.010987627610732662
2646	0.010987627610731762
2647	0.010987627610730867
2648	0.010987627610728858
2649	0.010987627610732346
2650	0.010987627610728948
2651	0.010987627610730355
2652	0.01098762761072829
2653	0.010987627610728004
2654	0.010987627610728988
2655	0.010987627610728357
2656	0.010987627610727602
2657	0.010987627610726683
2658	0.01098762761072742
2659	0.010987627610726592
2660	0.010987627610728133
2661	0.010987627610726775
2662	0.010987627610726554
2663	0.01098762761072487
2664	0.01098762761072366
2665	0.01098762761072533
2666	0.010987627610727038
2667	0.010987627610723439
2668	0.010987627610722006
2669	0.010987627610724433
2670	0.010987627610723765
2671	0.010987627610722289
2672	0.01098762761072268
2673	0.010987627610721164
2674	0.010987627610722178
2675	0.010987627610721756
2676	0.010987627610720356
2677	0.010987627610720592
2678	0.010987627610721303
2679	0.010987627610720368
2680	0.010987627610720755
2681	0.010987627610718894
2682	0.010987627610719532
2683	0.010987627610718004
2684	0.010987627610718077
2685	0.010987627610718666
2686	0.010987627610718673
2687	0.010987627610717983
2688	0.010987627610719043
2689	0.010987627610717317
2690	0.010987627610718453
2691	0.010987627610716451
2692	0.010987627610716194
2693	0.010987627610717246
2694	0.010987627610716305
2695	0.010987627610715808
2696	0.010987627610716012
2697	0.010987627610716418
2698	0.010987627610715511
2699	0.0109876276107163
2700	0.010987627610713775
2701	0.010987627610716094
2702	0.010987627610715764
2703	0.01098762761071381
2704	0.010987627610714444
2705	0.010987627610714961
2706	0.010987627610713669
2707	0.010987627610713858
2708	0.010987627610714219
2709	0.010987627610714496
2710	0.0109876276107138
2711	0.01098762761071418
2712	0.010987627610712092
2713	0.010987627610712916
2714	0.010987627610714156
2715	0.010987627610712897
2716	0.010987627610711431
2717	0.010987627610711953
2718	0.010987627610711806
2719	0.010987627610711233
2720	0.010987627610711408
2721	0.010987627610710572
2722	0.01098762761071133
2723	0.010987627610711304
2724	0.01098762761071105
2725	0.010987627610711072
2726	0.010987627610711629
2727	0.010987627610710092
2728	0.010987627610712206
2729	0.010987627610708383
2730	0.010987627610710766
2731	0.0109876276107101
2732	0.010987627610709632
2733	0.010987627610709287
2734	0.010987627610709014
2735	0.010987627610710411
2736	0.010987627610708909
2737	0.010987627610709374
2738	0.010987627610708392
2739	0.01098762761070864
2740	0.01098762761070909
2741	0.010987627610707837
2742	0.010987627610705807
2743	0.01098762761070877
2744	0.01098762761070892
2745	0.010987627610707259
2746	0.010987627610707443
2747	0.010987627610708777
2748	0.010987627610707392
2749	0.010987627610707955
2750	0.010987627610707946
2751	0.010987627610706822
2752	0.010987627610707974
2753	0.010987627610708414
2754	0.010987627610708815
2755	0.010987627610705668
2756	0.010987627610706966
2757	0.01098762761070761
2758	0.010987627610706674
2759	0.01098762761070711
2760	0.010987627610706598
2761	0.010987627610707
2762	0.010987627610706485
2763	0.010987627610706138
2764	0.010987627610706275
2765	0.010987627610704195
2766	0.010987627610707354
2767	0.0109876276107055
2768	0.010987627610707183
2769	0.010987627610704896
2770	0.010987627610706752
2771	0.010987627610705635
2772	0.010987627610705457
2773	0.010987627610704796
2774	0.010987627610705795
2775	0.010987627610705297
2776	0.01098762761070476
2777	0.010987627610705581
2778	0.010987627610705639
2779	0.01098762761070597
2780	0.01098762761070441
2781	0.010987627610705113
2782	0.010987627610705774
2783	0.010987627610706001
2784	0.010987627610703814
2785	0.01098762761070306
2786	0.010987627610705784
2787	0.010987627610705888
2788	0.01098762761070379
2789	0.010987627610706003
2790	0.0109876276107026
2791	0.01098762761070414
2792	0.010987627610703859
2793	0.010987627610704242
2794	0.010987627610704421
2795	0.010987627610703479
2796	0.0109876276107038
2797	0.010987627610703462
2798	0.010987627610703496
2799	0.010987627610702788
2800	0.010987627610702998
2801	0.010987627610704476
2802	0.010987627610704216
2803	0.010987627610701715
2804	0.010987627610702355
2805	0.01098762761070356
2806	0.010987627610704032
2807	0.010987627610704187
2808	0.010987627610702884
2809	0.010987627610701354
2810	0.010987627610702209
2811	0.010987627610702867
2812	0.010987627610701958
2813	0.010987627610702898
2814	0.010987627610701933
2815	0.01098762761070352
2816	0.010987627610702353
2817	0.010987627610702922
2818	0.010987627610703463
2819	0.010987627610703026
2820	0.010987627610702629
2821	0.010987627610702655
2822	0.010987627610703267
2823	0.010987627610702693
2824	0.01098762761070308
2825	0.010987627610701156
2826	0.010987627610702374
2827	0.010987627610702152
2828	0.010987627610703751
2829	0.010987627610703758
2830	0.01098762761070224
2831	0.01098762761070259
2832	0.010987627610702476
2833	0.010987627610701954
2834	0.010987627610702183
2835	0.010987627610701985
2836	0.010987627610701175
2837	0.010987627610700965
2838	0.0109876276107014
2839	0.010987627610700684
2840	0.010987627610701121
2841	0.010987627610703151
2842	0.010987627610701883
2843	0.010987627610701465
2844	0.010987627610701376
2845	0.010987627610701118
2846	0.010987627610702655
2847	0.010987627610702013
2848	0.010987627610701765
2849	0.010987627610701331
2850	0.01098762761070178
2851	0.010987627610701585
2852	0.010987627610701187
2853	0.010987627610701234
2854	0.010987627610700747
2855	0.01098762761070067
2856	0.010987627610701246
2857	0.010987627610701383
2858	0.010987627610701687
2859	0.010987627610701727
2860	0.01098762761070033
2861	0.010987627610700264
2862	0.010987627610700745
2863	0.010987627610702322
2864	0.010987627610702473
2865	0.010987627610701756
2866	0.010987627610701656
2867	0.01098762761070192
2868	0.010987627610702476
2869	0.01098762761069955
2870	0.010987627610700176
2871	0.010987627610700698
2872	0.010987627610700788
2873	0.010987627610700252
2874	0.010987627610700735
2875	0.01098762761070053
2876	0.01098762761070004
2877	0.010987627610700903
2878	0.010987627610700323
2879	0.010987627610700174
2880	0.010987627610700476
2881	0.010987627610699716
2882	0.010987627610699335
2883	0.010987627610699009
2884	0.010987627610699945
2885	0.010987627610702032
2886	0.010987627610700875
2887	0.010987627610700254
2888	0.010987627610699552
2889	0.010987627610699092
2890	0.010987627610700424
2891	0.010987627610700193
2892	0.010987627610701428
2893	0.010987627610700755
2894	0.010987627610701312
2895	0.010987627610700336
2896	0.010987627610699028
2897	0.010987627610700242
2898	0.010987627610700738
2899	0.010987627610700159
2900	0.010987627610701572
2901	0.010987627610700908
2902	0.010987627610699583
2903	0.010987627610700644
2904	0.010987627610700318
2905	0.010987627610700736
2906	0.010987627610699489
2907	0.01098762761070039
2908	0.010987627610700063
2909	0.010987627610701694
2910	0.010987627610700077
2911	0.010987627610700549
2912	0.010987627610699612
2913	0.010987627610699513
2914	0.010987627610700323
2915	0.010987627610699546
2916	0.010987627610700294
2917	0.010987627610700509
2918	0.010987627610700913
2919	0.0109876276107001
2920	0.010987627610700308
2921	0.01098762761070034
2922	0.010987627610699303
2923	0.010987627610700393
2924	0.010987627610699921
2925	0.010987627610700008
2926	0.010987627610700148
2927	0.010987627610699914
2928	0.010987627610699107
2929	0.010987627610700818
2930	0.010987627610700332
2931	0.010987627610699808
2932	0.010987627610701396
2933	0.010987627610700247
2934	0.01098762761070061
