  0.000000   -0.41516051318740   -0.01055418783696    0.00000000000000    0.00000000000000    0.00000000000000  
  0.010000   -0.41522046869734   -0.01049385254307   -0.00649663678068    0.00549912604075    0.00002699128772  
  0.020000   -0.41540027136301   -0.01031282961679   -0.01299433811892    0.01099574426783    0.00010817197837  
  0.030000   -0.41569972969473   -0.01001106848929   -0.01949415249589    0.01648737308894    0.00024416065489  
  0.040000   -0.41611852488520   -0.00958848675713   -0.02599709636362    0.02197158308579    0.00043598197361  
  0.050000   -0.41665621132139   -0.00904497298145   -0.03250413843839    0.02744602243182    0.00068505724916  
  0.060000   -0.41731221729882   -0.00838039057139   -0.03901618436091    0.03290844151374    0.00099319138807  
  0.070000   -0.41808584593553   -0.00759458271674   -0.04553406184094    0.03835671650304    0.00136255628492  
  0.080000   -0.41897627628261   -0.00668737832521   -0.05205850639998    0.04378887163339    0.00179567082504  
  0.090000   -0.41998256462754   -0.00565859891066   -0.05859014782096    0.04920309995175    0.00229537766777  
  0.100000   -0.42110364598569   -0.00450806637000   -0.06512949740811    0.05459778232542    0.00286481701157  
  0.110000   -0.42233833577501   -0.00323561157818   -0.07167693615351    0.05997150450327    0.00350739756866  
  0.120000   -0.42368533166809   -0.00184108372331   -0.07823270389980    0.06532307204765    0.00422676500069  
  0.130000   -0.42514321561545   -0.00032436029696   -0.08479688958010    0.07065152297310    0.00502676808868  
  0.140000   -0.42671045603326    0.00131464235135   -0.09136942260797    0.07595613794962    0.00591142292968  
  0.150000   -0.42838541014820    0.00307595799204   -0.09795006548070    0.08123644795074    0.00688487546942  
  0.160000   -0.43016632649197    0.00495955912667   -0.10453840764949    0.08649223925065    0.00795136269373  
  0.170000   -0.43205134753724    0.00696534533714   -0.11113386070023    0.09172355569921    0.00911517281292  
  0.180000   -0.43403851246678    0.00909313148060   -0.11773565487781    0.09693069822942    0.01038060478096  
  0.190000   -0.43612576006704    0.01134263583932   -0.12434283697636    0.10211422157768    0.01175192749642  
  0.200000   -0.43831093173735    0.01371346833614   -0.13095426960703    0.10727492822332    0.01323333903388  
  0.210000   -0.44059177460569    0.01620511892588   -0.13756863184386    0.11241385958023    0.01482892625337  
  0.220000   -0.44296594474170    0.01881694627230   -0.14418442123763    0.11753228449917    0.01654262513098  
  0.230000   -0.44543101045772    0.02154816681854   -0.15079995717667    0.12263168516484    0.01837818214650  
  0.240000   -0.44798445568864    0.02439784435580   -0.15741338556336    0.12771374049659    0.02033911705353  
  0.250000   -0.45062368344102    0.02736488019196   -0.16402268476441    0.13278030718533    0.02242868734444  
  0.260000   -0.45334601930249    0.03044800401691   -0.17062567278381    0.13783339852194    0.02464985470652  
  0.270000   -0.45614871500218    0.03364576555628   -0.17722001559728    0.14287516119378    0.02700525374727  
  0.280000   -0.45902895201324    0.03695652709913   -0.18380323657892    0.14790785024544    0.02949716324585  
  0.290000   -0.46198384518877    0.04037845697827   -0.19037272694207    0.15293380241830    0.03212748016455  
  0.300000   -0.46501044642259    0.04390952407464   -0.19692575710913    0.15795540809899    0.03489769662924  
  0.310000   -0.46810574832668    0.04754749340881   -0.20345948891831    0.16297508212154    0.03780888006057  
  0.320000   -0.47126668791736    0.05128992287425   -0.20997098856912    0.16799523367934    0.04086165660976  
  0.330000   -0.47449015030275    0.05513416115793   -0.21645724020367    0.17301823561312    0.04405619802288  
  0.340000   -0.47777297236427    0.05907734688416   -0.22291516001612    0.17804639334806    0.04739221202713  
  0.350000   -0.48111194642545    0.06311640900824   -0.22934161077960    0.18308191375810    0.05086893630138  
  0.360000   -0.48450382390182    0.06724806847583   -0.23573341667748    0.18812687423797    0.05448513606144  
  0.370000   -0.48794531892591    0.07146884115459   -0.24208737832425    0.19318319226302    0.05823910525899  
  0.380000   -0.49143311194199    0.07577504203376   -0.24840028786093    0.19825259571446    0.06212867136134  
  0.390000   -0.49496385326566    0.08016279067769   -0.25466894401032    0.20333659424251    0.06615120364814  
  0.400000   -0.49853416660379    0.08462801790893   -0.26089016697867    0.20843645193208    0.07030362493072  
  0.410000   -0.50214065253083    0.08916647368693   -0.26706081309300    0.21355316152602    0.07458242657066  
  0.420000   -0.50577989191806    0.09377373613854   -0.27317778906600    0.21868742044838    0.07898368664573  
  0.430000   -0.50944844931273    0.09844522168756   -0.27923806578504    0.22383960885604    0.08350309108504  
  0.440000   -0.51314287626446    0.10317619622159   -0.28523869152641    0.22900976993026    0.08813595757069  
  0.450000   -0.51685971459697    0.10796178722629   -0.29117680450161    0.23419759260154    0.09287726197984  
  0.460000   -0.52059549962329    0.11279699680946   -0.29704964464909    0.23940239688116    0.09772166712126  
  0.470000   -0.52434676330339    0.11767671553018   -0.30285456459168    0.24462312195065    0.10266355350168  
  0.480000   -0.52811003734311    0.12259573694196   -0.30858903968784    0.24985831713806    0.10769705184174  
  0.490000   -0.53188185623429    0.12754877275338   -0.31425067711282    0.25510613588500    0.11281607704830  
  0.500000   -0.53565876023560    0.13253046850450   -0.31983722391471    0.26036433278380    0.11801436333966  
  0.510000   -0.53943729829441    0.13753541965373   -0.32534657399915    0.26563026373786    0.12328550021243  
  0.520000   -0.54321403091022    0.14255818796653   -0.33077677400594    0.27090088927218    0.12862296893464  
  0.530000   -0.54698553294019    0.14759331809491   -0.33612602805029    0.27617278099407    0.13402017924776  
  0.540000   -0.55074839634788    0.15263535423575   -0.34139270131108    0.28144213117752    0.13947050596146  
  0.550000   -0.55449923289613    0.15767885675507   -0.34657532245818    0.28670476541833    0.14496732512933  
  0.560000   -0.55823467678552    0.16271841866621   -0.35167258492057    0.29195615828065    0.15050404950043  
  0.570000   -0.56195138723957    0.16774868185107   -0.35668334700665    0.29719145183053    0.15607416295138  
  0.580000   -0.56564605103834    0.17276435291581   -0.36160663089723    0.30240547692741    0.16167125361597  
  0.590000   -0.56931538500173    0.17776021857575   -0.36644162054091    0.30759277712102    0.16728904544401  
  0.600000   -0.57295613842407    0.18273116046789   -0.37118765849025    0.31274763497907    0.17292142793840  
  0.610000   -0.57656509546149    0.18767216929446   -0.37584424172540    0.31786410065052    0.17856248383867  
  0.620000   -0.58013907747332    0.19257835820644   -0.38041101651936    0.32293602245020    0.18420651454059  
  0.630000   -0.58367494531907    0.19744497534205   -0.38488777240682    0.32795707923343    0.18984806306443  
  0.640000   -0.58716960161197    0.20226741544241   -0.38927443532440    0.33292081431419    0.19548193440918  
  0.650000   -0.59061999293031    0.20704123047383   -0.39357105999665    0.33782067066733    0.20110321315588  
  0.660000   -0.59402311198735    0.21176213919426   -0.39777782164694    0.34265002714456    0.20670727821026  
  0.670000   -0.59737599976055    0.21642603561017   -0.40189500711697    0.34740223542530    0.21228981460240  
  0.680000   -0.60067574758071    0.22102899627866   -0.40592300548246    0.35207065741767    0.21784682228981  
  0.690000   -0.60391949918108    0.22556728641909   -0.40986229825502    0.35664870282079    0.22337462193834  
  0.700000   -0.60710445270679    0.23003736480786   -0.41371344926265    0.36112986655879    0.22886985768428  
  0.710000   -0.61022786268413    0.23443588743959   -0.41747709430219    0.36550776579780    0.23432949690891  
  0.720000   -0.61328704194938    0.23875970994763   -0.42115393065768    0.36977617626107    0.23975082708471  
  0.730000   -0.61627936353651    0.24300588878652   -0.42474470657778    0.37392906756335    0.24513144977892  
  0.740000   -0.61920226252266    0.24717168118867   -0.42825021080443    0.37796063729418    0.25046927192641  
  0.750000   -0.62205323783038    0.25125454391691   -0.43167126224269    0.38186534359035    0.25576249450798  
  0.760000   -0.62482985398500    0.25525213084370   -0.43500869985873    0.38563793595066    0.26100959879324  
  0.770000   -0.62752974282559    0.25916228939691   -0.43826337288963    0.38927348406112    0.26620933032884  
  0.780000   -0.63015060516751    0.26298305592037   -0.44143613144414    0.39276740441535    0.27136068087170  
  0.790000   -0.63269021241443    0.26671265000546   -0.44452781756862    0.39611548453374    0.27646286848450  
  0.800000   -0.63514640811761    0.27034946785767   -0.44753925684709    0.39931390460487    0.28151531602580  
  0.810000   -0.63751710947974    0.27389207476885   -0.45047125059782    0.40235925639453    0.28651762827949  
  0.820000   -0.63980030880090    0.27733919677243   -0.45332456872294    0.40524855929016    0.29146956797902  
  0.830000   -0.64199407486376    0.28068971156415   -0.45609994325989    0.40797927337259    0.29637103098915  
  0.840000   -0.64409655425511    0.28394263877627   -0.45879806267692    0.41054930943146    0.30122202091331  
  0.850000   -0.64610597262083    0.28709712969689   -0.46141956694669    0.41295703586595    0.30602262339710  
  0.860000   -0.64802063585120    0.29015245652971   -0.46396504342470    0.41520128243786    0.31077298039816  
  0.870000   -0.64983893119354    0.29310800129207   -0.46643502355103    0.41728134087011    0.31547326469027  
  0.880000   -0.65155932828918    0.29596324445072   -0.46882998038602    0.41919696230889    0.32012365486382  
  0.890000   -0.65318038013161    0.29871775339582   -0.47115032698281    0.42094835169358    0.32472431107720  
  0.900000   -0.65470072394304    0.30137117085370   -0.47339641559128    0.42253615910277    0.32927535180350  
  0.910000   -0.65611908196636    0.30392320333800   -0.47556853768078    0.42396146816931    0.33377683180434  
  0.920000   -0.65743426216978    0.30637360973757   -0.47766692476131    0.42522578168006    0.33822872154800  
  0.930000   -0.65864515886172    0.30872219013674   -0.47969174997553    0.42633100449833    0.34263088827258  
  0.940000   -0.65975075321316    0.31096877496061   -0.48164313042753    0.42727942396740    0.34698307887622  
  0.950000   -0.66075011368569    0.31311321453430   -0.48352113020760    0.42807368797298    0.35128490479667  
  0.960000   -0.66164239636279    0.31515536914007   -0.48532576406637    0.42871678085985    0.35553582902074  
  0.970000   -0.66242684518295    0.31709509965133   -0.48705700168654    0.42921199741375    0.35973515534174  
  0.980000   -0.66310279207286    0.31893225881673   -0.48871477249523    0.42956291513352    0.36388201995918  
  0.990000   -0.66366965697960    0.32066668326067   -0.49029897095602    0.42977336503031    0.36797538549081  
  1.000000   -0.66412694780082    0.32229818626035   -0.49180946227622    0.42984740120020    0.37201403744205  
  1.010000   -0.66447426021237    0.32382655135142   -0.49324608846165    0.42978926942466    0.37599658315277  
  1.020000   -0.66471127739297    0.32525152680729   -0.49460867464935    0.42960337505801    0.37992145321646  
  1.030000   -0.66483776964605    0.32657282102849   -0.49589703564695    0.42929425046455    0.38378690534164  
  1.040000   -0.66485359391909    0.32779009887089   -0.49711098260652    0.42886652226872    0.38759103060110  
  1.050000   -0.66475869322110    0.32890297893260   -0.49825032976072    0.42832487868012    0.39133176199104  
  1.060000   -0.66455309593935    0.32991103181147   -0.49931490114955    0.42767403715175    0.39500688519905  
  1.070000   -0.66423691505671    0.33081377933617   -0.50030453726720    0.42691871262385    0.39861405145868  
  1.080000   -0.66381034727118    0.33161069476566   -0.50121910156062    0.42606358659781    0.40215079234781  
  1.090000   -0.66327367201982    0.33230120394361   -0.50205848671363    0.42511327727475    0.40561453636948  
  1.100000   -0.66262725040916    0.33288468738600   -0.50282262065383    0.42407231098135    0.40900262713691  
  1.110000   -0.66187152405494    0.33336048327263   -0.50351147222312    0.42294509509210    0.41231234296909  
  1.120000   -0.66100701383385    0.33372789130555   -0.50412505645693    0.42173589264146    0.41554091769059  
  1.130000   -0.66003431855069    0.33398617739031   -0.50466343942199    0.42044879880303    0.41868556241783  
  1.140000   -0.65895411352401    0.33413457908963   -0.50512674256750    0.41908771939429    0.42174348810567  
  1.150000   -0.65776714909421    0.33417231179237   -0.50551514655031    0.41765635154635    0.42471192862141  
  1.160000   -0.65647424905770    0.33409857553566   -0.50582889450028    0.41615816665786    0.42758816410922  
  1.170000   -0.65507630903113    0.33391256241267   -0.50606829469824    0.41459639573090    0.43036954440626  
  1.180000   -0.65357429474996    0.33361346449420   -0.50623372264526    0.41297401716507    0.43305351227232  
  1.190000   -0.65196924030554    0.33320048218870   -0.50632562250837    0.41129374706401    0.43563762619742  
  1.200000   -0.65026224632516    0.33267283296200   -0.50634450793410    0.40955803208591    0.43811958255751  
  1.210000   -0.64845447809934    0.33202976033605   -0.50629096222821    0.40776904484754    0.44049723689526  
  1.220000   -0.64654716366114    0.33127054308402   -0.50616563790592    0.40592868186891    0.44276862411295  
  1.230000   -0.64454159182173    0.33039450453843   -0.50596925562346    0.40403856402424    0.44493197737566  
  1.240000   -0.64243911016687    0.32940102192863   -0.50570260250809    0.40210003944325    0.44698574553680  
  1.250000   -0.64024112301868    0.32828953566469   -0.50536652990917    0.40011418878693    0.44892860891301  
  1.260000   -0.63794908936724    0.32705955848581   -0.50496195059906    0.39808183280196    0.45075949325246  
  1.270000   -0.63556452077614    0.32571068439328   -0.50448983545724    0.39600354203985    0.45247758175883  
  1.280000   -0.63308897926644    0.32424259729085   -0.50395120967656    0.39387964860965    0.45408232505274  
  1.290000   -0.63052407518285    0.32265507925827   -0.50334714853440    0.39171025981738    0.45557344897305  
  1.300000   -0.62787146504638    0.32094801838763   -0.50267877277584    0.38949527353102    0.45695096014170  
  1.310000   -0.62513284939697    0.31912141611686   -0.50194724365922    0.38723439509738    0.45821514923802  
  1.320000   -0.62230997062985    0.31717539399890   -0.50115375771746    0.38492715562631    0.45936659195054  
  1.330000   -0.61940461082902    0.31511019985124   -0.50029954129071    0.38257293144867    0.46040614759723  
  1.340000   -0.61641858960097    0.31292621323549   -0.49938584488789    0.38017096454714    0.46133495542742  
  1.350000   -0.61335376191170    0.31062395022341   -0.49841393743560    0.37772038375388    0.46215442864118  
  1.360000   -0.61021201592977    0.30820406741175   -0.49738510047374    0.37522022650558    0.46286624618336  
  1.370000   -0.60699527087793    0.30566736515510   -0.49630062235673    0.37266946094492    0.46347234239109  
  1.380000   -0.60370547489558    0.30301478999290   -0.49516179251912    0.37006700815834    0.46397489459345  
  1.390000   -0.60034460291423    0.30024743625341   -0.49396989586278    0.36741176434192    0.46437630878114  
  1.400000   -0.59691465454770    0.29736654682470   -0.49272620732123    0.36470262269203    0.46467920348211  
  1.410000   -0.59341765199881    0.29437351308961   -0.49143198665435    0.36193849482300    0.46488639199534  
  1.420000   -0.58985563798383    0.29126987402845   -0.49008847352399    0.35911833152215    0.46500086314992  
  1.430000   -0.58623067367602    0.28805731450038   -0.48869688289742    0.35624114266192    0.46502576076967  
  1.440000   -0.58254483666924    0.28473766272054   -0.48725840082210    0.35330601609957    0.46496436203500  
  1.450000   -0.57880021896238    0.28131288695667   -0.48577418061093    0.35031213540757    0.46482005494294  
  1.460000   -0.57499892496541    0.27778509147513   -0.48424533947263    0.34725879629121    0.46459631507379  
  1.470000   -0.57114306952746    0.27415651177167   -0.48267295561699    0.34414542156473    0.46429668187799  
  1.480000   -0.56723477598727    0.27042950912788   -0.48105806585995    0.34097157457299    0.46392473470026  
  1.490000   -0.56327617424649    0.26660656453915   -0.47940166374759    0.33773697096232    0.46348406875890  
  1.500000   -0.55926939886564    0.26269027206432   -0.47770469821326    0.33444148872116    0.46297827129723  
  1.510000   -0.55521658718317    0.25868333165125   -0.47596807277598    0.33108517642897    0.46241089812110  
  1.520000   -0.55111987745744    0.25458854149590   -0.47419264528305    0.32766825966976    0.46178545073105  
  1.530000   -0.54698140703158    0.25040878999545   -0.47237922819382    0.32419114558475    0.46110535425067  
  1.540000   -0.54280331052145    0.24614704735825   -0.47052858939635    0.32065442555662    0.46037393634363  
  1.550000   -0.53858771802637    0.24180635693498   -0.46864145354305    0.31705887603592    0.45959440730103  
  1.560000   -0.53433675336289    0.23738982633688   -0.46671850388622    0.31340545753752    0.45876984146805  
  1.570000   -0.53005253232143    0.23290061840695   -0.46476038458947    0.30969531185207    0.45790316016500  
  1.580000   -0.52573716094612    0.22834194211042   -0.46276770348601    0.30592975753367    0.45699711624235  
  1.590000   -0.52139273383782    0.22371704340990   -0.46074103525064    0.30211028374053    0.45605428039246  
  1.600000   -0.51702133248079    0.21902919618945   -0.45868092494805    0.29823854251974    0.45507702932327  
  1.610000   -0.51262502359325    0.21428169329017   -0.45658789191630    0.29431633964091    0.45406753588018  
  1.620000   -0.50820585750243    0.20947783771756   -0.45446243394134    0.29034562409548    0.45302776118358  
  1.630000   -0.50376586654484    0.20462093407812   -0.45230503167533    0.28632847638948    0.45195944882898  
  1.640000   -0.49930706349231    0.19971428029952   -0.45011615324955    0.28226709576702    0.45086412117725  
  1.650000   -0.49483144000504    0.19476115968505   -0.44789625903057    0.27816378650998    0.44974307774177  
  1.660000   -0.49034096511249    0.18976483334881   -0.44564580646748    0.27402094346560    0.44859739565941  
  1.670000   -0.48583758372365    0.18472853307408   -0.44336525497675    0.26984103695901    0.44742793221252  
  1.680000   -0.48132321516776    0.17965545463226   -0.44105507081157    0.26562659725086    0.44623532934953  
  1.690000   -0.47679975176737    0.17454875159524   -0.43871573186251    0.26138019870197    0.44502002013342  
  1.700000   -0.47226905744529    0.16941152966863   -0.43634773233739    0.25710444380735    0.44378223702922  
  1.710000   -0.46773296636733    0.16424684156807   -0.43395158726947    0.25280194726008    0.44252202192537  
  1.720000   -0.46319328162284    0.15905768245573   -0.43152783680516    0.24847532020309    0.44123923776763  
  1.730000   -0.45865177394522    0.15384698594836   -0.42907705022458    0.24412715482183    0.43993358167048  
  1.740000   -0.45411018047457    0.14861762070293   -0.42659982965121    0.23976000942541    0.43860459935792  
  1.750000   -0.44957020356495    0.14337238758078   -0.42409681341020    0.23537639415631    0.43725170077418  
  1.760000   -0.44503350963859    0.13811401738562   -0.42156867899830    0.23097875745993    0.43587417669576  
  1.770000   -0.44050172808952    0.13284516916576   -0.41901614563257    0.22656947343609    0.43447121616775  
  1.780000   -0.43597645023936    0.12756842906620   -0.41643997634918    0.22215083018327    0.43304192458201  
  1.790000   -0.43145922834759    0.12228630971116   -0.41384097962825    0.21772501923482    0.43158534221016  
  1.800000   -0.42695157467910    0.11700125009373   -0.41122001052531    0.21329412617390    0.43010046300222  
  1.810000   -0.42245496063147    0.11171561594481   -0.40857797129509    0.20886012250041    0.42858625346136  
  1.820000   -0.41797081592449    0.10643170055012   -0.40591581149835    0.20442485880956    0.42704167140677  
  1.830000   -0.41350052785447    0.10115172598055   -0.40323452758748    0.19999005932742    0.42546568443960  
  1.840000   -0.40904544061565    0.09587784469818   -0.40053516197196    0.19555731783425    0.42385728793268  
  1.850000   -0.40460685469097    0.09061214149809   -0.39781880156981    0.19112809499192    0.42221552237082  
  1.860000   -0.40018602631426    0.08535663574346   -0.39508657585618    0.18670371707711    0.42053948987771  
  1.870000   -0.39578416700601    0.08011328385060   -0.39233965442533    0.18228537610754    0.41882836977481  
  1.880000   -0.39140244318423    0.07488398197871   -0.38957924408671    0.17787413133445    0.41708143302956  
  1.890000   -0.38704197585214    0.06967056887908   -0.38680658552075    0.17347091206091    0.41529805546287  
  1.900000   -0.38270384036405    0.06447482885798   -0.38402294952393    0.16907652173248    0.41347772959955  
  1.910000   -0.37838906627036    0.05929849480766   -0.38122963287685    0.16469164323435    0.41162007506079  
  1.920000   -0.37409863724273    0.05414325126112   -0.37842795387263    0.16031684531765    0.40972484741304  
  1.930000   -0.36983349107982    0.04901073742680   -0.37561924754605    0.15595259006693    0.40779194540465  
  1.940000   -0.36559451979391    0.04390255016155   -0.37280486064699    0.15159924131133    0.40582141653842  
  1.950000   -0.36138256977842    0.03882024684188   -0.36998614640380    0.14725707387330    0.40381346094547  
  1.960000   -0.35719844205585    0.03376534809606   -0.36716445912444    0.14292628354173    0.40176843354373  
  1.970000   -0.35304289260554    0.02873934036222   -0.36434114868468    0.13860699764994    0.39968684448168  
  1.980000   -0.34891663277026    0.02374367824078   -0.36151755495350    0.13429928613452    0.39756935788521  
  1.990000   -0.34482032974014    0.01877978661279   -0.35869500220650    0.13000317294737    0.39541678894286  
  2.000000   -0.34075460711251    0.01384906249930   -0.35587479357817    0.12571864769121    0.39323009938076  
  2.010000   -0.33672004552538    0.00895287664074   -0.35305820560326    0.12144567734823    0.39101039139471  
  2.020000   -0.33271718336244    0.00409257477915   -0.35024648289666    0.11718421797185    0.38875890012157  
  2.030000   -0.32874651752677   -0.00073052136989   -0.34744083301981    0.11293422621376    0.38647698474633  
  2.040000   -0.32480850428044   -0.00551511346454   -0.34464242157956    0.10869567056141    0.38416611835390  
  2.050000   -0.32090356014666   -0.01025992620792   -0.34185236760346    0.10446854216569    0.38182787664635  
  2.060000   -0.31703206287097   -0.01496370734415   -0.33907173923229    0.10025286514411    0.37946392565674  
  2.070000   -0.31319435243768   -0.01962522797540   -0.33630154976802    0.09604870625156    0.37707600859935  
  2.080000   -0.30939073213759   -0.02424328319277   -0.33354275411140    0.09185618381860    0.37466593200371  
  2.090000   -0.30562146968255   -0.02881669300947   -0.33079624562022    0.08767547586585    0.37223555128524  
  2.100000   -0.30188679836259   -0.03334430358122   -0.32806285341457    0.08350682731286    0.36978675591000  
  2.110000   -0.29818691824090   -0.03782498869531   -0.32534334015179    0.07935055620991    0.36732145431297  
  2.120000   -0.29452199738187   -0.04225765150644   -0.32263840028875    0.07520705893259    0.36484155873077  
  2.130000   -0.29089217310731   -0.04664122649446   -0.31994865884500    0.07107681429013    0.36234897010838  
  2.140000   -0.28729755327584   -0.05097468161638   -0.31727467067506    0.06696038651063    0.35984556323742  
  2.150000   -0.28373821758040   -0.05525702062282   -0.31461692025395    0.06285842707853    0.35733317227932  
  2.160000   -0.28021421885878   -0.05948728550678   -0.31197582197459    0.05877167541180    0.35481357682140  
  2.170000   -0.27672558441214   -0.06366455905116   -0.30935172095154    0.05470095837898    0.35228848860652  
  2.180000   -0.27327231732628   -0.06778796744006   -0.30674489432051    0.05064718866831    0.34975953906908  
  2.190000   -0.26985439779094   -0.07185668289802   -0.30415555301858    0.04661136203323    0.34722826780007  
  2.200000   -0.26647178441194   -0.07586992632081   -0.30158384402578    0.04259455345026    0.34469611205317  
  2.210000   -0.26312441551148   -0.07982696986133   -0.29902985304453    0.03859791223660    0.34216439739228  
  2.220000   -0.25981221041206   -0.08372713943448   -0.29649360758927    0.03462265618516    0.33963432956748  
  2.230000   -0.25653507069933   -0.08756981710540   -0.29397508045531    0.03067006478517    0.33710698769353  
  2.240000   -0.25329288145974   -0.09135444332668   -0.29147419353234    0.02674147160512    0.33458331879014  
  2.250000   -0.25008551248894   -0.09508051899153   -0.28899082192538    0.02283825592382    0.33206413372907  
  2.260000   -0.24691281946714   -0.09874760727157   -0.28652479834290    0.01896183370210    0.32955010461760  
  2.270000   -0.24377464509775   -0.10235533521018   -0.28407591771025    0.01511364799461    0.32704176363315  
  2.280000   -0.24067082020635   -0.10590339504456   -0.28164394196423    0.01129515890615    0.32453950330816  
  2.290000   -0.23760116479679   -0.10939154523255   -0.27922860498362    0.00750783320133    0.32204357824958  
  2.300000   -0.23456548906197   -0.11281961116297   -0.27682961760951    0.00375313367936    0.31955410826229  
  2.310000   -0.23156359434698   -0.11618748553165   -0.27444667270880    0.00003250842789    0.31707108283156  
  2.320000   -0.22859527406261   -0.11949512836844   -0.27207945023433   -0.00365261993001    0.31459436690575  
  2.330000   -0.22566031454778   -0.12274256670420   -0.26972762223537   -0.00730086488135    0.31212370790753  
  2.340000   -0.22275849587954   -0.12592989387020   -0.26739085777343   -0.01091088644922    0.30965874388955  
  2.350000   -0.21988959262979   -0.12905726842625   -0.26506882769926   -0.01448140128943    0.30719901273947  
  2.360000   -0.21705337456823   -0.13212491271739   -0.26276120924908   -0.01801119235238    0.30474396232884  
  2.370000   -0.21424960731137   -0.13513311106309   -0.26046769041974   -0.02149911800931    0.30229296149156  
  2.380000   -0.21147805291772   -0.13808220758606   -0.25818797408556   -0.02494412054819    0.29984531170994  
  2.390000   -0.20873847042976   -0.14097260369204   -0.25592178182190   -0.02834523395147    0.29740025937977  
  2.400000   -0.20603061636338   -0.14380475521497   -0.25366885740409   -0.03170159087545    0.29495700852100  
  2.410000   -0.20335424514616   -0.14657916924566   -0.25142896995346   -0.03501242875997    0.29251473379713  
  2.420000   -0.20070910950567   -0.14929640066506   -0.24920191670625   -0.03827709500572    0.29007259370391  
  2.430000   -0.19809496080967   -0.15195704840639   -0.24698752538472   -0.04149505116702    0.28762974378777  
  2.440000   -0.19551154936017   -0.15456175147320   -0.24478565615394   -0.04466587611758    0.28518534975478  
  2.450000   -0.19295862464351   -0.15711118474260   -0.24259620315226   -0.04778926815778    0.28273860033342  
  2.460000   -0.19043593553892   -0.15960605458569   -0.24041909558703   -0.05086504604290    0.28028871975791  
  2.470000   -0.18794323048810   -0.16204709433856   -0.23825429839222   -0.05389314892268    0.27783497974401  
  2.480000   -0.18548025762876   -0.16443505965908   -0.23610181244837   -0.05687363519397    0.27537671083533  
  2.490000   -0.18304676489481   -0.16677072380602   -0.23396167436978   -0.05980668027899    0.27291331300571  
  2.500000   -0.18064250008642   -0.16905487287769   -0.23183395586799   -0.06269257335300    0.27044426541198  
  2.510000   -0.17826721091293   -0.17128830104796   -0.22971876270477   -0.06553171305526    0.26796913520098  
  2.520000   -0.17592064501183   -0.17347180583768   -0.22761623325148   -0.06832460222796    0.26548758528530  
  2.530000   -0.17360254994699   -0.17560618345912   -0.22552653667577   -0.07107184173682    0.26299938101370  
  2.540000   -0.17131267318929   -0.17769222427084   -0.22344987077952   -0.07377412343683    0.26050439567418  
  2.550000   -0.16905076208294   -0.17973070837898   -0.22138645951577   -0.07643222235448    0.25800261478041  
  2.560000   -0.16681656380038   -0.18172240142012   -0.21933655021452   -0.07904698816569    0.25549413910514  
  2.570000   -0.16460982528911   -0.18366805055900   -0.21730041055073   -0.08161933605556    0.25297918643787  
  2.580000   -0.16243029321304   -0.18556838073240   -0.21527832528922   -0.08415023705182    0.25045809205712  
  2.590000   -0.16027771389147   -0.18742409116856   -0.21327059284373   -0.08664070792876    0.24793130792159  
  2.600000   -0.15815183323824   -0.18923585220861   -0.21127752168845   -0.08909180078252    0.24539940059753  
  2.610000   -0.15605239670352   -0.19100430245397   -0.20929942666162   -0.09150459238148    0.24286304795293  
  2.620000   -0.15397914922067   -0.19273004626075   -0.20733662520146   -0.09388017339724    0.24032303466169  
  2.630000   -0.15193183516027   -0.19441365159866   -0.20538943355487   -0.09621963762254    0.23778024657305  
  2.640000   -0.14991019829320   -0.19605564828912   -0.20345816299941   -0.09852407128213    0.23523566401321  
  2.650000   -0.14791398176454   -0.19765652663324   -0.20154311611838   -0.10079454254130    0.23269035409657  
  2.660000   -0.14594292807973   -0.19921673643723   -0.19964458316793   -0.10303209131414    0.23014546213383  
  2.670000   -0.14399677910422   -0.20073668643890   -0.19776283857400   -0.10523771947043    0.22760220223331  
  2.680000   -0.14207527607767   -0.20221674413542   -0.19589813759491   -0.10741238153543    0.22506184719916  
  2.690000   -0.14017815964335   -0.20365723600867   -0.19405071318378   -0.10955697597161    0.22252571783721  
  2.700000   -0.13830516989337   -0.20505844814125   -0.19222077308227   -0.11167233712497    0.21999517178437  
  2.710000   -0.13645604642990   -0.20642062721234   -0.19040849717481   -0.11375922791179    0.21747159198176  
  2.720000   -0.13463052844251   -0.20774398185941   -0.18861403512943   -0.11581833331375    0.21495637491470  
  2.730000   -0.13282835480137   -0.20902868438849   -0.18683750434806   -0.11785025474092    0.21245091874426  
  2.740000   -0.13104926416592   -0.21027487281271   -0.18507898824607   -0.11985550531321    0.20995661145528  
  2.750000   -0.12929299510836   -0.21148265319561   -0.18333853487714   -0.12183450610155    0.20747481914496  
  2.760000   -0.12755928625119   -0.21265210227363   -0.18161615591589   -0.12378758335995    0.20500687457360  
  2.770000   -0.12584787641770   -0.21378327032922   -0.17991182600698   -0.12571496676988    0.20255406609565  
  2.780000   -0.12415850479434   -0.21487618428445   -0.17822548248562   -0.12761678870800    0.20011762708445  
  2.790000   -0.12249091110348   -0.21593085098267   -0.17655702547055   -0.12949308453776    0.19769872595805  
  2.800000   -0.12084483578531   -0.21694726062472   -0.17490631832668   -0.13134379391573    0.19529845690657  
  2.810000   -0.11922002018713   -0.21792539032480   -0.17327318849091   -0.13316876309260    0.19291783141358  
  2.820000   -0.11761620675835   -0.21886520775023   -0.17165742865100   -0.13496774817975    0.19055777065494  
  2.830000   -0.11603313924961   -0.21976667480905   -0.17005879826370   -0.13674041934205    0.18821909884903  
  2.840000   -0.11447056291402   -0.22062975134916   -0.16847702539497   -0.13848636586895    0.18590253762154  
  2.850000   -0.11292822470884   -0.22145439883274   -0.16691180886221   -0.14020510206726    0.18360870143731  
  2.860000   -0.11140587349560   -0.22224058395068   -0.16536282065509   -0.14189607391083    0.18133809413997  
  2.870000   -0.10990326023700   -0.22298828214214   -0.16382970860908   -0.14355866637546    0.17909110662829  
  2.880000   -0.10842013818857   -0.22369748098597   -0.16231209930335   -0.14519221138060    0.17686801568619  
  2.890000   -0.10695626308350   -0.22436818343198   -0.16080960115260   -0.14679599625384    0.17466898397107  
  2.900000   -0.10551139330885   -0.22500041084206   -0.15932180766046   -0.14836927262940    0.17249406115288  
  2.910000   -0.10408529007152   -0.22559420581315   -0.15784830080084   -0.14991126568787    0.17034318618459  
  2.920000   -0.10267771755253   -0.22614963475645   -0.15638865449233   -0.15142118364157    0.16821619067281  
  2.930000   -0.10128844304816   -0.22666679020993   -0.15494243813015   -0.15289822736800    0.16611280330589  
  2.940000   -0.09991723709676   -0.22714579286378   -0.15350922013960   -0.15434160009268    0.16403265528639  
  2.950000   -0.09856387358994   -0.22758679328173   -0.15208857151517   -0.15575051702306    0.16197528670422  
  2.960000   -0.09722812986746   -0.22798997330401   -0.15068006930961   -0.15712421483581    0.15994015377743  
  2.970000   -0.09590978679472   -0.22835554712122   -0.14928330003803   -0.15846196092213    0.15792663687931  
  2.980000   -0.09460862882247   -0.22868376201138   -0.14789786296336   -0.15976306229848    0.15593404926203  
  2.990000   -0.09332444402810   -0.22897489873624   -0.14652337323041   -0.16102687409404    0.15396164638112  
  3.000000   -0.09205702413839   -0.22922927159589   -0.14515946481819   -0.16225280753108    0.15200863571878  
  3.010000   -0.09080616453358   -0.22944722814451   -0.14380579328139   -0.16344033731973    0.15007418699969  
  3.020000   -0.08957166423278   -0.22962914857301   -0.14246203825487   -0.16458900839527    0.14815744268948  
  3.030000   -0.08835332586114   -0.22977544476804   -0.14112790569713   -0.16569844193286    0.14625752866376  
  3.040000   -0.08715095559918   -0.22988655905957   -0.13980312985185   -0.16676834058236    0.14437356493441  
  3.050000   -0.08596436311488   -0.22996296267256   -0.13848747490910   -0.16779849287408    0.14250467632014  
  3.060000   -0.08479336147929   -0.23000515390089   -0.13718073635156   -0.16878877675496    0.14065000294931  
  3.070000   -0.08363776706683   -0.23001365602450   -0.13588274197386   -0.16973916222356    0.13880871048572  
  3.080000   -0.08249739944098   -0.22998901499307   -0.13459335256676   -0.17064971304175    0.13697999997155  
  3.090000   -0.08137208122708   -0.22993179690154   -0.13331246226130   -0.17152058751025    0.13516311718615  
  3.100000   -0.08026163797314   -0.22984258528524   -0.13203999853164   -0.17235203830469    0.13335736142545  
  3.110000   -0.07916589800037   -0.22972197826331   -0.13077592185836   -0.17314441137871    0.13156209361292  
  3.120000   -0.07808469224497   -0.22957058556098   -0.12952022505809   -0.17389814394956    0.12977674366105  
  3.130000   -0.07701785409272   -0.22938902544214   -0.12827293228803   -0.17461376159129    0.12800081701037  
  3.140000   -0.07596521920801   -0.22917792158421   -0.12703409773756   -0.17529187446926    0.12623390028214  
  3.150000   -0.07492662535927   -0.22893789992793   -0.12580380402224   -0.17593317275846    0.12447566599081  
  3.160000   -0.07390191224221   -0.22866958553456   -0.12458216029812   -0.17653842129592    0.12272587627202  
  3.170000   -0.07289092130295   -0.22837359948292   -0.12336930011751   -0.17710845352535    0.12098438559320  
  3.180000   -0.07189349556253   -0.22805055583788   -0.12216537904933   -0.17764416479863    0.11925114242411  
  3.190000   -0.07090947944468   -0.22770105872127   -0.12097057208993   -0.17814650510539    0.11752618985606  
  3.200000   -0.06993871860842   -0.22732569951478   -0.11978507089185   -0.17861647130712    0.11580966516963  
  3.210000   -0.06898105978716   -0.22692505422306   -0.11860908083993   -0.17905509895686    0.11410179836177  
  3.220000   -0.06803635063583   -0.22649968102346   -0.11744281800551   -0.17946345378963    0.11240290965392  
  3.230000   -0.06710443958735   -0.22605011802668   -0.11628650601050   -0.17984262297137    0.11071340601359  
  3.240000   -0.06618517572005   -0.22557688127065   -0.11514037283385   -0.18019370619633    0.10903377673191  
  3.250000   -0.06527840863691   -0.22508046296718   -0.11400464759349   -0.18051780672405    0.10736458810934  
  3.260000   -0.06438398835797   -0.22456133001849   -0.11287955733660   -0.18081602244707    0.10570647731099  
  3.270000   -0.06350176522674   -0.22401992281782   -0.11176532387117   -0.18108943707994    0.10406014546110  
  3.280000   -0.06263158983142   -0.22345665434540   -0.11066216067094   -0.18133911155823    0.10242635005424  
  3.290000   -0.06177331294155   -0.22287190956806   -0.10957026988502   -0.18156607573407    0.10080589676717  
  3.300000   -0.06092678546063   -0.22226604514753   -0.10848983948221   -0.18177132045082    0.09919963076140  
  3.310000   -0.06009185839491   -0.22163938945957   -0.10742104055860   -0.18195579007576    0.09760842757134  
  3.320000   -0.05926838283866   -0.22099224292251   -0.10636402483513   -0.18212037556428    0.09603318367657  
  3.330000   -0.05845620997572   -0.22032487863109   -0.10531892236977   -0.18226590812355    0.09447480685987  
  3.340000   -0.05765519109723   -0.21963754328806   -0.10428583950663   -0.18239315353716    0.09293420645408  
  3.350000   -0.05686517763523   -0.21893045842318   -0.10326485708181   -0.18250280720520    0.09141228358163  
  3.360000   -0.05608602121149   -0.21820382188626   -0.10225602890322   -0.18259548994680    0.08990992149007  
  3.370000   -0.05531757370103   -0.21745780959826   -0.10125938051833   -0.18267174460420    0.08842797608533  
  3.380000   -0.05455968730942   -0.21669257754164   -0.10027490828138   -0.18273203347896    0.08696726676191  
  3.390000   -0.05381221466295   -0.21590826396919   -0.09930257872791   -0.18277673662252    0.08552856762539  
  3.400000   -0.05307500891066   -0.21510499180790   -0.09834232826173   -0.18280615099436    0.08411259919829  
  3.410000   -0.05234792383683   -0.21428287123279   -0.09739406315592   -0.18282049049228    0.08272002069442  
  3.420000   -0.05163081398294   -0.21344200238396   -0.09645765986660   -0.18281988685029    0.08135142294068  
  3.430000   -0.05092353477738   -0.21258247819853   -0.09553296565453   -0.18280439139082    0.08000732201792  
  3.440000   -0.05022594267171   -0.21170438732816   -0.09461979950707   -0.18277397760950    0.07868815368466  
  3.450000   -0.04953789528186   -0.21080781711194   -0.09371795334950   -0.18272854456207    0.07739426863871  
  3.460000   -0.04885925153260   -0.20989285657396   -0.09282719353208   -0.18266792101527    0.07612592866277  
  3.470000   -0.04818987180389   -0.20895959941459   -0.09194726257645   -0.18259187031555    0.07488330369057  
  3.480000   -0.04752961807732   -0.20800814696464   -0.09107788116229   -0.18250009592288    0.07366646982011  
  3.490000   -0.04687835408109   -0.20703861107197   -0.09021875033291   -0.18239224754977    0.07247540829065  
  3.500000   -0.04623594543206   -0.20605111689078   -0.08936955389628   -0.18226792784011    0.07131000542957  
  3.510000   -0.04560225977308   -0.20504580554474   -0.08852996099605   -0.18212669951711    0.07017005356543  
  3.520000   -0.04497716690437   -0.20402283663664   -0.08769962882561   -0.18196809292498    0.06905525289301  
  3.530000   -0.04436053890729   -0.20298239057845   -0.08687820545683   -0.18179161388554    0.06796521426625  
  3.540000   -0.04375225025931   -0.20192467071773   -0.08606533275398   -0.18159675178776    0.06689946288573  
  3.550000   -0.04315217793883   -0.20084990523835   -0.08526064934291   -0.18138298782641    0.06585744283753  
  3.560000   -0.04256020151867   -0.19975834881554   -0.08446379360468   -0.18114980330472    0.06483852243197  
  3.570000   -0.04197620324733   -0.19865028400795   -0.08367440666315   -0.18089668791554    0.06384200028248  
  3.580000   -0.04140006811694   -0.19752602237203   -0.08289213533590   -0.18062314791619    0.06286711205732  
  3.590000   -0.04083168391722   -0.19638590528651   -0.08211663501860   -0.18032871411348    0.06191303783021  
  3.600000   -0.04027094127478   -0.19523030447810   -0.08134757247360   -0.18001294957764    0.06097890994981  
  3.610000   -0.03971773367732   -0.19405962224195   -0.08058462849462   -0.17967545700697    0.06006382134340  
  3.620000   -0.03917195748230   -0.19287429135402   -0.07982750042098   -0.17931588566892    0.05916683416528  
  3.630000   -0.03863351191002   -0.19167477467504   -0.07907590447613   -0.17893393784766    0.05828698869795  
  3.640000   -0.03810229902098   -0.19046156444904   -0.07832957790748   -0.17852937473388    0.05742331241139  
  3.650000   -0.03757822367771   -0.18923518130254   -0.07758828090646   -0.17810202169802    0.05657482908493  
  3.660000   -0.03706119349138   -0.18799617295314   -0.07685179829005   -0.17765177289490    0.05574056789582  
  3.670000   -0.03655111875359   -0.18674511263940   -0.07611994092763   -0.17717859515458    0.05491957237953  
  3.680000   -0.03604791235388   -0.18548259728650   -0.07539254689969   -0.17668253112182    0.05411090916867  
  3.690000   -0.03555148968388   -0.18420924542474   -0.07466948237744   -0.17616370161398    0.05331367642012  
  3.700000   -0.03506176852865   -0.18292569488051   -0.07395064221581   -0.17562230717568    0.05252701184382  
  3.710000   -0.03457866894655   -0.18163260026141   -0.07323595025460   -0.17505862881645    0.05175010025124  
  3.720000   -0.03410211313842   -0.18033063025941   -0.07252535932610   -0.17447302792595    0.05098218054702  
  3.730000   -0.03363202530750   -0.17902046479747   -0.07181885097025   -0.17386594537001    0.05022255209352  
  3.740000   -0.03316833151122   -0.17770279204688   -0.07111643486136   -0.17323789977870    0.04947058038505  
  3.750000   -0.03271095950640   -0.17637830534350   -0.07041814795345   -0.17258948504592    0.04872570197601  
  3.760000   -0.03225983858905   -0.17504770003239   -0.06972405335408   -0.17192136706813    0.04798742861553  
  3.770000   -0.03181489943053   -0.17371167027067   -0.06903423893919   -0.17123427975718    0.04725535054946  
  3.780000   -0.03137607391135   -0.17237090581922   -0.06834881572423   -0.17052902036952    0.04652913896000  
  3.790000   -0.03094329495429   -0.17102608885357   -0.06766791600913   -0.16980644420108    0.04580854752198  
  3.800000   -0.03051649635833   -0.16967789082430   -0.06699169131687   -0.16906745870313    0.04509341306469  
  3.810000   -0.03009561263489   -0.16832696939690   -0.06632031014777   -0.16831301708009    0.04438365533741  
  3.820000   -0.02968057884790   -0.16697396549987   -0.06565395557295   -0.16754411143563    0.04367927588614  
  3.830000   -0.02927133045922   -0.16561950050924   -0.06499282269227   -0.16676176553732    0.04298035605874  
  3.840000   -0.02886780318073   -0.16426417359588   -0.06433711598330   -0.16596702727413    0.04228705416445  
  3.850000   -0.02846993283440   -0.16290855926076   -0.06368704656881   -0.16516096088354    0.04159960182274  
  3.860000   -0.02807765522177   -0.16155320508113   -0.06304282943107   -0.16434463902747    0.04091829954476  
  3.870000   -0.02769090600375   -0.16019862968886   -0.06240468060161   -0.16351913479725    0.04024351159859  
  3.880000   -0.02730962059200   -0.15884532099952   -0.06177281435534   -0.16268551372838    0.03957566021683  
  3.890000   -0.02693373405272   -0.15749373470866   -0.06114744043771   -0.16184482590542    0.03891521921153  
  3.900000   -0.02656318102365   -0.15614429306895   -0.06052876135306   -0.16099809823617    0.03826270706776  
  3.910000   -0.02619789564508   -0.15479738395909   -0.05991696974192   -0.16014632697244    0.03761867959197  
  3.920000   -0.02583781150522   -0.15345336025268   -0.05931224587348   -0.15929047055157    0.03698372219570  
  3.930000   -0.02548286160053   -0.15211253949208   -0.05871475527867   -0.15843144282988    0.03635844189883  
  3.940000   -0.02513297831107   -0.15077520386963   -0.05812464654756   -0.15757010677450    0.03574345913892  
  3.950000   -0.02478809339116   -0.14944160051522   -0.05754204931287   -0.15670726867545    0.03513939947483  
  3.960000   -0.02444813797506   -0.14811194208669   -0.05696707243980   -0.15584367293431    0.03454688527372  
  3.970000   -0.02411304259778   -0.14678640765597   -0.05639980243977   -0.15497999747962    0.03396652747007  
  3.980000   -0.02378273723034   -0.14546514388180   -0.05584030212360   -0.15411684985285    0.03339891748420  
  3.990000   -0.02345715132926   -0.14414826645619   -0.05528860950713   -0.15325476400154    0.03284461938578  
  4.000000   -0.02313621389945   -0.14283586180993   -0.05474473697948   -0.15239419780921    0.03230416238479  
  4.010000   -0.02281985356994   -0.14152798905948   -0.05420867074161   -0.15153553138377    0.03177803372838  
  4.020000   -0.02250799868137   -0.14022468217533   -0.05368037052005   -0.15067906611867    0.03126667207766  
  4.030000   -0.02220057738431   -0.13892595234990   -0.05315976955761   -0.14982502453273    0.03077046143297  
  4.040000   -0.02189751774745   -0.13763179054105   -0.05264677488045   -0.14897355088724    0.03028972566978  
  4.050000   -0.02159874787417   -0.13634217016557   -0.05214126783759   -0.14812471257038    0.02982472374109  
  4.060000   -0.02130419602653   -0.13505704991571   -0.05164310490659   -0.14727850223182    0.02937564559447  
  4.070000   -0.02101379075505   -0.13377637667048   -0.05115211875612   -0.14643484064238    0.02894260884434  
  4.080000   -0.02072746103314   -0.13250008847269   -0.05066811955373   -0.14559358024661    0.02852565623177  
  4.090000   -0.02044513639450   -0.13122811754210   -0.05019089650463   -0.14475450936907    0.02812475389573  
  4.100000   -0.02016674707220   -0.12996039329469   -0.04972021960481   -0.14391735702872    0.02773979047084  
  4.110000   -0.01989222413782   -0.12869684533805   -0.04925584158997   -0.14308179830961    0.02737057701795  
  4.120000   -0.01962149963934   -0.12743740641323   -0.04879750005959   -0.14224746023083    0.02701684778518  
  4.130000   -0.01935450673607   -0.12618201525387   -0.04834491975367   -0.14141392805354    0.02667826178777  
  4.140000   -0.01909117982950   -0.12493061933440   -0.04789781495852   -0.14058075195890    0.02635440518719  
  4.150000   -0.01883145468835   -0.12368317748015   -0.04745589201630   -0.13974745402706    0.02604479444080  
  4.160000   -0.01857526856684   -0.12243966231358   -0.04701885191240   -0.13891353544453    0.02574888018601  
  4.170000   -0.01832256031461   -0.12120006251262   -0.04658639291374   -0.13807848386523    0.02546605181464  
  4.180000   -0.01807327047731   -0.11996438485885   -0.04615821323083   -0.13724178084919    0.02519564268665  
  4.190000   -0.01782734138678   -0.11873265605543   -0.04573401367622   -0.13640290930248    0.02493693592526  
  4.200000   -0.01758471723979   -0.11750492429695   -0.04531350029198   -0.13556136084178    0.02468917073010  
  4.210000   -0.01734534416446   -0.11628126057593   -0.04489638691945   -0.13471664300869    0.02445154913939  
  4.220000   -0.01710917027381   -0.11506175971306   -0.04448239768490   -0.13386828626005    0.02422324316797  
  4.230000   -0.01687614570558   -0.11384654110148   -0.04407126937603   -0.13301585066339    0.02400340224419  
  4.240000   -0.01664622264815   -0.11263574915755   -0.04366275368505   -0.13215893222998    0.02379116086573  
  4.250000   -0.01641935535199   -0.11142955347429   -0.04325661929577   -0.13129716882147    0.02358564639275  
  4.260000   -0.01619550012665   -0.11022814867585   -0.04285265379378   -0.13043024557117    0.02338598689525  
  4.270000   -0.01597461532311   -0.10903175397478   -0.04245066538047   -0.12955789976583    0.02319131897167  
  4.280000   -0.01575666130183   -0.10784061243673   -0.04205048437396   -0.12867992513963    0.02300079545604  
  4.290000   -0.01554160038642   -0.10665498995999   -0.04165196448206   -0.12779617553816    0.02281359293285  
  4.300000   -0.01532939680374   -0.10547517398013   -0.04125498383481   -0.12690656791691    0.02262891898096  
  4.310000   -0.01512001661062   -0.10430147191286   -0.04085944576667   -0.12601108464553    0.02244601907115  
  4.320000   -0.01491342760807   -0.10313420935056   -0.04046527934101   -0.12510977509645    0.02226418304576  
  4.330000   -0.01470959924378   -0.10197372803060   -0.04007243961215   -0.12420275650375    0.02208275111395  
  4.340000   -0.01450850250365   -0.10082038359570   -0.03968090762298   -0.12329021408580    0.02190111930090  
  4.350000   -0.01431010979362   -0.09967454316860   -0.03929069013885   -0.12237240043264    0.02171874429603  
  4.360000   -0.01411439481270   -0.09853658276530   -0.03890181912117   -0.12144963416664    0.02153514765123  
  4.370000   -0.01392133241856   -0.09740688457250   -0.03851435094676   -0.12052229789241    0.02134991928772  
  4.380000   -0.01373089848690   -0.09628583411650   -0.03812836538162   -0.11959083545928    0.02116272027726  
  4.390000   -0.01354306976585   -0.09517381735160   -0.03774396432018   -0.11865574856632    0.02097328487151  
  4.400000   -0.01335782372702   -0.09407121769704   -0.03736127030373   -0.11771759274694    0.02078142176133  
  4.410000   -0.01317513841441   -0.09297841305202   -0.03698042483359   -0.11677697277616    0.02058701455592  
  4.420000   -0.01299499229266   -0.09189577281843   -0.03660158649697   -0.11583453754932    0.02039002148027  
  4.430000   -0.01281736409623   -0.09082365496107   -0.03622492892505   -0.11489097448658    0.02019047429740  
  4.440000   -0.01264223268077   -0.08976240313456   -0.03585063860488   -0.11394700352209    0.01998847647029  
  4.450000   -0.01246957687822   -0.08871234390573   -0.03547891256761   -0.11300337074085    0.01978420058627  
  4.460000   -0.01229937535698   -0.08767378409915   -0.03510995597729   -0.11206084172972    0.01957788507432  
  4.470000   -0.01213160648848   -0.08664700829240   -0.03474397964515   -0.11112019471195    0.01936983025332  
  4.480000   -0.01196624822140   -0.08563227648620   -0.03438119749494   -0.11018221353634    0.01916039375599  
  4.490000   -0.01180327796482   -0.08462982197276   -0.03402182400564   -0.10924768059387    0.01894998537973  
  4.500000   -0.01164267248126   -0.08363984942388   -0.03366607165767   -0.10831736973482    0.01873906142178  
  4.510000   -0.01148440779076   -0.08266253321815   -0.03331414840890   -0.10739203925952    0.01852811856074  
  4.520000   -0.01132845908681   -0.08169801602422   -0.03296625522625   -0.10647242505475    0.01831768735163  
  4.530000   -0.01117480066493   -0.08074640765468   -0.03262258369808   -0.10555923394631    0.01810832540527  
  4.540000   -0.01102340586454   -0.07980778420246   -0.03228331375175   -0.10465313733570    0.01790061032564  
  4.550000   -0.01087424702473   -0.07888218746884   -0.03194861149946   -0.10375476518611    0.01769513248159  
  4.560000   -0.01072729545418   -0.07796962468944   -0.03161862723432   -0.10286470041878    0.01749248769029  
  4.570000   -0.01058252141555   -0.07707006856143   -0.03129349359670   -0.10198347377695    0.01729326989071  
  4.580000   -0.01043989412448   -0.07618345757255   -0.03097332392959   -0.10111155920911    0.01709806388506  
  4.590000   -0.01029938176310   -0.07530969662938   -0.03065821083911   -0.10024936981851    0.01690743822526  
  4.600000   -0.01016095150784   -0.07444865797941   -0.03034822497488   -0.09939725441936    0.01672193831943  
  4.610000   -0.01002456957136   -0.07360018241863   -0.03004341404199   -0.09855549473428    0.01654207983100  
  4.620000   -0.00989020125792   -0.07276408077369   -0.02974380205443   -0.09772430326077    0.01636834243944  
  4.630000   -0.00975781103179   -0.07194013564461   -0.02944938883707   -0.09690382182749    0.01620116402763  
  4.640000   -0.00962736259785   -0.07112810339199   -0.02916014978080   -0.09609412085427    0.01604093535600  
  4.650000   -0.00949881899362   -0.07032771634988   -0.02887603585289   -0.09529519932212    0.01588799527832  
  4.660000   -0.00937214269165   -0.06953868524345   -0.02859697386180   -0.09450698545280    0.01574262654777  
  4.670000   -0.00924729571138   -0.06876070178854   -0.02832286697343   -0.09372933808972    0.01560505225576  
  4.680000   -0.00912423973910   -0.06799344144838   -0.02805359547282   -0.09296204876500    0.01547543293885  
  4.690000   -0.00900293625497   -0.06723656632129   -0.02778901776310   -0.09220484443066    0.01535386438197  
  4.700000   -0.00888334666569   -0.06648972813183   -0.02752897159093   -0.09145739082481    0.01524037613858  
  4.710000   -0.00876543244148   -0.06575257129677   -0.02727327548539   -0.09071929643760    0.01513493078078  
  4.720000   -0.00864915525599   -0.06502473603679   -0.02702173039523   -0.08999011703542    0.01503742388443  
  4.730000   -0.00853447712769   -0.06430586150392   -0.02677412150707   -0.08926936069625    0.01494768474651  
  4.740000   -0.00842136056126   -0.06359558889509   -0.02653022022578   -0.08855649330388    0.01486547782437  
  4.750000   -0.00830976868764   -0.06289356452178   -0.02628978629620   -0.08785094444422    0.01479050487848  
  4.760000   -0.00819966540115   -0.06219944280656   -0.02605257004414   -0.08715211364283    0.01472240779327  
  4.770000   -0.00809101549245   -0.06151288917781   -0.02581831471353   -0.08645937687930    0.01466077204315  
  4.780000   -0.00798378477582   -0.06083358283490   -0.02558675887537   -0.08577209331167    0.01460513076433  
  4.790000   -0.00787794020952   -0.06016121935752   -0.02535763888363   -0.08508961214171    0.01455496938656  
  4.800000   -0.00777345000806   -0.05949551313414   -0.02513069135272   -0.08441127955092    0.01450973077313  
  4.810000   -0.00767028374505   -0.05883619958645   -0.02490565563109   -0.08373644563611    0.01446882081233  
  4.820000   -0.00756841244574   -0.05818303716874   -0.02468227624530   -0.08306447127382    0.01443161439883  
  4.830000   -0.00746780866814   -0.05753580912297   -0.02446030528974   -0.08239473484367    0.01439746173956  
  4.840000   -0.00736844657195   -0.05689432497326   -0.02423950473710   -0.08172663874208    0.01436569491534  
  4.850000   -0.00727030197459   -0.05625842174536   -0.02401964864631   -0.08105961562036    0.01433563462723  
  4.860000   -0.00717335239358   -0.05562796490001   -0.02380052524504   -0.08039313428376    0.01430659705457  
  4.870000   -0.00707757707499   -0.05500284897139   -0.02358193886562   -0.07972670519196    0.01427790075087  
  4.880000   -0.00698295700745   -0.05438299790500   -0.02336371171464   -0.07905988550541    0.01424887350367  
  4.890000   -0.00688947492167   -0.05376836509219   -0.02314568545818   -0.07839228362687    0.01421885908473  
  4.900000   -0.00679711527534   -0.05315893310145   -0.02292772260659   -0.07772356319248    0.01418722381888  
  4.910000   -0.00670586422346   -0.05255471310962   -0.02270970768472   -0.07705344647272    0.01415336290142  
  4.920000   -0.00661570957452   -0.05195574403907   -0.02249154817591   -0.07638171714950    0.01411670639745  
  4.930000   -0.00652664073266   -0.05136209140983   -0.02227317523020   -0.07570822244203    0.01407672485962  
  4.940000   -0.00643864862660   -0.05077384591831   -0.02205454412966   -0.07503287456105    0.01403293450541  
  4.950000   -0.00635172562571   -0.05019112175712   -0.02183563450640   -0.07435565147774    0.01398490189972  
  4.960000   -0.00626586544427   -0.04961405469290   -0.02161645031115   -0.07367659700066    0.01393224809423  
  4.970000   -0.00618106303459   -0.04904279992146   -0.02139701953310   -0.07299582016127    0.01387465218060  
  4.980000   -0.00609731447014   -0.04847752972186   -0.02117739367388   -0.07231349391555    0.01381185422137  
  4.990000   -0.00601461681974   -0.04791843093277   -0.02095764698156   -0.07162985317645    0.01374365752878  
  5.000000   -0.00593296801403   -0.04736570227656   -0.02073787545254   -0.07094519219841    0.01366993026919  
  5.010000   -0.00585236670548   -0.04681955155779   -0.02051819561192   -0.07025986134212    0.01359060637758  
  5.020000   -0.00577281212326   -0.04628019276408   -0.02029874308498   -0.06957426325381    0.01350568577457  
  5.030000   -0.00569430392444   -0.04574784309854   -0.02007967097462   -0.06888884849948    0.01341523388526  
  5.040000   -0.00561684204289   -0.04522271997327   -0.01986114806167   -0.06820411069981    0.01331938046723  
  5.050000   -0.00554042653732   -0.04470503799414   -0.01964335684653   -0.06752058121680    0.01321831776200  
  5.060000   -0.00546505744000   -0.04419500596712   -0.01942649145260   -0.06683882344757    0.01311229799154  
  5.070000   -0.00539073460759   -0.04369282395606   -0.01921075541286   -0.06615942678478    0.01300163022851  
  5.080000   -0.00531745757550   -0.04319868042166   -0.01899635936277   -0.06548300030643    0.01288667667518  
  5.090000   -0.00524522541726   -0.04271274947025   -0.01878351866285   -0.06481016626071    0.01276784839265  
  5.100000   -0.00517403661018   -0.04223518824037   -0.01857245097585   -0.06414155341326    0.01264560052725  
  5.110000   -0.00510388890874   -0.04176613445332   -0.01836337382303   -0.06347779032590    0.01252042708665  
  5.120000   -0.00503477922680   -0.04130570415278   -0.01815650214499   -0.06281949863637    0.01239285532267  
  5.130000   -0.00496670352989   -0.04085398965645   -0.01795204589194   -0.06216728640855    0.01226343978180  
  5.140000   -0.00489965673860   -0.04041105774055   -0.01775020766820   -0.06152174162183    0.01213275608802  
  5.150000   -0.00483363264398   -0.03997694807623   -0.01755118045514   -0.06088342586699    0.01200139452489  
  5.160000   -0.00476862383592   -0.03955167193383   -0.01735514543590   -0.06025286831347    0.01186995348620  
  5.170000   -0.00470462164502   -0.03913521116890   -0.01716226994424   -0.05963056001048    0.01173903286536  
  5.180000   -0.00464161609866   -0.03872751750074   -0.01697270555851   -0.05901694858055    0.01160922745445  
  5.190000   -0.00457959589178   -0.03832851209165   -0.01678658636031   -0.05841243336029    0.01148112042336  
  5.200000   -0.00451854837238   -0.03793808543197   -0.01660402737568   -0.05781736103855    0.01135527694848  
  5.210000   -0.00445845954229   -0.03755609753290   -0.01642512321481   -0.05723202183669    0.01123223805872  
  5.220000   -0.00439931407284   -0.03718237842646   -0.01624994692418   -0.05665664627064    0.01111251476398  
  5.230000   -0.00434109533558   -0.03681672896843   -0.01607854906287   -0.05609140252793    0.01099658252815  
  5.240000   -0.00428378544754   -0.03645892193746   -0.01591095701259   -0.05553639448674    0.01088487614472  
  5.250000   -0.00422736533079   -0.03610870342043   -0.01574717452831   -0.05499166039769    0.01077778506884  
  5.260000   -0.00417181478553   -0.03576579447157   -0.01558718153432   -0.05445717224165    0.01067564925449  
  5.270000   -0.00411711257622   -0.03542989302959   -0.01543093416760   -0.05393283577059    0.01057875553996  
  5.280000   -0.00406323652970   -0.03510067607526   -0.01527836506814   -0.05341849123110    0.01048733461890  
  5.290000   -0.00401016364452   -0.03477780200858   -0.01512938391322   -0.05291391476314    0.01040155862773  
  5.300000   -0.00395787021028   -0.03446091322340   -0.01498387819018   -0.05241882046001    0.01032153937387  
  5.310000   -0.00390633193593   -0.03414963885452   -0.01484171419970   -0.05193286306839    0.01024732722172  
  5.320000   -0.00385552408568   -0.03384359767101   -0.01470273827942   -0.05145564130089    0.01017891064703  
  5.330000   -0.00380542162120   -0.03354240108799   -0.01456677823519   -0.05098670172732    0.01011621646244  
  5.340000   -0.00375599934879   -0.03324565626750   -0.01443364496546   -0.05052554320477    0.01005911071018  
  5.350000   -0.00370723206994   -0.03295296927852   -0.01430313426208   -0.05007162180130    0.01000740021071  
  5.360000   -0.00365909473391   -0.03266394828536   -0.01417502876894   -0.04962435616268    0.00996083474901  
  5.370000   -0.00361156259071   -0.03237820673309   -0.01404910007866   -0.04918313326745    0.00991910987348  
  5.380000   -0.00356461134307   -0.03209536649905   -0.01392511094548   -0.04874731451106    0.00988187027607  
  5.390000   -0.00351821729576   -0.03181506097916   -0.01380281759193   -0.04831624205700    0.00984871371575  
  5.400000   -0.00347235750091   -0.03153693807875   -0.01368197208545   -0.04788924538968    0.00981919544218  
  5.410000   -0.00342700989769   -0.03126066307807   -0.01356232476068   -0.04746564800193    0.00979283307068  
  5.420000   -0.00338215344516   -0.03098592134419   -0.01344362666245   -0.04704477414843    0.00976911185527  
  5.430000   -0.00333776824673   -0.03071242086187   -0.01332563198444   -0.04662595559584    0.00974749030214  
  5.440000   -0.00329383566510   -0.03043989455804   -0.01320810047842   -0.04620853830026    0.00972740606258  
  5.450000   -0.00325033842647   -0.03016810239648   -0.01309079980932   -0.04579188894342    0.00970828204129  
  5.460000   -0.00320726071288   -0.02989683322093   -0.01297350783185   -0.04537540126037    0.00968953265411  
  5.470000   -0.00316458824185   -0.02962590632791   -0.01285601476518   -0.04495850209351    0.00967057016745  
  5.480000   -0.00312230833227   -0.02935517275261   -0.01273812524342   -0.04454065711067    0.00965081105112  
  5.490000   -0.00308040995605   -0.02908451625405   -0.01261966022049   -0.04412137612816    0.00962968227620  
  5.500000   -0.00303888377482   -0.02881385398867   -0.01250045870980   -0.04370021798385    0.00960662749037  
  5.510000   -0.00299772216119   -0.02854313686440   -0.01238037934078   -0.04327679490982    0.00958111300433  
  5.520000   -0.00295691920450   -0.02827234957039   -0.01225930171587   -0.04285077635917    0.00955263352539  
  5.530000   -0.00291647070067   -0.02800151028058   -0.01213712755398   -0.04242189224727    0.00952071757692  
  5.540000   -0.00287637412635   -0.02773067003264   -0.01201378160842   -0.04198993557339    0.00948493254584  
  5.550000   -0.00283662859748   -0.02745991178680   -0.01188921234949   -0.04155476439531    0.00944488930444  
  5.560000   -0.00279723481255   -0.02718934917231   -0.01176339240452   -0.04111630313569    0.00940024635755  
  5.570000   -0.00275819498112   -0.02691912493213   -0.01163631875054   -0.04067454320616    0.00935071347105  
  5.580000   -0.00271951273808   -0.02664940907985   -0.01150801265715   -0.04022954294179    0.00929605474344  
  5.590000   -0.00268119304458   -0.02638039678509   -0.01137851937991   -0.03978142684562    0.00923609108834  
  5.600000   -0.00264324207641   -0.02611230600682   -0.01124790760701   -0.03933038415026    0.00917070210186  
  5.610000   -0.00260566710085   -0.02584537489633   -0.01111626866447   -0.03887666671012    0.00909982729558  
  5.620000   -0.00256847634317   -0.02557985899388   -0.01098371548770   -0.03842058624503    0.00902346668285  
  5.630000   -0.00253167884397   -0.02531602824528   -0.01085038136948   -0.03796251096244    0.00894168071266  
  5.640000   -0.00249528430880   -0.02505416386644   -0.01071641849694   -0.03750286159197    0.00885458955271  
  5.650000   -0.00245930295124   -0.02479455508547   -0.01058199629203   -0.03704210687172    0.00876237173011  
  5.660000   -0.00242374533124   -0.02453749579328   -0.01044729957217   -0.03658075853198    0.00866526214500  
  5.670000   -0.00238862218998   -0.02428328113476   -0.01031252654969   -0.03611936582664    0.00856354947912  
  5.680000   -0.00235394428293   -0.02403220407301   -0.01017788668998   -0.03565850966750    0.00845757302778  
  5.690000   -0.00231972221279   -0.02378455195999   -0.01004359845029   -0.03519879642094    0.00834771898998  
  5.700000   -0.00228596626378   -0.02354060314654   -0.00990988692186   -0.03474085142969    0.00823441625681  
  5.710000   -0.00225268623894   -0.02330062366492   -0.00977698139940   -0.03428531232547    0.00811813174412  
  5.720000   -0.00221989130202   -0.02306486401617   -0.00964511290260   -0.03383282220063    0.00799936531982  
  5.730000   -0.00218758982559   -0.02283355609406   -0.00951451167496   -0.03338402270820    0.00787864438081  
  5.740000   -0.00215578924663   -0.02260691027582   -0.00938540468531   -0.03293954716086    0.00775651813790  
  5.750000   -0.00212449593130   -0.02238511270888   -0.00925801315778   -0.03250001369943    0.00763355167058  
  5.760000   -0.00209371505008   -0.02216832282072   -0.00913255015532   -0.03206601860079    0.00751031981552  
  5.770000   -0.00206345046448   -0.02195667107711   -0.00900921824170   -0.03163812979406    0.00738740095460  
  5.780000   -0.00203370462670   -0.02175025701181   -0.00888820724606   -0.03121688065167    0.00726537076935  
  5.790000   -0.00200447849298   -0.02154914754816   -0.00876969215301   -0.03080276411959    0.00714479602887  
  5.800000   -0.00197577145177   -0.02135337563056   -0.00865383114019   -0.03039622724738    0.00702622847801  
  5.810000   -0.00194758126736   -0.02116293918057   -0.00854076378372   -0.02999766617503    0.00691019889128  
  5.820000   -0.00191990403964   -0.02097780038993   -0.00843060945026   -0.02960742162896    0.00679721135653  
  5.830000   -0.00189273418045   -0.02079788535897   -0.00832346589262   -0.02922577497449    0.00668773784951  
  5.840000   -0.00186606440685   -0.02062308408626   -0.00821940806377   -0.02885294486671    0.00658221315767  
  5.850000   -0.00183988575144   -0.02045325081159   -0.00811848716205   -0.02848908453550    0.00648103020748  
  5.860000   -0.00181418758973   -0.02028820471126   -0.00802072991782   -0.02813427973437    0.00638453584549  
  5.870000   -0.00178895768442   -0.02012773094119   -0.00792613812983   -0.02778854737591    0.00629302711829  
  5.880000   -0.00176418224623   -0.01997158202017   -0.00783468845647   -0.02745183487007    0.00620674809130  
  5.890000   -0.00173984601079   -0.01981947954207   -0.00774633246506   -0.02712402017396    0.00612588724055  
  5.900000   -0.00171593233093   -0.01967111620295   -0.00766099693948   -0.02680491255537    0.00605057544532  
  5.910000   -0.00169242328368   -0.01952615812556   -0.00757858444376   -0.02649425406426    0.00598088460346  
  5.920000   -0.00166929979088   -0.01938424746135   -0.00749897413689   -0.02619172170000    0.00591682688402  
  5.930000   -0.00164654175240   -0.01924500524669   -0.00742202283134   -0.02589693025461    0.00585835462558  
  5.940000   -0.00162412819090   -0.01910803448813   -0.00734756628554   -0.02560943580562    0.00580536088141  
  5.950000   -0.00160203740652   -0.01897292344875   -0.00727542071783   -0.02532873982560    0.00575768060574  
  5.960000   -0.00158024714043   -0.01883924910578   -0.00720538452763   -0.02505429386884    0.00571509246873  
  5.970000   -0.00155873474546   -0.01870658074795   -0.00713724020688   -0.02478550479009    0.00567732128084  
  5.980000   -0.00153747736236   -0.01857448367936   -0.00707075642331   -0.02452174044455    0.00564404100097  
  5.990000   -0.00151645210007   -0.01844252299557   -0.00700569025505   -0.02426233581343    0.00561487829631  
  6.000000   -0.00149563621816   -0.01831026739666   -0.00694178955458   -0.02400659949486    0.00558941661611  
  6.010000   -0.00147500730997   -0.01817729300166   -0.00687879541866   -0.02375382049616    0.00556720073609  
  6.020000   -0.00145454348438   -0.01804318712809   -0.00681644473977   -0.02350327526038    0.00554774172498  
  6.030000   -0.00143422354484   -0.01790755200101   -0.00675447281352   -0.02325423485704    0.00553052228043  
  6.040000   -0.00141402716365   -0.01777000835597   -0.00669261597619   -0.02300597226572    0.00551500237740  
  6.050000   -0.00139393504994   -0.01763019890121   -0.00663061424574   -0.02275776967946    0.00550062516872  
  6.060000   -0.00137392910973   -0.01748779160562   -0.00656821393984   -0.02250892575481    0.00548682307510  
  6.070000   -0.00135399259639   -0.01734248278037   -0.00650517024449   -0.02225876273554    0.00547302399938  
  6.080000   -0.00133411025021   -0.01719399992356   -0.00644124970711   -0.02200663337807    0.00545865759873  
  6.090000   -0.00131426842540   -0.01704210429985   -0.00637623262883   -0.02175192760830    0.00544316154784  
  6.100000   -0.00129445520352   -0.01688659322864   -0.00630991533141   -0.02149407884224    0.00542598772597  
  6.110000   -0.00127466049196   -0.01672730205748   -0.00624211227557   -0.02123256990546    0.00540660826171  
  6.120000   -0.00125487610658   -0.01656410579977   -0.00617265800883   -0.02096693849069    0.00538452137053  
  6.130000   -0.00123509583746   -0.01639692041906   -0.00610140892241   -0.02069678209683    0.00535925692262  
  6.140000   -0.00121531549719   -0.01622570374526   -0.00602824479889   -0.02042176239787    0.00533038168086  
  6.150000   -0.00119553295095   -0.01605045601141   -0.00595307013407   -0.02014160899539    0.00529750415274  
  6.160000   -0.00117574812812   -0.01587122000312   -0.00587581521875   -0.01985612251458    0.00526027900357  
  6.170000   -0.00115596301497   -0.01568808081641   -0.00579643696836   -0.01956517700981    0.00521841098325  
  6.180000   -0.00113618162853   -0.01550116522296   -0.00571491949110   -0.01926872165252    0.00517165832369  
  6.190000   -0.00111640997165   -0.01531064064578   -0.00563127438740   -0.01896678168129    0.00511983556977  
  6.200000   -0.00109665596948   -0.01511671375154   -0.00554554077647   -0.01865945860105    0.00506281581239  
  6.210000   -0.00107692938791   -0.01491962866971   -0.00545778504823   -0.01834692962571    0.00500053229867  
  6.220000   -0.00105724173446   -0.01471966485173   -0.00536810034157   -0.01802944636605    0.00493297940069  
  6.230000   -0.00103760614249   -0.01451713458731   -0.00527660575272   -0.01770733277200    0.00486021293101  
  6.240000   -0.00101803723959   -0.01431238019766   -0.00518344528011   -0.01738098234577    0.00478234980012  
  6.250000   -0.00099855100126   -0.01410577092899   -0.00508878651459   -0.01705085464965    0.00469956701766  
  6.260000   -0.00097916459110   -0.01389769957226   -0.00499281908678   -0.01671747113919    0.00461210004650  
  6.270000   -0.00095989618883   -0.01368857883775   -0.00489575288516   -0.01638141035920    0.00452024052514  
  6.280000   -0.00094076480766   -0.01347883751566   -0.00479781606146   -0.01604330254623    0.00442433338109  
  6.290000   -0.00092179010252   -0.01326891645595   -0.00469925284160   -0.01570382368763    0.00432477336381  
  6.300000   -0.00090299217087   -0.01305926440242   -0.00460032116249   -0.01536368909195    0.00422200103219  
  6.310000   -0.00088439134781   -0.01285033371762   -0.00450129015701   -0.01502364653137    0.00411649823736  
  6.320000   -0.00086600799729   -0.01264257603655   -0.00440243751072   -0.01468446902030    0.00400878314682  
  6.330000   -0.00084786230127   -0.01243643788765   -0.00430404671541   -0.01434694729881    0.00389940486078  
  6.340000   -0.00082997404874   -0.01223235632040   -0.00420640424570   -0.01401188209215    0.00378893767615  
  6.350000   -0.00081236242640   -0.01203075457888   -0.00410979668563   -0.01368007622022    0.00367797505707  
  6.360000   -0.00079504581304   -0.01183203786045   -0.00401450783284   -0.01335232663267    0.00356712337441  
  6.370000   -0.00077804157931   -0.01163658919818   -0.00392081580827   -0.01302941644593    0.00345699547876  
  6.380000   -0.00076136589482   -0.01144476550471   -0.00382899019930   -0.01271210705899    0.00334820417374  
  6.390000   -0.00074503354422   -0.01125689381392   -0.00373928926405   -0.01240113042398    0.00324135565713  
  6.400000   -0.00072905775408   -0.01107326775496   -0.00365195722401   -0.01209718154617    0.00313704299822  
  6.410000   -0.00071345003198   -0.01089414429135   -0.00356722167130   -0.01180091128600    0.00303583971895  
  6.420000   -0.00069822001939   -0.01071974075495   -0.00348529111592   -0.01151291953255    0.00293829354602  
  6.430000   -0.00068337535954   -0.01055023220184   -0.00340635269660   -0.01123374881400    0.00284492039861  
  6.440000   -0.00066892158148   -0.01038574911348   -0.00333057007754   -0.01096387840585    0.00275619867461  
  6.450000   -0.00065486200117   -0.01022637546211   -0.00325808155082   -0.01070371899177    0.00267256389427  
  6.460000   -0.00064119764034   -0.01007214715466   -0.00318899836201   -0.01045360792510    0.00259440375675  
  6.470000   -0.00062792716330   -0.00992305086298   -0.00312340327358   -0.01021380513075    0.00252205365961  
  6.480000   -0.00061504683185   -0.00977902324119   -0.00306134937723   -0.00998448967758    0.00245579272610  
  6.490000   -0.00060255047762   -0.00963995052207   -0.00300285916214   -0.00976575703991    0.00239584037795  
  6.500000   -0.00059042949089   -0.00950566847341   -0.00294792384168   -0.00955761705336    0.00234235348408  
  6.510000   -0.00057867282409   -0.00937596268237   -0.00289650293505   -0.00935999255415    0.00229542410631  
  6.520000   -0.00056726700742   -0.00925056911994   -0.00284852409417   -0.00917271867228    0.00225507785309  
  6.530000   -0.00055619617305   -0.00912917491847   -0.00280388315796   -0.00899554272702    0.00222127283981  
  6.540000   -0.00054544208326   -0.00901141927357   -0.00276244440730   -0.00882812464768    0.00219389924058  
  6.550000   -0.00053498415664   -0.00889689435631   -0.00272404098359   -0.00867003781404    0.00217277939965  
  6.560000   -0.00052479948517   -0.00878514609480   -0.00268847542232   -0.00852077017932    0.00215766845246  
  6.570000   -0.00051486283354   -0.00867567465676   -0.00265552024099   -0.00837972550598    0.00214825538507  
  6.580000   -0.00050514661143   -0.00856793443985   -0.00262491850863   -0.00824622451265    0.00214416443840  
  6.590000   -0.00049562080811   -0.00846133335844   -0.00259638431352   -0.00811950570427    0.00214495674070  
  6.600000   -0.00048625287945   -0.00835523121035   -0.00256960303876   -0.00799872564111    0.00215013203000  
  6.610000   -0.00047700757810   -0.00824893692302   -0.00254423135393   -0.00788295840509    0.00215913031196  
  6.620000   -0.00046784672074   -0.00814170452481   -0.00251989684041   -0.00777119405246    0.00217133329149  
  6.630000   -0.00045872889084   -0.00803272777448   -0.00249619719019   -0.00766233591241    0.00218606542519  
  6.640000   -0.00044960908331   -0.00792113352235   -0.00247269895964   -0.00755519671381    0.00220259447370  
  6.650000   -0.00044043830769   -0.00780597407789   -0.00244893592440   -0.00744849370952    0.00222013149694  
  6.660000   -0.00043116318045   -0.00768621912845   -0.00242440717330   -0.00734084322773    0.00223783033820  
  6.670000   -0.00042172555388   -0.00756074808994   -0.00239857519919   -0.00723075541681    0.00225478679327  
  6.680000   -0.00041206224852   -0.00742834416279   -0.00237086439216   -0.00711663035739    0.00227003785883  
  6.690000   -0.00040210497655   -0.00728769179142   -0.00234066050816   -0.00699675717345    0.00228256169855  
  6.700000   -0.00039178056320   -0.00713737964295   -0.00230731186130   -0.00686931824672    0.00229127924114  
  6.710000   -0.00038101158929   -0.00697591157467   -0.00227013315171   -0.00673240106950    0.00229505860954  
  6.720000   -0.00036971758668   -0.00680172827740   -0.00222841296410   -0.00658402058528    0.00229272383618  
  6.730000   -0.00035781691544   -0.00661324227945   -0.00218142602373   -0.00642215497198    0.00228306949729  
  6.740000   -0.00034522943361   -0.00640888868477   -0.00212845123662   -0.00624479761944    0.00226488294037  
  6.750000   -0.00033188003250   -0.00618719332022   -0.00206879633507   -0.00605002744230    0.00223697561861  
  6.760000   -0.00031770305150   -0.00594685882258   -0.00200182956670   -0.00583609857466    0.00219822462760  
  6.770000   -0.00030264750496   -0.00568686759052   -0.00192701828932   -0.00560154887340    0.00214762481846  
  6.780000   -0.00028668295240   -0.00540659849995   -0.00184397357099   -0.00534532453554    0.00208435082628  
  6.790000   -0.00026980572863   -0.00510595194469   -0.00175249897840   -0.00506691560826    0.00200782703210  
  6.800000   -0.00025204513070   -0.00478547530822   -0.00165264073390   -0.00476649442783    0.00191780195234  
  6.810000   -0.00023346904852   -0.00444647865780   -0.00154473543284   -0.00444504634314    0.00181442196055  
  6.820000   -0.00021418843943   -0.00409112860406   -0.00142945066732   -0.00410447981499    0.00169829778410  
  6.830000   -0.00019436000268   -0.00372250723350   -0.00130781334641   -0.00374770153303    0.00157055611258  
  6.840000   -0.00017418642204   -0.00334462313554   -0.00118122038280   -0.00337864195501    0.00143286814874  
  6.850000   -0.00015391362715   -0.00296236307495   -0.00105142685802   -0.00300221798458    0.00128744724976  
  6.860000   -0.00013382468215   -0.00258137595065   -0.00092050786194   -0.00262422257180    0.00113700910671  
  6.870000   -0.00011423014248   -0.00220788530712   -0.00079079193866   -0.00225113586814    0.00098469025553  
  6.880000   -0.00009545501491   -0.00184843259410   -0.00066476638745   -0.00188985898127    0.00083392403058  
  6.890000   -0.00007782278961   -0.00150956016010   -0.00054495739690   -0.00154737889353    0.00068827713983  
  6.900000   -0.00006163735538   -0.00119744997851   -0.00043379088081   -0.00123038103370    0.00055125448855  
  6.910000   -0.00004716392232   -0.00091754056703   -0.00033344261694   -0.00094483345081    0.00042608421810  
  6.920000   -0.00003461031914   -0.00067414964534   -0.00024568851490   -0.00069557257729    0.00031549860119  
  6.930000   -0.00002411016944   -0.00047013300621   -0.00017176722011   -0.00048592427048    0.00022152889570  
  6.940000   -0.00001570945200   -0.00030661024707   -0.00011226752499   -0.00031739444929    0.00014533304051  
  6.950000   -0.00000935780000   -0.00018278508412   -0.00006705204335   -0.00018946076048    0.00008707388234  
  6.960000   -0.00000490559427   -0.00009588196347   -0.00003522629188   -0.00009949028027    0.00004586238379  
  6.970000   -0.00000210747504   -0.00004121198784   -0.00001515886210   -0.00004279869276    0.00001977517565  
  6.980000   -0.00000063237411   -0.00001237055071   -0.00000455406132   -0.00001285452808    0.00000594933737  
  6.990000   -0.00000007960472   -0.00000155756411   -0.00000057368830   -0.00000161908415    0.00000075009249  
  7.000000    0.00000000000000   -0.00000000000000    0.00000000000000    0.00000000000000    0.00000000000000  
