  0.000000    0.88232550100263    0.17604271980375    0.00000000000000    0.00000000000000    0.00000000000000  
  0.010000    0.88243446306685    0.17638018843440    0.04009381693144   -0.04535600306962    0.00032725496957  
  0.020000    0.88276107083121    0.17739183569005    0.08013953632349   -0.09065641894985    0.00130856699493  
  0.030000    0.88330448971475    0.17907538767502    0.12008917260580   -0.13584575187525    0.00294257740214  
  0.040000    0.88406333109359    0.18142706126687    0.15989496377678   -0.18086868884985    0.00522702166476  
  0.050000    0.88503565581046    0.18444157414869    0.19950948226641   -0.22567019083436    0.00815872933253  
  0.060000    0.88621897907405    0.18811215880735    0.23888574469740   -0.27019558369375    0.01173362399805  
  0.070000    0.88761027673406    0.19243058045144    0.27797732018435   -0.31439064882006    0.01594672336717  
  0.080000    0.88920599291425    0.19738715878925    0.31673843681678   -0.35820171334171    0.02079213951586  
  0.090000    0.89100204898142    0.20297079359464    0.35512408597899   -0.40157573982539    0.02626307943315  
  0.100000    0.89299385382506    0.20916899397620    0.39309012416884   -0.44446041537064    0.03235184596421  
  0.110000    0.89517631541796    0.21596791125295    0.43059337198735   -0.48680423999094    0.03904983928213  
  0.120000    0.89754385362514    0.22335237532825    0.46759170998269   -0.52855661416735    0.04634755902835  
  0.130000    0.90009041422432    0.23130593444241    0.50404417104483   -0.56966792545334    0.05423460727261  
  0.140000    0.90280948409815    0.23981089817354    0.53991102906097   -0.61008963400083    0.06269969245157  
  0.150000    0.90569410755474    0.24884838354633    0.57515388355705   -0.64977435686883    0.07173063445166  
  0.160000    0.90873690373014    0.25839836409851    0.60973574006655   -0.68867595096724    0.08131437100623  
  0.170000    0.91193008502311    0.26843972174584    0.64362108598509   -0.72674959447942    0.09143696557920  
  0.180000    0.91526547650984    0.27895030127823    0.67677596168735   -0.76395186659805    0.10208361690716  
  0.190000    0.91873453628332    0.28990696731163    0.70916802670150   -0.80024082540045    0.11323867036975  
  0.200000    0.92232837665966    0.30128566351360    0.74076662075603   -0.83557608368066    0.12488563135311  
  0.210000    0.92603778619105    0.31306147391399    0.77154281953423   -0.86991888254826    0.13700718076470  
  0.220000    0.92985325242306    0.32520868610672    0.80146948499194   -0.90323216259622    0.14958519284789  
  0.230000    0.93376498533176    0.33770085614390    0.83052131011603   -0.93548063243368    0.16260075543400  
  0.240000    0.93776294137424    0.35051087491939    0.85867485802200   -0.96663083437430    0.17603419275536  
  0.250000    0.94183684808481    0.36361103583587    0.88590859531171   -0.99665120706566    0.18986509092781  
  0.260000    0.94597622914720    0.37697310354692    0.91220291963349   -1.02551214484241    0.20407232619333  
  0.270000    0.95017042987241    0.39056838356395    0.93754018140972   -1.05318605358326    0.21863409599472  
  0.280000    0.95440864301035    0.40436779251708    0.96190469971859   -1.07964740285140    0.23352795293315  
  0.290000    0.95867993482304    0.41834192885890    0.98528277233889   -1.10487277409850    0.24873084163769  
  0.300000    0.96297327134628    0.43246114380065    1.00766267998836   -1.12884090471473    0.26421913855235  
  0.310000    0.96727754476646    0.44669561227210    1.02903468480753   -1.15153272771111    0.27996869462238  
  0.320000    0.97158159983924    0.46101540369815    1.04939102316214   -1.17293140682591    0.29595488083609  
  0.330000    0.97587426027652    0.47539055238863    1.06872589285747   -1.19302236685417    0.31215263655365  
  0.340000    0.98014435502900    0.48979112734080    1.08703543487802   -1.21179331900828    0.32853652052806  
  0.350000    0.98438074439177    0.50418730125891    1.10431770978527   -1.22923428112830    0.34508076449823  
  0.360000    0.98857234586136    0.51854941859975    1.12057266892451   -1.24533759257310    0.36175932920845  
  0.370000    0.99270815967375    0.53284806245878    1.13580212060968   -1.26009792363757    0.37854596268351  
  0.380000    0.99677729395393    0.54705412011765    1.15000969147175   -1.27351227935703    0.39541426056489  
  0.390000    1.00076898940914    0.56113884708062    1.16320078317215   -1.28557999757726    0.41233772828972  
  0.400000    1.00467264349974    0.57507392943438    1.17538252469733   -1.29630274118769    0.42928984487268  
  0.410000    1.00847783402323    0.58883154437392    1.18656372046454   -1.30568448443583    0.44624412803014  
  0.420000    1.01217434204931    0.60238441874472    1.19675479448137   -1.31373149326257    0.46317420036724  
  0.430000    1.01575217414604    0.61570588546052    1.20596773081288   -1.32045229962134    0.48005385633146  
  0.440000    1.01920158383964    0.62876993766439    1.21421601062073   -1.32585766976817    0.49685712962129  
  0.450000    1.02251309225308    0.64155128051056    1.22151454604743   -1.32996056653485    0.51355836072613  
  0.460000    1.02567750787152    0.65402538045335    1.22787961122660   -1.33277610562351    0.53013226426286  
  0.470000    1.02868594538568    0.66616851193968    1.23332877070669   -1.33432150598740    0.54655399576713  
  0.480000    1.03152984356706    0.67795780141150    1.23788080558068   -1.33461603439006    0.56279921759191  
  0.490000    1.03420098213268    0.68937126853416    1.24155563761815   -1.33368094426228    0.57884416356343  
  0.500000    1.03669149756002    0.70038786457740    1.24437425169866   -1.33153940900411    0.59466570204512  
  0.510000    1.03899389781652    0.71098750788543    1.24635861684673   -1.32821644990632    0.61024139706279  
  0.520000    1.04110107597169    0.72115111638293    1.24753160616859   -1.32373885889349    0.62554956715059  
  0.530000    1.04300632266348    0.73086063707409    1.24791691598961   -1.31813511631723    0.64056934158570  
  0.540000    1.04470333739441    0.74009907250176    1.24753898448899   -1.31143530405443    0.65528071369118  
  0.550000    1.04618623863691    0.74885050414393    1.24642291012424   -1.30367101419078    0.66966459090036  
  0.560000    1.04744957273108    0.75710011273464    1.24459437013349   -1.29487525359394    0.68370284129313  
  0.570000    1.04848832156214    0.76483419550619    1.24207953939731   -1.28508234470376    0.69737833633323  
  0.580000    1.04929790900887    0.77204018035892    1.23890500993487   -1.27432782288880    0.71067498955741  
  0.590000    1.04987420615814    0.77870663697430    1.23509771130102   -1.26264833073820    0.72357779099089  
  0.600000    1.05021353528482    0.78482328489593    1.23068483214176   -1.25008150967640    0.73607283708913  
  0.610000    1.05031267260026    0.79038099861201    1.22569374315555   -1.23666588930459    0.74814735603346  
  0.620000    1.05016884977624    0.79537180968110    1.22015192169707   -1.22244077488722    0.75978972823703  
  0.630000    1.04977975425557    0.79978890595104    1.21408687824824   -1.20744613341389    0.77098950194805  
  0.640000    1.04914352836398    0.80362662792900    1.20752608496899   -1.19172247867730    0.78173740386856  
  0.650000    1.04825876724183    0.80688046236745    1.20049690652710   -1.17531075581505    0.79202534473940  
  0.660000    1.04712451561770    0.80954703313837    1.19302653339290   -1.15825222576855    0.80184641987493  
  0.670000    1.04574026344975    0.81162408947422    1.18514191777027   -1.14058835011467    0.81119490466418  
  0.680000    1.04410594046355    0.81311049166040    1.17686971232091   -1.12236067672604    0.82006624508847  
  0.690000    1.04222190961919    0.81400619426989    1.16823621182380   -1.10361072671315    0.82845704333829  
  0.700000    1.04008895954274    0.81431222703576    1.15926729789658   -1.08437988309636    0.83636503864500  
  0.710000    1.03770829596087    0.81403067346229    1.14998838688996   -1.06470928164827    0.84378908347438  
  0.720000    1.03508153217967    0.81316464727975    1.14042438105094   -1.04463970433646    0.85072911525978  
  0.730000    1.03221067865180    0.81171826685188    1.13059962303462   -1.02421147578401    0.85718612388197  
  0.740000    1.02909813167822    0.80969662764879    1.12053785382904   -1.00346436314984    0.86316211513055  
  0.750000    1.02574666129317    0.80710577290070    1.11026217414177   -0.98243747981336    0.86866007040772  
  0.760000    1.02215939838314    0.80395266255104    1.09979500928158   -0.96116919322822    0.87368390295931  
  0.770000    1.01833982109236    0.80024514062929    1.08915807755347   -0.93969703728761    0.87823841093971  
  0.780000    1.01429174056893    0.79599190116589    1.07837236217033   -0.91805762952014    0.88232922763674  
  0.790000    1.01001928610732    0.79120245277282    1.06745808667007   -0.89628659340889    0.88596276919937  
  0.800000    1.00552688974385    0.78588708201450    1.05643469381291   -0.87441848609923    0.88914618022549  
  0.810000    1.00081927036306    0.78005681569403    1.04532082792003   -0.85248673173161    0.89188727757811  
  0.820000    0.99590141737338    0.77372338218022    1.03413432060142   -0.83052356060540    0.89419449280720  
  0.830000    0.99077857401106    0.76689917190025    1.02289217980863   -0.80855995434824    0.89607681355962  
  0.840000    0.98545622033171    0.75959719712259    1.01161058213579   -0.78662559723306    0.89754372436231  
  0.850000    0.97994005594871    0.75183105115367    1.00030486828149   -0.76474883375173    0.89860514716365  
  0.860000    0.97423598257761    0.74361486707044    0.98898954157323   -0.74295663252081    0.89927138201401  
  0.870000    0.96835008644534    0.73496327610966    0.97767826944655   -0.72127455656091    0.89955304826073  
  0.880000    0.96228862062220    0.72589136583235    0.96638388776186   -0.69972673995720    0.89946102662298  
  0.890000    0.95605798733404    0.71641463818022    0.95511840783376   -0.67833587087514    0.89900640250018  
  0.900000    0.94966472031081    0.70654896753791    0.94389302604033   -0.65712318087179    0.89820041085293  
  0.910000    0.94311546722643    0.69631055891234    0.93271813587289   -0.63610844041061    0.89705438297779  
  0.920000    0.93641697228353    0.68571590633759    0.92160334228155   -0.61530996045565    0.89557969547808  
  0.930000    0.92957605899506    0.67478175161015    0.91055747816634   -0.59474459999019    0.89378772171033  
  0.940000    0.92259961321274    0.66352504345640    0.89958862285998   -0.57442777927523    0.89168978596267  
  0.950000    0.91549456645064    0.65196289723004    0.88870412244505   -0.55437349863521    0.88929712059538  
  0.960000    0.90826787954975    0.64011255523393    0.87791061174577   -0.53459436253136    0.88662082634660  
  0.970000    0.90092652672749    0.62799134775609    0.86721403783299   -0.51510160865878    0.88367183597759  
  0.980000    0.89347748005331    0.61561665490632    0.85661968488053   -0.49590514177994    0.88046088140233  
  0.990000    0.88592769438938    0.60300586933471    0.84613220021042   -0.47701357198678    0.87699846441541  
  1.000000    0.87828409283239    0.59017635990972    0.83575562136591   -0.45843425706478    0.87329483110147  
  1.010000    0.87055355269015    0.57714543642830    0.82549340405222   -0.44017334861612    0.86935994997783  
  1.020000    0.86274289202353    0.56393031542644    0.81534845078743   -0.42223584158475    0.86520349389061  
  1.030000    0.85485885678157    0.55054808715340    0.80532314010868   -0.40462562681508    0.86083482565368  
  1.040000    0.84690810855469    0.53701568376840    0.79541935618240   -0.38734554626659    0.85626298738889  
  1.050000    0.83889721296792    0.52334984881367    0.78563851867145   -0.37039745050021    0.85149669349669  
  1.060000    0.83083262873306    0.50956710801263    0.77598161271671   -0.35378225804853    0.84654432715683  
  1.070000    0.82272069737580    0.49568374143747    0.76644921889599   -0.33750001628017    0.84141394023210  
  1.080000    0.81456763365063    0.48171575708517    0.75704154302862   -0.32154996337001    0.83611325642131  
  1.090000    0.80637951665368    0.46767886589618    0.74775844570055   -0.30593059099038    0.83064967748410  
  1.100000    0.79816228164037    0.45358845824509    0.73859947139106   -0.29063970734429    0.82503029233724  
  1.110000    0.78992171255213    0.43945958192764    0.72956387708933   -0.27567450017030    0.81926188880230  
  1.120000    0.78166343525334    0.42530692166362    0.72065066029595   -0.26103159935911    0.81335096776604  
  1.130000    0.77339291147710    0.41114478013036    0.71185858631253   -0.24670713883452    0.80730375949966  
  1.140000    0.76511543347552    0.39698706053658    0.70318621472951   -0.23269681736671    0.80112624186960  
  1.150000    0.75683611936775    0.38284725074206    0.69463192503070   -0.21899595800178    0.79482416016208  
  1.160000    0.74855990917641    0.36873840892332    0.68619394124077   -0.20559956581051    0.78840304823574  
  1.170000    0.74029156154063    0.35467315078161    0.67787035554982   -0.19250238367894    0.78186825071133  
  1.180000    0.73203565109164    0.34066363828452    0.66965915085769   -0.17969894588483    0.77522494590502  
  1.190000    0.72379656647480    0.32672156992849    0.66155822218799   -0.16718362922694    0.76847816921214  
  1.200000    0.71557850899969    0.31285817250504    0.65356539693052   -0.15495070149746    0.76163283665074  
  1.210000    0.70738549189817    0.29908419434965    0.64567845387823   -0.14299436711273    0.75469376828011  
  1.220000    0.69922134016861    0.28540990004800    0.63789514103263   -0.13130880974258    0.74766571121741  
  1.230000    0.69108969098270    0.27184506657060    0.63021319215930   -0.11988823180425    0.74055336198570  
  1.240000    0.68299399462996    0.25839898080313    0.62263034208246   -0.10872689071302    0.73336138793972  
  1.250000    0.67493751597375    0.24508043843632    0.61514434071459   -0.09781913180766    0.72609444753074  
  1.260000    0.66692333639148    0.23189774417569    0.60775296582400   -0.08715941789481    0.71875720918826  
  1.270000    0.65895435617063    0.21885871322860    0.60045403454997   -0.07674235538205    0.71135436861579  
  1.280000    0.65103329733153    0.20597067402283    0.59324541368096   -0.06656271699479    0.70389066431775  
  1.290000    0.64316270684720    0.19324047210822    0.58612502871770   -0.05661546109635    0.69637089119659  
  1.300000    0.63534496022993    0.18067447519038    0.57909087174813   -0.04689574765471    0.68879991208242  
  1.310000    0.62758226545402    0.16827857924312    0.57214100816657   -0.03739895092167    0.68118266708107  
  1.320000    0.61987666718414    0.15605821564392    0.56527358227402   -0.02812066891221    0.67352418065165  
  1.330000    0.61223005127820    0.14401835927512    0.55848682180115   -0.01905672979179    0.66582956634958  
  1.340000    0.60464414953445    0.13216353753164    0.55177904139891   -0.01020319529845    0.65810402919702  
  1.350000    0.59712054465219    0.12049784017456    0.54514864514593   -0.00155636134385    0.65035286566763  
  1.360000    0.58966067537623    0.10902492996887    0.53859412812419    0.00688724404679    0.64258146129852  
  1.370000    0.58226584179552    0.09774805404240    0.53211407711765    0.01513086528180    0.63479528596651  
  1.380000    0.57493721076733    0.08667005590247    0.52570717049036    0.02317752605092    0.62699988689064  
  1.390000    0.56767582143876    0.07579338804624    0.51937217730265    0.03103003827702    0.61920087944552  
  1.400000    0.56048259083854    0.06512012510027    0.51310795572508    0.03869101296634    0.61140393589275  
  1.410000    0.55335831951274    0.05465197742517    0.50691345081098    0.04616287274492    0.60361477215834  
  1.420000    0.54630369717955    0.04439030512102    0.50078769168886    0.05344786586421    0.59583913280319  
  1.430000    0.53931930837873    0.03433613237007    0.49472978823630    0.06054808145593    0.58808277435172  
  1.440000    0.53240563809332    0.02449016205365    0.48873892729638    0.06746546581490    0.58035144715933  
  1.450000    0.52556307732182    0.01485279058138    0.48281436849750    0.07420183948944    0.57265087601343  
  1.460000    0.51879192858083    0.00542412287164    0.47695543973638    0.08075891496146    0.56498673967449  
  1.470000    0.51209241131927   -0.00379601257600    0.47116153238271    0.08713831470237    0.55736464957330  
  1.480000    0.50546466722678   -0.01280804857445    0.46543209626255    0.09334158939681    0.54979012788812  
  1.490000    0.49890876542043   -0.02161266416494    0.45976663447572    0.09937023613367    0.54226858523054  
  1.500000    0.49242470749517   -0.03021076960923    0.45416469810020    0.10522571637242    0.53480529817166  
  1.510000    0.48601243242499   -0.03860349151002    0.44862588083449    0.11090947350298    0.52740538684090  
  1.520000    0.47967182130336   -0.04679215810949    0.44314981362624    0.11642294982879    0.52007379282791  
  1.530000    0.47340270191268   -0.05477828481279    0.43773615933265    0.12176760281485    0.51281525761409  
  1.540000    0.46720485311420   -0.06256355998121    0.43238460745551    0.12694492045604    0.50563430175408  
  1.550000    0.46107800905116   -0.07014983103670    0.42709486899051    0.13195643563513    0.49853520501924  
  1.560000    0.45502186315931   -0.07753909091651    0.42186667142747    0.13680373935465    0.49152198770487  
  1.570000    0.44903607198028   -0.08473346491385    0.41669975393486    0.14148849274215    0.48459839329064  
  1.580000    0.44312025877469   -0.09173519793720    0.41159386275876    0.14601243774412    0.47776787262991  
  1.590000    0.43727401693305   -0.09854664221801    0.40654874686293    0.15037740643967    0.47103356982781  
  1.600000    0.43149691318376   -0.10517024549284    0.40156415383359    0.15458532892126    0.46439830995118  
  1.610000    0.42578849059857   -0.11160853968334    0.39663982606886    0.15863823970561    0.45786458869492  
  1.620000    0.42014827139712   -0.11786413009361    0.39177549726979    0.16253828265376    0.45143456411035  
  1.630000    0.41457575955307   -0.12393968514154    0.38697088924632    0.16628771439468    0.44511005048040  
  1.640000    0.40907044320524   -0.12983792663729    0.38222570904862    0.16988890626193    0.43889251440611  
  1.650000    0.40363179687811   -0.13556162061887    0.37753964643098    0.17334434476704    0.43278307314699  
  1.660000    0.39825928351696   -0.14111356875160    0.37291237165226    0.17665663064742    0.42678249523673  
  1.670000    0.39295235634330   -0.14649660029492    0.36834353361436    0.17982847653923    0.42089120337352  
  1.680000    0.38771046053730   -0.15171356463708    0.36383275833702    0.18286270333775    0.41510927956312  
  1.690000    0.38253303475410   -0.15676732439528    0.35937964776483    0.18576223531918    0.40943647247149  
  1.700000    0.37741951248177   -0.16166074907582    0.35498377889984    0.18853009410734    0.40387220692325  
  1.710000    0.37236932324866   -0.16639670928609    0.35064470325080    0.19116939157827    0.39841559546253  
  1.720000    0.36738189368865   -0.17097807148769    0.34636194658791    0.19368332180297    0.39306545187379  
  1.730000    0.36245664847268   -0.17540769327741    0.34213500899007    0.19607515213548    0.38782030654259  
  1.740000    0.35759301111546   -0.17968841918044    0.33796336516984    0.19834821355876    0.38267842351982  
  1.750000    0.35279040466615   -0.18382307693813    0.33384646505963    0.20050589040474    0.37763781913795  
  1.760000    0.34804825229189   -0.18781447427056    0.32978373464156    0.20255160956813    0.37269628201433  
  1.770000    0.34336597776318   -0.19166539609232    0.32577457700184    0.20448882933488    0.36785139426508  
  1.780000    0.33874300584994   -0.19537860215855    0.32181837358994    0.20632102794672    0.36310055374291  
  1.790000    0.33417876263683   -0.19895682511651    0.31791448566171    0.20805169202237    0.35844099710441  
  1.800000    0.32967267576651   -0.20240276893709    0.31406225588539    0.20968430495408    0.35386982350592  
  1.810000    0.32522417461902   -0.20571910769947    0.31026101008856    0.21122233539497    0.34938401872329  
  1.820000    0.32083269043538   -0.20890848470142    0.30651005912445    0.21266922594874    0.34498047948833  
  1.830000    0.31649765639305   -0.21197351186710    0.30280870083551    0.21402838216785    0.34065603783485  
  1.840000    0.31221850764063   -0.21491676942398    0.29915622209254    0.21530316196072    0.33640748524887  
  1.850000    0.30799468129881   -0.21774080582010    0.29555190088802    0.21649686550110    0.33223159642144  
  1.860000    0.30382561643408   -0.22044813785314    0.29199500846254    0.21761272572574    0.32812515240818  
  1.870000    0.29971075401134   -0.22304125098282    0.28848481144410    0.21865389949767    0.32408496300707  
  1.880000    0.29564953683124   -0.22552259979881    0.28502057398063    0.21962345950419    0.32010788817543  
  1.890000    0.29164140945722   -0.22789460861652    0.28160155984696    0.22052438694879    0.31619085831765  
  1.900000    0.28768581813733   -0.23015967217437    0.27822703450869    0.22135956508719    0.31233089328796  
  1.910000    0.28378221072490   -0.23232015640679    0.27489626712611    0.22213177364740    0.30852511996588  
  1.920000    0.27993003660200   -0.23437839926829    0.27160853248293    0.22284368416395    0.30477078827739  
  1.930000    0.27612874660901   -0.23633671158536    0.26836311282557    0.22349785624625    0.30106528555060  
  1.940000    0.27237779298327   -0.23819737791414    0.26515929960015    0.22409673479105    0.29740614911192  
  1.950000    0.26867662930910   -0.23996265738331    0.26199639507579    0.22464264813923    0.29379107704628  
  1.960000    0.26502471048140   -0.24163478450335    0.25887371384419    0.22513780716739    0.29021793706323  
  1.970000    0.26142149268434   -0.24321596992478    0.25579058418685    0.22558430529548    0.28668477342961  
  1.980000    0.25786643338623   -0.24470840113000    0.25274634930294    0.22598411938295    0.28318981194790  
  1.990000    0.25435899135154   -0.24611424304484    0.24974036839210    0.22633911147748    0.27973146297864  
  2.000000    0.25089862667049   -0.24743563855804    0.24677201758800    0.22665103137248    0.27630832252358  
  2.010000    0.24748480080614   -0.24867470893865    0.24384069074010    0.22692151992252    0.27291917140472  
  2.020000    0.24411697665910   -0.24983355414314    0.24094580004199    0.22715211305938    0.26956297259210  
  2.030000    0.24079461864915   -0.25091425300613    0.23808677650678    0.22734424644561    0.26623886675019  
  2.040000    0.23751719281306   -0.25191886331018    0.23526307029058    0.22749926069759    0.26294616608888  
  2.050000    0.23428416691782   -0.25284942173226    0.23247415086691    0.22761840710607    0.25968434662034  
  2.060000    0.23109501058799   -0.25370794366608    0.22971950705595    0.22770285377869    0.25645303893688  
  2.070000    0.22794919544588   -0.25449642292128    0.22699864691342    0.22775369212667    0.25325201763759  
  2.080000    0.22484619526316   -0.25521683130212    0.22431109748538    0.22777194361637    0.25008118954320  
  2.090000    0.22178548612229   -0.25587111806989    0.22165640443568    0.22775856670550    0.24694058084781  
  2.100000    0.21876654658616   -0.25646120929479    0.21903413155420    0.22771446388421    0.24383032336498  
  2.110000    0.21578885787423   -0.25698900710431    0.21644386015426    0.22764048874183    0.24075064003186  
  2.120000    0.21285190404337   -0.25745638883646    0.21388518836871    0.22753745298234    0.23770182984008  
  2.130000    0.20995517217185   -0.25786520610738    0.21135773035448    0.22740613331371    0.23468425236526  
  2.140000    0.20709815254444   -0.25821728380381    0.20886111541597    0.22724727813978    0.23169831206844  
  2.150000    0.20428033883727   -0.25851441901183    0.20639498705809    0.22706161398725    0.22874444254233  
  2.160000    0.20150122830060   -0.25875837989393    0.20395900197976    0.22684985160496    0.22582309087350  
  2.170000    0.19876032193791   -0.25895090452721    0.20155282901931    0.22661269167755    0.22293470228742  
  2.180000    0.19605712468005   -0.25909369971585    0.19917614806269    0.22635083010162    0.22007970523858  
  2.190000    0.19339114555283   -0.25918843979138    0.19682864892594    0.22606496277823    0.21725849710036  
  2.200000    0.19076189783690   -0.25923676541424    0.19451003022283    0.22575578988213    0.21447143060140  
  2.210000    0.18816889921882   -0.25924028239060    0.19221999822859    0.22542401957502    0.21171880114526  
  2.220000    0.18561167193218   -0.25920056051764    0.18995826575025    0.22507037113671    0.20900083513910  
  2.230000    0.18308974288805   -0.25911913247086    0.18772455101367    0.22469557749544    0.20631767944504  
  2.240000    0.18060264379385   -0.25899749274614    0.18551857657710    0.22430038714563    0.20366939205460  
  2.250000    0.17814991126022   -0.25883709666910    0.18334006828029    0.22388556544855    0.20105593407260  
  2.260000    0.17573108689534   -0.25863935948329    0.18118875423774    0.22345189531817    0.19847716308198  
  2.270000    0.17334571738635   -0.25840565552850    0.17906436388404    0.22300017730178    0.19593282794584  
  2.280000    0.17099335456788   -0.25813731751909    0.17696662707847    0.22253122907117    0.19342256508716  
  2.290000    0.16867355547739   -0.25783563593173    0.17489527327528    0.22204588434687    0.19094589627043  
  2.300000    0.16638588239772   -0.25750185851071    0.17285003076538    0.22154499128372    0.18850222789378  
  2.310000    0.16412990288676   -0.25713718989795    0.17083062599430    0.22102941035175    0.18609085178370  
  2.320000    0.16190518979477   -0.25674279139361    0.16883678296037    0.22050001175153    0.18371094746900  
  2.330000    0.15971132126983   -0.25631978085215    0.16686822269642    0.21995767240761    0.18136158589512  
  2.340000    0.15754788075165   -0.25586923271731    0.16492466283726    0.21940327258783    0.17904173452518  
  2.350000    0.15541445695475   -0.25539217819831    0.16300581727445    0.21883769219990    0.17675026375978  
  2.360000    0.15331064384146   -0.25488960558826    0.16111139589909    0.21826180681923    0.17448595459469  
  2.370000    0.15123604058548   -0.25436246072446    0.15924110443226    0.21767648350454    0.17224750742278  
  2.380000    0.14919025152698   -0.25381164758912    0.15739464434243    0.21708257645914    0.17003355187551  
  2.390000    0.14717288611998   -0.25323802904767    0.15557171284783    0.21648092259687    0.16784265758916  
  2.400000    0.14518355887284   -0.25264242772071    0.15377200300149    0.21587233707194    0.16567334577223  
  2.410000    0.14322188928295   -0.25202562698449    0.15199520385563    0.21525760883140    0.16352410144270  
  2.420000    0.14128750176628   -0.25138837209353    0.15024100070174    0.21463749624832    0.16139338619828  
  2.430000    0.13938002558290   -0.25073137141835    0.14850907538174    0.21401272289178    0.15927965137761  
  2.440000    0.13749909475929   -0.25005529778985    0.14679910666541    0.21338397348774    0.15718135146779  
  2.450000    0.13564434800827   -0.24936078994134    0.14511077068841    0.21275189012223    0.15509695761173  
  2.460000    0.13381542864747   -0.24864845403827    0.14344374144529    0.21211706873471    0.15302497106890  
  2.470000    0.13201198451705   -0.24791886528505    0.14179769133085    0.21148005594599    0.15096393648448  
  2.480000    0.13023366789754   -0.24717256959781    0.14017229172360    0.21084134626071    0.14891245482493  
  2.490000    0.12848013542839   -0.24641008533134    0.13856721360428    0.21020137967995    0.14686919584226  
  2.500000    0.12675104802799   -0.24563190504821    0.13698212820252    0.20956053975442    0.14483290993518  
  2.510000    0.12504607081557   -0.24483849731772    0.13541670766458    0.20891915210380    0.14280243928233  
  2.520000    0.12336487303573   -0.24403030853216    0.13387062573489    0.20827748342200    0.14077672813117  
  2.530000    0.12170712798587   -0.24320776472801    0.13234355844446    0.20763574098294    0.13875483213557  
  2.540000    0.12007251294692   -0.24237127339935    0.13083518479887    0.20699407265557    0.13673592664552  
  2.550000    0.11846070911778   -0.24152122529162    0.12934518745924    0.20635256743105    0.13471931386403  
  2.560000    0.11687140155361   -0.24065799616331    0.12787325340916    0.20571125645972    0.13270442879830  
  2.570000    0.11530427910813   -0.23978194850442    0.12641907460147    0.20507011458938    0.13069084394523  
  2.580000    0.11375903438012   -0.23889343320040    0.12498234857854    0.20442906239148    0.12867827266472  
  2.590000    0.11223536366401   -0.23799279113104    0.12356277906039    0.20378796865606    0.12666657120807  
  2.600000    0.11073296690472   -0.23708035469477    0.12216007649535    0.20314665333174    0.12465573938263  
  2.610000    0.10925154765645   -0.23615644924906    0.12077395856823    0.20250489088195    0.12264591984840  
  2.620000    0.10779081304537   -0.23522139445889    0.11940415066169    0.20186241402456    0.12063739605593  
  2.630000    0.10635047373611   -0.23427550554591    0.11805038626691    0.20121891781788    0.11863058884899  
  2.640000    0.10493024390161   -0.23331909443202    0.11671240734008    0.20057406405251    0.11662605176928  
  2.650000    0.10352984119621   -0.23235247077194    0.11538996460203    0.19992748590555    0.11462446511304  
  2.660000    0.10214898673160   -0.23137594287053    0.11408281777872    0.19927879281093    0.11262662880253  
  2.670000    0.10078740505527   -0.23038981848164    0.11279073578092    0.19862757549761    0.11063345414662  
  2.680000    0.09944482413123   -0.22939440548630    0.11151349682206    0.19797341114581    0.10864595457617  
  2.690000    0.09812097532239   -0.22839001244916    0.11025088847373    0.19731586861045    0.10666523544950  
  2.700000    0.09681559337445   -0.22737694905335    0.10900270765907    0.19665451366045    0.10469248303255  
  2.710000    0.09552841640080   -0.22635552641471    0.10776876058454    0.19598891418269    0.10272895276587  
  2.720000    0.09425918586806   -0.22532605727763    0.10654886261147    0.19531864529987    0.10077595693765  
  2.730000    0.09300764658187   -0.22428885609568    0.10534283806915    0.19464329435284    0.09883485188695  
  2.740000    0.09177354667262   -0.22324423900113    0.10415052001165    0.19396246569947    0.09690702486582  
  2.750000    0.09055663758075   -0.22219252366855    0.10297174992127    0.19327578528433    0.09499388069146  
  2.760000    0.08935667404131   -0.22113402907831    0.10180637736178    0.19258290493601    0.09309682832106  
  2.770000    0.08817341406746   -0.22006907518686    0.10065425958504    0.19188350635192    0.09121726748219  
  2.780000    0.08700661893266   -0.21899798251121    0.09951526109513    0.19117730473391    0.08935657549006  
  2.790000    0.08585605315147   -0.21792107163580    0.09838925317425    0.19046405204176    0.08751609438037  
  2.800000    0.08472148445843   -0.21683866265044    0.09727611337504    0.18974353983568    0.08569711848278  
  2.810000    0.08360268378527   -0.21575107452853    0.09617572498415    0.18901560168335    0.08390088255452  
  2.820000    0.08249942523608   -0.21465862445513    0.09508797646227    0.18828011511161    0.08212855058750  
  2.830000    0.08141148606038   -0.21356162711487    0.09401276086564    0.18753700308777    0.08038120539478  
  2.840000    0.08033864662419   -0.21246039394953    0.09294997525453    0.18678623502007    0.07865983907359  
  2.850000    0.07928069037904   -0.21135523239580    0.09189952009395    0.18602782727232    0.07696534443294  
  2.860000    0.07823740382883   -0.21024644511310    0.09086129865190    0.18526184319206    0.07529850746322  
  2.870000    0.07720857649494   -0.20913432921175    0.08983521640066    0.18448839265720    0.07366000091446  
  2.880000    0.07619400087932   -0.20801917549132    0.08882118042606    0.18370763115035    0.07205037903816  
  2.890000    0.07519347242600   -0.20690126769876    0.08781909885006    0.18291975837524    0.07047007353547  
  2.900000    0.07420678948110   -0.20578088181562    0.08682888027132    0.18212501643383    0.06891939074221  
  2.910000    0.07323375325149   -0.20465828538311    0.08585043322848    0.18132368758740    0.06739851006822  
  2.920000    0.07227416776243   -0.20353373687336    0.08488366569054    0.18051609162842    0.06590748369612  
  2.930000    0.07132783981429   -0.20240748511435    0.08392848457846    0.17970258289441    0.06444623753136  
  2.940000    0.07039457893883   -0.20127976877580    0.08298479532152    0.17888354695782    0.06301457338337  
  2.950000    0.06947419735505   -0.20015081592199    0.08205250145213    0.17805939702919    0.06161217234459  
  2.960000    0.06856650992511   -0.19902084363718    0.08113150424171    0.17723057011370    0.06023859932314  
  2.970000    0.06767133411043   -0.19789005772819    0.08022170238053    0.17639752296292    0.05889330867265  
  2.980000    0.06678848992841   -0.19675865250794    0.07932299170335    0.17556072786572    0.05757565085275  
  2.990000    0.06591779990984   -0.19562681066288    0.07843526496280    0.17472066832336    0.05628488004330  
  3.000000    0.06505908905746   -0.19449470320621    0.07755841165154    0.17387783465464    0.05502016262654  
  3.010000    0.06421218480584   -0.19336248951806    0.07669231787400    0.17303271957734    0.05378058644308  
  3.020000    0.06337691698271   -0.19223031747259    0.07583686626813    0.17218581381191    0.05256517072044  
  3.030000    0.06255311777209   -0.19109832365145    0.07499193597677    0.17133760175289    0.05137287656692  
  3.040000    0.06174062167940   -0.18996663364172    0.07415740266825    0.17048855725234    0.05020261791838  
  3.050000    0.06093926549858   -0.18883536241589    0.07333313860503    0.16963913955813    0.04905327282197  
  3.060000    0.06014888828146   -0.18770461479043    0.07251901275889    0.16878978944774    0.04792369493806  
  3.070000    0.05936933130945   -0.18657448595876    0.07171489097088    0.16794092559625    0.04681272514059  
  3.080000    0.05860043806763   -0.18544506209369    0.07092063615367    0.16709294121399    0.04571920309560  
  3.090000    0.05784205422121   -0.18431642101366    0.07013610853361    0.16624620098661    0.04464197869906  
  3.100000    0.05709402759446   -0.18318863290651    0.06936116592968    0.16540103834670    0.04357992325755  
  3.110000    0.05635620815195   -0.18206176110383    0.06859566406586    0.16455775310243    0.04253194029846  
  3.120000    0.05562844798219   -0.18093586289873    0.06783945691355    0.16371660944488    0.04149697590158  
  3.130000    0.05491060128337   -0.17981099039904    0.06709239706013    0.16287783435155    0.04047402844927  
  3.140000    0.05420252435127   -0.17868719140799    0.06635433609971    0.16204161639916    0.03946215769920  
  3.150000    0.05350407556902   -0.17756451032383    0.06562512504198    0.16120810499470    0.03846049309173  
  3.160000    0.05281511539859   -0.17644298905003    0.06490461473491    0.16037741002918    0.03746824121198  
  3.170000    0.05213550637380   -0.17532266790721    0.06419265629684    0.15954960195403    0.03648469233635  
  3.180000    0.05146511309454   -0.17420358653830    0.06348910155375    0.15872471227568    0.03550922600316  
  3.190000    0.05080380222203   -0.17308578479833    0.06279380347729    0.15790273445980    0.03454131555753  
  3.200000    0.05015144247475   -0.17196930362036    0.06210661661917    0.15708362523202    0.03358053163153  
  3.210000    0.04950790462487   -0.17085418584950    0.06142739753779    0.15626730625835    0.03262654453233  
  3.220000    0.04887306149469   -0.16974047703717    0.06075600521294    0.15545366618439    0.03167912552193  
  3.230000    0.04824678795301   -0.16862822618809    0.06009230144452    0.15464256300896    0.03073814698445  
  3.240000    0.04762896091091   -0.16751748645311    0.05943615123171    0.15383382676444    0.02980358148782  
  3.250000    0.04701945931680   -0.16640831576147    0.05878742312884    0.15302726247308    0.02887549975872  
  3.260000    0.04641816415031   -0.16530077738661    0.05814598957478    0.15222265334593    0.02795406760039  
  3.270000    0.04582495841481   -0.16419494044033    0.05751172719287    0.15141976418867    0.02703954179395  
  3.280000    0.04523972712825   -0.16309088029097    0.05688451705859    0.15061834497677    0.02613226503414  
  3.290000    0.04466235731209   -0.16198867890172    0.05626424493266    0.14981813456082    0.02523265996015  
  3.300000    0.04409273797798   -0.16088842508612    0.05565080145764    0.14901886446188    0.02434122235099  
  3.310000    0.04353076011213   -0.15979021467869    0.05504408231616    0.14822026271591    0.02345851356364  
  3.320000    0.04297631665703   -0.15869415061926    0.05444398834975    0.14742205772613    0.02258515229904  
  3.330000    0.04242930249049   -0.15760034295048    0.05385042563720    0.14662398208246    0.02172180578786  
  3.340000    0.04188961440172   -0.15650890872883    0.05326330553204    0.14582577630755    0.02086918049340  
  3.350000    0.04135715106454   -0.15541997185029    0.05268254465898    0.14502719249021    0.02002801243328  
  3.360000    0.04083181300750   -0.15433366279262    0.05210806486960    0.14422799776824    0.01919905722516  
  3.370000    0.04031350258094   -0.15325011827687    0.05153979315798    0.14342797762459    0.01838307996385  
  3.380000    0.03980212392106   -0.15216948085176    0.05097766153727    0.14262693896288    0.01758084503835  
  3.390000    0.03929758291098   -0.15109189840503    0.05042160687854    0.14182471293100    0.01679310599752  
  3.400000    0.03879978713891   -0.15001752360667    0.04987157071375    0.14102115746391    0.01602059557157  
  3.410000    0.03830864585353   -0.14894651328958    0.04932749900487    0.14021615952040    0.01526401595492  
  3.420000    0.03782406991678   -0.14787902777371    0.04878934188135    0.13940963699149    0.01452402945211  
  3.430000    0.03734597175426   -0.14681523014029    0.04825705334887    0.13860154026184    0.01380124958450  
  3.440000    0.03687426530339   -0.14575528546321    0.04773059097202    0.13779185340936    0.01309623274997  
  3.450000    0.03640886595971   -0.14469936000503    0.04720991553407    0.13698059503193    0.01240947052162  
  3.460000    0.03594969052151   -0.14364762038522    0.04669499067725    0.13616781869412    0.01174138266444  
  3.470000    0.03549665713312   -0.14260023272876    0.04618578252682    0.13535361299089    0.01109231094089  
  3.480000    0.03504968522728   -0.14155736180318    0.04568225930271    0.13453810122918    0.01046251376784  
  3.490000    0.03460869546678   -0.14051917015214    0.04518439092221    0.13372144073220    0.00985216177804  
  3.500000    0.03417360968594   -0.13948581723396    0.04469214859763    0.13290382177541    0.00926133432979  
  3.510000    0.03374435083211   -0.13845745857299    0.04420550443252    0.13208546616662    0.00869001699801  
  3.520000    0.03332084290770   -0.13743424493205    0.04372443102033    0.13126662548654    0.00813810006993  
  3.530000    0.03290301091313   -0.13641632151341    0.04324890104911    0.13044757900956    0.00760537805775  
  3.540000    0.03249078079102   -0.13540382719597    0.04277888691585    0.12962863132754    0.00709155023009  
  3.550000    0.03208407937201   -0.13439689381563    0.04231436035406    0.12881010970265    0.00659622215334  
  3.560000    0.03168283432267   -0.13339564549544    0.04185529207782    0.12799236117787    0.00611890822363  
  3.570000    0.03128697409571   -0.13240019803167    0.04140165144542    0.12717574947610    0.00565903515980  
  3.580000    0.03089642788304   -0.13141065834150    0.04095340614577    0.12636065172098    0.00521594641800  
  3.590000    0.03051112557170   -0.13042712397710    0.04051052191008    0.12554745501421    0.00478890747892  
  3.600000    0.03013099770330   -0.12944968271062    0.04007296225128    0.12473655290547    0.00437711195008  
  3.610000    0.02975597543690   -0.12847841219358    0.03964068823363    0.12392834179186    0.00397968841705  
  3.620000    0.02938599051586   -0.12751337969369    0.03921365827404    0.12312321728474    0.00359570797016  
  3.630000    0.02902097523864   -0.12655464191120    0.03879182797693    0.12232157058160    0.00322419232654  
  3.640000    0.02866086243379   -0.12560224487624    0.03837515000390    0.12152378488053    0.00286412246130  
  3.650000    0.02830558543929   -0.12465622392776    0.03796357397890    0.12073023187444    0.00251444765701  
  3.660000    0.02795507808628   -0.12371660377406    0.03755704642970    0.11994126836096    0.00217409487628  
  3.670000    0.02760927468721   -0.12278339863385    0.03715551076587    0.11915723300260    0.00184197835971  
  3.680000    0.02726811002845   -0.12185661245632    0.03675890729300    0.11837844327039    0.00151700934912  
  3.690000    0.02693151936728   -0.12093623921785    0.03636717326291    0.11760519260171    0.00119810583534  
  3.700000    0.02659943843317   -0.12002226329218    0.03598024295893    0.11683774780103    0.00088420222992  
  3.710000    0.02627180343334   -0.11911465989039    0.03559804781520    0.11607634670967    0.00057425886106  
  3.720000    0.02594855106217   -0.11821339556623    0.03522051656858    0.11532119616740    0.00026727119682  
  3.730000    0.02562961851455   -0.11731842878183    0.03484757544137    0.11457247028627   -0.00003772129884  
  3.740000    0.02531494350277   -0.11642971052823    0.03447914835295    0.11383030905310   -0.00034162676686  
  3.750000    0.02500446427662   -0.11554718499484    0.03411515715802    0.11309481727406   -0.00064529309572  
  3.760000    0.02469811964651   -0.11467079028126    0.03375552190896    0.11236606387100   -0.00094950068479  
  3.770000    0.02439584900926   -0.11380045914467    0.03340016113961    0.11164408153565   -0.00125495590060  
  3.780000    0.02409759237605   -0.11293611977585    0.03304899216760    0.11092886674386   -0.00156228529092  
  3.790000    0.02380329040231   -0.11207769659634    0.03270193141214    0.11022038012879   -0.00187203061323  
  3.800000    0.02351288441904   -0.11122511106934    0.03235889472417    0.10951854720776   -0.00218464472575  
  3.810000    0.02322631646521   -0.11037828251684    0.03201979772556    0.10882325945431   -0.00250048838008  
  3.820000    0.02294352932067   -0.10953712893536    0.03168455615404    0.10813437570316   -0.00281982794494  
  3.830000    0.02266446653932   -0.10870156780282    0.03135308621048    0.10745172387264   -0.00314283408093  
  3.840000    0.02238907248195   -0.10787151686921    0.03102530490521    0.10677510298594   -0.00346958137636  
  3.850000    0.02211729234839   -0.10704689492382    0.03070113040003    0.10610428546927   -0.00380004894405  
  3.860000    0.02184907220847   -0.10622762253228    0.03038048234257    0.10543901970272   -0.00413412196943  
  3.870000    0.02158435903148   -0.10541362273671    0.03006328218991    0.10477903279671   -0.00447159419029  
  3.880000    0.02132310071360   -0.10460482171293    0.02974945351841    0.10412403356501   -0.00481217127910  
  3.890000    0.02106524610305   -0.10380114937904    0.02943892231675    0.10347371566319   -0.00515547508965  
  3.900000    0.02081074502244   -0.10300253995003    0.02913161725952    0.10282776085997   -0.00550104872102  
  3.910000    0.02055954828819   -0.10220893243401    0.02882746995885    0.10218584240761   -0.00584836234378  
  3.920000    0.02031160772653   -0.10142027106586    0.02852641519172    0.10154762847665   -0.00619681972549  
  3.930000    0.02006687618596   -0.10063650567489    0.02822839110092    0.10091278561976   -0.00654576538586  
  3.940000    0.01982530754585   -0.09985759198384    0.02793333936783    0.10028098222936   -0.00689449230569  
  3.950000    0.01958685672106   -0.09908349183711    0.02764120535556    0.09965189195384   -0.00724225010830  
  3.960000    0.01935147966239   -0.09831417335680    0.02735193822116    0.09902519703769   -0.00758825362764  
  3.970000    0.01911913335277   -0.09754961102601    0.02706549099600    0.09840059155205   -0.00793169177383  
  3.980000    0.01888977579916   -0.09678978569935    0.02678182063367    0.09777778448314   -0.00827173660394  
  3.990000    0.01866336602008   -0.09603468454143    0.02650088802517    0.09715650264773   -0.00860755250439  
  4.000000    0.01843986402894   -0.09528430089484    0.02622265798127    0.09653649340686   -0.00893830539034  
  4.010000    0.01821923081302   -0.09453863407973    0.02594709918240    0.09591752715089   -0.00926317182808  
  4.020000    0.01800142830854   -0.09379768912768    0.02567418409684    0.09529939953176   -0.00958134798712  
  4.030000    0.01778641937163   -0.09306147645344    0.02540388886783    0.09468193342078   -0.00989205833129  
  4.040000    0.01757416774571   -0.09233001146831    0.02513619317110    0.09406498057320   -0.01019456396115  
  4.050000    0.01736463802537   -0.09160331413994    0.02487108004414    0.09344842298408   -0.01048817052370  
  4.060000    0.01715779561703   -0.09088140850337    0.02460853568900    0.09283217392294   -0.01077223561078  
  4.070000    0.01695360669682   -0.09016432212893    0.02434854925064    0.09221617863812   -0.01104617557252  
  4.080000    0.01675203816586   -0.08945208555279    0.02409111257296    0.09160041472536   -0.01130947167921  
  4.090000    0.01655305760347   -0.08874473167638    0.02383621993501    0.09098489215828   -0.01156167557140  
  4.100000    0.01635663321864   -0.08804229514117    0.02358386776994    0.09036965298204   -0.01180241394604  
  4.110000    0.01616273380015   -0.08734481168549    0.02333405436938    0.08975477067507   -0.01203139243444  
  4.120000    0.01597132866588   -0.08665231749010    0.02308677957618    0.08914034918683   -0.01224839863644  
  4.130000    0.01578238761165   -0.08596484851955    0.02284204446844    0.08852652166301   -0.01245330428375  
  4.140000    0.01559588086009   -0.08528243986610    0.02259985103784    0.08791344887284   -0.01264606651515  
  4.150000    0.01541177901007   -0.08460512510301    0.02236020186539    0.08730131735592   -0.01282672825470  
  4.160000    0.01523005298693   -0.08393293565396    0.02212309979759    0.08669033730897   -0.01299541769413  
  4.170000    0.01505067399425   -0.08326590018509    0.02188854762616    0.08608074023541   -0.01315234688923  
  4.180000    0.01487361346736   -0.08260404402581    0.02165654777422    0.08547277638302   -0.01329780948966  
  4.190000    0.01469884302906   -0.08194738862432    0.02142710199202    0.08486671199705   -0.01343217763006  
  4.200000    0.01452633444809   -0.08129595104349    0.02120021106480    0.08426282641778   -0.01355589801914  
  4.210000    0.01435605960047   -0.08064974350204    0.02097587453580    0.08366140905323   -0.01366948727138  
  4.220000    0.01418799043430   -0.08000877296577    0.02075409044657    0.08306275625866   -0.01377352653371  
  4.230000    0.01402209893817   -0.07937304079287    0.02053485509732    0.08246716815543   -0.01386865546659  
  4.240000    0.01385835711352   -0.07874254243700    0.02031816282912    0.08187494542237   -0.01395556564507  
  4.250000    0.01369673695118   -0.07811726721090    0.02010400583020    0.08128638609264   -0.01403499345152  
  4.260000    0.01353721041225   -0.07749719811300    0.01989237396778    0.08070178238937   -0.01410771253629  
  4.270000    0.01337974941356   -0.07688231171879    0.01968325464704    0.08012141763225   -0.01417452592685  
  4.280000    0.01322432581768   -0.07627257813783    0.01947663269830    0.07954556324695   -0.01423625786914  
  4.290000    0.01307091142773   -0.07566796103687    0.01927249029343    0.07897447590762   -0.01429374548741  
  4.300000    0.01291947798678   -0.07506841772892    0.01907080689196    0.07840839484152   -0.01434783035008  
  4.310000    0.01276999718200   -0.07447389932704    0.01887155921736    0.07784753932288   -0.01439935002994  
  4.320000    0.01262244065337   -0.07388435096164    0.01867472126340    0.07729210638118   -0.01444912974644  
  4.330000    0.01247678000691   -0.07329971205875    0.01848026433043    0.07674226874660   -0.01449797417690  
  4.340000    0.01233298683212   -0.07271991667661    0.01828815709097    0.07619817305293   -0.01454665952084  
  4.350000    0.01219103272359   -0.07214489389720    0.01809836568393    0.07565993831562   -0.01459592589921  
  4.360000    0.01205088930641   -0.07157456826865    0.01791085383610    0.07512765469946   -0.01464647016586  
  4.370000    0.01191252826508   -0.07100886029424    0.01772558300995    0.07460138258772   -0.01469893920446  
  4.380000    0.01177592137570   -0.07044768696297    0.01754251257571    0.07408115196109   -0.01475392377834  
  4.390000    0.01164104054092   -0.06989096231652    0.01736160000635    0.07356696209181   -0.01481195299495  
  4.400000    0.01150785782740   -0.06933859804679    0.01718280109305    0.07305878155500   -0.01487348943980  
  4.410000    0.01137634550526   -0.06879050411834    0.01700607017920    0.07255654855584   -0.01493892502763  
  4.420000    0.01124647608918   -0.06824658940915    0.01683136041037    0.07206017156824   -0.01500857761082  
  4.430000    0.01111822238052   -0.06770676236378    0.01665862399790    0.07156953027733   -0.01508268837711  
  4.440000    0.01099155751025   -0.06717093165211    0.01648781249326    0.07108447681475   -0.01516142006031  
  4.450000    0.01086645498198   -0.06663900682733    0.01631887707053    0.07060483727342   -0.01524485597894  
  4.460000    0.01074288871471   -0.06611089897660    0.01615176881423    0.07013041348473   -0.01533299990948  
  4.470000    0.01062083308483   -0.06558652135798    0.01598643900961    0.06966098503936   -0.01542577679168  
  4.480000    0.01050026296692   -0.06506579001732    0.01582283943239    0.06919631152977   -0.01552303425523  
  4.490000    0.01038115377277   -0.06454862437910    0.01566092263546    0.06873613499069   -0.01562454494809  
  4.500000    0.01026348148831   -0.06403494780532    0.01550064222926    0.06828018251164   -0.01573000963905  
  4.510000    0.01014722270805   -0.06352468811698    0.01534195315355    0.06782816899412   -0.01583906105861  
  4.520000    0.01003235466641   -0.06301777807306    0.01518481193762    0.06737980002445   -0.01595126843515  
  4.530000    0.00991885526589   -0.06251415580228    0.01502917694651    0.06693477483237   -0.01606614267600  
  4.540000    0.00980670310147   -0.06201376518341    0.01487500861098    0.06649278930454   -0.01618314213681  
  4.550000    0.00969587748107   -0.06151655617036    0.01472226963877    0.06605353902175   -0.01630167891630  
  4.560000    0.00958635844189   -0.06102248505904    0.01457092520542    0.06561672228843   -0.01642112560866  
  4.570000    0.00947812676217   -0.06053151469318    0.01442094312253    0.06518204312325   -0.01654082244119  
  4.580000    0.00937116396842   -0.06004361460729    0.01427229398215    0.06474921418018   -0.01666008472095  
  4.590000    0.00926545233799   -0.05955876110529    0.01412495127569    0.06431795956999   -0.01677821051148  
  4.600000    0.00916097489665   -0.05907693727407    0.01397889148644    0.06388801755348   -0.01689448845836  
  4.610000    0.00905771541152   -0.05859813293193    0.01383409415475    0.06345914307917   -0.01700820568129  
  4.620000    0.00895565837901   -0.05812234451236    0.01369054191524    0.06303111013953   -0.01711865564996  
  4.630000    0.00885478900815   -0.05764957488435    0.01354822050587    0.06260371392231   -0.01722514596131  
  4.640000    0.00875509319916   -0.05717983311103    0.01340711874873    0.06217677273509   -0.01732700593743  
  4.650000    0.00865655751765   -0.05671313414905    0.01326722850277    0.06175012968425   -0.01742359396523  
  4.660000    0.00855916916441   -0.05624949849153    0.01312854458908    0.06132365409142   -0.01751430450210  
  4.670000    0.00846291594138   -0.05578895175825    0.01299106468933    0.06089724263390   -0.01759857467572  
  4.680000    0.00836778621369   -0.05533152423707    0.01285478921857    0.06047082019790   -0.01767589041028  
  4.690000    0.00827376886847   -0.05487725038093    0.01271972117355    0.06004434043671   -0.01774579201700  
  4.700000    0.00818085327057   -0.05442616826559    0.01258586595800    0.05961778602893   -0.01780787919236  
  4.710000    0.00808902921567   -0.05397831901321    0.01245323118684    0.05919116863495   -0.01786181537389  
  4.720000    0.00799828688119   -0.05353374618756    0.01232182647092    0.05876452855294   -0.01790733141040  
  4.730000    0.00790861677548   -0.05309249516658    0.01219166318458    0.05833793407883   -0.01794422851054  
  4.740000    0.00782000968570   -0.05265461249866    0.01206275421833    0.05791148057768   -0.01797238044160  
  4.750000    0.00773245662500   -0.05222014524866    0.01193511371882    0.05748528927677   -0.01799173495803  
  4.760000    0.00764594877929   -0.05178914034024    0.01180875681892    0.05705950579383   -0.01800231444752  
  4.770000    0.00756047745430   -0.05136164390073    0.01168369936019    0.05663429841601   -0.01800421579054  
  4.780000    0.00747603402334   -0.05093770061508    0.01155995761069    0.05620985614832   -0.01799760943749  
  4.790000    0.00739260987624   -0.05051735309498    0.01143754798061    0.05578638655216   -0.01798273771586  
  4.800000    0.00731019636999   -0.05010064126944    0.01131648673862    0.05536411339682   -0.01795991238750  
  4.810000    0.00722878478153   -0.04968760180262    0.01119678973143    0.05494327414869   -0.01792951148428  
  4.820000    0.00714836626313   -0.04927826754456    0.01107847210949    0.05452411732454   -0.01789197545739  
  4.830000    0.00706893180084   -0.04887266702019    0.01096154806117    0.05410689973655   -0.01784780268291  
  4.840000    0.00699047217636   -0.04847082396144    0.01084603055806    0.05369188365777   -0.01779754437277  
  4.850000    0.00691297793260   -0.04807275688709    0.01073193111381    0.05327933393753   -0.01774179894600  
  4.860000    0.00683643934353   -0.04767847873422    0.01061925955867    0.05286951509667   -0.01768120592108  
  4.870000    0.00676084638829   -0.04728799654497    0.01050802383186    0.05246268843271   -0.01761643939452  
  4.880000    0.00668618873000   -0.04690131121146    0.01039822979374    0.05205910916473   -0.01754820117528  
  4.890000    0.00661245569946   -0.04651841728141    0.01028988105943    0.05165902364749   -0.01747721364764  
  4.900000    0.00653963628375   -0.04613930282612    0.01018297885546    0.05126266668329   -0.01740421243816  
  4.910000    0.00646771912003   -0.04576394937223    0.01007752190068    0.05087025895920   -0.01732993896361  
  4.920000    0.00639669249445   -0.04539233189765    0.00997350631249    0.05048200463588   -0.01725513293831  
  4.930000    0.00632654434624   -0.04502441889180    0.00987092553921    0.05009808911241   -0.01718052491908  
  4.940000    0.00625726227688   -0.04466017247936    0.00976977031915    0.04971867699010   -0.01710682896553  
  4.950000    0.00618883356430   -0.04429954860633    0.00967002866658    0.04934391025565   -0.01703473549189  
  4.960000    0.00612124518192   -0.04394249728654    0.00957168588477    0.04897390670218   -0.01696490438448  
  4.970000    0.00605448382242   -0.04358896290604    0.00947472460571    0.04860875860382   -0.01689795845571  
  4.980000    0.00598853592580   -0.04323888458242    0.00937912485616    0.04824853165714   -0.01683447730187  
  4.990000    0.00592338771169   -0.04289219657543    0.00928486414914    0.04789326419982   -0.01677499162759  
  5.000000    0.00585902521538   -0.04254882874497    0.00919191760007    0.04754296671410   -0.01671997809475  
  5.010000    0.00579543432729   -0.04220870705167    0.00910025806610    0.04719762161962   -0.01666985474784  
  5.020000    0.00573260083549   -0.04187175409545    0.00900985630739    0.04685718335726   -0.01662497706186  
  5.030000    0.00567051047079   -0.04153788968647    0.00892068116861    0.04652157876266   -0.01658563465185  
  5.040000    0.00560914895391   -0.04120703144306    0.00883269977877    0.04619070772497   -0.01655204867665  
  5.050000    0.00554850204434   -0.04087909541062    0.00874587776748    0.04586444412364   -0.01652436996143  
  5.060000    0.00548855559033   -0.04055399669554    0.00866017949540    0.04554263703310   -0.01650267785676  
  5.070000    0.00542929557946   -0.04023165010783    0.00857556829658    0.04522511218248   -0.01648697984347  
  5.080000    0.00537070818935   -0.03991197080622    0.00849200673036    0.04491167365483   -0.01647721188543  
  5.090000    0.00531277983794   -0.03959487493938    0.00840945684026    0.04460210580814   -0.01647323952412  
  5.100000    0.00525549723277   -0.03928028027705    0.00832788041737    0.04429617539777   -0.01647485970128  
  5.110000    0.00519884741886   -0.03896810682481    0.00824723926562    0.04399363387835   -0.01648180328842  
  5.120000    0.00514281782456   -0.03865827741664    0.00816749546640    0.04369421986099   -0.01649373829468  
  5.130000    0.00508739630503   -0.03835071827932    0.00808861163987    0.04339766170032   -0.01651027371743  
  5.140000    0.00503257118273   -0.03804535956324    0.00801055120048    0.04310368018463   -0.01653096399340  
  5.150000    0.00497833128463   -0.03774213583450    0.00793327860418    0.04281199130103   -0.01655531400227  
  5.160000    0.00492466597563   -0.03744098652342    0.00785675958508    0.04252230904726   -0.01658278456857  
  5.170000    0.00487156518791   -0.03714185632513    0.00778096137899    0.04223434826107   -0.01661279840314  
  5.180000    0.00481901944585   -0.03684469554834    0.00770585293210    0.04194782743796   -0.01664474642070  
  5.190000    0.00476701988617   -0.03654946040894    0.00763140509240    0.04166247150843   -0.01667799436656  
  5.200000    0.00471555827323   -0.03625611326550    0.00755759078241    0.04137801454601   -0.01671188968214  
  5.210000    0.00466462700912   -0.03596462279452    0.00748438515127    0.04109420237857   -0.01674576853727  
  5.220000    0.00461421913846   -0.03567496410361    0.00741176570498    0.04081079507585   -0.01677896295495  
  5.230000    0.00456432834793   -0.03538711878163    0.00733971241358    0.04052756928809   -0.01681080795422  
  5.240000    0.00451494896031   -0.03510107488524    0.00726820779416    0.04024432041158   -0.01684064863637  
  5.250000    0.00446607592322   -0.03481682686212    0.00719723696906    0.03996086455936   -0.01686784714063  
  5.260000    0.00441770479254   -0.03453437541153    0.00712678769888    0.03967704031684   -0.01689178939724  
  5.270000    0.00436983171069   -0.03425372728369    0.00705685038984    0.03939271026454   -0.01691189160781  
  5.280000    0.00432245337987   -0.03397489501990    0.00698741807566    0.03910776225276   -0.01692760638619  
  5.290000    0.00427556703060   -0.03369789663608    0.00691848637419    0.03882211041507   -0.01693842849674  
  5.300000    0.00422917038578   -0.03342275525270    0.00685005341932    0.03853569591071   -0.01694390013119  
  5.310000    0.00418326162055   -0.03314949867486    0.00678211976886    0.03824848738850   -0.01694361567030  
  5.320000    0.00413783931841   -0.03287815892667    0.00671468828940    0.03796048116776   -0.01693722588222  
  5.330000    0.00409290242395   -0.03260877174436    0.00664776401950    0.03767170113468   -0.01692444151518  
  5.340000    0.00404845019261   -0.03234137603336    0.00658135401236    0.03738219835556   -0.01690503624888  
  5.350000    0.00400448213799   -0.03207601329442    0.00651546715985    0.03709205041107   -0.01687884897548  
  5.360000    0.00396099797721   -0.03181272702462    0.00645011399956    0.03680136045880   -0.01684578538845  
  5.370000    0.00391799757476   -0.03155156209903    0.00638530650687    0.03651025603378   -0.01680581886455  
  5.380000    0.00387548088548   -0.03129256413920    0.00632105787418    0.03621888759976   -0.01675899063195  
  5.390000    0.00383344789713   -0.03103577887462    0.00625738227942    0.03592742686618   -0.01670540922455  
  5.400000    0.00379189857317   -0.03078125150346    0.00619429464635    0.03563606488843   -0.01664524923055  
  5.410000    0.00375083279628   -0.03052902605891    0.00613181039888    0.03534500997104   -0.01657874935023  
  5.420000    0.00371025031309   -0.03027914478726    0.00606994521198    0.03505448539552   -0.01650620978528  
  5.430000    0.00367015068085   -0.03003164754404    0.00600871476165    0.03476472699636   -0.01642798898890  
  5.440000    0.00363053321634   -0.02978657121393    0.00594813447637    0.03447598061003   -0.01634449981264  
  5.450000    0.00359139694764   -0.02954394916036    0.00588821929268    0.03418849942352   -0.01625620509178  
  5.460000    0.00355274056930   -0.02930381071014    0.00582898341714    0.03390254124951   -0.01616361271733  
  5.470000    0.00351456240118   -0.02906618067827    0.00577044009708    0.03361836575614   -0.01606727024749  
  5.480000    0.00347686035146   -0.02883107893759    0.00571260140253    0.03333623168014   -0.01596775911650  
  5.490000    0.00343963188434   -0.02859852003753    0.00565547802135    0.03305639405146   -0.01586568850241  
  5.500000    0.00340287399240   -0.02836851287584    0.00559907906967    0.03277910145833   -0.01576168891927  
  5.510000    0.00336658317430   -0.02814106042652    0.00554341191942    0.03250459338034   -0.01565640560142  
  5.520000    0.00333075541776   -0.02791615952665    0.00548848204484    0.03223309761718   -0.01555049174989  
  5.530000    0.00329538618814   -0.02769380072435    0.00543429288921    0.03196482783913   -0.01544460171214  
  5.540000    0.00326047042273   -0.02747396818938    0.00538084575338    0.03169998128438   -0.01533938416669  
  5.550000    0.00322600253078   -0.02725663968735    0.00532813970705    0.03143873662677   -0.01523547538432  
  5.560000    0.00319197639933   -0.02704178661787    0.00527617152360    0.03118125203551   -0.01513349263611  
  5.570000    0.00315838540472   -0.02682937411639    0.00522493563935    0.03092766344691   -0.01503402781727  
  5.580000    0.00312522242990   -0.02661936121864    0.00517442413732    0.03067808306539   -0.01493764135304  
  5.590000    0.00309247988700   -0.02641170108641    0.00512462675595    0.03043259810934   -0.01484485644993  
  5.600000    0.00306014974540   -0.02620634129230    0.00507553092242    0.03019126981418   -0.01475615375169  
  5.610000    0.00302822356467   -0.02600322416086    0.00502712181041    0.02995413270299   -0.01467196645524  
  5.620000    0.00299669253229   -0.02580228716277    0.00497938242162    0.02972119413182   -0.01459267593664  
  5.630000    0.00296554750576   -0.02560346335835    0.00493229369026    0.02949243411436   -0.01451860793170  
  5.640000    0.00293477905858   -0.02540668188612    0.00488583460946    0.02926780542745   -0.01445002931021  
  5.650000    0.00290437752978   -0.02521186849159    0.00483998237835    0.02904723399638   -0.01438714547600  
  5.660000    0.00287433307654   -0.02501894609125    0.00479471256830    0.02883061955568   -0.01433009841898  
  5.670000    0.00284463572928   -0.02482783536633    0.00474999930674    0.02861783657877   -0.01427896543776  
  5.680000    0.00281527544875   -0.02463845538043    0.00470581547664    0.02840873546655   -0.01423375854505  
  5.690000    0.00278624218457   -0.02445072421509    0.00466213292972    0.02820314398287   -0.01419442456032  
  5.700000    0.00275752593467   -0.02426455961709    0.00461892271128    0.02800086892181   -0.01416084588738  
  5.710000    0.00272911680493   -0.02407987965124    0.00457615529432    0.02780169798997   -0.01413284196703  
  5.720000    0.00270100506863   -0.02389660335207    0.00453380082081    0.02760540188394   -0.01411017138820  
  5.730000    0.00267318122485   -0.02371465136826    0.00449182934743    0.02741173654209   -0.01409253463393  
  5.740000    0.00264563605557   -0.02353394659337    0.00445021109364    0.02722044554707   -0.01407957743192  
  5.750000    0.00261836068061   -0.02335441477671    0.00440891668941    0.02703126265484   -0.01407089467327  
  5.760000    0.00259134660998   -0.02317598510827    0.00436791742015    0.02684391442385   -0.01406603485705  
  5.770000    0.00256458579317   -0.02299859077204    0.00432718546650    0.02665812291778   -0.01406450501282  
  5.780000    0.00253807066476   -0.02282216946219    0.00428669413660    0.02647360845388   -0.01406577604853  
  5.790000    0.00251179418598   -0.02264666385690    0.00424641808829    0.02629009236893   -0.01406928846667  
  5.800000    0.00248574988170   -0.02247202204532    0.00420633353937    0.02610729977437   -0.01407445838786  
  5.810000    0.00245993187255   -0.02229819790318    0.00416641846352    0.02592496227252   -0.01408068381809  
  5.820000    0.00243433490182   -0.02212515141338    0.00412665277008    0.02574282060597   -0.01408735109313  
  5.830000    0.00240895435674   -0.02195284892829    0.00408701846581    0.02556062721310   -0.01409384143213  
  5.840000    0.00238378628412   -0.02178126337109    0.00404749979710    0.02537814866358   -0.01409953753127  
  5.850000    0.00235882739986   -0.02161037437390    0.00400808337098    0.02519516794895   -0.01410383012819  
  5.860000    0.00233407509256   -0.02144016835149    0.00396875825397    0.02501148660478   -0.01410612446809  
  5.870000    0.00230952742086   -0.02127063850935    0.00392951604756    0.02482692664283   -0.01410584660385  
  5.880000    0.00228518310465   -0.02110178478624    0.00389035093958    0.02464133227341   -0.01410244946417  
  5.890000    0.00226104151023   -0.02093361373132    0.00385125973098    0.02445457140029   -0.01409541862639  
  5.900000    0.00223710262944   -0.02076613831707    0.00381224183757    0.02426653687292   -0.01408427773375  
  5.910000    0.00221336705295   -0.02059937768968    0.00377329926687    0.02407714748325   -0.01406859350084  
  5.920000    0.00218983593804   -0.02043335685908    0.00373443656999    0.02388634869679   -0.01404798025522  
  5.930000    0.00216651097099   -0.02026810633156    0.00369566076923    0.02369411311062   -0.01402210396831  
  5.940000    0.00214339432455   -0.02010366168842    0.00365698126184    0.02350044063362   -0.01399068573390  
  5.950000    0.00212048861083   -0.01994006311457    0.00361840970097    0.02330535838702   -0.01395350465874  
  5.960000    0.00209779683006   -0.01977735488156    0.00357995985498    0.02310892032645   -0.01391040013559  
  5.970000    0.00207532231556   -0.01961558479006    0.00354164744624    0.02291120658920   -0.01386127347595  
  5.980000    0.00205306867575   -0.01945480357690    0.00350348997124    0.02271232257353   -0.01380608888608  
  5.990000    0.00203103973334   -0.01929506429260    0.00346550650348    0.02251239775940   -0.01374487377726  
  6.000000    0.00200923946263   -0.01913642165517    0.00342771748124    0.02231158428262   -0.01367771840785  
  6.010000    0.00198767192526   -0.01897893138653    0.00339014448213    0.02211005527722   -0.01360477486197  
  6.020000    0.00196634120522   -0.01882264953797    0.00335280998669    0.02190800300277   -0.01352625537637  
  6.030000    0.00194525134353   -0.01866763181103    0.00331573713331    0.02170563677606   -0.01344243003419  
  6.040000    0.00192440627345   -0.01851393288068    0.00327894946684    0.02150318072813   -0.01335362385055  
  6.050000    0.00190380975666   -0.01836160572710    0.00324247068332    0.02130087140983   -0.01326021328152  
  6.060000    0.00188346532115   -0.01821070098279    0.00320632437333    0.02109895527024   -0.01316262219393  
  6.070000    0.00186337620131   -0.01806126630136    0.00317053376651    0.02089768603392   -0.01306131733914  
  6.080000    0.00184354528095   -0.01791334575414    0.00313512147962    0.02069732200392   -0.01295680337894  
  6.090000    0.00182397503970   -0.01776697926070    0.00310010927076    0.02049812331807   -0.01284961751643  
  6.100000    0.00180466750334   -0.01762220205878    0.00306551780198    0.02030034918682   -0.01274032378901  
  6.110000    0.00178562419857   -0.01747904421903    0.00303136641282    0.02010425514098   -0.01262950708357  
  6.120000    0.00176684611276   -0.01733753020936    0.00299767290679    0.01991009031754   -0.01251776693755  
  6.130000    0.00174833365886   -0.01719767851331    0.00296445335303    0.01971809481163   -0.01240571119096  
  6.140000    0.00173008664610   -0.01705950130634    0.00293172190504    0.01952849712166   -0.01229394955651  
  6.150000    0.00171210425662   -0.01692300419334    0.00289949063836    0.01934151171412   -0.01218308717550  
  6.160000    0.00169438502827   -0.01678818601018    0.00286776940860    0.01915733673306   -0.01207371822724  
  6.170000    0.00167692684390   -0.01665503869142    0.00283656573155    0.01897615187783   -0.01196641965925  
  6.180000    0.00165972692716   -0.01652354720563    0.00280588468631    0.01879811647119   -0.01186174510393  
  6.190000    0.00164278184490   -0.01639368955928    0.00277572884242    0.01862336773758   -0.01176021904571  
  6.200000    0.00162608751618   -0.01626543686938    0.00274609821202    0.01845201930957   -0.01166233129964  
  6.210000    0.00160963922787   -0.01613875350434    0.00271699022712    0.01828415997796   -0.01156853185924  
  6.220000    0.00159343165664   -0.01601359729204    0.00268839974260    0.01811985269868   -0.01147922616764  
  6.230000    0.00157745889718   -0.01588991979319    0.00266031906471    0.01795913386688   -0.01139477086117  
  6.240000    0.00156171449650   -0.01576766663779    0.00263273800499    0.01780201286599   -0.01131547003007  
  6.250000    0.00154619149382   -0.01564677792138    0.00260564395894    0.01764847189661   -0.01124157203494  
  6.260000    0.00153088246583   -0.01552718865769    0.00257902200893    0.01749846608748   -0.01117326691237  
  6.270000    0.00151577957685   -0.01540882928345    0.00255285505013    0.01735192388745   -0.01111068439630  
  6.280000    0.00150087463345   -0.01529162621057    0.00252712393846    0.01720874773504   -0.01105389257578  
  6.290000    0.00148615914301   -0.01517550242069    0.00250180765907    0.01706881499887   -0.01100289720264  
  6.300000    0.00147162437558   -0.01506037809634    0.00247688351369    0.01693197917978   -0.01095764165619  
  6.310000    0.00145726142866   -0.01494617128286    0.00245232732508    0.01679807136252   -0.01091800756470  
  6.320000    0.00144306129404   -0.01483279857476    0.00242811365668    0.01666690190253   -0.01088381607702  
  6.330000    0.00142901492629   -0.01472017581990    0.00240421604515    0.01653826233085   -0.01085482977049  
  6.340000    0.00141511331200   -0.01460821883485    0.00238060724374    0.01641192745775   -0.01083075517493  
  6.350000    0.00140134753934   -0.01449684412450    0.00235725947400    0.01628765765399   -0.01081124588571  
  6.360000    0.00138770886711   -0.01438596959895    0.00233414468338    0.01616520128635   -0.01079590623323  
  6.370000    0.00137418879263   -0.01427551528077    0.00231123480626    0.01604429728275   -0.01078429546979  
  6.380000    0.00136077911781   -0.01416540399572    0.00228850202581    0.01592467780081   -0.01077593242982  
  6.390000    0.00134747201285   -0.01405556204019    0.00226591903416    0.01580607097260   -0.01077030061429  
  6.400000    0.00133426007671   -0.01394591981879    0.00224345928820    0.01568820369741   -0.01076685364584  
  6.410000    0.00132113639395   -0.01383641244580    0.00222109725866    0.01557080445410   -0.01076502103712  
  6.420000    0.00130809458734   -0.01372698030451    0.00219880866990    0.01545360610389   -0.01076421421183  
  6.430000    0.00129512886552   -0.01361756955878    0.00217657072801    0.01533634865502   -0.01076383271499  
  6.440000    0.00128223406549   -0.01350813261180    0.00215436233505    0.01521878196053   -0.01076327054734  
  6.450000    0.00126940568927   -0.01339862850724    0.00213216428720    0.01510066832146   -0.01076192255726  
  6.460000    0.00125663993446   -0.01328902326866    0.00210995945492    0.01498178496828   -0.01075919082312  
  6.470000    0.00124393371827   -0.01317929017367    0.00208773294320    0.01486192639491   -0.01075449095896  
  6.480000    0.00123128469491   -0.01306940995985    0.00206547223036    0.01474090652088   -0.01074725827751  
  6.490000    0.00121869126585   -0.01295937096006    0.00204316728389    0.01461856065897   -0.01073695374558  
  6.500000    0.00120615258317   -0.01284916916554    0.00202081065232    0.01449474726755   -0.01072306966956  
  6.510000    0.00119366854557   -0.01273880821581    0.00199839753182    0.01436934946908   -0.01070513505122  
  6.520000    0.00118123978727   -0.01262829931510    0.00197592580715    0.01424227631844   -0.01068272055755  
  6.530000    0.00116886765975   -0.01251766107570    0.00195339606622    0.01411346380739   -0.01065544305260  
  6.540000    0.00115655420652   -0.01240691928945    0.00193081158819    0.01398287559390   -0.01062296964360  
  6.550000    0.00114430213106   -0.01229610662904    0.00190817830509    0.01385050344820   -0.01058502119881  
  6.560000    0.00113211475819   -0.01218526228183    0.00188550473715    0.01371636740989   -0.01054137530031  
  6.570000    0.00111999598931   -0.01207443151911    0.00186280190262    0.01358051565366   -0.01049186860036  
  6.580000    0.00110795025176   -0.01196366520483    0.00184008320265    0.01344302406387   -0.01043639855673  
  6.590000    0.00109598244278   -0.01185301924802    0.00181736428233    0.01330399552153   -0.01037492452847  
  6.600000    0.00108409786868   -0.01174255400388    0.00179466286925    0.01316355890973   -0.01030746822060  
  6.610000    0.00107230217961   -0.01163233362910    0.00177199859101    0.01302186784685   -0.01023411347272  
  6.620000    0.00106060130066   -0.01152242539725    0.00174939277331    0.01287909915940   -0.01015500539364  
  6.630000    0.00104900135985   -0.01141289898062    0.00172686822071    0.01273545110915   -0.01007034885082  
  6.640000    0.00103750861367   -0.01130382570512    0.00170444898193    0.01259114139167   -0.00998040633025  
  6.650000    0.00102612937101   -0.01119527778546    0.00168216010210    0.01244640492588   -0.00988549518896  
  6.660000    0.00101486991593   -0.01108732754754    0.00166002736414    0.01230149145621   -0.00978598432857  
  6.670000    0.00100373643034   -0.01098004664563    0.00163807702190    0.01215666299117   -0.00968229032474  
  6.680000    0.00099273491698   -0.01087350528173    0.00161633552761    0.01201219110370   -0.00957487305254  
  6.690000    0.00098187112375   -0.01076777143459    0.00159482925616    0.01186835412016   -0.00946423085360  
  6.700000    0.00097115046994   -0.01066291010589    0.00157358422895    0.01172543422618   -0.00935089529524  
  6.710000    0.00096057797509   -0.01055898259087    0.00155262584008    0.01158371451833   -0.00923542557646  
  6.720000    0.00095015819132   -0.01045604578047    0.00153197858740    0.01144347603140   -0.00911840263911  
  6.730000    0.00093989513958   -0.01035415150203    0.00151166581110    0.01130499477137   -0.00900042304584  
  6.740000    0.00092979225073   -0.01025334590490    0.00149170944246    0.01116853878411   -0.00888209268886  
  6.750000    0.00091985231175   -0.01015366889726    0.00147212976526    0.01103436528976   -0.00876402039535  
  6.760000    0.00091007741795   -0.01005515363984    0.00145294519206    0.01090271791212   -0.00864681149649  
  6.770000    0.00090046893141   -0.00995782610173    0.00143417205779    0.01077382403153   -0.00853106142756  
  6.780000    0.00089102744624   -0.00986170468293    0.00141582443256    0.01064789228853   -0.00841734942617  
  6.790000    0.00088175276105   -0.00976679990780    0.00139791395572    0.01052511026433   -0.00830623239498  
  6.800000    0.00087264385890   -0.00967311419261    0.00138044969273    0.01040564236234   -0.00819823899320  
  6.810000    0.00086369889498   -0.00958064169025    0.00136343801652    0.01028962791309   -0.00809386401933  
  6.820000    0.00085491519225   -0.00948936821381    0.00134688251434    0.01017717952272   -0.00799356314416  
  6.830000    0.00084628924512   -0.00939927124056    0.00133078392138    0.01006838168292   -0.00789774804984  
  6.840000    0.00083781673120   -0.00931031999674    0.00131514008175    0.00996328965757   -0.00780678202642  
  6.850000    0.00082949253108   -0.00922247562310    0.00129994593740    0.00986192865872   -0.00772097607264  
  6.860000    0.00082131075602   -0.00913569142004    0.00128519354518    0.00976429332152   -0.00764058554250  
  6.870000    0.00081326478335   -0.00904991317093    0.00127087212206    0.00967034748502   -0.00756580737364  
  6.880000    0.00080534729939   -0.00896507954077    0.00125696811814    0.00958002428254   -0.00749677792738  
  6.890000    0.00079755034938   -0.00888112254744    0.00124346531693    0.00949322654223   -0.00743357146399  
  6.900000    0.00078986539419   -0.00879796810126    0.00123034496209    0.00940982749549   -0.00737619927025  
  6.910000    0.00078228337325   -0.00871553660872    0.00121758590940    0.00932967178769   -0.00732460944956  
  6.920000    0.00077479477314   -0.00863374363480    0.00120516480287    0.00925257678270   -0.00727868737780  
  6.930000    0.00076738970134   -0.00855250061854    0.00119305627316    0.00917833414958   -0.00723825682170  
  6.940000    0.00076005796434   -0.00847171563527    0.00118123315664    0.00910671171729   -0.00720308170885  
  6.950000    0.00075278914967   -0.00839129419883    0.00116966673311    0.00903745558005   -0.00717286853247  
  6.960000    0.00074557271074   -0.00831114009678    0.00115832697996    0.00897029243387   -0.00714726936685  
  6.970000    0.00073839805417   -0.00823115625072    0.00114718284036    0.00890493212208   -0.00712588546323  
  6.980000    0.00073125462843   -0.00815124559422    0.00113620250307    0.00884107036561   -0.00710827138987  
  6.990000    0.00072413201317   -0.00807131196018    0.00112535369121    0.00877839165188   -0.00709393967407  
  7.000000    0.00071702000844   -0.00799126096942    0.00111460395724    0.00871657225432   -0.00708236589895  
  7.010000    0.00070990872279   -0.00791100091231    0.00110392098143    0.00865528335324   -0.00707299420274  
  7.020000    0.00070278865965   -0.00783044361518    0.00109327287085    0.00859419422760   -0.00706524312413  
  7.030000    0.00069565080097   -0.00774950528329    0.00108262845620    0.00853297548628   -0.00705851173353  
  7.040000    0.00068848668744   -0.00766810731249    0.00107195758350    0.00847130230704   -0.00705218598708  
  7.050000    0.00068128849447   -0.00758617706159    0.00106123139778    0.00840885765108   -0.00704564523758  
  7.060000    0.00067404910317   -0.00750364857820    0.00105042261621    0.00834533542108   -0.00703826883502  
  7.070000    0.00066676216568   -0.00742046327072    0.00103950578778    0.00828044353119   -0.00702944274810  
  7.080000    0.00065942216415   -0.00733657051997    0.00102845753715    0.00821390685805   -0.00701856613788  
  7.090000    0.00065202446273   -0.00725192822424    0.00101725679004    0.00814547004281   -0.00700505781492  
  7.100000    0.00064456535213   -0.00716650327225    0.00100588497820    0.00807490011572   -0.00698836251245  
  7.110000    0.00063704208612   -0.00708027193881    0.00099432622159    0.00800198891615   -0.00696795690971  
  7.120000    0.00062945290976   -0.00699322019925    0.00098256748605    0.00792655528294   -0.00694335534204  
  7.130000    0.00062179707874   -0.00690534395862    0.00097059871482    0.00784844699218   -0.00691411513747  
  7.140000    0.00061407486983   -0.00681664919308    0.00095841293239    0.00776754242154   -0.00687984152317  
  7.150000    0.00060628758211   -0.00672715200131    0.00094600631963    0.00768375192323   -0.00684019204926  
  7.160000    0.00059843752890   -0.00663687856456    0.00093337825923    0.00759701889016   -0.00679488048266  
  7.170000    0.00059052802037   -0.00654586501512    0.00092053135086    0.00750732050293   -0.00674368012861  
  7.180000    0.00058256333696   -0.00645415721325    0.00090747139569    0.00741466814816   -0.00668642654346  
  7.190000    0.00057454869362   -0.00636181043400    0.00089420735020    0.00731910750204   -0.00662301960845  
  7.200000    0.00056649019520   -0.00626888896587    0.00088075124956    0.00722071827599   -0.00655342494059  
  7.210000    0.00055839478336   -0.00617546562398    0.00086711810105    0.00711961362479   -0.00647767462357  
  7.220000    0.00055027017516   -0.00608162118157    0.00085332574827    0.00701593922054   -0.00639586724851  
  7.230000    0.00054212479415   -0.00598744372396    0.00083939470735    0.00690987199949   -0.00630816726135  
  7.240000    0.00053396769409   -0.00589302793023    0.00082534797637    0.00680161859148   -0.00621480362080  
  7.250000    0.00052580847629   -0.00579847428824    0.00081121081963    0.00669141344530   -0.00611606777789  
  7.260000    0.00051765720102   -0.00570388824948    0.00079701052864    0.00657951666599   -0.00601231099492  
  7.270000    0.00050952429373   -0.00560937933068    0.00078277616185    0.00646621158313   -0.00590394102869  
  7.280000    0.00050142044699   -0.00551506016963    0.00076853826544    0.00635180207180   -0.00579141820910  
  7.290000    0.00049335651885   -0.00542104554331    0.00075432857757    0.00623660965038   -0.00567525095089  
  7.300000    0.00048534342855   -0.00532745135643    0.00074017971877    0.00612097038168   -0.00555599074165  
  7.310000    0.00047739205045   -0.00523439360932    0.00072612487124    0.00600523160591   -0.00543422665521  
  7.320000    0.00046951310714   -0.00514198735388    0.00071219744994    0.00588974853567   -0.00531057944407  
  7.330000    0.00046171706261   -0.00505034564663    0.00069843076843    0.00577488074487   -0.00518569526937  
  7.340000    0.00045401401646   -0.00495957850822    0.00068485770251    0.00566098858430   -0.00506023913026  
  7.350000    0.00044641360004   -0.00486979189829    0.00067151035480    0.00554842955780   -0.00493488805828  
  7.360000    0.00043892487556   -0.00478108671490    0.00065841972331    0.00543755469338   -0.00481032414465  
  7.370000    0.00043155623896   -0.00469355782742    0.00064561537696    0.00532870494365   -0.00468722747022  
  7.380000    0.00042431532741   -0.00460729315138    0.00063312514135    0.00522220765033   -0.00456626900932  
  7.390000    0.00041720893244   -0.00452237277373    0.00062097479736    0.00511837310649   -0.00444810357880  
  7.400000    0.00041024291931   -0.00443886813621    0.00060918779573    0.00501749124984   -0.00433336290368  
  7.410000    0.00040342215348   -0.00435684128425    0.00059778499006    0.00491982851903   -0.00422264886949  
  7.420000    0.00039675043480   -0.00427634418780    0.00058678439091    0.00482562490334   -0.00411652702978  
  7.430000    0.00039023043999   -0.00419741814012    0.00057620094319    0.00473509121424   -0.00401552043460  
  7.440000    0.00038386367392   -0.00412009323927    0.00056604632894    0.00464840660506   -0.00392010384264  
  7.450000    0.00037765043009   -0.00404438795588    0.00055632879731    0.00456571636204   -0.00383069837521  
  7.460000    0.00037158976043   -0.00397030878955    0.00054705302304    0.00448712998685   -0.00374766666569  
  7.470000    0.00036567945455   -0.00389785001430    0.00053821999458    0.00441271958666   -0.00367130855193  
  7.480000    0.00035991602824   -0.00382699351135    0.00052982693233    0.00434251858343   -0.00360185735219  
  7.490000    0.00035429472078   -0.00375770868492    0.00052186723695    0.00427652074831   -0.00353947675742  
  7.500000    0.00034880950019   -0.00368995245327    0.00051433046714    0.00421467956080   -0.00348425836301  
  7.510000    0.00034345307539   -0.00362366930336    0.00050720234518    0.00415690788440   -0.00343621985249  
  7.520000    0.00033821691346   -0.00355879139231    0.00050046478781    0.00410307794114   -0.00339530383268  
  7.530000    0.00033309125969   -0.00349523867327    0.00049409595877    0.00405302155670   -0.00336137730480  
  7.540000    0.00032806515746   -0.00343291901645    0.00048807033778    0.00400653063451   -0.00333423173858  
  7.550000    0.00032312646429   -0.00337172828846    0.00048235879944    0.00396335780297   -0.00331358369582  
  7.560000    0.00031826185919   -0.00331155034545    0.00047692869359    0.00392321716335   -0.00329907592711  
  7.570000    0.00031345683615   -0.00325225688783    0.00047174391697    0.00388578504873   -0.00329027883910  
  7.580000    0.00030869567748   -0.00319370711797    0.00046676496428    0.00385070068749   -0.00328669220331  
  7.590000    0.00030396140048   -0.00313574713873    0.00046194894534    0.00381756664997   -0.00328774694993  
  7.600000    0.00029923567091   -0.00307820903207    0.00045724955441    0.00378594894812   -0.00329280686739  
  7.610000    0.00029449867744   -0.00302090956530    0.00045261697801    0.00375537665755   -0.00330117001263  
  7.620000    0.00028972896311   -0.00296364849113    0.00044799772997    0.00372534094699   -0.00331206963695  
  7.630000    0.00028490321305   -0.00290620644006    0.00044333440677    0.00369529343548   -0.00332467445416  
  7.640000    0.00027999600243   -0.00284834245162    0.00043856536427    0.00366464386182   -0.00333808813197  
  7.650000    0.00027497951562   -0.00278979125856    0.00043362432800    0.00363275714826   -0.00335134798538  
  7.660000    0.00026982325652   -0.00273026052452    0.00042843996551    0.00359895007835   -0.00336342299935  
  7.670000    0.00026449378077   -0.00266942834133    0.00042293546907    0.00356248798679   -0.00337321151724  
  7.680000    0.00025895449334   -0.00260694141128    0.00041702822115    0.00352258207677   -0.00337953919950  
  7.690000    0.00025316556821   -0.00254241446498    0.00041062964197    0.00347838822463   -0.00338115817874  
  7.700000    0.00024708405940   -0.00247543158267    0.00040364534546    0.00342900838577   -0.00337674869221  
  7.710000    0.00024066428310   -0.00240555017998    0.00039597575386    0.00337349594836   -0.00336492482695  
  7.720000    0.00023385855588   -0.00233230846405    0.00038751733805    0.00331086655332   -0.00334424631745  
  7.730000    0.00022661837228   -0.00225523713989    0.00037816465463    0.00324011596137   -0.00331323852477  
  7.740000    0.00021889609291   -0.00217387602352    0.00036781333596    0.00316024644673   -0.00327042272551  
  7.750000    0.00021064719005   -0.00208779597727    0.00035636415134    0.00307030288074   -0.00321435856896  
  7.760000    0.00020183305923   -0.00199662620981    0.00034372819094    0.00296941909486   -0.00314369995157  
  7.770000    0.00019242435307   -0.00190008647780    0.00032983312788    0.00285687426140   -0.00305726456267  
  7.780000    0.00018240472852   -0.00179802310474    0.00031463039013    0.00273215791117   -0.00295411596581  
  7.790000    0.00017177482483   -0.00169044703252    0.00029810292764    0.00259504087309   -0.00283365534479  
  7.800000    0.00016055621368   -0.00157757140213    0.00028027310396    0.00244564797102   -0.00269571807515  
  7.810000    0.00014879499202   -0.00145984550132    0.00026121009088    0.00228452689331   -0.00254066826716  
  7.820000    0.00013656463399   -0.00133798141520    0.00024103601991    0.00211270644883   -0.00236948261204  
  7.830000    0.00012396769003   -0.00121296946935    0.00021993006818    0.00193173664950   -0.00218381354368  
  7.840000    0.00011113593044   -0.00108607866052    0.00019812965066    0.00174370292293   -0.00198602120864  
  7.850000    0.00009822858337   -0.00095883879689    0.00017592797339    0.00155120743706   -0.00177916428891  
  7.860000    0.00008542841925   -0.00083300205437    0.00015366738522    0.00135731212146   -0.00156694153825  
  7.870000    0.00007293558214   -0.00071048308059    0.00013172824711    0.00116544050947   -0.00135357903178  
  7.880000    0.00006095925589   -0.00059327856869    0.00011051340684    0.00097923889013   -0.00114366248189  
  7.890000    0.00004970746627   -0.00048336924251    0.00009042879499    0.00080240120614   -0.00094191924286  
  7.900000    0.00003937553740   -0.00038260925370    0.00007186110530    0.00063846629912   -0.00075296032971  
  7.910000    0.00003013391977   -0.00029260986134    0.00005515394103    0.00049060002660   -0.00058099828864  
  7.920000    0.00002211626119   -0.00021462570921    0.00004058414341    0.00036137795637   -0.00042956137195  
  7.930000    0.00001540867855   -0.00014945281104    0.00002834021999    0.00025258630269   -0.00030122749854  
  7.940000    0.00001004118812   -0.00009734733309    0.00001850481723    0.00016505911677   -0.00019740234498  
  7.950000    0.00000598215653   -0.00005797333379    0.00001104301181    0.00009856825289   -0.00011816424983  
  7.960000    0.00000313644392   -0.00003038579394    0.00000579782537    0.00005177927922   -0.00006219435210  
  7.970000    0.00000134763700   -0.00001305266917    0.00000249382413    0.00002228150349   -0.00002680378612  
  7.980000    0.00000040443845   -0.00000391654203    0.00000074899316    0.00000669407700   -0.00000806140554  
  7.990000    0.00000005092004   -0.00000049305291    0.00000009434388    0.00000084334857   -0.00000101626732  
  8.000000   -0.00000000000000   -0.00000000000000   -0.00000000000000    0.00000000000000   -0.00000000000000  
