0	0.002047561205259278
1	0.0017899233131588017
2	0.0017730851353211735
3	0.0017258386919786124
4	0.0016481652543345014
5	0.0015894169546735865
6	0.0015588666820614393
7	0.0015444815494028484
8	0.0015333650185993188
9	0.0015198741452766887
10	0.0015038591072434162
11	0.0014871738523679501
12	0.0014723588050648431
13	0.0014612333725480392
14	0.0014538582356085124
15	0.0014487400038254309
16	0.0014439100209959793
17	0.0014380396460617335
18	0.001430935415461446
19	0.0014233293438847849
20	0.001416283206060426
21	0.0014105833441459949
22	0.0014063852231001608
23	0.0014032107501681587
24	0.0014002432463404517
25	0.0013967417167801332
26	0.0013923626957588794
27	0.001387253195365436
28	0.0013819081222789902
29	0.0013768893741505834
30	0.001372547485435816
31	0.0013688744007297673
32	0.0013655506430514334
33	0.0013621486943311823
34	0.0013583708680138943
35	0.0013541898362600842
36	0.0013498265355270686
37	0.0013455953520515303
38	0.0013417149563354131
39	0.0013381934306116367
40	0.0013348469561092263
41	0.0013314301757588114
42	0.0013277911762732792
43	0.001323954693377288
44	0.001320087074460582
45	0.0013163724066676183
46	0.0013128854643147901
47	0.001309549098676199
48	0.0013062048370274999
49	0.0013027412983658076
50	0.0012991794650451523
51	0.0012956477976253972
52	0.001292270078118732
53	0.0012890622108163068
54	0.0012859277534712223
55	0.0012827555791120793
56	0.0012795287964754026
57	0.0012763403271098032
58	0.001273298471489062
59	0.001270418477293465
60	0.0012676180508794652
61	0.0012648252481586683
62	0.00126207366864583
63	0.001259467211923307
64	0.0012570562841357246
65	0.0012547856781751736
66	0.0012525840817122636
67	0.0012504692248682784
68	0.0012485158959951131
69	0.0012467349646786575
70	0.0012450502974778478
71	0.0012434081606879784
72	0.0012418390052749441
73	0.0012403756630121057
74	0.001238977301669697
75	0.001237588339215704
76	0.001236220728292102
77	0.001234919857976975
78	0.0012336882108199823
79	0.0012324999562554494
80	0.0012313637007234366
81	0.0012303167963405484
82	0.001229371223221431
83	0.0012285077851713184
84	0.0012277166566296521
85	0.0012270086191945502
86	0.001226386059057593
87	0.0012258296955773313
88	0.0012253197590219639
89	0.0012248521974800378
90	0.0012244270159802175
91	0.0012240338399381258
92	0.0012236581998535672
93	0.0012232949096720597
94	0.0012229467592919912
95	0.001222613451281636
96	0.0012222893935859927
97	0.0012219716516048385
98	0.0012216635451929214
99	0.001221368802586185
100	0.0012210866787549799
101	0.0012208151358680825
102	0.0012205554938817143
103	0.0012203108639687974
104	0.0012200817656401921
105	0.0012198662314667533
106	0.0012196634305752967
107	0.0012194744475066258
108	0.0012192994797054785
109	0.0012191366106834385
110	0.001218983946779347
111	0.0012188411862117036
112	0.0012187082753813624
113	0.0012185839345745409
114	0.0012184665518606172
115	0.0012183556169315737
116	0.0012182512761081182
117	0.0012181530691107898
118	0.0012180600395812699
119	0.0012179717506385613
120	0.001217888332961105
121	0.0012178096264312335
122	0.0012177349599434475
123	0.001217663789568766
124	0.0012175959757179567
125	0.0012175313101709295
126	0.0012174692173701502
127	0.0012174091023204386
128	0.0012173506698447386
129	0.0012172937136424556
130	0.001217237839655475
131	0.0012171826088738593
132	0.001217127798658011
133	0.0012170733354506134
134	0.001217019072913994
135	0.0012169648103494712
136	0.001216910471024494
137	0.0012168561043559073
138	0.0012168017288248403
139	0.0012167472960853203
140	0.0012166928033653839
141	0.001216638327209159
142	0.0012165839258451749
143	0.0012165295909182076
144	0.001216475315546297
145	0.0012164211380436849
146	0.0012163670892559211
147	0.0012163131509552734
148	0.0012162592962823376
149	0.0012162055308281349
150	0.0012161518667722256
151	0.0012160982897156866
152	0.0012160447792789598
153	0.0012159913400541236
154	0.0012159379885942297
155	0.0012158847271809914
156	0.0012158315516420412
157	0.0012157784721580195
158	0.0012157255068141494
159	0.0012156726622078592
160	0.0012156199354719651
161	0.0012155673288501987
162	0.0012155148482505655
163	0.0012154624910667398
164	0.001215410246994345
165	0.0012153581089774307
166	0.0012153060744798975
167	0.0012152541379673316
168	0.001215202290637833
169	0.0012151505274969206
170	0.001215098848555873
171	0.0012150472533570772
172	0.0012149957396654805
173	0.0012149443075986674
174	0.0012148929605129925
175	0.0012148417012977594
176	0.0012147905312263104
177	0.0012147394528044522
178	0.001214688470820346
179	0.0012146375901898336
180	0.0012145868152170164
181	0.0012145361515268896
182	0.00121448560684896
183	0.0012144351895035474
184	0.0012143849076690447
185	0.0012143347704602642
186	0.0012142847883459306
187	0.001214234972056561
188	0.0012141853320114019
189	0.0012141358790191095
190	0.0012140866246039825
191	0.001214037580328111
192	0.00121398875743116
193	0.0012139401673193096
194	0.001213891821788802
195	0.0012138437325800615
196	0.0012137959111321454
197	0.001213748368904841
198	0.0012137011175311818
199	0.0012136541685221565
200	0.0012136075331080501
201	0.0012135612224488733
202	0.0012135152477167949
203	0.001213469619879071
204	0.0012134243495658399
205	0.001213379447182483
206	0.0012133349229325422
207	0.0012132907866420756
208	0.0012132470476677452
209	0.0012132037149611434
210	0.001213160797078793
211	0.0012131183020677252
212	0.0012130762374123268
213	0.0012130346100811277
214	0.0012129934265416446
215	0.0012129526926878901
216	0.00121291241381717
217	0.0012128725946722733
218	0.0012128332394491749
219	0.001212794351756444
220	0.0012127559345998847
221	0.001212717990417897
222	0.00121268052108615
223	0.0012126435278969627
224	0.0012126070115613208
225	0.0012125709722421011
226	0.0012125354095684497
227	0.0012125003226365304
228	0.0012124657100187767
229	0.0012124315698043547
230	0.001212397899613573
231	0.0012123646966071978
232	0.0012123319575123046
233	0.001212299678653197
234	0.001212267855977874
235	0.0012122364850710437
236	0.0012122055611845143
237	0.0012121750792667828
238	0.0012121450339896266
239	0.0012121154197627189
240	0.001212086230764772
241	0.001212057460967539
242	0.001212029104160555
243	0.0012120011539680357
244	0.0012119736038754296
245	0.001211946447252009
246	0.0012119196773699632
247	0.0012118932874247799
248	0.0012118672705539928
249	0.0012118416198550704
250	0.001211816328403162
251	0.0012117913892639098
252	0.001211766795507543
253	0.0012117425402237412
254	0.001211718616533149
255	0.001211695017595711
256	0.0012116717366248459
257	0.001211648766893035
258	0.0012116261017413108
259	0.001211603734583674
260	0.0012115816589160875
261	0.001211559868317755
262	0.0012115383564576918
263	0.0012115171170955935
264	0.0012114961440867172
265	0.0012114754313800695
266	0.0012114549730213693
267	0.0012114347631520606
268	0.001211414796008443
269	0.001211395065921666
270	0.0012113755673147427
271	0.0012113562947009045
272	0.0012113372426800484
273	0.0012113184059399297
274	0.001211299779246214
275	0.0012112813574453917
276	0.001211263135456169
277	0.0012112451082658608
278	0.0012112272709302874
279	0.0012112096185636606
280	0.0012111921463350908
281	0.0012111748494662822
282	0.0012111577232206863
283	0.0012111407629037973
284	0.0012111239638530578
285	0.0012111073214320892
286	0.001211090831026047
287	0.0012110744880331973
288	0.0012110582878605176
289	0.0012110422259125793
290	0.0012110262975862645
291	0.00121101049826525
292	0.001210994823305577
293	0.0012109792680343508
294	0.001210963827734058
295	0.0012109484976375944
296	0.0012109332729171116
297	0.0012109181486706945
298	0.0012109031199147476
299	0.0012108881815706659
300	0.001210873328448708
301	0.001210858555240336
302	0.0012108438564976363
303	0.0012108292266216096
304	0.0012108146598423025
305	0.0012108001502011327
306	0.001210785691532877
307	0.0012107712774398276
308	0.0012107569012732933
309	0.0012107425561041045
310	0.001210728234695541
311	0.0012107139294744685
312	0.001210699632495917
313	0.001210685335407866
314	0.0012106710294090344
315	0.0012106567052066776
316	0.001210642352964134
317	0.0012106279622515106
318	0.0012106135219788158
319	0.001210599020336304
320	0.0012105844447146648
321	0.0012105697816248086
322	0.0012105550166047149
323	0.0012105401341162636
324	0.0012105251174292229
325	0.0012105099484935261
326	0.00121049460778779
327	0.0012104790741601524
328	0.001210463324637897
329	0.0012104473342220666
330	0.0012104310756416371
331	0.0012104145190872688
332	0.0012103976319010256
333	0.0012103803782226032
334	0.0012103627185849602
335	0.001210344609451945
336	0.001210326002684777
337	0.0012103068449300807
338	0.0012102870769064987
339	0.0012102666325857654
340	0.0012102454382348746
341	0.0012102234113039044
342	0.0012102004591265582
343	0.0012101764773926418
344	0.0012101513483586774
345	0.0012101249387354764
346	0.0012100970971851643
347	0.0012100676513580203
348	0.0012100364043559357
349	0.0012100031305109192
350	0.001209967570317619
351	0.0012099294243331621
352	0.001209888345802742
353	0.0012098439317147942
354	0.001209795711897321
355	0.0012097431356773388
356	0.0012096855554906767
357	0.0012096222066482966
358	0.0012095521822534868
359	0.0012094744019519872
360	0.001209387572824645
361	0.0012092901402055941
362	0.0012091802255178039
363	0.0012090555473126536
364	0.0012089133204596443
365	0.0012087501267696922
366	0.0012085617480969008
367	0.0012083429499055696
368	0.0012080871991176144
369	0.0012077862943660638
370	0.001207429878894355
371	0.0012070047955350716
372	0.0012064942281118794
373	0.001205876552734159
374	0.0012051237933269187
375	0.0012041995357519146
376	0.0012030561015814892
377	0.0012016307189049815
378	0.0011998403774524007
379	0.0011975751193658954
380	0.0011946900456825558
381	0.0011909984263406505
382	0.0011862751511467191
383	0.0011802983494376227
384	0.0011729921357102144
385	0.0011647378090880688
386	0.001156711639236165
387	0.0011506143317749613
388	0.00114728690820806
389	0.001146042285968431
390	0.0011458564259873055
391	0.0011462502387183443
392	0.0011460125695863528
393	0.0011459380523743481
394	0.0011448655599094269
395	0.0011439945999055267
396	0.0011430589431484159
397	0.001142296056972381
398	0.0011420415836554004
399	0.001141924818101424
400	0.0011416340351149859
401	0.001141428565208881
402	0.0011411363812548953
403	0.0011406872990969458
404	0.001140323398382531
405	0.0011400653870565101
406	0.0011397986273000394
407	0.0011395704667698581
408	0.001139442579052073
409	0.001139301601154723
410	0.0011391290642230657
411	0.001138972722734678
412	0.0011388555338101899
413	0.0011387223865884067
414	0.0011386261519719634
415	0.0011385832171586655
416	0.0011385746951555055
417	0.001138556212904449
418	0.001138513375168737
419	0.001138462320653448
420	0.0011383600200313279
421	0.001138225515480965
422	0.0011380862554538952
423	0.0011379591056703497
424	0.0011378542490935641
425	0.0011377666449345846
426	0.001137715450780999
427	0.001137679055906653
428	0.0011376499793918765
429	0.0011376254060098488
430	0.0011376030763911586
431	0.0011375767430845001
432	0.0011375441790760106
433	0.0011375146271914963
434	0.0011374912320260477
435	0.001137471195816246
436	0.0011374559294733207
437	0.0011374473590271368
438	0.0011374405249402534
439	0.001137430497186858
440	0.001137418619646527
441	0.0011374073176188342
442	0.0011373962614802935
443	0.0011373858308855683
444	0.0011373782305824649
445	0.0011373734569006685
446	0.0011373685623020991
447	0.0011373634927977318
448	0.0011373586796807867
449	0.001137353915217394
450	0.0011373486977101503
451	0.001137343547278892
452	0.0011373398028929655
453	0.0011373362473668777
454	0.0011373331424990427
455	0.0011373306634645368
456	0.0011373283897387983
457	0.0011373254818423059
458	0.0011373214608323568
459	0.0011373171143071474
460	0.0011373123443929544
461	0.001137307526816499
462	0.001137303180628265
463	0.0011372996432931757
464	0.001137296628174871
465	0.0011372937948362506
466	0.0011372911670641955
467	0.0011372885130847346
468	0.001137285665355283
469	0.001137282655047678
470	0.001137279642703847
471	0.0011372765902008756
472	0.0011372735490996413
473	0.0011372706131688587
474	0.001137267838494017
475	0.0011372651203720697
476	0.0011372624340732196
477	0.0011372598008268277
478	0.001137257165797213
479	0.0011372545117269229
480	0.0011372519001189832
481	0.0011372493552189846
482	0.0011372468557080601
483	0.001137244365037413
484	0.0011372419091989414
485	0.001137239450972132
486	0.001137236979224162
487	0.0011372345134629657
488	0.0011372320693047028
489	0.0011372296541112452
490	0.001137227249621044
491	0.0011372248795302302
492	0.0011372225184639701
493	0.0011372201561605432
494	0.0011372177882194169
495	0.0011372154201357088
496	0.001137213045406948
497	0.0011372106668197433
498	0.0011372083002481844
499	0.001137205951619209
500	0.0011372036191697982
501	0.001137201303854046
502	0.0011371990058714424
503	0.0011371967148456142
504	0.0011371944250175392
505	0.0011371921377159276
506	0.0011371898558364946
507	0.0011371875780918238
508	0.0011371853079705208
509	0.0011371830487601413
510	0.0011371807991459777
511	0.0011371785584025165
512	0.0011371763271801087
513	0.001137174106048993
514	0.0011371718931133714
515	0.0011371696884510708
516	0.0011371674933960073
517	0.001137165306662902
518	0.0011371631285722588
519	0.0011371609590470708
520	0.0011371587984413119
521	0.0011371566449881428
522	0.001137154498820467
523	0.0011371523603212253
524	0.0011371502296240166
525	0.0011371481070479293
526	0.0011371459930874762
527	0.0011371438879749407
528	0.0011371417910587109
529	0.0011371397022354017
530	0.0011371376214309816
531	0.0011371355484320242
532	0.0011371334831672328
533	0.0011371314259011169
534	0.0011371293767255119
535	0.0011371273356916675
536	0.0011371253029487187
537	0.001137123278631236
538	0.0011371212625802276
539	0.0011371192547169396
540	0.001137117255051558
541	0.001137115263527735
542	0.0011371132801259332
543	0.001137111304954093
544	0.001137109338137491
545	0.0011371073796411332
546	0.0011371054294996778
547	0.0011371034877509503
548	0.0011371015543699264
549	0.0011370996293513565
550	0.0011370977127277283
551	0.0011370958045375476
552	0.0011370939047439554
553	0.0011370920133846555
554	0.0011370901304606125
555	0.001137088255971071
556	0.0011370863898990072
557	0.0011370845322787324
558	0.001137082683106012
559	0.001137080842392072
560	0.0011370790101567886
561	0.0011370771864321106
562	0.0011370753712145179
563	0.0011370735645203783
564	0.0011370717663504335
565	0.0011370699767055724
566	0.0011370681955757108
567	0.0011370664229732707
568	0.0011370646589095481
569	0.0011370629033866104
570	0.0011370611564178906
571	0.001137059418005841
572	0.0011370576881570092
573	0.0011370559668697135
574	0.0011370542541481999
575	0.0011370525499935522
576	0.0011370508544039967
577	0.0011370491673832301
578	0.001137047488936155
579	0.0011370458190609711
580	0.001137044157757592
581	0.0011370425050330122
582	0.0011370408608801905
583	0.0011370392252974943
584	0.0011370375982828554
585	0.0011370359798352492
586	0.0011370343699482635
587	0.0011370327686215796
588	0.0011370311758507616
589	0.0011370295916310693
590	0.0011370280159543108
591	0.0011370264488197346
592	0.001137024890217574
593	0.001137023340142632
594	0.0011370217985873234
595	0.0011370202655468663
596	0.001137018741010234
597	0.001137017224970692
598	0.0011370157174172661
599	0.0011370142183408675
600	0.0011370127277330945
601	0.0011370112455792213
602	0.0011370097718700236
603	0.0011370083065956782
604	0.0011370068497413373
605	0.0011370054012952234
606	0.0011370039612450657
607	0.0011370025295743898
608	0.0011370011062715054
609	0.001136999691321242
610	0.001136998284707351
611	0.001136996886415822
612	0.0011369954964280749
613	0.00113699411472788
614	0.0011369927412996476
615	0.001136991376125319
616	0.0011369900191843913
617	0.00113698867046007
618	0.0011369873299331345
619	0.0011369859975825397
620	0.0011369846733908485
621	0.0011369833573350873
622	0.0011369820493938095
623	0.0011369807495462763
624	0.001136979457772086
625	0.0011369781740471264
626	0.001136976898347223
627	0.0011369756306501269
628	0.0011369743709338748
629	0.001136973119169604
630	0.0011369718753358844
631	0.0011369706394103243
632	0.0011369694113608868
633	0.0011369681911659506
634	0.0011369669787984554
635	0.0011369657742289828
636	0.001136964577432991
637	0.0011369633883818416
638	0.0011369622070475968
639	0.0011369610334020514
640	0.0011369598674152255
641	0.001136958709058861
642	0.001136957558302876
643	0.0011369564151178808
644	0.0011369552794733037
645	0.001136954151336432
646	0.001136953030679882
647	0.0011369519174675292
648	0.0011369508116727833
649	0.0011369497132590724
650	0.0011369486221967362
651	0.0011369475384526164
652	0.0011369464619896605
653	0.0011369453927806007
654	0.0011369443307869122
655	0.0011369432759767318
656	0.0011369422283166422
657	0.0011369411877695257
658	0.001136940154301321
659	0.0011369391278763209
660	0.0011369381084621133
661	0.001136937096018824
662	0.0011369360905126565
663	0.001136935091906503
664	0.001136934100164241
665	0.0011369331152498007
666	0.0011369321371255672
667	0.0011369311657542546
668	0.0011369302010978844
669	0.0011369292431207953
670	0.0011369282917828357
671	0.00113692734704729
672	0.0011369264088756028
673	0.0011369254772303186
674	0.0011369245520714136
675	0.0011369236333618432
676	0.00113692272106114
677	0.001136921815130285
678	0.001136920915530604
679	0.0011369200222233647
680	0.0011369191351689664
681	0.0011369182543269542
682	0.0011369173796586876
683	0.0011369165111246807
684	0.0011369156486821508
685	0.0011369147922943848
686	0.0011369139419195077
687	0.0011369130975190404
688	0.0011369122590499216
689	0.0011369114264743359
690	0.001136910599750433
691	0.0011369097788401083
692	0.001136908963699085
693	0.0011369081542916418
694	0.001136907350571817
695	0.0011369065525023197
696	0.0011369057600429616
697	0.001136904973150344
698	0.0011369041917863069
699	0.0011369034159087919
700	0.0011369026454792642
701	0.0011369018804528882
702	0.0011369011207936408
703	0.0011369003664587723
704	0.0011368996174078365
705	0.0011368988736009237
706	0.0011368981349949873
707	0.0011368974015531512
708	0.0011368966732330905
709	0.0011368959499948397
710	0.0011368952317977615
711	0.001136894518601894
712	0.0011368938103681397
713	0.001136893107054493
714	0.0011368924086221082
715	0.0011368917150310913
716	0.0011368910262416656
717	0.0011368903422153177
718	0.0011368896629092651
719	0.0011368889882860309
720	0.0011368883183076812
721	0.0011368876529311684
722	0.0011368869921228692
723	0.0011368863358398572
724	0.0011368856840427042
725	0.0011368850366953464
726	0.0011368843937598588
727	0.0011368837551935572
728	0.0011368831209617489
729	0.001136882491025455
730	0.0011368818653463445
731	0.0011368812438884144
732	0.0011368806266121817
733	0.0011368800134815258
734	0.001136879404457896
735	0.001136878799504789
736	0.001136878198586194
737	0.001136877601665918
738	0.001136877008704131
739	0.0011368764196688671
740	0.001136875834521738
741	0.0011368752532269195
742	0.0011368746757496819
743	0.0011368741020542565
744	0.0011368735321042735
745	0.0011368729658650732
746	0.001136872403305189
747	0.001136871844385556
748	0.001136871289074201
749	0.001136870737335512
750	0.0011368701891385509
751	0.0011368696444454685
752	0.0011368691032255368
753	0.001136868565446572
754	0.0011368680310743227
755	0.0011368675000733089
756	0.0011368669724155047
757	0.0011368664480659822
758	0.001136865926993552
759	0.001136865409167514
760	0.0011368648945555837
761	0.0011368643831252993
762	0.0011368638748473759
763	0.0011368633696888677
764	0.0011368628676218897
765	0.0011368623686154639
766	0.0011368618726403353
767	0.001136861379662447
768	0.0011368608896583903
769	0.0011368604025939581
770	0.0011368599184433126
771	0.0011368594371771873
772	0.0011368589587657308
773	0.0011368584831812475
774	0.0011368580103978372
775	0.0011368575403856163
776	0.001136857073116953
777	0.0011368566085664226
778	0.0011368561467047613
779	0.0011368556875084842
780	0.0011368552309486634
781	0.0011368547770008615
782	0.0011368543256371248
783	0.0011368538768352287
784	0.0011368534305648418
785	0.0011368529868051513
786	0.0011368525455297384
787	0.0011368521067151261
788	0.001136851670333554
789	0.001136851236364436
790	0.001136850804783751
791	0.0011368503755669434
792	0.00113684994869088
793	0.0011368495241328464
794	0.001136849101868283
795	0.0011368486818768527
796	0.0011368482641358818
797	0.001136847848622743
798	0.0011368474353178383
799	0.0011368470241948556
800	0.0011368466152353268
801	0.0011368462084190409
802	0.0011368458037230153
803	0.0011368454011295521
804	0.0011368450006155459
805	0.0011368446021629217
806	0.0011368442057497503
807	0.001136843811358759
808	0.00113684341896748
809	0.0011368430285602347
810	0.0011368426401170935
811	0.0011368422536176658
812	0.0011368418690445162
813	0.0011368414863816994
814	0.0011368411056109768
815	0.001136840726717739
816	0.0011368403496928147
817	0.0011368399745393676
818	0.0011368396012820846
819	0.0011368392300195626
820	0.0011368388610069505
821	0.001136838494899988
822	0.0011368381333549905
823	0.0011368377805395684
824	0.0011368374469509033
825	0.0011368371590921638
826	0.0011368369837601213
827	0.0011368370868812738
828	0.0011368378620960312
829	0.0011368401236717053
830	0.0011368449536057854
831	0.0011368515992852886
832	0.0011368542290059874
833	0.0011368481105680488
834	0.0011368401871039672
835	0.0011368385616909
836	0.0011368411890506315
837	0.0011368405556532255
838	0.001136836886687136
839	0.001136835696768504
840	0.001136836935713659
841	0.0011368357382969072
842	0.0011368333517814883
843	0.00113683386707474
844	0.0011368340772036675
845	0.0011368319199222742
846	0.001136831684494097
847	0.0011368322703259322
848	0.0011368305851578713
849	0.0011368299947631135
850	0.0011368305478718808
851	0.0011368292781461984
852	0.0011368286222825067
853	0.00113682903638151
854	0.0011368280675344642
855	0.0011368274528928176
856	0.0011368277043008166
857	0.0011368269394973092
858	0.0011368263789267386
859	0.0011368264708174819
860	0.0011368258580578168
861	0.0011368253547292548
862	0.0011368253023390496
863	0.0011368248088933677
864	0.001136824376127625
865	0.0011368242036515742
866	0.0011368237883110147
867	0.0011368234356696335
868	0.0011368231796461742
869	0.0011368227961736236
870	0.001136822514782323
871	0.0011368222206670244
872	0.0011368218364984257
873	0.001136821598802314
874	0.0011368213065095912
875	0.0011368209137888347
876	0.0011368206865561051
877	0.001136820416740304
878	0.0011368200270039173
879	0.0011368197867409806
880	0.0011368195400314278
881	0.0011368191694665355
882	0.0011368189096812296
883	0.0011368186770883523
884	0.0011368183366023228
885	0.0011368180648437145
886	0.001136817840778745
887	0.0011368175375740647
888	0.0011368172718110427
889	0.0011368170645823096
890	0.0011368168152032813
891	0.0011368165909925196
892	0.0011368164366256975
893	0.0011368162846267522
894	0.0011368161639870138
895	0.0011368161117785817
896	0.001136816067783555
897	0.0011368159859499653
898	0.0011368158278608747
899	0.0011368154974248606
900	0.0011368149624679377
901	0.0011368143022958586
902	0.0011368136593454996
903	0.0011368131698460894
904	0.0011368128943507465
905	0.0011368127789681557
906	0.0011368127107626623
907	0.0011368125796079496
908	0.0011368123164623616
909	0.0011368119322043488
910	0.001136811502122812
911	0.0011368111115017993
912	0.0011368108142304043
913	0.0011368106100863367
914	0.0011368104464272136
915	0.0011368102617897462
916	0.0011368100228717262
917	0.0011368097272180476
918	0.0011368094017076256
919	0.0011368090886477215
920	0.0011368088154544453
921	0.001136808582301957
922	0.0011368083729145426
923	0.0011368081637130976
924	0.0011368079341363174
925	0.0011368076795280786
926	0.0011368074093492243
927	0.0011368071373655142
928	0.00113680687628303
929	0.0011368066329732849
930	0.001136806404462004
931	0.0011368061822612811
932	0.0011368059585436321
933	0.001136805727708503
934	0.001136805488097208
935	0.0011368052430210343
936	0.001136804997620182
937	0.0011368047557287406
938	0.0011368045198212157
939	0.0011368042903787256
940	0.001136804065286862
941	0.001136803841708792
942	0.0011368036177075152
943	0.0011368033920117313
944	0.001136803164143575
945	0.0011368029349200501
946	0.0011368027057089686
947	0.0011368024775635394
948	0.001136802251267108
949	0.001136802027299696
950	0.0011368018055639474
951	0.0011368015855886416
952	0.001136801366875733
953	0.0011368011489465459
954	0.0011368009314014786
955	0.001136800714047985
956	0.0011368004968652318
957	0.0011368002799265538
958	0.0011368000633947288
959	0.0011367998474564151
960	0.0011367996322447884
961	0.001136799417878087
962	0.0011367992044538481
963	0.0011367989919844309
964	0.0011367987804440836
965	0.0011367985698278755
966	0.0011367983601090772
967	0.0011367981512300541
968	0.0011367979431441233
969	0.0011367977358487144
970	0.0011367975293205704
971	0.0011367973235246252
972	0.0011367971184677265
973	0.001136796914157162
974	0.0011367967105938774
975	0.0011367965077840516
976	0.0011367963057525566
977	0.0011367961045308616
978	0.0011367959041456224
979	0.0011367957046518132
980	0.00113679550612724
981	0.0011367953086753976
982	0.001136795112444885
983	0.0011367949176590425
984	0.0011367947246408274
985	0.00113679453387173
986	0.0011367943460548781
987	0.0011367941622612043
988	0.0011367939840625206
989	0.001136793813840846
990	0.0011367936550658716
991	0.0011367935129125923
992	0.0011367933945336053
993	0.001136793309900101
994	0.001136793270641407
995	0.0011367932890571895
996	0.0011367933690164473
997	0.001136793496688479
998	0.0011367936151298593
999	0.0011367936237907683
1000	0.0011367933915453167
1001	0.0011367928593679223
1002	0.0011367921152259284
1003	0.0011367913978339518
1004	0.0011367909350791737
1005	0.0011367907960924332
1006	0.0011367908688470385
1007	0.0011367909529207537
1008	0.0011367908767813634
1009	0.0011367905814951606
1010	0.0011367901496105205
1011	0.0011367897388695038
1012	0.0011367894723247642
1013	0.001136789362371343
1014	0.0011367893243635241
1015	0.0011367892478200657
1016	0.0011367890669278912
1017	0.0011367887936750134
1018	0.0011367884967811745
1019	0.001136788249210892
1020	0.0011367880801923318
1021	0.0011367879657721365
1022	0.0011367878545947116
1023	0.001136787704237063
1024	0.0011367875048826418
1025	0.001136787278501996
1026	0.0011367870599024816
1027	0.0011367868731065026
1028	0.0011367867194721577
1029	0.0011367865816885223
1030	0.0011367864376056545
1031	0.0011367862736534982
1032	0.0011367860903754527
1033	0.0011367858993009117
1034	0.0011367857142699734
1035	0.0011367855435651
1036	0.001136785386720311
1037	0.0011367852366884264
1038	0.0011367850848766797
1039	0.0011367849257335597
1040	0.001136784758790497
1041	0.0011367845877187275
1042	0.0011367844177086308
1043	0.0011367842526802964
1044	0.001136784093793123
1045	0.0011367839395593755
1046	0.0011367837870873245
1047	0.0011367836336495165
1048	0.0011367834777585124
1049	0.001136783319498372
1050	0.0011367831600995958
1051	0.0011367830012110002
1052	0.001136782844158161
1053	0.0011367826895289823
1054	0.001136782537137432
1055	0.0011367823862728078
1056	0.0011367822360690808
1057	0.0011367820858295143
1058	0.0011367819352110097
1059	0.0011367817842378358
1060	0.001136781633209679
1061	0.00113678148252946
1062	0.0011367813325754547
1063	0.0011367811835908015
1064	0.001136781035656251
1065	0.0011367808887145542
1066	0.0011367807426131949
1067	0.0011367805971710756
1068	0.0011367804522325728
1069	0.001136780307682313
1070	0.00113678016347157
1071	0.001136780019594983
1072	0.0011367798760917641
1073	0.0011367797330176597
1074	0.001136779590428037
1075	0.0011367794483733845
1076	0.0011367793068894781
1077	0.001136779165996202
1078	0.0011367790256958956
1079	0.0011367788859873024
1080	0.0011367787468574112
1081	0.0011367786082897638
1082	0.0011367784702727393
1083	0.001136778332789954
1084	0.001136778195834372
1085	0.001136778059396291
1086	0.001136777923473153
1087	0.0011367777880571034
1088	0.0011367776531540517
1089	0.0011367775187601896
1090	0.0011367773848816613
1091	0.0011367772515227194
1092	0.0011367771186871923
1093	0.001136776986386225
1094	0.0011367768546322432
1095	0.0011367767234423856
1096	0.0011367765928411789
1097	0.0011367764628674578
1098	0.0011367763335693095
1099	0.0011367762050258903
1100	0.0011367760773465048
1101	0.0011367759506973206
1102	0.0011367758253256633
1103	0.0011367757015959938
1104	0.0011367755800740663
1105	0.0011367754615989266
1106	0.0011367753474783564
1107	0.0011367752396734343
1108	0.001136775141246987
1109	0.0011367750567723462
1110	0.0011367749932758996
1111	0.001136774960806661
1112	0.0011367749739394726
1113	0.001136775050580673
1114	0.001136775211382124
1115	0.001136775466587508
1116	0.0011367758032655275
1117	0.001136776144361378
1118	0.0011367763522584086
1119	0.0011367762473641298
1120	0.0011367757792672443
1121	0.001136775104131257
1122	0.0011367745489949826
1123	0.001136774320062674
1124	0.001136774353718876
1125	0.0011367743821874064
1126	0.001136774169371311
1127	0.001136773681103387
1128	0.001136773095484405
1129	0.0011367726615790648
1130	0.0011367725134565892
1131	0.0011367725986296657
1132	0.0011367727396611113
1133	0.0011367727620196196
1134	0.0011367725937455851
1135	0.001136772288210307
1136	0.0011367719689211841
1137	0.0011367717363809965
1138	0.0011367716155610123
1139	0.0011367715620567691
1140	0.0011367715100288455
1141	0.0011367714162525426
1142	0.0011367712771353082
1143	0.0011367711181600334
1144	0.0011367709684609664
1145	0.0011367708433377823
1146	0.001136770739523334
1147	0.0011367706435739132
1148	0.0011367705417651692
1149	0.0011367704270931441
1150	0.0011367703007463725
1151	0.0011367701690764335
1152	0.0011367700402165725
1153	0.001136769920420849
1154	0.0011367698125042507
1155	0.0011367697150965349
1156	0.0011367696235144856
1157	0.0011367695316100218
1158	0.0011367694340803695
1159	0.001136769328586552
1160	0.0011367692162346154
1161	0.0011367691010304723
1162	0.0011367689876908326
1163	0.0011367688796571494
1164	0.0011367687777371436
1165	0.001136768680196732
1166	0.001136768583955626
1167	0.0011367684861629316
1168	0.0011367683854543766
1169	0.0011367682822110187
1170	0.0011367681781191538
1171	0.001136768075169275
1172	0.0011367679747909874
1173	0.0011367678773632145
1174	0.0011367677822876252
1175	0.0011367676884199713
1176	0.0011367675946178087
1177	0.0011367675001587062
1178	0.0011367674048845438
1179	0.0011367673091339592
1180	0.0011367672134908406
1181	0.0011367671185490626
1182	0.001136767024732025
1183	0.001136766932241716
1184	0.0011367668411035403
1185	0.00113676675128707
1186	0.0011367666628276517
1187	0.001136766575932298
1188	0.0011367664910875807
1189	0.0011367664091082007
1190	0.0011367663313045263
1191	0.001136766259606334
1192	0.0011367661969538289
1193	0.0011367661477211161
1194	0.0011367661185999218
1195	0.0011367661197039457
1196	0.001136766166333082
1197	0.001136766281271486
1198	0.0011367664972736044
1199	0.0011367668594701238
1200	0.0011367674225172787
1201	0.0011367682411867865
1202	0.0011367693325421186
1203	0.0011367706242234833
1204	0.0011367718574762996
1205	0.0011367726109754374
1206	0.0011367723975929476
1207	0.001136771106665592
1208	0.001136769095906672
1209	0.001136767127553916
1210	0.0011367657736149673
1211	0.0011367652429709462
1212	0.0011367653963199368
1213	0.0011367659019419147
1214	0.0011367663753462
1215	0.0011367664949803761
1216	0.001136766146816365
1217	0.0011367654092008324
1218	0.0011367645922954787
1219	0.0011367640582937222
1220	0.001136764001127674
1221	0.0011367643011090697
1222	0.0011367646195631787
1223	0.001136764652944832
1224	0.0011367643190605676
1225	0.0011367638105441596
1226	0.001136763408498184
1227	0.0011367632694191088
1228	0.001136763337232099
1229	0.0011367634351514431
1230	0.001136763423664064
1231	0.0011367632814391713
1232	0.0011367630852510571
1233	0.001136762914742754
1234	0.0011367627942662968
1235	0.0011367627017693912
1236	0.0011367626123788943
1237	0.0011367625265578016
1238	0.0011367624577153063
1239	0.0011367624075950206
1240	0.0011367623555314373
1241	0.0011367622755500226
1242	0.0011367621609914482
1243	0.0011367620314739603
1244	0.001136761918087971
1245	0.0011367618390885053
1246	0.0011367617887681292
1247	0.0011367617449535414
1248	0.0011367616869304062
1249	0.0011367616084311412
1250	0.0011367615176678496
1251	0.001136761427819013
1252	0.0011367613468082538
1253	0.0011367612740967373
1254	0.0011367612043087516
1255	0.0011367611331614047
1256	0.0011367610604823483
1257	0.0011367609889579504
1258	0.0011367609208055203
1259	0.0011367608555977818
1260	0.0011367607906279426
1261	0.0011367607231174339
1262	0.0011367606521611225
1263	0.0011367605791442526
1264	0.0011367605065573099
1265	0.001136760436348782
1266	0.001136760368967021
1267	0.0011367603034973714
1268	0.0011367602385942155
1269	0.0011367601733608787
1270	0.0011367601077232796
1271	0.0011367600421740393
1272	0.0011367599772526987
1273	0.0011367599131402808
1274	0.0011367598495852366
1275	0.0011367597861408054
1276	0.0011367597224505744
1277	0.0011367596584431964
1278	0.0011367595943117899
1279	0.001136759530380778
1280	0.0011367594669084362
1281	0.0011367594040017648
1282	0.0011367593416048332
1283	0.00113675927958587
1284	0.001136759217823157
1285	0.001136759156266506
1286	0.0011367590949372445
1287	0.001136759033904928
1288	0.001136758973237289
1289	0.001136758912967499
1290	0.001136758853082321
1291	0.0011367587935412608
1292	0.0011367587342960834
1293	0.0011367586753062706
1294	0.0011367586165564928
1295	0.0011367585580606613
1296	0.001136758499843783
1297	0.0011367584419426542
1298	0.0011367583844011813
1299	0.0011367583272567866
1300	0.0011367582705539333
1301	0.0011367582143507232
1302	0.0011367581587373864
1303	0.0011367581038482983
1304	0.0011367580498976475
1305	0.0011367579972076682
1306	0.0011367579462799073
1307	0.0011367578978624573
1308	0.001136757853117015
1309	0.0011367578137955066
1310	0.0011367577826682225
1311	0.0011367577639486827
1312	0.0011367577643922981
1313	0.0011367577942723323
1314	0.0011367578701690462
1315	0.0011367580167243258
1316	0.001136758273172897
1317	0.0011367586934666566
1318	0.001136759357502849
1319	0.0011367603490071369
1320	0.0011367617554965106
1321	0.001136763538862672
1322	0.0011367654972777668
1323	0.0011367669942844395
1324	0.0011367672618162782
1325	0.0011367656372298618
1326	0.0011367625426801304
1327	0.0011367593915943884
1328	0.0011367577829227804
1329	0.0011367582931476362
1330	0.0011367601554354305
1331	0.0011367620197851157
1332	0.00113676273523817
1333	0.0011367623042646984
1334	0.001136761357214877
1335	0.0011367608142114462
1336	0.0011367606028926183
1337	0.001136760247933147
1338	0.0011367594261785948
1339	0.0011367585078948974
1340	0.0011367578230443115
1341	0.0011367574234378715
1342	0.0011367572068338094
1343	0.0011367571245342553
1344	0.001136757246270327
1345	0.0011367575081378568
1346	0.001136757612273043
1347	0.0011367572574909148
1348	0.0011367565453670946
1349	0.0011367559520473335
1350	0.0011367558734785182
1351	0.0011367562282843468
1352	0.0011367565639083283
1353	0.0011367565064401433
1354	0.0011367560831657972
1355	0.0011367556472084278
1356	0.0011367554995611268
1357	0.0011367556227337714
1358	0.0011367557680680496
1359	0.0011367557418620394
1360	0.0011367555612001984
1361	0.0011367553733998125
1362	0.001136755281132119
1363	0.0011367552647271824
1364	0.0011367552492653533
1365	0.0011367551980672806
1366	0.0011367551321036953
1367	0.0011367550788099548
1368	0.001136755033055585
1369	0.001136754971945782
1370	0.001136754891788685
1371	0.001136754818175279
1372	0.0011367547768625112
1373	0.0011367547640610972
1374	0.0011367547488806166
1375	0.001136754703503611
1376	0.0011367546283674707
1377	0.0011367545489417926
1378	0.001136754491294657
1379	0.0011367544608727937
1380	0.0011367544421559193
1381	0.001136754415215625
1382	0.0011367543718295015
1383	0.0011367543181056779
1384	0.0011367542652285553
1385	0.0011367542193339857
1386	0.0011367541791172855
1387	0.0011367541403526239
1388	0.0011367541010300004
1389	0.001136754062197755
1390	0.001136754025234981
1391	0.0011367539893452833
1392	0.0011367539519524408
1393	0.0011367539112569114
1394	0.0011367538680914068
1395	0.001136753825378762
1396	0.0011367537857674749
1397	0.0011367537497172593
1398	0.0011367537154798758
1399	0.0011367536806694302
1400	0.0011367536439631136
1401	0.0011367536056647017
1402	0.0011367535670549858
1403	0.0011367535292703037
1404	0.001136753492625537
1405	0.0011367534567126923
1406	0.0011367534209742742
1407	0.0011367533851967837
1408	0.001136753349558959
1409	0.0011367533143359153
1410	0.001136753279583314
1411	0.001136753245063072
1412	0.0011367532104231204
1413	0.0011367531754648565
1414	0.0011367531402669121
1415	0.001136753105124706
1416	0.001136753070349803
1417	0.0011367530360903218
1418	0.0011367530022885002
1419	0.001136752968763582
1420	0.001136752935350641
1421	0.0011367529019844207
1422	0.0011367528687062762
1423	0.001136752835595597
1424	0.0011367528026994841
1425	0.0011367527700073586
1426	0.0011367527374610393
1427	0.001136752705007218
1428	0.0011367526726254458
1429	0.0011367526403411477
1430	0.0011367526082105874
1431	0.0011367525762803771
1432	0.00113675254458008
1433	0.0011367525131117365
1434	0.0011367524818678468
1435	0.001136752450846571
1436	0.001136752420076242
1437	0.0011367523896176905
1438	0.0011367523595713462
1439	0.0011367523300880027
1440	0.0011367523013833148
1441	0.0011367522737839176
1442	0.0011367522478033874
1443	0.0011367522242391858
1444	0.001136752204427327
1445	0.0011367521904460669
1446	0.0011367521858121857
1447	0.001136752196005102
1448	0.0011367522304940173
1449	0.0011367523038764123
1450	0.0011367524420590283
1451	0.001136752683604542
1452	0.0011367530985901234
1453	0.0011367537816931428
1454	0.0011367549064309735
1455	0.0011367566464119492
1456	0.001136759309339133
1457	0.001136762870410017
1458	0.0011367673314438666
1459	0.0011367712022703912
1460	0.0011367733387075071
1461	0.0011367711433379374
1462	0.001136765530595088
1463	0.0011367585142861543
1464	0.0011367539565768066
1465	0.00113675352518845
1466	0.0011367562055145787
1467	0.0011367592516851478
1468	0.001136759899279045
1469	0.0011367577216689813
1470	0.0011367542827863378
1471	0.0011367521611164463
1472	0.0011367524703893475
1473	0.0011367542168530152
1474	0.001136755474899855
1475	0.0011367550148064915
1476	0.001136753346147381
1477	0.001136751897852497
1478	0.0011367517295147985
1479	0.0011367525837503
1480	0.0011367533404171397
1481	0.0011367532024506221
1482	0.0011367523051341439
1483	0.0011367514733676752
1484	0.0011367512913987561
1485	0.0011367516646643306
1486	0.0011367520733319594
1487	0.0011367521068212493
1488	0.001136751767895834
1489	0.0011367513341877633
1490	0.0011367511016901833
1491	0.0011367511527972302
1492	0.001136751343990406
1493	0.0011367514495085414
1494	0.0011367513405579613
1495	0.0011367510865280045
1496	0.0011367508697023975
1497	0.0011367508244166504
1498	0.0011367509239398907
1499	0.0011367510267439316
1500	0.0011367510162360495
1501	0.0011367508902651326
1502	0.0011367507430393993
1503	0.0011367506651313297
1504	0.0011367506752598126
1505	0.0011367507219823788
1506	0.001136750737625901
1507	0.0011367506924436015
1508	0.0011367506071466387
1509	0.0011367505298128106
1510	0.0011367504936369943
1511	0.0011367504950396171
1512	0.0011367505036907473
1513	0.0011367504917442147
1514	0.0011367504547393494
1515	0.0011367504075448628
1516	0.0011367503674674156
1517	0.0011367503411071733
1518	0.0011367503250227235
1519	0.0011367503126096905
1520	0.0011367502983559456
1521	0.0011367502785389718
1522	0.0011367502517868507
1523	0.0011367502208235022
1524	0.0011367501915712408
1525	0.0011367501691174108
1526	0.0011367501536558512
1527	0.0011367501406360251
1528	0.0011367501248821543
1529	0.001136750104458832
1530	0.0011367500812671089
1531	0.0011367500586383996
1532	0.00113675003905779
1533	0.0011367500233547452
1534	0.0011367500112915258
1535	0.0011367500022750887
1536	0.0011367499959721806
1537	0.0011367499929752975
1538	0.0011367499954168568
1539	0.0011367500073315878
1540	0.0011367500343839364
1541	0.0011367500836571124
1542	0.0011367501640715074
1543	0.0011367502862782938
1544	0.0011367504636473713
1545	0.0011367507069307845
1546	0.001136751021367656
1547	0.0011367513862969437
1548	0.0011367517490579702
1549	0.0011367520025236577
1550	0.001136752027399287
1551	0.0011367517407844107
1552	0.0011367511896767217
1553	0.0011367505421391872
1554	0.0011367500033807616
1555	0.001136749704847828
1556	0.0011367496641068752
1557	0.001136749812163854
1558	0.0011367500372434806
1559	0.001136750223699439
1560	0.0011367502866668057
1561	0.0011367501977936469
1562	0.0011367499925608849
1563	0.001136749747751874
1564	0.0011367495471868627
1565	0.0011367494450794501
1566	0.0011367494482582457
1567	0.0011367495210116664
1568	0.0011367496071475283
1569	0.0011367496573653911
1570	0.0011367496471579135
1571	0.0011367495823780716
1572	0.0011367494881575617
1573	0.0011367493945444737
1574	0.001136749323385208
1575	0.001136749283398933
1576	0.0011367492718527572
1577	0.0011367492790494568
1578	0.0011367492928499084
1579	0.0011367493016950815
1580	0.0011367492974639238
1581	0.0011367492768636406
1582	0.0011367492423560981
1583	0.0011367492004605087
1584	0.0011367491592030941
1585	0.0011367491249430367
1586	0.001136749100611764
1587	0.0011367490856285362
1588	0.0011367490771152147
1589	0.0011367490714934319
1590	0.001136749065671799
1591	0.0011367490576272617
1592	0.0011367490463205165
1593	0.0011367490316003283
1594	0.0011367490138225302
1595	0.001136748993823418
1596	0.0011367489726147168
1597	0.001136748951354744
1598	0.0011367489310188307
1599	0.0011367489122985242
1600	0.0011367488954577081
1601	0.0011367488803810469
1602	0.0011367488666919191
1603	0.0011367488539231546
1604	0.0011367488416650798
1605	0.0011367488296391867
1606	0.001136748817691725
1607	0.0011367488057466278
1608	0.0011367487937608404
1609	0.0011367487816930986
1610	0.0011367487695243897
1611	0.0011367487572862317
1612	0.0011367487450603152
1613	0.0011367487330053347
1614	0.0011367487213142728
1615	0.0011367487102265424
1616	0.0011367487000119312
1617	0.0011367486910324512
1618	0.0011367486837733842
1619	0.0011367486790022784
1620	0.0011367486778179245
1621	0.0011367486820008834
1622	0.0011367486940891418
1623	0.0011367487182754941
1624	0.0011367487605136379
1625	0.0011367488309684361
1626	0.0011367489438807482
1627	0.0011367491244087212
1628	0.001136749406360051
1629	0.0011367498518119838
1630	0.0011367505359958117
1631	0.001136751603210172
1632	0.0011367531846959897
1633	0.0011367555500917579
1634	0.0011367587238295996
1635	0.0011367628908624731
1636	0.001136767065751191
1637	0.0011367705392558319
1638	0.0011367705065147074
1639	0.0011367667981769065
1640	0.001136759527644166
1641	0.0011367526770525618
1642	0.0011367492260851023
1643	0.0011367500806986205
1644	0.0011367534116238237
1645	0.0011367561674927161
1646	0.0011367563641542008
1647	0.0011367537862082867
1648	0.0011367506846568579
1649	0.0011367491956086318
1650	0.0011367498759123473
1651	0.0011367514272549665
1652	0.0011367521004893109
1653	0.0011367513264766461
1654	0.001136749814963615
1655	0.0011367488544504404
1656	0.0011367489811664835
1657	0.001136749739610505
1658	0.0011367502569863436
1659	0.00113675000585548
1660	0.0011367492179740538
1661	0.0011367485071585512
1662	0.0011367483527715905
1663	0.0011367487152593855
1664	0.0011367491557849586
1665	0.0011367492521330998
1666	0.001136748919722359
1667	0.0011367484454788673
1668	0.0011367481730127616
1669	0.0011367482277087496
1670	0.0011367484606653957
1671	0.0011367486221338348
1672	0.0011367485749165663
1673	0.001136748365076761
1674	0.0011367481545789594
1675	0.0011367480736203081
1676	0.0011367481347362399
1677	0.001136748245769829
1678	0.0011367482941005464
1679	0.0011367482334698935
1680	0.0011367481057820428
1681	0.0011367479988512222
1682	0.0011367479719713543
1683	0.001136748016831421
1684	0.0011367480754620046
1685	0.0011367480914725588
1686	0.0011367480507169542
1687	0.0011367479813370225
1688	0.0011367479251820959
1689	0.0011367479057458859
1690	0.0011367479175839873
1691	0.0011367479372344632
1692	0.0011367479422748768
1693	0.0011367479247512899
1694	0.0011367478923201104
1695	0.0011367478605861007
1696	0.0011367478420134893
1697	0.0011367478390779354
1698	0.0011367478444288873
1699	0.0011367478470244276
1700	0.0011367478395911308
1701	0.0011367478222918596
1702	0.0011367478012167015
1703	0.0011367477834157364
1704	0.001136747772682955
1705	0.001136747768177724
1706	0.0011367477660048403
1707	0.001136747762004717
1708	0.001136747753924329
1709	0.0011367477421711885
1710	0.0011367477290193325
1711	0.0011367477171220035
1712	0.0011367477080608454
1713	0.0011367477017251919
1714	0.0011367476966983548
1715	0.0011367476912671301
1716	0.0011367476843583606
1717	0.001136747675875125
1718	0.0011367476664921028
1719	0.0011367476571078404
1720	0.0011367476484307852
1721	0.0011367476407462096
1722	0.0011367476339547127
1723	0.0011367476276829746
1724	0.0011367476214693764
1725	0.0011367476149425097
1726	0.0011367476079551457
1727	0.001136747600623535
1728	0.0011367475932631283
1729	0.0011367475862408133
1730	0.0011367475798521654
1731	0.0011367475742571854
1732	0.0011367475695105373
1733	0.0011367475656598048
1734	0.001136747562856279
1735	0.0011367475614374011
1736	0.0011367475620441953
1737	0.0011367475656720778
1738	0.0011367475738478824
1739	0.001136747588768154
1740	0.0011367476136947372
1741	0.001136747653297376
1742	0.001136747714497989
1743	0.0011367478070547915
1744	0.001136747944930868
1745	0.0011367481461822615
1746	0.0011367484333843444
1747	0.0011367488275341594
1748	0.0011367493407950441
1749	0.001136749951935347
1750	0.0011367505906837282
1751	0.0011367511178304078
1752	0.0011367513762807304
1753	0.0011367512649642286
1754	0.0011367508220036305
1755	0.001136750194831452
1756	0.0011367495369465374
1757	0.0011367489589514106
1758	0.0011367485429111448
1759	0.0011367483599256634
1760	0.0011367484348043303
1761	0.0011367486904494018
1762	0.0011367489849472075
1763	0.001136749150348464
1764	0.0011367491160398776
1765	0.0011367488727178523
1766	0.0011367485227600674
1767	0.0011367481619961792
1768	0.0011367478902434335
1769	0.0011367477439683654
1770	0.0011367477169619466
1771	0.0011367477590637832
1772	0.0011367478139048279
1773	0.001136747838163376
1774	0.001136747817099982
1775	0.0011367477541701166
1776	0.0011367476609972097
1777	0.0011367475508068372
1778	0.0011367474400240359
1779	0.0011367473489237508
1780	0.0011367472958608632
1781	0.0011367472880070013
1782	0.0011367473164822191
1783	0.001136747360678639
1784	0.0011367473987515596
1785	0.0011367474170051496
1786	0.0011367474129067626
1787	0.001136747391826812
1788	0.001136747361431453
1789	0.0011367473279558647
1790	0.001136747295459472
1791	0.0011367472668919799
1792	0.0011367472448244216
1793	0.0011367472314338127
1794	0.0011367472277588814
1795	0.0011367472335197745
1796	0.0011367472472208538
1797	0.0011367472673260415
1798	0.0011367472927715939
1799	0.0011367473247914752
1800	0.0011367473662790952
1801	0.001136747424476791
1802	0.0011367475083630518
1803	0.0011367476343782349
1804	0.0011367478210814578
1805	0.0011367481031985083
1806	0.001136748517916371
1807	0.001136749138664043
1808	0.0011367500286050367
1809	0.001136751322675932
1810	0.0011367530603903198
1811	0.0011367553895961437
1812	0.0011367580317998302
1813	0.0011367608529699298
1814	0.0011367626706849532
1815	0.001136763003874119
1816	0.0011367606092504803
1817	0.0011367565019694832
1818	0.001136751912066584
1819	0.0011367489870141804
1820	0.0011367485279091707
1821	0.0011367499597001853
1822	0.0011367517976674354
1823	0.0011367525985087638
1824	0.0011367518982351192
1825	0.0011367501182449182
1826	0.0011367484530411093
1827	0.0011367477618104734
1828	0.0011367481767806575
1829	0.0011367490696008696
1830	0.0011367495984679929
1831	0.0011367493345673235
1832	0.001136748476323697
1833	0.0011367476616112432
1834	0.00113674737730899
1835	0.0011367476536957256
1836	0.0011367481048061734
1837	0.001136748291533228
1838	0.0011367480491764584
1839	0.0011367475665288438
1840	0.0011367471937716478
1841	0.0011367471423597054
1842	0.0011367473569147927
1843	0.0011367476020508434
1844	0.0011367476652305061
1845	0.0011367474985243022
1846	0.0011367472287597837
1847	0.001136747036196984
1848	0.001136747017883793
1849	0.0011367471358347222
1850	0.0011367472689211464
1851	0.0011367473090910917
1852	0.0011367472280980092
1853	0.0011367470855081336
1854	0.0011367469727294433
1855	0.0011367469466367682
1856	0.0011367469972031225
1857	0.0011367470670615091
1858	0.0011367470983367504
1859	0.0011367470707085445
1860	0.001136747007727932
1861	0.0011367469509334534
1862	0.0011367469290607154
1863	0.0011367469423435874
1864	0.0011367469691812584
1865	0.0011367469846898022
1866	0.0011367469770121538
1867	0.0011367469513074264
1868	0.0011367469226527265
1869	0.0011367469050812076
1870	0.0011367469036478134
1871	0.0011367469133937293
1872	0.0011367469242291976
1873	0.0011367469277380404
1874	0.0011367469213334537
1875	0.0011367469085962678
1876	0.0011367468961783844
1877	0.0011367468898551927
1878	0.001136746891788691
1879	0.0011367469004391912
1880	0.0011367469124440625
1881	0.001136746925140303
1882	0.001136746938446458
1883	0.0011367469551878634
1884	0.0011367469803151855
1885	0.0011367470195876145
1886	0.0011367470791665796
1887	0.0011367471655855774
1888	0.0011367472868752193
1889	0.0011367474528089254
1890	0.0011367476749173655
1891	0.001136747963157375
1892	0.0011367483205838628
1893	0.0011367487331946306
1894	0.0011367491587701718
1895	0.001136749525026508
1896	0.0011367497364659408
1897	0.0011367497234063175
1898	0.0011367494592049445
1899	0.0011367490064643
1900	0.0011367484482875396
1901	0.001136747894330147
1902	0.0011367474176691861
1903	0.0011367470848559847
1904	0.0011367469291733707
1905	0.0011367469516647818
1906	0.0011367471100077531
1907	0.0011367473309676353
1908	0.0011367475300462437
1909	0.001136747637428885
1910	0.0011367476196583897
1911	0.0011367474872861667
1912	0.001136747290144746
1913	0.0011367470894759946
1914	0.0011367469329632645
1915	0.0011367468394351452
1916	0.001136746803187668
1917	0.0011367468077503828
1918	0.0011367468374192447
1919	0.00113674688116767
1920	0.001136746929665059
1921	0.0011367469725677374
1922	0.0011367469981348902
1923	0.0011367469980294036
1924	0.0011367469707956029
1925	0.0011367469235735888
1926	0.0011367468684711213
1927	0.001136746817597385
1928	0.0011367467785809205
1929	0.0011367467534001497
1930	0.0011367467399162967
1931	0.0011367467346252774
1932	0.0011367467347016247
1933	0.0011367467385994957
1934	0.001136746745500282
1935	0.0011367467544698116
1936	0.0011367467640910518
1937	0.0011367467725930352
1938	0.00113674677855707
1939	0.0011367467812294723
1940	0.0011367467809643725
1941	0.0011367467786652808
1942	0.0011367467758142855
1943	0.0011367467736501675
1944	0.001136746773576214
1945	0.0011367467767434197
1946	0.0011367467850656714
1947	0.0011367468010695305
1948	0.0011367468295973738
1949	0.001136746877644745
1950	0.0011367469580010705
1951	0.0011367470888012335
1952	0.001136747303667422
1953	0.0011367476482407504
1954	0.0011367482109306453
1955	0.0011367490972345885
1956	0.0011367505228435128
1957	0.001136752658250041
1958	0.0011367558969170928
1959	0.001136760100683184
1960	0.0011367654145089195
1961	0.0011367698737766111
1962	0.0011367725923825988
1963	0.0011367702062267063
1964	0.001136764243622427
1965	0.0011367563935116268
1966	0.0011367511568009406
1967	0.0011367504221218168
1968	0.0011367531417488975
1969	0.0011367561650947834
1970	0.001136756310403816
1971	0.0011367534485777762
1972	0.0011367495607110532
1973	0.0011367476667732558
1974	0.001136748721973822
1975	0.0011367510886350577
1976	0.0011367522645265263
1977	0.00113675101527456
1978	0.0011367485934488358
1979	0.0011367470431635012
1980	0.0011367473606980834
1981	0.0011367486954070366
1982	0.001136749479584712
