0	0.009369123849282894
1	0.008728349746309486
2	0.00825406891252571
3	0.007848280637399736
4	0.007488649603224604
5	0.0071922705972107225
6	0.0069511291464437654
7	0.006742166110191009
8	0.006553379916812278
9	0.006387674110833542
10	0.006253099697478136
11	0.006155443616254894
12	0.00608891900527023
13	0.006035673642733984
14	0.005982999303239143
15	0.005928402028082253
16	0.005873603700253074
17	0.005819706273040576
18	0.005767153884193099
19	0.0057171559438138906
20	0.005671426510489604
21	0.00563114278357049
22	0.005595808461462755
23	0.005564023800014225
24	0.005535527254858955
25	0.005510905572323868
26	0.00548980230549582
27	0.00547048012312988
28	0.005451354041705388
29	0.005432402944992084
30	0.005414562961665957
31	0.005398179854310211
32	0.005382733063441352
33	0.005368023499007726
34	0.00535472627031968
35	0.00534346295260822
36	0.005333941541884139
37	0.0053253430136943735
38	0.005317248696331967
39	0.005309837163918915
40	0.005303290967660482
41	0.005297372249815588
42	0.005291712122512898
43	0.005286248298293433
44	0.005281121046848338
45	0.005276302607233852
46	0.00527159557830592
47	0.005266952534235718
48	0.005262579728182126
49	0.005258680755221813
50	0.005255230868687055
51	0.005252075014154192
52	0.005249149682280442
53	0.0052465007275003615
54	0.005244130235080059
55	0.0052419289032057574
56	0.0052397694205768165
57	0.005237615257837638
58	0.005235523832390323
59	0.005233575121611039
60	0.005231818237748132
61	0.005230267410832821
62	0.0052289122566448205
63	0.005227717061011297
64	0.005226625136469381
65	0.005225581922697639
66	0.005224557525370686
67	0.005223546177989755
68	0.005222551338320148
69	0.005221581104030482
70	0.005220656486980432
71	0.005219811043505881
72	0.0052190714134317156
73	0.005218437063796264
74	0.0052178820239542215
75	0.005217376387898464
76	0.005216904818587585
77	0.005216466576512603
78	0.005216063307679513
79	0.005215691181656249
80	0.005215344793527939
81	0.005215024661447984
82	0.005214736663837203
83	0.005214483555365701
84	0.005214259396930301
85	0.005214053449238986
86	0.0052138581480861215
87	0.005213672187519058
88	0.005213496959317438
89	0.005213331943499453
90	0.005213174162685071
91	0.005213021041756559
92	0.005212872474796525
93	0.005212729883270804
94	0.005212593914801179
95	0.005212463491130193
96	0.005212336902493331
97	0.005212213383764023
98	0.005212093331154209
99	0.0052119770694026004
100	0.00521186383516341
101	0.005211752295436072
102	0.005211641908413292
103	0.005211533359128354
104	0.005211427546904961
105	0.005211324485843197
106	0.005211223479037371
107	0.005211124119852132
108	0.005211026636255256
109	0.005210931187905287
110	0.0052108372347769785
111	0.005210743899167324
112	0.005210650788469486
113	0.005210558165530639
114	0.005210466358025037
115	0.005210375311900676
116	0.0052102848105189505
117	0.00521019486269242
118	0.005210105641095212
119	0.0052100171249309345
120	0.005209929019948972
121	0.005209841068943722
122	0.005209753313071176
123	0.005209665995591025
124	0.005209579304520791
125	0.005209493281236224
126	0.005209407916535201
127	0.005209323229448465
128	0.005209239230071903
129	0.005209155866255059
130	0.0052090730599690695
131	0.0052089907910507025
132	0.005208909115942594
133	0.005208828097753461
134	0.005208747735893144
135	0.005208667975448991
136	0.005208588768075244
137	0.005208510098267852
138	0.005208431955928497
139	0.005208354316393568
140	0.005208277162251094
141	0.00520820050345504
142	0.005208124354045028
143	0.00520804869927103
144	0.005207973506704366
145	0.005207898764818375
146	0.005207824490455081
147	0.005207750698200884
148	0.005207677380457281
149	0.0052076045221235105
150	0.005207532119023806
151	0.005207460172781062
152	0.005207388679195902
153	0.005207317633673738
154	0.00520724704326713
155	0.005207176923327048
156	0.005207107282512661
157	0.005207038117083046
158	0.005206969419580057
159	0.005206901187416372
160	0.0052068334219838005
161	0.0052067661244779365
162	0.005206699295912508
163	0.005206632938836659
164	0.005206567055336461
165	0.0052065016433319984
166	0.00520643669722979
167	0.005206372212564467
168	0.005206308188318701
169	0.00520624462467468
170	0.005206181520778628
171	0.005206118875739012
172	0.00520605668984751
173	0.005205994963140443
174	0.005205933693829697
175	0.005205872879511342
176	0.005205812519108152
177	0.005205752612439639
178	0.005205693158603447
179	0.005205634156021126
180	0.00520557560360315
181	0.005205517500762039
182	0.005205459846471011
183	0.0052054026391595565
184	0.00520534587742743
185	0.005205289560187892
186	0.0052052336861431545
187	0.005205178253669168
188	0.00520512326124996
189	0.005205068707668859
190	0.005205014591711536
191	0.005204960911952441
192	0.0052049076669015305
193	0.005204854855136607
194	0.005204802475157343
195	0.0052047505252676195
196	0.005204699003741952
197	0.005204647909013005
198	0.005204597239585268
199	0.00520454699384795
200	0.005204497170095557
201	0.0052044477666349925
202	0.005204398781740849
203	0.005204350213569095
204	0.005204302060242143
205	0.005204254319971087
206	0.005204206991001125
207	0.005204160071489104
208	0.005204113559519304
209	0.005204067453165047
210	0.00520402175046847
211	0.0052039764494069074
212	0.005203931547948142
213	0.005203887044079863
214	0.005203842935774894
215	0.0052037992209451114
216	0.005203755897477267
217	0.0052037129632509045
218	0.005203670416127882
219	0.005203628253942659
220	0.005203586474510832
221	0.0052035450756438804
222	0.005203504055131329
223	0.005203463410738093
224	0.005203423140216714
225	0.00520338324131995
226	0.005203343711783019
227	0.005203304549321706
228	0.005203265751634894
229	0.005203227316413829
230	0.005203189241344702
231	0.00520315152410126
232	0.00520311416235707
233	0.0052030771537764685
234	0.00520304049601673
235	0.00520300418671877
236	0.005202968223522086
237	0.005202932604064308
238	0.0052028973259814
239	0.005202862386905783
240	0.005202827784471423
241	0.005202793516309842
242	0.0052027595800477194
243	0.00520272597331194
244	0.005202692693730807
245	0.005202659738935461
246	0.005202627106557878
247	0.0052025947942325014
248	0.005202562799598624
249	0.005202531120295354
250	0.00520249975396936
251	0.005202468698269511
252	0.005202437950849424
253	0.005202407509370953
254	0.005202377371499789
255	0.005202347534908706
256	0.005202317997276549
257	0.005202288756290584
258	0.005202259809644484
259	0.005202231155040229
260	0.00520220279018814
261	0.005202174712806265
262	0.005202146920623129
263	0.005202119411373698
264	0.005202092182806832
265	0.005202065232677703
266	0.005202038558752294
267	0.005202012158807744
268	0.005201986030630503
269	0.005201960172017719
270	0.005201934580778436
271	0.005201909254732305
272	0.005201884191709004
273	0.005201859389551936
274	0.0052018348461138715
275	0.005201810559260051
276	0.0052017865268676935
277	0.005201762746826582
278	0.005201739217036932
279	0.005201715935412642
280	0.005201692899878568
281	0.005201670108372775
282	0.005201647558845315
283	0.005201625249258161
284	0.005201603177586587
285	0.0052015813418167895
286	0.005201559739950259
287	0.0052015383699980135
288	0.005201517229984443
289	0.005201496317947956
290	0.005201475631937683
291	0.005201455170015137
292	0.005201434930256146
293	0.0052014149107481025
294	0.0052013951095898235
295	0.005201375524894164
296	0.005201356154784699
297	0.005201336997398972
298	0.005201318050885522
299	0.005201299313405921
300	0.00520128078313382
301	0.005201262458254522
302	0.005201244336966448
303	0.005201226417478826
304	0.00520120869801338
305	0.005201191176803775
306	0.005201173852095588
307	0.00520115672214621
308	0.005201139785224476
309	0.005201123039610874
310	0.005201106483597755
311	0.005201090115488428
312	0.005201073933597775
313	0.0052010579362525775
314	0.00520104212179034
315	0.005201026488559545
316	0.0052010110349199985
317	0.005200995759243211
318	0.005200980659910432
319	0.005200965735314395
320	0.005200950983858629
321	0.005200936403958662
322	0.005200921994037312
323	0.005200907752530455
324	0.00520089367788569
325	0.005200879768557411
326	0.00520086602301369
327	0.005200852439730757
328	0.005200839017195992
329	0.005200825753907126
330	0.005200812648370533
331	0.005200799699104548
332	0.005200786904636085
333	0.00520077426350259
334	0.005200761774250995
335	0.005200749435438131
336	0.005200737245629657
337	0.005200725203402276
338	0.005200713307341114
339	0.005200701556041691
340	0.005200689948108258
341	0.0052006784821540825
342	0.005200667156803493
343	0.005200655970687678
344	0.005200644922449599
345	0.005200634010738594
346	0.005200623234215671
347	0.00520061259154912
348	0.005200602081417867
349	0.0052005917025074715
350	0.00520058145351472
351	0.005200571333144309
352	0.005200561340109995
353	0.005200551473133772
354	0.005200541730946221
355	0.005200532112288885
356	0.0052005226159086764
357	0.005200513240563486
358	0.0052005039850194085
359	0.005200494848049738
360	0.005200485828437905
361	0.005200476924975462
362	0.005200468136462163
363	0.0052004594617059245
364	0.005200450899523555
365	0.005200442448740312
366	0.005200434108188827
367	0.0052004258767114975
368	0.0052004177531582915
369	0.005200409736386934
370	0.0052004018252637015
371	0.005200394018664089
372	0.0052003863154704505
373	0.005200378714573228
374	0.0052003712148716895
375	0.005200363815274032
376	0.005200356514694138
377	0.0052003493120566105
378	0.00520034220629095
379	0.005200335196338823
380	0.005200328281145704
381	0.005200321459667729
382	0.005200314730868055
383	0.005200308093717843
384	0.005200301547195842
385	0.005200295090288931
386	0.005200288721992937
387	0.0052002824413087435
388	0.005200276247248541
389	0.005200270138829774
390	0.0052002641150774714
391	0.0052002581750269904
392	0.005200252317718718
393	0.005200246542202706
394	0.005200240847535351
395	0.005200235232781019
396	0.005200229697012589
397	0.005200224239308859
398	0.0052002188587575715
399	0.0052002135544542746
400	0.005200208325501199
401	0.005200203171008502
402	0.005200198090093019
403	0.005200193081880782
404	0.005200188145504042
405	0.005200183280103357
406	0.005200178484824515
407	0.005200173758824234
408	0.00520016910126406
409	0.005200164511313551
410	0.005200159988148807
411	0.0052001555309555665
412	0.0052001511389243174
413	0.005200146811254024
414	0.005200142547150325
415	0.005200138345827102
416	0.00520013420650434
417	0.005200130128410256
418	0.005200126110777532
419	0.005200122152850245
420	0.005200118253875596
421	0.0052001144131107535
422	0.005200110629817638
423	0.005200106903265928
424	0.0052001032327330604
425	0.005200099617503386
426	0.005200096056865743
427	0.005200092550119489
428	0.005200089096567378
429	0.005200085695522466
430	0.005200082346300943
431	0.005200079048228964
432	0.005200075800636618
433	0.005200072602862876
434	0.005200069454252278
435	0.005200066354156207
436	0.005200063301932923
437	0.005200060296946057
438	0.005200057338567736
439	0.005200054426174681
440	0.005200051559150944
441	0.005200048736887079
442	0.0052000459587800895
443	0.005200043224233443
444	0.005200040532655476
445	0.005200037883462286
446	0.005200035276076288
447	0.00520003270992495
448	0.005200030184443203
449	0.005200027699070818
450	0.00520002525325484
451	0.005200022846447185
452	0.005200020478107208
453	0.005200018147698972
454	0.005200015854693537
455	0.005200013598566612
456	0.005200011378800575
457	0.0052000091948837205
458	0.005200007046310231
459	0.005200004932579312
460	0.0052000028531965
461	0.005200000807671891
462	0.005199998795523042
463	0.005199996816271925
464	0.005199994869446513
465	0.005199992954579814
466	0.005199991071209552
467	0.00519998921888177
468	0.005199987397144484
469	0.005199985605552522
470	0.00519998384366745
471	0.005199982111053472
472	0.0051999804072811505
473	0.005199978731926951
474	0.005199977084571243
475	0.005199975464800967
476	0.005199973872205687
477	0.0051999723063825155
478	0.005199970766932777
479	0.005199969253461971
480	0.0051999677655809725
481	0.005199966302905557
482	0.0051999648650566535
483	0.005199963451658545
484	0.005199962062342698
485	0.005199960696742415
486	0.005199959354498354
487	0.005199958035253793
488	0.005199956738656964
489	0.005199955464360562
490	0.005199954212023752
491	0.005199952981306537
492	0.005199951771876695
493	0.005199950583404014
494	0.0051999494155636665
495	0.005199948268034708
496	0.00519994714050135
497	0.005199946032650309
498	0.005199944944173872
499	0.005199943874767884
500	0.005199942824132418
501	0.005199941791970981
502	0.005199940777992083
503	0.005199939781907556
504	0.005199938803432805
505	0.005199937842288328
506	0.005199936898196741
507	0.005199935970886063
508	0.00519993506008694
509	0.005199934165534107
510	0.00519993328696619
511	0.00519993242412504
512	0.005199931576756338
513	0.00519993074460934
514	0.005199929927437186
515	0.005199929124994997
516	0.005199928337043248
517	0.005199927563344475
518	0.005199926803665682
519	0.005199926057776148
520	0.005199925325448231
521	0.005199924606459375
522	0.005199923900588987
523	0.005199923207618355
524	0.005199922527334708
525	0.005199921859526319
526	0.005199921203984793
527	0.005199920560506278
528	0.005199919928887279
529	0.0051999193089293
530	0.005199918700437039
531	0.005199918103216295
532	0.005199917517077044
533	0.005199916941831958
534	0.005199916377295505
535	0.005199915823286673
536	0.005199915279625162
537	0.005199914746135724
538	0.005199914222643278
539	0.005199913708976667
540	0.0051999132049678305
541	0.005199912710450552
542	0.005199912225260899
543	0.005199911749237403
544	0.005199911282222357
545	0.005199910824058643
546	0.005199910374593377
547	0.005199909933674755
548	0.005199909501152837
549	0.0051999090768818125
550	0.005199908660717013
551	0.005199908252515644
552	0.005199907852138607
553	0.005199907459447909
554	0.00519990707430715
555	0.005199906696583184
556	0.005199906326144935
557	0.005199905962862999
558	0.00519990560661018
559	0.0051999052572605405
560	0.005199904914691979
561	0.005199904578782106
562	0.0051999042494117
563	0.005199903926464406
564	0.0051999036098235776
565	0.0051999032993755925
566	0.005199902995009303
567	0.00519990269661512
568	0.005199902404083176
569	0.005199902117307931
570	0.005199901836185523
571	0.005199901560612118
572	0.005199901290486075
573	0.0051999010257086364
574	0.005199900766181116
575	0.005199900511807195
576	0.0051999002624930225
577	0.0051999000181442885
578	0.005199899778669569
579	0.0051998995439794336
580	0.005199899313984449
581	0.005199899088598107
582	0.005199898867734987
583	0.005199898651310238
584	0.0051998984392409315
585	0.005199898231447178
586	0.005199898027846519
587	0.005199897828362357
588	0.005199897632916726
589	0.005199897441433507
590	0.005199897253838459
591	0.005199897070057714
592	0.005199896890019311
593	0.005199896713652981
594	0.005199896540887851
595	0.005199896371656373
596	0.005199896205890477
597	0.005199896043525618
598	0.005199895884495025
599	0.0051998957287356755
600	0.005199895576185054
601	0.005199895426781181
602	0.005199895280463495
603	0.0051998951371735195
604	0.00519989499685131
605	0.005199894859440474
606	0.005199894724884837
607	0.005199894593127917
608	0.005199894464117126
609	0.0051998943377964315
610	0.005199894214115838
611	0.005199894093023463
612	0.005199893974467489
613	0.005199893858398905
614	0.005199893744769294
615	0.005199893633530012
616	0.005199893524634645
617	0.00519989341803635
618	0.005199893313690943
619	0.005199893211552567
620	0.005199893111578107
621	0.005199893013724616
622	0.0051998929179502855
623	0.005199892824213066
624	0.005199892732472508
625	0.0051998926426889405
626	0.005199892554823461
627	0.005199892468837183
628	0.005199892384692928
629	0.005199892302353177
630	0.005199892221782311
631	0.005199892142943468
632	0.0051998920658032745
633	0.005199891990325721
634	0.005199891916478742
635	0.005199891844228235
636	0.005199891773542459
637	0.005199891704388484
638	0.0051998916367365896
639	0.005199891570555074
640	0.005199891505813803
641	0.0051998914424842575
642	0.005199891380537046
643	0.005199891319943354
644	0.005199891260675371
645	0.005199891202706767
646	0.005199891146010554
647	0.005199891090559576
648	0.005199891036328075
649	0.005199890983292201
650	0.0051998909314254875
651	0.005199890880704306
652	0.005199890831105302
653	0.005199890782605102
654	0.005199890735179609
655	0.005199890688807204
656	0.005199890643466352
657	0.005199890599134526
658	0.005199890555790569
659	0.005199890513414644
660	0.005199890471985238
661	0.005199890431483136
662	0.005199890391888143
663	0.005199890353181575
664	0.005199890315345488
665	0.005199890278359603
666	0.005199890242206774
667	0.005199890206869876
668	0.005199890172329953
669	0.005199890138571241
670	0.0051998901055769296
671	0.005199890073330529
672	0.0051998900418161265
673	0.005199890011017746
674	0.0051998899809199955
675	0.0051998899515083965
676	0.005199889922767465
677	0.005199889894682661
678	0.005199889867240802
679	0.005199889840426296
680	0.005199889814227823
681	0.005199889788630117
682	0.0051998897636209886
683	0.005199889739187457
684	0.005199889715316761
685	0.005199889691996546
686	0.005199889669215733
687	0.005199889646961796
688	0.0051998896252226645
689	0.0051998896039879405
690	0.005199889583246419
691	0.005199889562986611
692	0.005199889543198574
693	0.005199889523871911
694	0.005199889504995755
695	0.005199889486561118
696	0.005199889468557218
697	0.005199889450975473
698	0.005199889433806021
699	0.005199889417039206
700	0.005199889400666692
701	0.0051998893846796155
702	0.005199889369069378
703	0.005199889353826856
704	0.005199889338944998
705	0.005199889324415118
706	0.0051998893102293406
707	0.005199889296379511
708	0.005199889282858689
709	0.005199889269658891
710	0.005199889256773576
711	0.005199889244195665
712	0.005199889231917269
713	0.005199889219931873
714	0.00519988920823401
715	0.005199889196815236
716	0.005199889185671018
717	0.005199889174793685
718	0.005199889164177669
719	0.005199889153816821
720	0.0051998891437061495
721	0.0051998891338395385
722	0.005199889124210999
723	0.0051998891148143924
724	0.005199889105646038
725	0.0051998890966997715
726	0.005199889087970505
727	0.005199889079453044
728	0.005199889071142864
729	0.005199889063035302
730	0.005199889055125026
731	0.005199889047407996
732	0.005199889039879612
733	0.00519988903253512
734	0.005199889025370753
735	0.005199889018381937
736	0.005199889011564751
737	0.005199889004914848
738	0.0051998889984294725
739	0.005199888992103057
740	0.005199888985933239
741	0.005199888979915386
742	0.005199888974046883
743	0.00519988896832306
744	0.0051998889627416995
745	0.0051998889572981224
746	0.005199888951990379
747	0.005199888946814602
748	0.005199888941767552
749	0.005199888936846282
750	0.005199888932047939
751	0.005199888927369637
752	0.005199888922807697
753	0.005199888918360855
754	0.005199888914025662
755	0.0051998889097989685
756	0.005199888905678012
757	0.005199888901661606
758	0.005199888897746077
759	0.0051998888939289644
760	0.005199888890209001
761	0.005199888886582593
762	0.005199888883047803
763	0.005199888879602861
764	0.005199888876244947
765	0.0051998888729729836
766	0.005199888869783622
767	0.005199888866676376
768	0.005199888863647123
769	0.005199888860696047
770	0.005199888857820288
771	0.005199888855017264
772	0.0051998888522866125
773	0.00519988884962629
774	0.005199888847033811
775	0.005199888844508445
776	0.005199888842047633
777	0.005199888839650196
778	0.0051998888373147294
779	0.005199888835038953
780	0.005199888832822481
781	0.0051998888306634084
782	0.005199888828560143
783	0.005199888826511721
784	0.005199888824515767
785	0.005199888822572446
786	0.005199888820679413
787	0.00519988881883531
788	0.005199888817040147
789	0.005199888815290898
790	0.005199888813587898
791	0.005199888811929544
792	0.005199888810314259
793	0.005199888808741799
794	0.005199888807210075
795	0.005199888805718707
796	0.005199888804266707
797	0.005199888802852857
798	0.005199888801476771
799	0.005199888800136702
800	0.005199888798831838
801	0.005199888797562085
802	0.005199888796325507
803	0.005199888795121916
804	0.0051998887939499385
805	0.005199888792809586
806	0.005199888791699477
807	0.005199888790618631
808	0.005199888789566849
809	0.005199888788543188
810	0.005199888787546706
811	0.0051998887865770385
812	0.005199888785633382
813	0.005199888784714883
814	0.005199888783821073
815	0.005199888782951153
816	0.005199888782104842
817	0.005199888781281477
818	0.005199888780480242
819	0.005199888779700943
820	0.005199888778941472
821	0.005199888778203758
822	0.005199888777486121
823	0.005199888776787249
824	0.005199888776107482
825	0.0051998887754463215
826	0.0051998887748033315
827	0.0051998887741775785
828	0.0051998887735686455
829	0.00519988877297662
830	0.005199888772401088
831	0.005199888771841025
832	0.005199888771296344
833	0.005199888770766561
834	0.0051998887702512
835	0.005199888769749908
836	0.005199888769262829
837	0.005199888768788946
838	0.005199888768328368
839	0.005199888767879997
840	0.005199888767444071
841	0.005199888767020846
842	0.005199888766608798
843	0.005199888766208364
844	0.005199888765818909
845	0.0051998887654400834
846	0.005199888765072155
847	0.0051998887647142205
848	0.0051998887643668265
849	0.00519988876402829
850	0.0051998887636997525
851	0.005199888763380138
852	0.005199888763069471
853	0.0051998887627677445
854	0.005199888762474351
855	0.005199888762188881
856	0.0051998887619120315
857	0.005199888761642708
858	0.005199888761380902
859	0.005199888761126487
860	0.005199888760879334
861	0.005199888760639346
862	0.005199888760405753
863	0.005199888760178901
864	0.005199888759958739
865	0.005199888759744807
866	0.00519988875953638
867	0.005199888759334373
868	0.005199888759138231
869	0.00519988875894745
870	0.005199888758762232
871	0.005199888758581894
872	0.005199888758407042
873	0.005199888758237489
874	0.0051998887580723616
875	0.005199888757912216
876	0.00519988875775646
877	0.005199888757605104
878	0.0051998887574582495
879	0.005199888757316048
880	0.005199888757177272
881	0.005199888757043128
882	0.005199888756912401
883	0.005199888756785233
884	0.005199888756662291
885	0.005199888756542802
886	0.005199888756426818
887	0.005199888756314337
888	0.0051998887562046915
889	0.005199888756098669
890	0.005199888755995217
891	0.005199888755895183
892	0.005199888755797665
893	0.005199888755703456
894	0.0051998887556114785
895	0.0051998887555223024
896	0.00519988875543634
897	0.005199888755352789
898	0.005199888755271325
899	0.005199888755192674
900	0.005199888755115871
901	0.005199888755041264
902	0.005199888754969671
903	0.005199888754899265
904	0.0051998887548314315
905	0.005199888754765491
906	0.0051998887547012795
907	0.005199888754639199
908	0.005199888754579073
909	0.0051998887545208535
910	0.0051998887544637004
911	0.005199888754408814
912	0.005199888754355806
913	0.005199888754303875
914	0.00519988875425354
915	0.0051998887542046915
916	0.0051998887541573995
917	0.0051998887541115915
918	0.005199888754067105
919	0.005199888754024017
920	0.005199888753982191
921	0.005199888753941596
922	0.005199888753902092
923	0.0051998887538643
924	0.005199888753826714
925	0.005199888753791668
926	0.005199888753756194
927	0.005199888753722548
928	0.00519988875368953
929	0.005199888753657899
930	0.005199888753627101
931	0.0051998887535976545
932	0.005199888753568574
933	0.0051998887535402724
934	0.005199888753512928
935	0.005199888753486923
936	0.0051998887534613885
937	0.005199888753436683
938	0.0051998887534126445
939	0.005199888753389076
940	0.005199888753366645
941	0.00519988875334499
942	0.005199888753323852
943	0.005199888753302795
944	0.005199888753282721
945	0.0051998887532641
946	0.005199888753245287
947	0.005199888753226848
948	0.005199888753209231
949	0.005199888753192415
950	0.005199888753175891
951	0.005199888753160019
952	0.005199888753144498
953	0.005199888753129603
954	0.005199888753114977
955	0.0051998887531008765
956	0.005199888753087599
957	0.005199888753074236
958	0.005199888753061377
959	0.005199888753048691
960	0.005199888753037024
961	0.005199888753025292
962	0.005199888753013939
963	0.005199888753003249
964	0.005199888752992297
965	0.0051998887529824435
966	0.005199888752972142
967	0.005199888752962931
968	0.005199888752953311
969	0.0051998887529441425
970	0.005199888752935963
971	0.00519988875292708
972	0.005199888752919204
973	0.005199888752911277
974	0.005199888752903621
975	0.005199888752896174
976	0.005199888752889439
977	0.005199888752881821
978	0.005199888752875195
979	0.0051998887528684635
980	0.005199888752862713
981	0.005199888752856232
982	0.005199888752850518
983	0.005199888752844679
984	0.005199888752839501
985	0.005199888752833805
986	0.005199888752828715
987	0.005199888752823674
988	0.005199888752818709
989	0.005199888752813992
990	0.005199888752809481
991	0.005199888752804994
992	0.005199888752801038
993	0.005199888752796717
994	0.005199888752792796
995	0.005199888752788805
996	0.005199888752785058
997	0.005199888752781154
998	0.005199888752778453
999	0.005199888752774917
1000	0.005199888752771494
1001	0.005199888752768265
1002	0.005199888752765291
1003	0.0051998887527622585
1004	0.005199888752759336
1005	0.005199888752756617
1006	0.005199888752753915
1007	0.005199888752750945
1008	0.005199888752748673
1009	0.005199888752746598
1010	0.005199888752743813
1011	0.005199888752741823
1012	0.005199888752739482
1013	0.00519988875273739
1014	0.00519988875273549
1015	0.005199888752733453
1016	0.005199888752731491
1017	0.005199888752729494
1018	0.00519988875272784
1019	0.005199888752726135
1020	0.005199888752724658
1021	0.00519988875272311
1022	0.005199888752721261
1023	0.005199888752719897
1024	0.005199888752717785
1025	0.005199888752716936
1026	0.005199888752715636
1027	0.005199888752714474
1028	0.005199888752712814
1029	0.005199888752711608
1030	0.005199888752710401
1031	0.005199888752709487
1032	0.005199888752708158
1033	0.005199888752707024
1034	0.005199888752706182
1035	0.005199888752705105
1036	0.00519988875270441
1037	0.005199888752703437
1038	0.00519988875270235
1039	0.005199888752701014
1040	0.005199888752700454
1041	0.005199888752699505
1042	0.005199888752698968
1043	0.005199888752698208
1044	0.005199888752697753
1045	0.00519988875269682
1046	0.005199888752696198
1047	0.0051998887526955055
1048	0.005199888752694833
1049	0.00519988875269431
1050	0.0051998887526937335
1051	0.005199888752693015
1052	0.005199888752692529
1053	0.005199888752692334
1054	0.00519988875269143
1055	0.005199888752691089
1056	0.005199888752690403
1057	0.005199888752690229
1058	0.005199888752689624
1059	0.00519988875268893
1060	0.005199888752688292
1061	0.005199888752688348
1062	0.0051998887526877305
1063	0.005199888752687509
1064	0.005199888752687037
1065	0.005199888752686665
1066	0.005199888752686366
1067	0.005199888752686111
1068	0.005199888752685733
1069	0.005199888752685521
1070	0.0051998887526855005
1071	0.0051998887526849055
1072	0.0051998887526845715
1073	0.0051998887526845065
1074	0.0051998887526839566
1075	0.005199888752683869
1076	0.005199888752683506
1077	0.005199888752683531
1078	0.005199888752682921
1079	0.005199888752682791
1080	0.005199888752682649
1081	0.005199888752682065
1082	0.005199888752682493
1083	0.005199888752682275
1084	0.005199888752681831
1085	0.005199888752681993
1086	0.005199888752681881
1087	0.005199888752681743
1088	0.005199888752681358
1089	0.005199888752680813
1090	0.005199888752681314
1091	0.005199888752681052
1092	0.005199888752680872
1093	0.005199888752680994
1094	0.005199888752680603
1095	0.0051998887526805305
1096	0.005199888752680547
1097	0.0051998887526798765
1098	0.0051998887526798635
1099	0.005199888752679758
1100	0.00519988875267985
1101	0.005199888752679907
1102	0.005199888752679579
1103	0.005199888752679738
1104	0.0051998887526795885
1105	0.005199888752679442
1106	0.0051998887526793335
1107	0.005199888752678902
1108	0.005199888752678906
1109	0.005199888752679243
1110	0.005199888752678942
1111	0.005199888752679198
1112	0.0051998887526788435
1113	0.0051998887526794185
1114	0.005199888752679351
1115	0.005199888752678765
1116	0.00519988875267881
1117	0.0051998887526789805
1118	0.005199888752679648
1119	0.0051998887526804064
1120	0.005199888752682292
1121	0.005199888752686859
1122	0.00519988875269726
1123	0.005199888752721821
1124	0.00519988875277837
1125	0.005199888752911762
1126	0.005199888753225856
1127	0.005199888753969733
1128	0.00519988875574404
1129	0.005199888760001319
1130	0.005199888770273841
1131	0.005199888795185824
1132	0.005199888855824738
1133	0.005199889003458735
1134	0.005199889359978622
1135	0.005199890196831817
1136	0.005199892013237566
1137	0.005199895236445918
1138	0.005199898520727131
1139	0.005199897310436196
1140	0.005199891159478246
1141	0.005199888974233019
1142	0.005199892897369418
1143	0.005199893828833788
1144	0.005199889744164681
1145	0.005199889426189573
1146	0.005199892265271038
1147	0.005199890833194859
1148	0.00519988875526372
1149	0.0051998905903146014
1150	0.005199890851165061
1151	0.005199888875502642
1152	0.005199889616127616
1153	0.005199890448753268
1154	0.005199889035938664
1155	0.005199889134955296
1156	0.005199890006562186
1157	0.005199889107657006
1158	0.005199888911689371
1159	0.0051998896420509064
1160	0.005199889110910613
1161	0.0051998888121005905
1162	0.005199889369061954
1163	0.005199889078993428
1164	0.00519988877033785
1165	0.00519988917244286
1166	0.00519988903374121
