  0.000000   -0.06200646183860    1.20898985319827    0.00000000000000    0.00000000000000    0.00000000000000  
  0.010000   -0.06211445440418    1.20870599345894    0.00495965140745   -0.00594423801575    0.00027327539949  
  0.020000   -0.06243831763026    1.20785455676373    0.00992170383096   -0.01188460271838    0.00109234374557  
  0.030000   -0.06297770832707    1.20643597129054    0.01488853516086   -0.01781725587223    0.00245493489777  
  0.040000   -0.06373205525117    1.20445095269386    0.01986247722429   -0.02373842906023    0.00435727665705  
  0.050000   -0.06470056021156    1.20190050711786    0.02484579322262   -0.02964445775538    0.00679411174655  
  0.060000   -0.06588219961186    1.19878593536685    0.02984065572719   -0.03553181439545    0.00975872144145  
  0.070000   -0.06727572642214    1.19510883818593    0.03484912541212   -0.04139714014304    0.01324295570601  
  0.080000   -0.06887967257239    1.19087112259169    0.03987313069648   -0.04723727502498    0.01723726965694  
  0.090000   -0.07069235175793    1.18607500918051    0.04491444846057   -0.05304928616014    0.02173076613497  
  0.100000   -0.07271186264517    1.18072304033062    0.04997468599176   -0.05883049380232    0.02671124413016  
  0.110000   -0.07493609246503    1.17481808920269    0.05505526430492   -0.06457849494469    0.03216525277264  
  0.120000   -0.07736272097947    1.16836336943414    0.06015740297081   -0.07029118425496    0.03807815056833  
  0.130000   -0.07998922480544    1.16136244541264    0.06528210657290   -0.07596677213490    0.04443416952909  
  0.140000   -0.08281288207923    1.15381924300650    0.07043015289933   -0.08160379972423    0.05121648381978  
  0.150000   -0.08583077744304    1.14573806062231    0.07560208296204   -0.08720115069692    0.05840728251963  
  0.160000   -0.08903980733459    1.13712358045401    0.08079819291940   -0.09275805972775    0.06598784607377  
  0.170000   -0.09243668555968    1.12798087978322    0.08601852796285   -0.09827411753723    0.07393862599163  
  0.180000   -0.09601794912676    1.11831544218639    0.09126287821131   -0.10374927245475    0.08223932733322  
  0.190000   -0.09977996432205    1.10813316850256    0.09653077664009   -0.10918382847173    0.09086899351159  
  0.200000   -0.10371893300310    1.09744038741410    0.10182149905415   -0.11457843978896    0.09980609293049  
  0.210000   -0.10783089908841    1.08624386549306    0.10713406609813   -0.11993410189466    0.10902860697006  
  0.220000   -0.11211175522044    1.07455081656725    0.11246724727870   -0.12525213924157    0.11851411883056  
  0.230000   -0.11655724957926    1.06236891026307    0.11781956695778   -0.13053418962309    0.12823990274489  
  0.240000   -0.12116299282412    1.04970627958589    0.12318931225896   -0.13578218537863    0.13818301307422  
  0.250000   -0.12592446514041    1.03657152740427    0.12857454281336   -0.14099833158807    0.14832037280821  
  0.260000   -0.13083702336968    1.02297373171052    0.13397310225618   -0.14618508144264    0.15862886100152  
  0.270000   -0.13589590820104    1.00892244953788    0.13938263137061   -0.15134510900607    0.16908539869133  
  0.280000   -0.14109625140260    0.99442771942295    0.14480058276238   -0.15648127960405    0.17966703285695  
  0.290000   -0.14643308307226    0.97950006231198    0.15022423693593   -0.16159661810204    0.19035101800124  
  0.300000   -0.15190133888818    0.96415048081975    0.15565071963168   -0.16669427535129    0.20111489495527  
  0.310000   -0.15749586733988    0.94839045676159    0.16107702027402   -0.17177749310023    0.21193656653137  
  0.320000   -0.16321143692186    0.93223194689066    0.16650001137097   -0.17684956768289    0.22279436967580  
  0.330000   -0.16904274327304    0.91568737678601    0.17191646869898   -0.18191381280764    0.23366714380057  
  0.340000   -0.17498441624584    0.89876963284956    0.17732309210086   -0.18697352177852    0.24453429500335  
  0.350000   -0.18103102689057    0.88149205238428    0.18271652671998   -0.19203192948709    0.25537585591635  
  0.360000   -0.18717709434138    0.86386841173970    0.18809338449173   -0.19709217451559    0.26617254095692  
  0.370000   -0.19341709259181    0.84591291252508    0.19345026571140   -0.20215726169181    0.27690579678702  
  0.380000   -0.19974545714898    0.82764016590486    0.19878378049848   -0.20723002543274    0.28755784782238  
  0.390000   -0.20615659155684    0.80906517500524    0.20409056997888   -0.21231309420747    0.29811173666736  
  0.400000   -0.21264487378033    0.79020331547490    0.20936732701025   -0.21740885644071    0.30855135938659  
  0.410000   -0.21920466244341    0.77107031425654    0.21461081628042   -0.22251942816570    0.31886149555912  
  0.420000   -0.22583030291552    0.75168222663951    0.21981789361529   -0.22764662272034    0.32902783309579  
  0.430000   -0.23251613324197    0.73205541167652    0.22498552434043   -0.23279192276267    0.33903698783456  
  0.440000   -0.23925648991533    0.71220650606009    0.23011080054944   -0.23795645486158    0.34887651796156  
  0.450000   -0.24604571348585    0.69215239656566    0.23519095714279   -0.24314096689614    0.35853493333816  
  0.460000   -0.25287815401021    0.67191019117939    0.24022338651189   -0.24834580847242    0.36800169984508  
  0.470000   -0.25974817633899    0.65149718903854    0.24520565175596   -0.25357091454028    0.37726723888417  
  0.480000   -0.26665016524421    0.63093084932141    0.25013549833242   -0.25881579236430    0.38632292220592  
  0.490000   -0.27357853038919    0.61022875923167    0.25501086405573   -0.26407951197400    0.39516106225718  
  0.500000   -0.28052771114405    0.58940860122897    0.25982988737452   -0.26936070018758    0.40377489826688  
  0.510000   -0.28749218125063    0.56848811966332    0.26459091387211   -0.27465753827239    0.41215857830952  
  0.520000   -0.29446645334145    0.54748508697545    0.26929250095134   -0.27996776327314    0.42030713760577  
  0.530000   -0.30144508331802    0.52641726962845    0.27393342068063   -0.28528867300710    0.42821647333593  
  0.540000   -0.30842267459395    0.50530239393850    0.27851266079429   -0.29061713469304    0.43588331625729  
  0.550000   -0.31539388220902    0.48415811197289    0.28302942385615   -0.29594959714916    0.44330519942774  
  0.560000   -0.32235341682043    0.46300196768337    0.28748312461165   -0.30128210646410    0.45048042434790  
  0.570000   -0.32929604857766    0.44185136344132    0.29187338556889   -0.30661032501464    0.45740802484052  
  0.580000   -0.33621661088749    0.42072352713790    0.29620003086451   -0.31192955367484    0.46408772899032  
  0.590000   -0.34311000407560    0.39963548000888    0.30046307848471   -0.31723475703353    0.47051991946921  
  0.600000   -0.34997119895107    0.37860400533789    0.30466273092563   -0.32252059141118    0.47670559257066  
  0.610000   -0.35679524027998    0.35764561818605    0.30879936439036   -0.32778143544292    0.48264631627421  
  0.620000   -0.36357725017369    0.33677653628819    0.31287351663192   -0.33301142297257    0.48834418765499  
  0.630000   -0.37031243139733    0.31601265224753    0.31688587356263   -0.33820447798292    0.49380178994576  
  0.640000   -0.37699607060336    0.29536950715123    0.32083725476026   -0.34335435127008    0.49902214954848  
  0.650000   -0.38362354149445    0.27486226571943    0.32472859800997   -0.34845465855532    0.50400869328087  
  0.660000   -0.39019030791951    0.25450569308880    0.32856094302868   -0.35349891971593    0.50876520612921  
  0.670000   -0.39669192690583    0.23431413332084    0.33233541452438   -0.35848059880746    0.51329578976345  
  0.680000   -0.40312405162971    0.21430148971215    0.33605320474777   -0.36339314454407    0.51760482205347  
  0.690000   -0.40948243432710    0.19448120697218    0.33971555569684   -0.36823003090003    0.52169691780702  
  0.700000   -0.41576292914512    0.17486625532019    0.34332374113689   -0.37298479749580    0.52557689093047  
  0.710000   -0.42196149493429    0.15546911654046    0.34687904859892   -0.37765108943481    0.52924971819308  
  0.720000   -0.42807419798079    0.13630177202135    0.35038276151802   -0.38222269626271    0.53272050475431  
  0.730000   -0.43409721467693    0.11737569279025    0.35383614167143   -0.38669358972991    0.53599445159209  
  0.740000   -0.44002683412751    0.09870183154332    0.35724041207155   -0.39105796004943    0.53907682494777  
  0.750000   -0.44585946068865    0.08029061665581    0.36059674046419   -0.39531025035639    0.54197292788180  
  0.760000   -0.45159161643512    0.06215194814587    0.36390622357605   -0.39944518909228    0.54468807401144  
  0.770000   -0.45721994355146    0.04429519555234    0.36716987224712   -0.40345782005602    0.54722756348056  
  0.780000   -0.46274120664128    0.02672919767510    0.37038859757539   -0.40734352988555    0.54959666119000  
  0.790000   -0.46815229494876    0.00946226411516    0.37356319819096   -0.41109807275659    0.55180057729601  
  0.800000   -0.47345022448559   -0.00749782145897    0.37669434876568   -0.41471759211073    0.55384444996472  
  0.810000   -0.47863214005626   -0.02414379640217    0.37978258985285   -0.41819863925138    0.55573333035106  
  0.820000   -0.48369531717385   -0.04046891263325    0.38282831913881   -0.42153818867448    0.55747216975311  
  0.830000   -0.48863716385853   -0.05646692872625    0.38583178417501   -0.42473365002947    0.55906580887551  
  0.840000   -0.49345522231039   -0.07213210066026    0.38879307664562   -0.42778287663637    0.56051896912065  
  0.850000   -0.49814717044799   -0.08745917134258    0.39171212821146   -0.43068417051480    0.56183624581211  
  0.860000   -0.50271082330425   -0.10244335902459    0.39458870795674   -0.43343628391159    0.56302210324224  
  0.870000   -0.50714413427083   -0.11708034473462    0.39742242145063   -0.43603841734415    0.56408087142493  
  0.880000   -0.51144519618258   -0.13136625885456    0.40021271142115   -0.43849021420703    0.56501674442550  
  0.890000   -0.51561224223359   -0.14529766696968    0.40295886002454   -0.44079175201880    0.56583378013154  
  0.900000   -0.51964364671676   -0.15887155512149    0.40565999267915   -0.44294353041525    0.56653590132312  
  0.910000   -0.52353792557908   -0.17208531459381    0.40831508341924   -0.44494645602258    0.56712689789593  
  0.920000   -0.52729373678520   -0.18493672636061    0.41092296171071   -0.44680182437065    0.56761043008893  
  0.930000   -0.53090988048255   -0.19742394532237    0.41348232065846   -0.44851129903137    0.56799003256648  
  0.940000   -0.53438529896181   -0.20954548445398    0.41599172652297   -0.45007688818987    0.56826911920604  
  0.950000   -0.53771907640696   -0.22130019898334    0.41844962945274   -0.45150091887772    0.56845098844426  
  0.960000   -0.54091043843049   -0.23268727071459    0.42085437532928   -0.45278600911570    0.56853882903836  
  0.970000   -0.54395875138943   -0.24370619260368    0.42320421861194   -0.45393503823075    0.56853572610416  
  0.980000   -0.54686352147935   -0.25435675368757    0.42549733606218   -0.45495111562506    0.56844466729875  
  0.990000   -0.54962439360416   -0.26463902446054    0.42773184121977   -0.45583754828756    0.56826854902308  
  1.000000   -0.55224115002042   -0.27455334278303    0.42990579949788   -0.45659780734605    0.56801018252819  
  1.010000   -0.55471370875614   -0.28410030039974    0.43201724375957   -0.45723549396478    0.56767229981838  
  1.020000   -0.55704212180492   -0.29328073013459    0.43406419023489   -0.45775430489542    0.56725755925456  
  1.030000   -0.55922657309744   -0.30209569382022    0.43604465463632   -0.45815799798971    0.56676855077219  
  1.040000   -0.56126737625322   -0.31054647101042    0.43795666832911   -0.45845035797995    0.56620780063936  
  1.050000   -0.56316497211702   -0.31863454851316    0.43979829441452   -0.45863516282833    0.56557777569261  
  1.060000   -0.56491992608489   -0.32636161077221    0.44156764358524   -0.45871615093843    0.56488088699996  
  1.070000   -0.56653292522621   -0.33372953111484    0.44326288961617   -0.45869698951178    0.56411949291269  
  1.080000   -0.56800477520914   -0.34074036387310    0.44488228435769   -0.45858124431979    0.56329590147988  
  1.090000   -0.56933639703766   -0.34739633737620    0.44642417210438   -0.45837235114591    0.56241237221124  
  1.100000   -0.57052882360956   -0.35369984780176    0.44788700321893   -0.45807358913566    0.56147111718574  
  1.110000   -0.57158319610564   -0.35965345386451    0.44926934689848   -0.45768805627285    0.56047430151470  
  1.120000   -0.57250076022115   -0.36525987231193    0.45056990297955   -0.45721864717884    0.55942404317863  
  1.130000   -0.57328286225132   -0.37052197418790    0.45178751268695   -0.45666803340906    0.55832241226732  
  1.140000   -0.57393094504366   -0.37544278181783    0.45292116824277   -0.45603864639656    0.55717142966200  
  1.150000   -0.57444654383020   -0.38002546646116    0.45397002126204   -0.45533266316693    0.55597306520693  
  1.160000   -0.57483128195368   -0.38427334657092    0.45493338987366   -0.45455199492259    0.55472923542516  
  1.170000   -0.57508686650168   -0.38818988659412    0.45581076451662   -0.45369827856717    0.55344180084045  
  1.180000   -0.57521508386386   -0.39177869624181    0.45660181237442   -0.45277287121338    0.55211256297217  
  1.190000   -0.57521779522686   -0.39504353015345    0.45730638042256   -0.45177684768982    0.55074326107539  
  1.200000   -0.57509693202249   -0.39798828787715    0.45792449707716   -0.45071100103461    0.54933556870125  
  1.210000   -0.57485449134430   -0.40061701408456    0.45845637244469   -0.44957584593641    0.54789109015545  
  1.220000   -0.57449253134802   -0.40293389893810    0.45890239718608   -0.44837162505656    0.54641135693381  
  1.230000   -0.57401316665105   -0.40494327852726    0.45926314001996   -0.44709831814008    0.54489782421406  
  1.240000   -0.57341856374621   -0.40664963529106    0.45953934390220   -0.44575565379851    0.54335186748227  
  1.250000   -0.57271093644456   -0.40805759834510    0.45973192093000   -0.44434312382380    0.54177477937000  
  1.260000   -0.57189254136160   -0.40917194363315    0.45984194602995   -0.44285999987030    0.54016776677581  
  1.270000   -0.57096567346111   -0.40999759382657    0.45987064949936   -0.44130535232150    0.53853194834041  
  1.280000   -0.56993266166992   -0.41053961789811    0.45981940847990   -0.43967807113948    0.53686835234022  
  1.290000   -0.56879586457650   -0.41080323030101    0.45968973745104   -0.43797688847841    0.53517791505835  
  1.300000   -0.56755766622558   -0.41079378968956    0.45948327783872   -0.43620040282892    0.53346147968574  
  1.310000   -0.56622047202012   -0.41051679712268    0.45920178684125   -0.43434710444813    0.53171979579820  
  1.320000   -0.56478670474129   -0.40997789369856    0.45884712558040   -0.43241540181999    0.52995351944741  
  1.330000   -0.56325880069603   -0.40918285757508    0.45842124669024   -0.43040364888345    0.52816321389621  
  1.340000   -0.56163920600107   -0.40813760033787    0.45792618146004   -0.42831017276103    0.52634935101976  
  1.350000   -0.55993037301107   -0.40684816268555    0.45736402664992   -0.42613330171770    0.52451231338595  
  1.360000   -0.55813475689776   -0.40532070940945    0.45673693109953   -0.42387139308052    0.52265239701922  
  1.370000   -0.55625481238577   -0.40356152365333    0.45604708225000   -0.42152286085178    0.52076981484361  
  1.380000   -0.55429299064989   -0.40157700044666    0.45529669269898   -0.41908620275368    0.51886470079170  
  1.390000   -0.55225173637732   -0.39937363951329    0.45448798690630   -0.41656002644993    0.51693711455778  
  1.400000   -0.55013348499767   -0.39695803736567    0.45362318816486   -0.41394307469958    0.51498704696521  
  1.410000   -0.54794066008203   -0.39433687870289    0.45270450594740   -0.41123424921028    0.51301442590993  
  1.420000   -0.54567567091184   -0.39151692713846    0.45173412373471   -0.40843263297229    0.51101912283464  
  1.430000   -0.54334091021691   -0.38850501529181    0.45071418742491   -0.40553751087048    0.50900095968123  
  1.440000   -0.54093875208122   -0.38530803428450    0.44964679441658   -0.40254838838941    0.50695971626255  
  1.450000   -0.53847155001400   -0.38193292268914    0.44853398345096   -0.39946500824593    0.50489513798921  
  1.460000   -0.53594163518296   -0.37838665498550    0.44737772529019   -0.39628736480418    0.50280694388200  
  1.470000   -0.53335131480531   -0.37467622958411    0.44617991429952   -0.39301571615031    0.50069483479635  
  1.480000   -0.53070287069186   -0.37080865648309    0.44494236099212   -0.38965059372653    0.49855850178226  
  1.490000   -0.52799855793845   -0.36679094462849    0.44366678558497   -0.38619280944822    0.49639763450051  
  1.500000   -0.52524060375850   -0.36263008905250    0.44235481260450   -0.38264346025168    0.49421192961451  
  1.510000   -0.52243120644977   -0.35833305786727    0.44100796656971   -0.37900393004473    0.49200109907664  
  1.520000   -0.51957253448800   -0.35390677919458    0.43962766877021   -0.37527588905683    0.48976487822835  
  1.530000   -0.51666672573960   -0.34935812811319    0.43821523514598   -0.37146129060964    0.48750303363428  
  1.540000   -0.51371588678537   -0.34469391370721    0.43677187526484   -0.36756236535316    0.48521537057318  
  1.550000   -0.51072209234667   -0.33992086629855    0.43529869238347   -0.36358161303561    0.48290174011112  
  1.560000   -0.50768738480567   -0.33504562494627    0.43379668456759   -0.35952179189798    0.48056204568650  
  1.570000   -0.50461377381078   -0.33007472529430    0.43226674683701   -0.35538590580548    0.47819624914105  
  1.580000   -0.50150323595875   -0.32501458784689    0.43070967429224   -0.35117718924851    0.47580437613622  
  1.590000   -0.49835771454461   -0.31987150674818    0.42912616617011   -0.34689909036444    0.47338652090048  
  1.600000   -0.49517911937105   -0.31465163913925    0.42751683076804   -0.34255525214899    0.47094285025989  
  1.610000   -0.49196932660890   -0.30936099516113    0.42588219116891   -0.33814949204119    0.46847360691111  
  1.620000   -0.48873017870055   -0.30400542866811    0.42422269169175   -0.33368578007991    0.46597911190400  
  1.630000   -0.48546348429879   -0.29859062870976    0.42253870498748   -0.32916821584155    0.46345976630877  
  1.640000   -0.48217101823354   -0.29312211183455    0.42083053969392   -0.32460100437783    0.46091605205089  
  1.650000   -0.47885452149981   -0.28760521526127    0.41909844855991   -0.31998843138070    0.45834853190569  
  1.660000   -0.47551570126043   -0.28204509095772    0.41734263694539   -0.31533483780600    0.45575784865271  
  1.670000   -0.47215623085765   -0.27644670065918    0.41556327160156   -0.31064459419112    0.45314472339888  
  1.680000   -0.46877774982863   -0.27081481185133    0.41376048963419   -0.30592207490245    0.45050995308771  
  1.690000   -0.46538186391994   -0.26515399473510    0.41193440755260   -0.30117163254698    0.44785440722025  
  1.700000   -0.46197014509726   -0.25946862018278    0.41008513030730   -0.29639757277901    0.44517902382141  
  1.710000   -0.45854413154690   -0.25376285868709    0.40821276022100   -0.29160412972699    0.44248480469291  
  1.720000   -0.45510532766652   -0.24804068029699    0.40631740571982   -0.28679544225779    0.43977281000161  
  1.730000   -0.45165520404297   -0.24230585552630    0.40439918977496   -0.28197553128575    0.43704415225834  
  1.740000   -0.44819519741611   -0.23656195721346    0.40245825796929   -0.27714827832246    0.43429998974878  
  1.750000   -0.44472671062772   -0.23081236330357    0.40049478610816   -0.27231740544937    0.43154151948330  
  1.760000   -0.44125111255569   -0.22506026051668    0.39850898729926   -0.26748645688071    0.42876996973753  
  1.770000   -0.43776973803398   -0.21930864885930    0.39650111843312   -0.26265878226743    0.42598659225947  
  1.780000   -0.43428388775947   -0.21356034693033    0.39447148600226   -0.25783752187516    0.42319265422223  
  1.790000   -0.43079482818759   -0.20781799796599    0.39242045120496   -0.25302559375041    0.42038943000383  
  1.800000   -0.42730379141886   -0.20208407656370    0.39034843428721   -0.24822568296938    0.41757819287733  
  1.810000   -0.42381197507913   -0.19636089601954    0.38825591808507   -0.24344023304304    0.41476020669493  
  1.820000   -0.42032054219657   -0.19065061620995    0.38614345073776   -0.23867143953171    0.41193671764991  
  1.830000   -0.41683062107909   -0.18495525194483    0.38401164755129   -0.23392124590015    0.40910894619907  
  1.840000   -0.41334330519580   -0.17927668171614    0.38186119200070   -0.22919134162373    0.40627807922655  
  1.850000   -0.40985965306682   -0.17361665676406    0.37969283586841   -0.22448316253396    0.40344526252717  
  1.860000   -0.40638068816555   -0.16797681038122    0.37750739852469   -0.21979789337146    0.40061159368415  
  1.870000   -0.40290739883791   -0.16235866737470    0.37530576536534   -0.21513647249329    0.39777811541167  
  1.880000   -0.39944073824307   -0.15676365360551    0.37308888542987   -0.21049959866214    0.39494580942777  
  1.890000   -0.39598162432006   -0.15119310552595    0.37085776823178   -0.20588773982568    0.39211559091772  
  1.900000   -0.39253093978492   -0.14564827963637    0.36861347984030   -0.20130114377664    0.38928830364159  
  1.910000   -0.38908953216256   -0.14013036178522    0.36635713826032   -0.19673985056737    0.38646471573302  
  1.920000   -0.38565821385764   -0.13464047623873    0.36408990816379   -0.19220370653744    0.38364551622921  
  1.930000   -0.38223776226841   -0.12917969445004    0.36181299503242   -0.18769237979890    0.38083131236446  
  1.940000   -0.37882891994725   -0.12374904346133    0.35952763877663   -0.18320537701174    0.37802262765155  
  1.950000   -0.37543239481123   -0.11834951387729    0.35723510690078   -0.17874206127156    0.37521990076757  
  1.960000   -0.37204886040573   -0.11298206735291    0.35493668728881   -0.17430167092284    0.37242348525220  
  1.970000   -0.36867895622372   -0.10764764354424    0.35263368068730   -0.16988333910429    0.36963365001832  
  1.980000   -0.36532328808292   -0.10234716647663    0.35032739296616   -0.16548611382826    0.36685058066671  
  1.990000   -0.36198242856238   -0.09708155029095    0.34801912723809   -0.16110897839277    0.36407438158820  
  2.000000   -0.35865691749976   -0.09185170433502    0.34571017591924   -0.15675087192434    0.36130507882890  
  2.010000   -0.35534726254995   -0.08665853757405    0.34340181281347   -0.15241070985048    0.35854262368663  
  2.020000   -0.35205393980502   -0.08150296230078    0.34109528530141   -0.14808740410375    0.35578689699899  
  2.030000   -0.34877739447525   -0.07638589713308    0.33879180671446   -0.14377988286439    0.35303771407712  
  2.040000   -0.34551804162998   -0.07130826929348    0.33649254897093   -0.13948710965479    0.35029483023257  
  2.050000   -0.34227626699698   -0.06627101617255    0.33419863554862   -0.13520810160794    0.34755794683905  
  2.060000   -0.33905242781801   -0.06127508618436    0.33191113486406   -0.13094194674181    0.34482671786570  
  2.070000   -0.33584685375807   -0.05632143892938    0.32963105412430   -0.12668782008331    0.34210075681399  
  2.080000   -0.33265984786514   -0.05141104468640    0.32735933371156   -0.12244499849854    0.33937964398657  
  2.090000   -0.32949168757671   -0.04654488326137    0.32509684215565   -0.11821287410029    0.33666293401355  
  2.100000   -0.32634262576916   -0.04172394222685    0.32284437174254   -0.11399096611921    0.33395016355929  
  2.110000   -0.32321289184515   -0.03694921459125    0.32060263480074   -0.10977893114149    0.33124085913143  
  2.120000   -0.32010269285452   -0.03222169594200    0.31837226070028   -0.10557657163288    0.32853454491325  
  2.130000   -0.31701221464301   -0.02754238111148    0.31615379359145   -0.10138384268697    0.32583075054071  
  2.140000   -0.31394162302349   -0.02291226041831    0.31394769090291   -0.09720085695362    0.32312901874630  
  2.150000   -0.31089106496384   -0.01833231554034    0.31175432261116   -0.09302788772208    0.32042891279400  
  2.160000   -0.30786066978535   -0.01380351507832    0.30957397128532   -0.08886537015177    0.31773002363176  
  2.170000   -0.30485055036563   -0.00932680987169    0.30740683290360   -0.08471390066236    0.31503197669150  
  2.180000   -0.30186080433959   -0.00490312812941    0.30525301843001   -0.08057423451259    0.31233443827054  
  2.190000   -0.29889151529239   -0.00053337044000    0.30311255613217   -0.07644728161552    0.30963712143303  
  2.200000   -0.29594275393787    0.00378159527500    0.30098539461426   -0.07233410065432    0.30693979137502  
  2.210000   -0.29301457927653    0.00804093879976    0.29887140653143   -0.06823589157948    0.30424227020300  
  2.220000   -0.29010703972665    0.01224387259194    0.29677039294623   -0.06415398658352    0.30154444108148  
  2.230000   -0.28722017422304    0.01638965661764    0.29468208828062   -0.06008983966332    0.29884625171249  
  2.240000   -0.28435401327750    0.02047760299389    0.29260616581223   -0.05604501489333    0.29614771711626  
  2.250000   -0.28150857999577    0.02450708038145    0.29054224365773   -0.05202117354477    0.29344892169022  
  2.260000   -0.27868389104595    0.02847751807418    0.28848989118228   -0.04802006019571    0.29075002053065  
  2.270000   -0.27587995757378    0.03238840973479    0.28644863576975   -0.04404348798603    0.28805124000887  
  2.280000   -0.27309678606048    0.03623931673078    0.28441796988538   -0.04009332317805    0.28535287760185  
  2.290000   -0.27033437911954    0.04002987102930    0.28239735836006   -0.03617146918915    0.28265530098433  
  2.300000   -0.26759273622917    0.04375977761430    0.28038624582372   -0.03227985026644    0.27995894639734  
  2.310000   -0.26487185439759    0.04742881639473    0.27838406421410   -0.02842039497541    0.27726431631500  
  2.320000   -0.26217172875912    0.05103684357811    0.27639024028713   -0.02459501967467    0.27457197643887  
  2.330000   -0.25949235309940    0.05458379248955    0.27440420305548   -0.02080561214780    0.27188255205542  
  2.340000   -0.25683372030862    0.05806967382203    0.27242539108304   -0.01705401555955    0.26919672379864  
  2.350000   -0.25419582276243    0.06149457530999    0.27045325956509   -0.01334201289937    0.26651522286568  
  2.360000   -0.25157865263055    0.06485866082420    0.26848728712634   -0.00967131206852    0.26383882573841  
  2.370000   -0.24898220211386    0.06816216889183    0.26652698227252   -0.00604353175907    0.26116834846873  
  2.380000   -0.24640646361119    0.07140541065170    0.26457188943484   -0.00246018826411    0.25850464058940  
  2.390000   -0.24385142981766    0.07458876726043    0.26262159455126    0.00107731665275    0.25584857871546  
  2.400000   -0.24131709375703    0.07771268677076    0.26067573013346    0.00456770671171    0.25320105990426  
  2.410000   -0.23880344875077    0.08077768050883    0.25873397977379    0.00800984079163    0.25056299484379  
  2.420000   -0.23631048832745    0.08378431898203    0.25679608205253    0.01140272123545    0.24793530094052  
  2.430000   -0.23383820607606    0.08673322735394    0.25486183381179    0.01474550071119    0.24531889537817  
  2.440000   -0.23138659544774    0.08962508052719    0.25293109276934    0.01803748756877    0.24271468821895  
  2.450000   -0.22895564951031    0.09246059787885    0.25100377945180    0.02127814964860    0.24012357561746  
  2.460000   -0.22654536066068    0.09524053769647    0.24907987843428    0.02446711651416    0.23754643321593  
  2.470000   -0.22415572030043    0.09796569136590    0.24715943887991    0.02760418009677    0.23498410978714  
  2.480000   -0.22178671847983    0.10063687736426    0.24524257438021    0.03068929375739    0.23243742118806  
  2.490000   -0.21943834351619    0.10325493511352    0.24332946210395    0.03372256978597    0.22990714468377  
  2.500000   -0.21711058159215    0.10582071875129    0.24142034126915    0.03670427537499    0.22739401369676  
  2.510000   -0.21480341633983    0.10833509087631    0.23951551095944    0.03963482711877    0.22489871303200  
  2.520000   -0.21251682841674    0.11079891632618    0.23761532731247    0.04251478410511    0.22242187462261  
  2.530000   -0.21025079507923    0.11321305604467    0.23572020011417    0.04534483967928    0.21996407383558  
  2.540000   -0.20800528975934    0.11557836109478    0.23383058883824    0.04812581197383    0.21752582637030  
  2.550000   -0.20578028165058    0.11789566687245    0.23194699817574    0.05085863330905    0.21510758577688  
  2.560000   -0.20357573530814    0.12016578757351    0.23006997310429    0.05354433858021    0.21270974161389  
  2.570000   -0.20139161026867    0.12238951096430    0.22820009355059    0.05618405275684    0.21033261825893  
  2.580000   -0.19922786069462    0.12456759350297    0.22633796870404    0.05877897762775    0.20797647437794  
  2.590000   -0.19708443504763    0.12670075585516    0.22448423104188    0.06133037793217    0.20564150305275  
  2.600000   -0.19496127579530    0.12878967884405    0.22263953012900    0.06383956702269    0.20332783255910  
  2.610000   -0.19285831915505    0.13083499987009    0.22080452625752    0.06630789220966    0.20103552778063  
  2.620000   -0.19077549487857    0.13283730983153    0.21897988399197    0.06873671993870    0.19876459223807  
  2.630000   -0.18871272607960    0.13479715057162    0.21716626568695    0.07112742095401    0.19651497070612  
  2.640000   -0.18666992910775    0.13671501287363    0.21536432504353    0.07348135559918    0.19428655238489  
  2.650000   -0.18464701346997    0.13859133501905    0.21357470076998    0.07579985940472    0.19207917458693  
  2.660000   -0.18264388180134    0.14042650191927    0.21179801041101    0.07808422910810    0.18989262689593  
  2.670000   -0.18066042988595    0.14222084482537    0.21003484440740    0.08033570924624    0.18772665574831  
  2.680000   -0.17869654672820    0.14397464161504    0.20828576044525    0.08255547945419    0.18558096938501  
  2.690000   -0.17675211467443    0.14568811765015    0.20655127815078    0.08474464259549    0.18345524311711  
  2.700000   -0.17482700958415    0.14736144719322    0.20483187418274    0.08690421384052    0.18134912484610  
  2.710000   -0.17292110104960    0.14899475536532    0.20312797777008    0.08903511079878    0.17926224077716  
  2.720000   -0.17103425266206    0.15058812062336    0.20143996673777    0.09113814479995    0.17719420126253  
  2.730000   -0.16916632232264    0.15214157772928    0.19976816405850    0.09321401340584    0.17514460671072  
  2.740000   -0.16731716259498    0.15365512117943    0.19811283496230    0.09526329422289    0.17311305349736  
  2.750000   -0.16548662109678    0.15512870905789    0.19647418463040    0.09728644007080    0.17109913981368  
  2.760000   -0.16367454092679    0.15656226727383    0.19485235649349    0.09928377554909    0.16910247138989  
  2.770000   -0.16188076112343    0.15795569413911    0.19324743114838    0.10125549502870    0.16712266703241  
  2.780000   -0.16010511715101    0.15930886523954    0.19165942590063    0.10320166208110    0.16515936391613  
  2.790000   -0.15834744140910    0.16062163855046    0.19008829493439    0.10512221034300    0.16321222257615  
  2.800000   -0.15660756376069    0.16189385974522    0.18853393010430    0.10701694579965    0.16128093154677  
  2.810000   -0.15488531207412    0.16312536764326    0.18699616233810    0.10888555045571    0.15936521159966  
  2.820000   -0.15318051277411    0.16431599974379    0.18547476363241    0.11072758734882    0.15746481953779  
  2.830000   -0.15149299139692    0.16546559779004    0.18396944961823    0.11254250684708    0.15557955150657  
  2.840000   -0.14982257314453    0.16657401330931    0.18247988266723    0.11432965415954    0.15370924578910  
  2.850000   -0.14816908343302    0.16764111307415    0.18100567550433    0.11608827797624    0.15185378505819  
  2.860000   -0.14653234843026    0.16866678443153    0.17954639528741    0.11781754014377    0.15001309806361  
  2.870000   -0.14491219557803    0.16965094044765    0.17810156811035    0.11951652627182    0.14818716073934  
  2.880000   -0.14330845409407    0.17059352481871    0.17667068388152    0.12118425715759    0.14637599672192  
  2.890000   -0.14172095544965    0.17149451649986    0.17525320152650    0.12281970090705    0.14457967727696  
  2.900000   -0.14014953381842    0.17235393400790    0.17384855446056    0.12442178562538    0.14279832063787  
  2.910000   -0.13859402649289    0.17317183935626    0.17245615627426    0.12598941254417    0.14103209076645  
  2.920000   -0.13705427426475    0.17394834158478    0.17107540657351    0.12752146944856    0.13928119555164  
  2.930000   -0.13553012176610    0.17468359985073    0.16970569691430    0.12901684426573    0.13754588446828  
  2.940000   -0.13402141776866    0.17537782605179    0.16834641677162    0.13047443867463    0.13582644572382  
  2.950000   -0.13252801543870    0.17603128695663    0.16699695948211    0.13189318159763    0.13412320292569  
  2.960000   -0.13104977254568    0.17664430582315    0.16565672810061    0.13327204243633    0.13243651130765  
  2.970000   -0.12958655162317    0.17721726348992    0.16432514111193    0.13461004391725    0.13076675355753  
  2.980000   -0.12813822008109    0.17775059893099    0.16300163794094    0.13590627441747    0.12911433529305  
  2.990000   -0.12670465026866    0.17824480926995    0.16168568420659    0.13715989964613    0.12747968023586  
  3.000000   -0.12528571948805    0.17870044925394    0.16037677666805    0.13837017356505    0.12586322513717  
  3.010000   -0.12388130995909    0.17911813019369    0.15907444781488    0.13953644843953    0.12426541451051  
  3.020000   -0.12249130873611    0.17949851838084    0.15777827005695    0.14065818391997    0.12268669522919  
  3.030000   -0.12111560757798    0.17984233299849    0.15648785947379    0.14173495506509    0.12112751104724  
  3.040000   -0.11975410277340    0.18015034354618    0.15520287908829    0.14276645922862    0.11958829710312  
  3.050000   -0.11840669492348    0.18042336680465    0.15392304163418    0.14375252174304    0.11806947446556  
  3.060000   -0.11707328868430    0.18066226337027    0.15264811179233    0.14469310034665    0.11657144478021  
  3.070000   -0.11575379247249    0.18086793379307    0.15137790787623    0.14558828831287    0.11509458507449  
  3.080000   -0.11444811813699    0.18104131435586    0.15011230295289    0.14643831625418    0.11363924277626  
  3.090000   -0.11315618060081    0.18118337253522    0.14885122539092    0.14724355258632    0.11220573099927  
  3.100000   -0.11187789747662    0.18129510218814    0.14759465883380    0.14800450265245    0.11079432414566  
  3.110000   -0.11061318866026    0.18137751851048    0.14634264160172    0.14872180651973    0.10940525387202  
  3.120000   -0.10936197590660    0.18143165281523    0.14509526553156    0.14939623547488    0.10803870546170  
  3.130000   -0.10812418239217    0.18145854718049    0.14385267426999    0.15002868725773    0.10669481464149  
  3.140000   -0.10689973226914    0.18145924901762    0.14261506104014    0.15062018008454    0.10537366487622  
  3.150000   -0.10568855021529    0.18143480561100    0.14138266590775    0.15117184552478    0.10407528516941  
  3.160000   -0.10449056098467    0.18138625868050    0.14015577257729    0.15168492030641    0.10279964839304  
  3.170000   -0.10330568896344    0.18131463901765    0.13893470475353    0.15216073713495    0.10154667016349  
  3.180000   -0.10213385773564    0.18122096124528    0.13771982210796    0.15260071462142    0.10031620827527  
  3.190000   -0.10097498966301    0.18110621874908    0.13651151589353    0.15300634642261    0.09910806269816  
  3.200000   -0.09982900548345    0.18097137882774    0.13531020425418    0.15337918970474    0.09792197613730  
  3.210000   -0.09869582393181    0.18081737810591    0.13411632727902    0.15372085304767    0.09675763515020  
  3.220000   -0.09757536138719    0.18064511825136    0.13293034185275    0.15403298391222    0.09561467180851  
  3.230000   -0.09646753154987    0.18045546203493    0.13175271635622    0.15431725579670    0.09449266588711  
  3.240000   -0.09537224515140    0.18024922976791    0.13058392527198    0.15457535521163    0.09339114755720  
  3.250000   -0.09428940970053    0.18002719614818    0.12942444375050    0.15480896860247    0.09230960055534  
  3.260000   -0.09321892926753    0.17979008754185    0.12827474219281    0.15501976935058    0.09124746579518  
  3.270000   -0.09216070430901    0.17953857972325    0.12713528090487    0.15520940498081    0.09020414538436  
  3.280000   -0.09111463153485    0.17927329609115    0.12600650487805    0.15537948470183    0.08917900700483  
  3.290000   -0.09008060381856    0.17899480637484    0.12488883874835    0.15553156740107    0.08817138861128  
  3.300000   -0.08905851015194    0.17870362583853    0.12378268198525    0.15566715021120    0.08718060339926  
  3.310000   -0.08804823564427    0.17840021498781    0.12268840435806    0.15578765775881    0.08620594499186  
  3.320000   -0.08704966156606    0.17808497977712    0.12160634172508    0.15589443219830    0.08524669279181  
  3.330000   -0.08606266543684    0.17775827231214    0.12053679218691    0.15598872412599    0.08430211744436  
  3.340000   -0.08508712115602    0.17742039203644    0.11948001264172    0.15607168445993    0.08337148635532  
  3.350000   -0.08412289917548    0.17707158738687    0.11843621577568    0.15614435736067    0.08245406920827  
  3.360000   -0.08316986671197    0.17671205789799    0.11740556751763    0.15620767425777    0.08154914342531  
  3.370000   -0.08222788799739    0.17634195673128    0.11638818498154    0.15626244903494    0.08065599951635  
  3.380000   -0.08129682456413    0.17596139360109    0.11538413491601    0.15630937441525    0.07977394626354  
  3.390000   -0.08037653556283    0.17557043806545    0.11439343267410    0.15634901957510    0.07890231568914  
  3.400000   -0.07946687810912    0.17516912314654    0.11341604171196    0.15638182900350    0.07804046775783  
  3.410000   -0.07856770765614    0.17475744924260    0.11245187361893    0.15640812261040    0.07718779476725  
  3.420000   -0.07767887838882    0.17433538829038    0.11150078867662    0.15642809707513    0.07634372538405  
  3.430000   -0.07680024363623    0.17390288813499    0.11056259693892    0.15644182841383    0.07550772828674  
  3.440000   -0.07593165629782    0.17345987706234    0.10963705981972    0.15644927573220    0.07467931538055  
  3.450000   -0.07507296927924    0.17300626844774    0.10872389217002    0.15645028611834    0.07385804455452  
  3.460000   -0.07422403593362    0.17254196547380    0.10782276482109    0.15644460061919    0.07304352195554  
  3.470000   -0.07338471050381    0.17206686586969    0.10693330756586    0.15643186123312    0.07223540375950  
  3.480000   -0.07255484856128    0.17158086662453    0.10605511254624    0.15641161884172    0.07143339742480  
  3.490000   -0.07173430743742    0.17108386862775    0.10518773801015    0.15638334199428    0.07063726241900  
  3.500000   -0.07092294664298    0.17057578119034    0.10433071239837    0.15634642645065    0.06984681041497  
  3.510000   -0.07012062827156    0.17005652640239    0.10348353871832    0.15630020538059    0.06906190495821  
  3.520000   -0.06932721738333    0.16952604328410    0.10264569915874    0.15624396011188    0.06828246061274  
  3.530000   -0.06854258236503    0.16898429168970    0.10181665989752    0.15617693131432    0.06750844159814  
  3.540000   -0.06776659526316    0.16843125592636    0.10099587605264    0.15609833050273    0.06673985993566  
  3.550000   -0.06699913208675    0.16786694805323    0.10018279672536    0.15600735173969    0.06597677312623  
  3.560000   -0.06624007307712    0.16729141082902    0.09937687008377    0.15590318341705    0.06521928138799  
  3.570000   -0.06548930294195    0.16670472028022    0.09857754843485    0.15578501999520    0.06446752448543  
  3.580000   -0.06474671105153    0.16610698786595    0.09778429323322    0.15565207357999    0.06372167818622  
  3.590000   -0.06401219159521    0.16549836221943    0.09699657997608    0.15550358521942    0.06298195038546  
  3.600000   -0.06328564369690    0.16487903045064    0.09621390293473    0.15533883580580    0.06224857694051  
  3.610000   -0.06256697148833    0.16424921899878    0.09543577967516    0.15515715647333    0.06152181726211  
  3.620000   -0.06185608413967    0.16360919402815    0.09466175532270    0.15495793838693    0.06080194970987  
  3.630000   -0.06115289584721    0.16295926136505    0.09389140652806    0.15474064182479    0.06008926684201  
  3.640000   -0.06045732577843    0.16229976597862    0.09312434509585    0.15450480446467    0.05938407057044  
  3.650000   -0.05976929797508    0.16163109101228    0.09236022123983    0.15425004879255    0.05868666727297  
  3.660000   -0.05908874121536    0.16095365637760    0.09159872643331    0.15397608856158    0.05799736291443  
  3.670000   -0.05841558883668    0.16026791692629    0.09083959582736    0.15368273423923    0.05731645822848  
  3.680000   -0.05774977852088    0.15957436022031    0.09008261021388    0.15336989739104    0.05664424401047  
  3.690000   -0.05709125204406    0.15887350392421    0.08932759751554    0.15303759396075    0.05598099657060  
  3.700000   -0.05643995499373    0.15816589284710    0.08857443378914    0.15268594641761    0.05532697339453  
  3.710000   -0.05579583645603    0.15745209566553    0.08782304373447    0.15231518475371    0.05468240905602  
  3.720000   -0.05515884867625    0.15673270136130    0.08707340070517    0.15192564632571    0.05404751142365  
  3.730000   -0.05452894669605    0.15600831541123    0.08632552622389    0.15151777454746    0.05342245819978  
  3.740000   -0.05390608797114    0.15527955576802    0.08557948900840    0.15109211645131    0.05280739382667  
  3.750000   -0.05329023197303    0.15454704867355    0.08483540352091    0.15064931914791    0.05220242679037  
  3.760000   -0.05268133977908    0.15381142434753    0.08409342805714    0.15019012522488    0.05160762734870  
  3.770000   -0.05207937365474    0.15307331259521    0.08335376239668    0.14971536713582    0.05102302570487  
  3.780000   -0.05148429663223    0.15233333837914    0.08261664504036    0.14922596064112    0.05044861064374  
  3.790000   -0.05089607208980    0.15159211739965    0.08188235006455    0.14872289737136    0.04988432864245  
  3.800000   -0.05031466333580    0.15085025172890    0.08115118362614    0.14820723659298    0.04933008346220  
  3.810000   -0.04974003320149    0.15010832554264    0.08042348015529    0.14768009626357    0.04878573622291  
  3.820000   -0.04917214364685    0.14936690099260    0.07969959827616    0.14714264347127    0.04825110595709  
  3.830000   -0.04861095538304    0.14862651426122    0.07897991649843    0.14659608435852    0.04772597063461  
  3.840000   -0.04805642751529    0.14788767183826    0.07826482872459    0.14604165363534    0.04721006864464  
  3.850000   -0.04750851720973    0.14715084705673    0.07755473961979    0.14548060379135    0.04670310071669  
  3.860000   -0.04696717938739    0.14641647692286    0.07685005989203    0.14491419411809    0.04620473225779  
  3.870000   -0.04643236644829    0.14568495927182    0.07615120153157    0.14434367965501    0.04571459607875  
  3.880000   -0.04590402802834    0.14495665027781    0.07545857305831    0.14377030017282    0.04523229547839  
  3.890000   -0.04538211079133    0.14423186234308    0.07477257482586    0.14319526930712    0.04475740765087  
  3.900000   -0.04486655825811    0.14351086238733    0.07409359443032    0.14261976395312    0.04428948737823  
  3.910000   -0.04435731067431    0.14279387055433    0.07342200227018    0.14204491402973    0.04382807096724  
  3.920000   -0.04385430491821    0.14208105934874    0.07275814730258    0.14147179271655    0.04337268038721  
  3.930000   -0.04335747444916    0.14137255321173    0.07210235303849    0.14090140726258    0.04292282756370  
  3.940000   -0.04286674929736    0.14066842853972    0.07145491381719    0.14033469045908    0.04247801878140  
  3.950000   -0.04238205609470    0.13996871414600    0.07081609139709    0.13977249286210    0.04203775914871  
  3.960000   -0.04190331814648    0.13927339216073    0.07018611189687    0.13921557584208    0.04160155707581  
  3.970000   -0.04143045554314    0.13858239936056    0.06956516311700    0.13866460552942    0.04116892871859  
  3.980000   -0.04096338531070    0.13789562891449    0.06895339226779    0.13812014771551    0.04073940234083  
  3.990000   -0.04050202159859    0.13721293252905    0.06835090412596    0.13758266375867    0.04031252254842  
  4.000000   -0.04004627590265    0.13653412297144    0.06775775963707    0.13705250753424    0.03988785435106  
  4.010000   -0.03959605732119    0.13585897694586    0.06717397497673    0.13652992345711    0.03946498700854  
  4.020000   -0.03915127284147    0.13518723829461    0.06659952107862    0.13601504559418    0.03904353762153  
  4.030000   -0.03871182765360    0.13451862149257    0.06603432363268    0.13550789787278    0.03862315442957  
  4.040000   -0.03827762548888    0.13385281540052    0.06547826355194    0.13500839538012    0.03820351978214  
  4.050000   -0.03784856897885    0.13318948724059    0.06493117790161    0.13451634673778    0.03778435275244  
  4.060000   -0.03742456003186    0.13252828675461    0.06439286127947    0.13403145752406    0.03736541136728  
  4.070000   -0.03700550022294    0.13186885050462    0.06386306763199    0.13355333470670    0.03694649443088  
  4.080000   -0.03659129119337    0.13121080627338    0.06334151248611    0.13308149203820    0.03652744292455  
  4.090000   -0.03618183505581    0.13055377752168    0.06282787557246    0.13261535635623    0.03610814096890  
  4.100000   -0.03577703480098    0.12989738785884    0.06232180381200    0.13215427472270    0.03568851634003  
  4.110000   -0.03537679470179    0.12924126548273    0.06182291463420    0.13169752232667    0.03526854053563  
  4.120000   -0.03498102071089    0.12858504754578    0.06133079959177    0.13124431106864    0.03484822839202  
  4.130000   -0.03458962084774    0.12792838440451    0.06084502823396    0.13079379873717    0.03442763725778  
  4.140000   -0.03420250557119    0.12727094371099    0.06036515219784    0.13034509868301    0.03400686573420  
  4.150000   -0.03381958813403    0.12661241430662    0.05989070947504    0.12989728989102    0.03358605199748  
  4.160000   -0.03344078491585    0.12595250988010    0.05942122880961    0.12944942734656    0.03316537172194  
  4.170000   -0.03306601573089    0.12529097235439    0.05895623418142    0.12900055259017    0.03274503562766  
  4.180000   -0.03269520410795    0.12462757496964    0.05849524932901    0.12854970435285    0.03232528667966  
  4.190000   -0.03232827753935    0.12396212503250    0.05803780226517    0.12809592916380    0.03190639696975  
  4.200000   -0.03196516769662    0.12329446630523    0.05758342973919    0.12763829182286    0.03148866431484  
  4.210000   -0.03160581061071    0.12262448101184    0.05713168159987    0.12717588563187    0.03107240860893  
  4.220000   -0.03125014681494    0.12195209144214    0.05668212501501    0.12670784228165    0.03065796796798  
  4.230000   -0.03089812144910    0.12127726113858    0.05623434850441    0.12623334129526    0.03024569470923  
  4.240000   -0.03054968432390    0.12059999565493    0.05578796574547    0.12575161893314    0.02983595120794  
  4.250000   -0.03020478994491    0.11992034288002    0.05534261911307    0.12526197647100    0.02942910567573  
  4.260000   -0.02986339749574    0.11923839292411    0.05489798291803    0.12476378776862    0.02902552790530  
  4.270000   -0.02952547078069    0.11855427756971    0.05445376631177    0.12425650605466    0.02862558502643  
  4.280000   -0.02919097812729    0.11786816929300    0.05400971582827    0.12373966986106    0.02822963731807  
  4.290000   -0.02885989224975    0.11718027986620    0.05356561753815    0.12321290804928    0.02783803412026  
  4.300000   -0.02853219007452    0.11649085855542    0.05312129879389    0.12267594388029    0.02745110988862  
  4.310000   -0.02820785252977    0.11580018993239    0.05267662954919    0.12212859808983    0.02706918043231  
  4.320000   -0.02788686430069    0.11510859132233    0.05223152324017    0.12157079094089    0.02669253937436  
  4.330000   -0.02756921355304    0.11441640991387    0.05178593722039    0.12100254323579    0.02632145487064  
  4.340000   -0.02725489162770    0.11372401955997    0.05133987274641    0.12042397628093    0.02595616662097  
  4.350000   -0.02694389270902    0.11303181730224    0.05089337451512    0.11983531080796    0.02559688320251  
  4.360000   -0.02663621347030    0.11234021965328    0.05044652975875    0.11923686486571    0.02524377975219  
  4.370000   -0.02633185269980    0.11164965867449    0.04999946690781    0.11862905070776    0.02489699602093  
  4.380000   -0.02603081091098    0.11096057788836    0.04955235383695    0.11801237071075    0.02455663481854  
  4.390000   -0.02573308994056    0.11027342806631    0.04910539571252    0.11738741236799    0.02422276086387  
  4.400000   -0.02543869253860    0.10958866293389    0.04865883246499    0.11675484241282    0.02389540005047  
  4.410000   -0.02514762195423    0.10890673483635    0.04821293591303    0.11611540013433    0.02357453913351  
  4.420000   -0.02485988152134    0.10822809040765    0.04776800656951    0.11546988995651    0.02326012583936  
  4.430000   -0.02457547424811    0.10755316628619    0.04732437016312    0.11481917335900    0.02295206939449  
  4.440000   -0.02429440241431    0.10688238491980    0.04688237391164    0.11416416022438    0.02265024146624  
  4.450000   -0.02401666718037    0.10621615050190    0.04644238258600    0.11350579970221    0.02235447750333  
  4.460000   -0.02374226821202    0.10555484507916    0.04600477440571    0.11284507068513    0.02206457846010  
  4.470000   -0.02347120332394    0.10489882486957    0.04556993680832    0.11218297199575    0.02178031288420  
  4.480000   -0.02320346814613    0.10424841682747    0.04513826213653    0.11152051238587    0.02150141934385  
  4.490000   -0.02293905581593    0.10360391548985    0.04471014328734    0.11085870045132    0.02122760916728  
  4.500000   -0.02267795669895    0.10296558013538    0.04428596936803    0.11019853456612    0.02095856946351  
  4.510000   -0.02242015814131    0.10233363228444    0.04386612140344    0.10954099293937    0.02069396639122  
  4.520000   -0.02216564425575    0.10170825356532    0.04345096813858    0.10888702389674    0.02043344863945  
  4.530000   -0.02191439574357    0.10108958396776    0.04304086197928    0.10823753648580    0.02017665108225  
  4.540000   -0.02166638975409    0.10047772050155    0.04263613511233    0.10759339150093    0.01992319856720  
  4.550000   -0.02142159978302    0.09987271627371    0.04223709584455    0.10695539301918    0.01967270979706  
  4.560000   -0.02117999561047    0.09927457999366    0.04184402519775    0.10632428053269    0.01942480126235  
  4.570000   -0.02094154327948    0.09868327591159    0.04145717379411    0.10570072175733    0.01917909118284  
  4.580000   -0.02070620511488    0.09809872419102    0.04107675906334    0.10508530618983    0.01893520341555  
  4.590000   -0.02047393978246    0.09752080171219    0.04070296279942    0.10447853947802    0.01869277128785  
  4.600000   -0.02024470238771    0.09694934329864    0.04033592909153    0.10388083866038    0.01845144131476  
  4.610000   -0.02001844461314    0.09638414335530    0.03997576264945    0.10329252832183    0.01821087676123  
  4.620000   -0.01979511489272    0.09582495790213    0.03962252753987    0.10271383770349    0.01797076101197  
  4.630000   -0.01957465862178    0.09527150698379    0.03927624634585    0.10214489879414    0.01773080071350  
  4.640000   -0.01935701840010    0.09472347743163    0.03893689975701    0.10158574542108    0.01749072865564  
  4.650000   -0.01914213430585    0.09418052595125    0.03860442659401    0.10103631334773    0.01725030636283  
  4.660000   -0.01892994419763    0.09364228250538    0.03827872426613    0.10049644137510    0.01700932636845  
  4.670000   -0.01872038404158    0.09310835395911    0.03795964965639    0.09996587343388    0.01676761414922  
  4.680000   -0.01851338826021    0.09257832795159    0.03764702042435    0.09944426164391    0.01652502970018  
  4.690000   -0.01830889009958    0.09205177695648    0.03734061671236    0.09893117030782    0.01628146873481  
  4.700000   -0.01810682201121    0.09152826249111    0.03704018323710    0.09842608079612    0.01603686349895  
  4.710000   -0.01790711604465    0.09100733943326    0.03674543174403    0.09792839727217    0.01579118319108  
  4.720000   -0.01770970424719    0.09048856040293    0.03645604379904    0.09743745319662    0.01554443398616  
  4.730000   -0.01751451906641    0.08997148016622    0.03617167388789    0.09695251854335    0.01529665866413  
  4.740000   -0.01732149375168    0.08945566001782    0.03589195279108    0.09647280765163    0.01504793584856  
  4.750000   -0.01713056275068    0.08894067209910    0.03561649119902    0.09599748763286    0.01479837886506  
  4.760000   -0.01694166209688    0.08842610360912    0.03534488352983    0.09552568724463    0.01454813423305  
  4.770000   -0.01675472978419    0.08791156086715    0.03507671191031    0.09505650614042    0.01429737980841  
  4.780000   -0.01656970612497    0.08739667318640    0.03481155027872    0.09458902439933    0.01404632259820  
  4.790000   -0.01638653408799    0.08688109652086    0.03454896856708    0.09412231223765    0.01379519627196  
  4.800000   -0.01620515961272    0.08636451684900    0.03428853691989    0.09365543980233    0.01354425839750  
  4.810000   -0.01602553189706    0.08584665326075    0.03402982990565    0.09318748694579    0.01329378743164  
  4.820000   -0.01584760365541    0.08532726071731    0.03377243067810    0.09271755288170    0.01304407949914  
  4.830000   -0.01567133134470    0.08480613245590    0.03351593504420    0.09224476562299    0.01279544499498  
  4.840000   -0.01549667535588    0.08428310201585    0.03325995539737    0.09176829110546    0.01254820504716  
  4.850000   -0.01532360016910    0.08375804486532    0.03300412447554    0.09128734190386    0.01230268787836  
  4.860000   -0.01515207447092    0.08323087961243    0.03274809890562    0.09080118545164    0.01205922510582  
  4.870000   -0.01498207123239    0.08270156878832    0.03249156249833    0.09030915168068    0.01181814801941  
  4.880000   -0.01481356774707    0.08217011919391    0.03223422925957    0.08981064000346    0.01157978387775  
  4.890000   -0.01464654562870    0.08163658180660    0.03197584608798    0.08930512556684    0.01134445226220  
  4.900000   -0.01448099076839    0.08110105124701    0.03171619513107    0.08879216471437    0.01111246152761  
  4.910000   -0.01431689325170    0.08056366481081    0.03145509577628    0.08827139960203    0.01088410538746  
  4.920000   -0.01415424723642    0.08002460107432    0.03119240625680    0.08774256192116    0.01065965966977  
  4.930000   -0.01399305079215    0.07948407808724    0.03092802485602    0.08720547569149    0.01043937927794  
  4.940000   -0.01383330570322    0.07894235116968    0.03066189069880    0.08666005909676    0.01022349538850  
  4.950000   -0.01367501723681    0.07839971033464    0.03039398412174    0.08610632534532    0.01001221291502  
  4.960000   -0.01351819387858    0.07785647736088    0.03012432661908    0.08554438254789    0.00980570826472  
  4.970000   -0.01336284703821    0.07731300254425    0.02985298036531    0.08497443261506    0.00960412741067  
  4.980000   -0.01320899072794    0.07676966115940    0.02958004731960    0.08439676918684    0.00940758429957  
  4.990000   -0.01305664121692    0.07622684966583    0.02930566792194    0.08381177461661    0.00921615961092  
  5.000000   -0.01290581666505    0.07568498169553    0.02903001939450    0.08321991604149    0.00902989987998  
  5.010000   -0.01275653673964    0.07514448386135    0.02875331366621    0.08262174058044    0.00884881699268  
  5.020000   -0.01260882221873    0.07460579142688    0.02847579494209    0.08201786971026    0.00867288805684  
  5.030000   -0.01246269458500    0.07406934388054    0.02819773694282    0.08140899287805    0.00850205564994  
  5.040000   -0.01231817561408    0.07353558045699    0.02791943984291    0.08079586041656    0.00833622843961  
  5.050000   -0.01217528696154    0.07300493565016    0.02764122693952    0.08017927583566    0.00817528216899  
  5.060000   -0.01203404975234    0.07247783476189    0.02736344108610    0.07956008756987    0.00801906099544  
  5.070000   -0.01189448417705    0.07195468953007    0.02708644092795    0.07893918026699    0.00786737916698  
  5.080000   -0.01175660909859    0.07143589387962    0.02681059697830    0.07831746570794    0.00772002301756  
  5.090000   -0.01162044167355    0.07092181983828    0.02653628757566    0.07769587345106    0.00757675325870  
  5.100000   -0.01148599699171    0.07041281365783    0.02626389476378    0.07707534129754    0.00743730754210  
  5.110000   -0.01135328773740    0.06990919217924    0.02599380013696    0.07645680567582    0.00730140326468  
  5.120000   -0.01122232387605    0.06941123947822    0.02572638069326    0.07584119204391    0.00716874058539  
  5.130000   -0.01109311236908    0.06891920382473    0.02546200473828    0.07522940540828    0.00703900562061  
  5.140000   -0.01096565691994    0.06843329498702    0.02520102788174    0.07462232105662    0.00691187378322  
  5.150000   -0.01083995775386    0.06795368190767    0.02494378916794    0.07402077559953    0.00678701322907  
  5.160000   -0.01071601143356    0.06748049077528    0.02469060737979    0.07342555841323    0.00666408837341  
  5.170000   -0.01059381071285    0.06701380351176    0.02444177755446    0.07283740357078    0.00654276343913  
  5.180000   -0.01047334442946    0.06655365669116    0.02419756774648    0.07225698234480    0.00642270599865  
  5.190000   -0.01035459743847    0.06610004090180    0.02395821607127    0.07168489635820    0.00630359047114  
  5.200000   -0.01023755058682    0.06565290055900    0.02372392805982    0.07112167145346    0.00618510153761  
  5.210000   -0.01012218072953    0.06521213417163    0.02349487435131    0.07056775234281    0.00606693743716  
  5.220000   -0.01000846078720    0.06477759506098    0.02327118874758    0.07002349809454    0.00594881310920  
  5.230000   -0.00989635984466    0.06434909252612    0.02305296664930    0.06948917850124    0.00583046314808  
  5.240000   -0.00978584328968    0.06392639344570    0.02284026389003    0.06896497136736    0.00571164453869  
  5.250000   -0.00967687299047    0.06350922430155    0.02263309597992    0.06845096074386    0.00559213914410  
  5.260000   -0.00956940751044    0.06309727360566    0.02243143776705    0.06794713612785    0.00547175591886  
  5.270000   -0.00946340235804    0.06269019470768    0.02223522351976    0.06745339263551    0.00535033282468  
  5.280000   -0.00935881026946    0.06228760895683    0.02204434742925    0.06696953214655    0.00522773842861  
  5.290000   -0.00925558152125    0.06188910918811    0.02185866452722    0.06649526540836    0.00510387316685  
  5.300000   -0.00915366427022    0.06149426349970    0.02167799200929    0.06603021507853    0.00497867026159  
  5.310000   -0.00905300491694    0.06110261928558    0.02150211095054    0.06557391967437    0.00485209628132  
  5.320000   -0.00895354848962    0.06071370748454    0.02133076839581    0.06512583838926    0.00472415133953  
  5.330000   -0.00885523904450    0.06032704700478    0.02116367980309    0.06468535672642    0.00459486893019  
  5.340000   -0.00875802007892    0.05994214928134    0.02100053181530    0.06425179289253    0.00446431540246  
  5.350000   -0.00866183495297    0.05955852292227    0.02084098533181    0.06382440488579    0.00433258908102  
  5.360000   -0.00856662731568    0.05917567839833    0.02068467884840    0.06340239820589    0.00419981904201  
  5.370000   -0.00847234153143    0.05879313273055    0.02053123203141    0.06298493410702    0.00406616355850  
  5.380000   -0.00837892310259    0.05841041412989    0.02038024948941    0.06257113830945    0.00393180823266  
  5.390000   -0.00828631908398    0.05802706654341    0.02023132470380    0.06216011008050    0.00379696383541  
  5.400000   -0.00819447848520    0.05764265406230    0.02008404407790    0.06175093159197    0.00366186387720  
  5.410000   -0.00810335265680    0.05725676514819    0.01993799106319    0.06134267745813    0.00352676193656  
  5.420000   -0.00801289565636    0.05686901663587    0.01979275032013    0.06093442435661    0.00339192877565  
  5.430000   -0.00792306459094    0.05647905747253    0.01964791187103    0.06052526063352    0.00325764927401  
  5.440000   -0.00783381993222    0.05608657215610    0.01950307520213    0.06011429579438    0.00312421921411  
  5.450000   -0.00774512580143    0.05569128383803    0.01935785327276    0.05970066978338    0.00299194195323  
  5.460000   -0.00765695022090    0.05529295705899    0.01921187639048    0.05928356195579    0.00286112501797  
  5.470000   -0.00756926532968    0.05489140008947    0.01906479591191    0.05886219965121    0.00273207665796  
  5.480000   -0.00748204756110    0.05448646685092    0.01891628773154    0.05843586627958    0.00260510239608  
  5.490000   -0.00739527778017    0.05407805839717    0.01876605552207    0.05800390883657    0.00248050161230  
  5.500000   -0.00730894137947    0.05366612393980    0.01861383369303    0.05756574477086    0.00235856419793  
  5.510000   -0.00722302833229    0.05325066140600    0.01845939003691    0.05712086813239    0.00223956731623  
  5.520000   -0.00713753320236    0.05283171752119    0.01830252803525    0.05666885493783    0.00212377230404  
  5.530000   -0.00705245510992    0.05240938741408    0.01814308880071    0.05620936769753    0.00201142174785  
  5.540000   -0.00696779765414    0.05198381374580    0.01798095263467    0.05574215905667    0.00190273676542  
  5.550000   -0.00688356879261    0.05155518536964    0.01781604018396    0.05526707451238    0.00179791452201  
  5.560000   -0.00679978067871    0.05112373553263    0.01764831318425    0.05478405417790    0.00169712600789  
  5.570000   -0.00671644945836    0.05068973963419    0.01747777478207    0.05429313357454    0.00160051410063  
  5.580000   -0.00663359502784    0.05025351256208    0.01730446943128    0.05379444344224    0.00150819193277  
  5.590000   -0.00655124075503    0.04981540562940    0.01712848236481    0.05328820856920    0.00142024158235  
  5.600000   -0.00646941316630    0.04937580314085    0.01694993864607    0.05277474565143    0.00133671309978  
  5.610000   -0.00638814160223    0.04893511861975    0.01676900180942    0.05225446020263    0.00125762388162  
  5.620000   -0.00630745784514    0.04849379073114    0.01658587210272    0.05172784254476    0.00118295839740  
  5.630000   -0.00622739572202    0.04805227893885    0.01640078434951    0.05119546291881    0.00111266827237  
  5.640000   -0.00614799068655    0.04761105893777    0.01621400545193    0.05065796576457    0.00104667272490  
  5.650000   -0.00606927938407    0.04717061790423    0.01602583155940    0.05011606322646    0.00098485935364  
  5.660000   -0.00599129920377    0.04673144960993    0.01583658493145    0.04957052795058    0.00092708526574  
  5.670000   -0.00591408782232    0.04629404944599    0.01564661052620    0.04902218524549    0.00087317853366  
  5.680000   -0.00583768274319    0.04585890940490    0.01545627234900    0.04847190468557    0.00082293996493  
  5.690000   -0.00576212083630    0.04542651306883    0.01526594959795    0.04792059124199    0.00077614516541  
  5.700000   -0.00568743788224    0.04499733065269    0.01507603264557    0.04736917603086    0.00073254687387  
  5.710000   -0.00561366812564    0.04457181415041    0.01488691889712    0.04681860677237    0.00069187754253  
  5.720000   -0.00554084384194    0.04415039263172    0.01469900856792    0.04626983805794    0.00065385213578  
  5.730000   -0.00546899492190    0.04373346773579    0.01451270042250    0.04572382152424    0.00061817111691  
  5.740000   -0.00539814847784    0.04332140940632    0.01432838751914    0.04518149603423    0.00058452359048  
  5.750000   -0.00532832847565    0.04291455191053    0.01414645300330    0.04464377796558    0.00055259056674  
  5.760000   -0.00525955539612    0.04251319018205    0.01396726599294    0.04411155170572    0.00052204831280  
  5.770000   -0.00519184592913    0.04211757652484    0.01379117759822    0.04358566045103    0.00049257175444  
  5.780000   -0.00512521270369    0.04172791771184    0.01361851711626    0.04306689740469    0.00046383789219  
  5.790000   -0.00505966405676    0.04134437250863    0.01344958844050    0.04255599746403    0.00043552919472  
  5.800000   -0.00499520384323    0.04096704964842    0.01328466672176    0.04205362948324    0.00040733693314  
  5.810000   -0.00493183128902    0.04059600628038    0.01312399531578    0.04156038919180    0.00037896442043  
  5.820000   -0.00486954088917    0.04023124690914    0.01296778304907    0.04107679284261    0.00035013012103  
  5.830000   -0.00480832235194    0.03987272283858    0.01281620183197    0.04060327165627    0.00032057059731  
  5.840000   -0.00474816058983    0.03952033212825    0.01266938464421    0.04014016712059    0.00029004326106  
  5.850000   -0.00468903575792    0.03917392006601    0.01252742391448    0.03968772719524    0.00025832890059  
  5.860000   -0.00463092333931    0.03883328015560    0.01239037031181    0.03924610346315    0.00022523395600  
  5.870000   -0.00457379427725    0.03849815561291    0.01225823196232    0.03881534926023    0.00019059251835  
  5.880000   -0.00451761515289    0.03816824135973    0.01213097410057    0.03839541880542    0.00015426803097  
  5.890000   -0.00446234840728    0.03784318649940    0.01200851916049    0.03798616734326    0.00011615467453  
  5.900000   -0.00440795260579    0.03752259725347    0.01189074730644    0.03758735230051    0.00007617842104  
  5.910000   -0.00435438274257    0.03720604033469    0.01177749740033    0.03719863544861    0.00003429774501  
  5.920000   -0.00430159058255    0.03689304672689    0.01166856839666    0.03681958605335   -0.00000949601583  
  5.930000   -0.00424952503788    0.03658311583847    0.01156372115259    0.03644968498324   -0.00005517865440  
  5.940000   -0.00419813257539    0.03627571999258    0.01146268063630    0.03608832973829   -0.00010269344315  
  5.950000   -0.00414735765151    0.03597030921353    0.01136513851259    0.03573484035163   -0.00015195183431  
  5.960000   -0.00409714317066    0.03566631626610    0.01127075608091    0.03538846610743   -0.00020283450434  
  5.970000   -0.00404743096277    0.03536316190163    0.01117916753738    0.03504839301020   -0.00025519273169  
  5.980000   -0.00399816227575    0.03506026026263    0.01108998352904    0.03471375193296   -0.00030885009340  
  5.990000   -0.00394927827818    0.03475702439598    0.01100279496542    0.03438362736458   -0.00036360446264  
  6.000000   -0.00390072056753    0.03445287182331    0.01091717704998    0.03405706667038   -0.00041923028606  
  6.010000   -0.00385243167928    0.03414723011637    0.01083269349156    0.03373308977478   -0.00047548111695  
  6.020000   -0.00380435559186    0.03383954242488    0.01074890085396    0.03341069917021   -0.00053209237729  
  6.030000   -0.00375643822295    0.03352927290447    0.01066535300047    0.03308889015280   -0.00058878431943  
  6.040000   -0.00370862791207    0.03321591199290    0.01058160558879    0.03276666118309   -0.00064526515589  
  6.050000   -0.00366087588505    0.03289898148389    0.01049722057142    0.03244302426804   -0.00070123432416  
  6.060000   -0.00361313669573    0.03257803934951    0.01041177065605    0.03211701526040   -0.00075638585153  
  6.070000   -0.00356536864062    0.03225268426397    0.01032484368116    0.03178770397182   -0.00081041178433  
  6.080000   -0.00351753414244    0.03192255978441    0.01023604686213    0.03145420399740   -0.00086300564495  
  6.090000   -0.00346960009871    0.03158735814691    0.01014501086497    0.03111568215247   -0.00091386587958  
  6.100000   -0.00342153819175    0.03124682363950    0.01005139366578    0.03077136742509   -0.00096269926013  
  6.110000   -0.00337332515714    0.03090075551747    0.00995488415634    0.03042055935305   -0.00100922420362  
  6.120000   -0.00332494300751    0.03054901043048    0.00985520545845    0.03006263573892   -0.00105317397366  
  6.130000   -0.00327637920946    0.03019150433503    0.00975211791261    0.02969705962325   -0.00109429972953  
  6.140000   -0.00322762681158    0.02982821387080    0.00964542170933    0.02932338544309   -0.00113237339010  
  6.150000   -0.00317868452178    0.02945917718386    0.00953495913533    0.02894126431064   -0.00116719028166  
  6.160000   -0.00312955673315    0.02908449418494    0.00942061641010    0.02855044835548   -0.00119857154101  
  6.170000   -0.00308025349744    0.02870432623602    0.00930232509252    0.02815079408265   -0.00122636624769  
  6.180000   -0.00303079044608    0.02831889526363    0.00918006304142    0.02774226470871   -0.00125045326200  
  6.190000   -0.00298118865908    0.02792848230278    0.00905385491809    0.02732493144741   -0.00127074274872  
  6.200000   -0.00293147448264    0.02753342548026    0.00892377222354    0.02689897372730   -0.00128717736935  
  6.210000   -0.00288167929654    0.02713411745160    0.00878993286761    0.02646467833358   -0.00129973312967  
  6.220000   -0.00283183923335    0.02673100231097    0.00865250027170    0.02602243747751   -0.00130841987244  
  6.230000   -0.00278199485135    0.02632457199806    0.00851168201159    0.02557274580680   -0.00131328140939  
  6.240000   -0.00273219076404    0.02591536223098    0.00836772801125    0.02511619638106   -0.00131439528987  
  6.250000   -0.00268247522906    0.02550394799853    0.00822092830298    0.02465347564658   -0.00131187220780  
  6.260000   -0.00263289970008    0.02509093864947    0.00807161037371    0.02418535745472   -0.00130585505202  
  6.270000   -0.00258351834543    0.02467697262029    0.00792013612117    0.02371269617732   -0.00129651760917  
  6.280000   -0.00253438753751    0.02426271184650    0.00776689844783    0.02323641898209   -0.00128406293168  
  6.290000   -0.00248556531742    0.02384883590568    0.00761231752384    0.02275751733890   -0.00126872138710  
  6.300000   -0.00243711083948    0.02343603594310    0.00745683675398    0.02227703783597   -0.00125074840838  
  6.310000   -0.00238908380040    0.02302500843308    0.00730091848622    0.02179607239157   -0.00123042196776  
  6.320000   -0.00234154385831    0.02261644883112    0.00714503950245    0.02131574795363   -0.00120803980003  
  6.330000   -0.00229455004652    0.02221104517290    0.00698968633415    0.02083721578413   -0.00118391640350  
  6.340000   -0.00224816018751    0.02180947167730    0.00683535044765    0.02036164043040   -0.00115837984934  
  6.350000   -0.00220243031221    0.02141238241072    0.00668252334488    0.01989018848805   -0.00113176843220  
  6.360000   -0.00215741408981    0.02102040506981    0.00653169162699    0.01942401726315   -0.00110442719650  
  6.370000   -0.00211316227341    0.02063413493867    0.00638333206807    0.01896426344230   -0.00107670437446  
  6.380000   -0.00206972216629    0.02025412907578    0.00623790674693    0.01851203187952   -0.00104894777247  
  6.390000   -0.00202713711386    0.01988090078330    0.00609585828402    0.01806838460798   -0.00102150114355  
  6.400000   -0.00198544602585    0.01951491440948    0.00595760522980    0.01763433018271   -0.00099470058351  
  6.410000   -0.00194468293307    0.01915658053157    0.00582353764967    0.01721081345689   -0.00096887098823  
  6.420000   -0.00190487658272    0.01880625156276    0.00569401294821    0.01679870589046   -0.00094432260910  
  6.430000   -0.00186605007587    0.01846421782235    0.00556935197364    0.01639879648373   -0.00092134774260  
  6.440000   -0.00182822055021    0.01813070410291    0.00544983543985    0.01601178342204   -0.00090021758841  
  6.450000   -0.00179139891045    0.01780586676165    0.00533570070022    0.01563826650901   -0.00088117930901  
  6.460000   -0.00175558960824    0.01748979135577    0.00522713890293    0.01527874045599   -0.00086445332109  
  6.470000   -0.00172079047244    0.01718249083218    0.00512429255286    0.01493358908363   -0.00085023084693  
  6.480000   -0.00168699258962    0.01688390427061    0.00502725349888    0.01460308047740   -0.00083867175034  
  6.490000   -0.00165418023333    0.01659389616584    0.00493606135890    0.01428736312261   -0.00082990267841  
  6.500000   -0.00162233083915    0.01631225621768    0.00485070238687    0.01398646302477   -0.00082401552627  
  6.510000   -0.00159141502061    0.01603869957719    0.00477110877624    0.01370028179852   -0.00082106623679  
  6.520000   -0.00156139661873    0.01577286747314    0.00469715838334    0.01342859568065   -0.00082107394195  
  6.530000   -0.00153223277534    0.01551432811371    0.00462867484072    0.01317105539154   -0.00082402044580  
  6.540000   -0.00150387401712    0.01526257772444    0.00456542801532    0.01292718673237   -0.00082985004110  
  6.550000   -0.00147626433380    0.01501704154619    0.00450713474832    0.01269639176415   -0.00083846964302  
  6.560000   -0.00144934123038    0.01477707457602    0.00445345979451    0.01247795036938   -0.00084974921231  
  6.570000   -0.00142303572945    0.01454196179426    0.00440401685761    0.01227102195026   -0.00086352242902  
  6.580000   -0.00139727229680    0.01431091758559    0.00435836959780    0.01207464697162   -0.00087958756446  
  6.590000   -0.00137196866115    0.01408308403881    0.00431603246889    0.01188774801955   -0.00089770848550  
  6.600000   -0.00134703549947    0.01385752780770    0.00427647123023    0.01170913002403   -0.00091761571256  
  6.610000   -0.00132237596203    0.01363323524677    0.00423910297605    0.01153747929929   -0.00093900744182  
  6.620000   -0.00129788501943    0.01340910561460    0.00420329553926    0.01137136110176   -0.00096155043649  
  6.630000   -0.00127344862743    0.01318394228071    0.00416836616478    0.01120921550926   -0.00098488069515  
  6.640000   -0.00124894272638    0.01295644209450    0.00413357941706    0.01104935160542   -0.00100860382097  
  6.650000   -0.00122423212193    0.01272518339079    0.00409814439638    0.01088994022574   -0.00103229504898  
  6.660000   -0.00119916933223    0.01248861352293    0.00406121149358    0.01072900590035   -0.00105549894491  
  6.670000   -0.00117359353453    0.01224503732742    0.00402186911829    0.01056441911700   -0.00107772887180  
  6.680000   -0.00114732979881    0.01199260851645    0.00397914108622    0.01039389061719   -0.00109846643151  
  6.690000   -0.00112018885354    0.01172932662723    0.00393198563815    0.01021497009904   -0.00111716122602  
  6.700000   -0.00109196768480    0.01145304276872    0.00387929736354    0.01002505238057   -0.00113323144113  
  6.710000   -0.00106245131458    0.01116147791065    0.00381991358206    0.00982139469392   -0.00114606591903  
  6.720000   -0.00103141612909    0.01085225774723    0.00375262695085    0.00960114922709   -0.00115502853655  
  6.730000   -0.00099863512055    0.01052296811370    0.00367620615517    0.00936141517190   -0.00115946581391  
  6.740000   -0.00096388535480    0.01017123440857    0.00358942644346    0.00909931423108   -0.00115871871129  
  6.750000   -0.00092695787226    0.00979482736218    0.00349111142038    0.00881209264278   -0.00115213949126  
  6.760000   -0.00088767006331    0.00939179571531    0.00338018686182    0.00849725118708   -0.00113911430021  
  6.770000   -0.00084588033074    0.00896062391138    0.00325574633731    0.00815270229091   -0.00111909172609  
  6.780000   -0.00080150456795    0.00850040983319    0.00311712712478    0.00777695027759   -0.00109161701517  
  6.790000   -0.00075453365787    0.00801105410327    0.00296399333963    0.00736928715951   -0.00105637089210  
  6.800000   -0.00070505086230    0.00749344880701    0.00279642148679    0.00692999241990   -0.00101321107004  
  6.810000   -0.00065324765974    0.00694965008632    0.00261498195379    0.00646052137478   -0.00096221363906  
  6.820000   -0.00059943634751    0.00638301637125    0.00242080851293    0.00596366345931   -0.00090371068798  
  6.830000   -0.00054405759698    0.00579829258454    0.00221564694407    0.00544364971858   -0.00083831987752  
  6.840000   -0.00048768118533    0.00520162096255    0.00200187367525    0.00490618847221   -0.00076696137799  
  6.850000   -0.00043099835724    0.00460046156994    0.00178247608380    0.00435841004563   -0.00069085774046  
  6.860000   -0.00037480471380    0.00400341034914    0.00156098794026    0.00380870591630   -0.00061151297759  
  6.870000   -0.00031997317784    0.00341990958163    0.00134137643465    0.00326645463770   -0.00053066842618  
  6.880000   -0.00026741741151    0.00285985458965    0.00112788117292    0.00274163616828   -0.00045023480974  
  6.890000   -0.00021804700030    0.00233311069817    0.00092481018833    0.00224434707738   -0.00037220219169  
  6.900000   -0.00017271668000    0.00184896495027    0.00073630294744    0.00178424051982   -0.00029853200284  
  6.910000   -0.00013217276313    0.00141554666900    0.00056607499904    0.00136992560612   -0.00023103776572  
  6.920000   -0.00009700060602    0.00103925845452    0.00041716271892    0.00100836947220   -0.00017126321146  
  6.930000   -0.00006757734261    0.00072426345362    0.00029168896944    0.00070435065504   -0.00012036788177  
  6.940000   -0.00004403411484    0.00047207484632    0.00019067095321    0.00046001325079   -0.00007903076767  
  6.950000   -0.00002623160811    0.00028128897856    0.00011388981630    0.00027456714383   -0.00004738188885  
  6.960000   -0.00001375185751    0.00014749446131    0.00005983761859    0.00014417030319   -0.00002496992309  
  6.970000   -0.00000590808212    0.00006337645840    0.00002575138785    0.00006201533858   -0.00001077116173  
  6.980000   -0.00000177283516    0.00001901943472    0.00000773663077    0.00001862540807   -0.00000324145084  
  6.990000   -0.00000022317173    0.00000239440201    0.00000097463124    0.00000234589035   -0.00000040875438  
  7.000000    0.00000000000000    0.00000000000000   -0.00000000000000    0.00000000000000    0.00000000000000  
