0	0.0034399474223749155
1	0.0032861881641401973
2	0.003154274484822826
3	0.003046715316194539
4	0.002950034837224869
5	0.0028588244141838914
6	0.0027711121422047853
7	0.002686447450277095
8	0.002605018568328061
9	0.002527312629093126
10	0.0024538573787520673
11	0.0023849948914970195
12	0.0023208021403212462
13	0.0022611581935296316
14	0.002205859824215834
15	0.0021546930753283586
16	0.002107443117408975
17	0.002063880732885641
18	0.002023760723433819
19	0.0019868359671444654
20	0.0019528712890259992
21	0.0019216459760972543
22	0.0018929483984263722
23	0.0018665726582977472
24	0.0018423220867747254
25	0.0018200157247440889
26	0.0017994902881652477
27	0.0017805943501904235
28	0.0017631787844521382
29	0.0017470908769293412
30	0.0017321762442041836
31	0.0017182860387924027
32	0.0017052834799043462
33	0.0016930468302005196
34	0.001681471340776695
35	0.001670473910590282
36	0.0016600000718763903
37	0.0016500285158039512
38	0.0016405690659943358
39	0.0016316547648710213
40	0.001623331671120775
41	0.00161564848403304
42	0.0016086459085690868
43	0.001602346603953354
44	0.0015967489941325643
45	0.0015918277913562512
46	0.0015875401056965706
47	0.0015838326958941642
48	0.0015806469382518523
49	0.0015779218102665773
50	0.0015755969698380788
51	0.0015736163005575156
52	0.0015719301933602647
53	0.0015704954575208865
54	0.001569273996638621
55	0.0015682319546501324
56	0.0015673394235675166
57	0.0015665697283740421
58	0.0015658983092081255
59	0.0015653024327974428
60	0.0015647622607636866
61	0.0015642621599542442
62	0.0015637909895530547
63	0.0015633414955308373
64	0.0015629096840210546
65	0.0015624942974813275
66	0.0015620958875505943
67	0.0015617155839961166
68	0.0015613543499257544
69	0.0015610130173302757
70	0.0015606924887740274
71	0.0015603935810575619
72	0.0015601167572453288
73	0.0015598621240465967
74	0.0015596295331209212
75	0.0015594185000394334
76	0.0015592281093628378
77	0.0015590571962633272
78	0.0015589046445245395
79	0.0015587694358653063
80	0.001558650473766884
81	0.001558546495165027
82	0.0015584561445989142
83	0.001558378030861033
84	0.0015583107320502002
85	0.001558252883383997
86	0.0015582033234972984
87	0.0015581611165393968
88	0.0015581254298844827
89	0.0015580954387527173
90	0.0015580703310811663
91	0.0015580493235152735
92	0.0015580316530820443
93	0.001558016608853454
94	0.0015580035970298343
95	0.0015579921519027328
96	0.001557981888548168
97	0.0015579724791642735
98	0.0015579636689913373
99	0.0015579552761285718
100	0.0015579471707621415
101	0.0015579392753718906
102	0.0015579315752166938
103	0.001557924098616294
104	0.0015579168827911207
105	0.001557909965932757
106	0.0015579033954139074
107	0.0015578972225073408
108	0.0015578914926240505
109	0.0015578862469152377
110	0.0015578815197110766
111	0.001557877322416339
112	0.0015578736350728745
113	0.0015578704164353858
114	0.0015578676158139032
115	0.001557865178375509
116	0.0015578630522314694
117	0.0015578611948515741
118	0.0015578595697339841
119	0.0015578581405446225
120	0.001557856873425916
121	0.0015578557416105407
122	0.0015578547245292743
123	0.00155785380584178
124	0.001557852973491452
125	0.0015578522174832454
126	0.0015578515265756846
127	0.0015578508894836833
128	0.0015578502982609693
129	0.001557849748378877
130	0.001557849237098196
131	0.001557848763034501
132	0.001557848325306417
133	0.0015578479221669663
134	0.0015578475516487295
135	0.0015578472131106357
136	0.0015578469068922823
137	0.0015578466331347207
138	0.001557846391509701
139	0.001557846180889635
140	0.001557845998742634
141	0.0015578458415484932
142	0.0015578457056608422
143	0.0015578455872662668
144	0.001557845482182965
145	0.0015578453862674167
146	0.001557845295722882
147	0.0015578452071690176
148	0.0015578451180599843
149	0.0015578450270218778
150	0.0015578449335921236
151	0.0015578448379025703
152	0.0015578447405938012
153	0.0015578446426043199
154	0.0015578445449584645
155	0.0015578444488137456
156	0.0015578443554133607
157	0.0015578442658122692
158	0.0015578441807310467
159	0.0015578441005633075
160	0.0015578440253442914
161	0.0015578439548033743
162	0.0015578438885329624
163	0.001557843826036391
164	0.001557843766707858
165	0.0015578437099059918
166	0.0015578436550374073
167	0.0015578436015887154
168	0.001557843549175568
169	0.0015578434975610216
170	0.0015578434465853591
171	0.0015578433961136997
172	0.001557843346053451
173	0.0015578432963555384
174	0.0015578432470088896
175	0.0015578431980528872
176	0.001557843149554446
177	0.0015578431015669403
178	0.0015578430541290465
179	0.0015578430072733242
180	0.0015578429610215493
181	0.001557842915386223
182	0.0015578428703740532
183	0.0015578428259751154
184	0.001557842782165579
185	0.0015578427389229465
186	0.0015578426962273772
187	0.0015578426540599972
188	0.0015578426124014796
189	0.0015578425712292128
190	0.0015578425305139215
191	0.0015578424902263385
192	0.0015578424503437445
193	0.0015578424108523732
194	0.001557842371743506
195	0.0015578423330155908
196	0.00155784229466802
197	0.0015578422567013466
198	0.0015578422191193499
199	0.0015578421819244786
200	0.0015578421451209212
201	0.0015578421087103632
202	0.0015578420726941541
203	0.0015578420370688892
204	0.0015578420018333215
205	0.0015578419669857544
206	0.0015578419325228846
207	0.0015578418984399313
208	0.001557841864730738
209	0.0015578418313889947
210	0.0015578417984075958
211	0.0015578417657808256
212	0.001557841733503132
213	0.0015578417015685937
214	0.0015578416699717243
215	0.0015578416387071452
216	0.0015578416077708151
217	0.0015578415771596312
218	0.0015578415468719417
219	0.0015578415169066283
220	0.0015578414872632284
221	0.001557841457941597
222	0.0015578414289406808
223	0.001557841400260515
224	0.0015578413719006176
225	0.0015578413438589844
226	0.0015578413161341897
227	0.0015578412887236744
228	0.001557841261625039
229	0.0015578412348363668
230	0.0015578412083541008
231	0.0015578411821754868
232	0.0015578411562972205
233	0.001557841130715368
234	0.0015578411054280354
235	0.001557841080431994
236	0.001557841055724417
237	0.00155784103130323
238	0.0015578410071661448
239	0.0015578409833107642
240	0.0015578409597351382
241	0.0015578409364373107
242	0.0015578409134148093
243	0.001557840890665838
244	0.0015578408681880217
245	0.0015578408459797069
246	0.0015578408240376489
247	0.0015578408023611244
248	0.0015578407809463445
249	0.0015578407597925097
250	0.001557840738896721
251	0.0015578407182567798
252	0.0015578406978699782
253	0.001557840677734528
254	0.001557840657847543
255	0.0015578406382078633
256	0.0015578406188125648
257	0.0015578405996592578
258	0.0015578405807462202
259	0.0015578405620707322
260	0.0015578405436308597
261	0.00155784052542397
262	0.0015578405074488275
263	0.001557840489702399
264	0.0015578404721829778
265	0.001557840454888249
266	0.0015578404378156733
267	0.0015578404209636789
268	0.0015578404043301466
269	0.001557840387912468
270	0.001557840371708994
271	0.001557840355717389
272	0.0015578403399355992
273	0.0015578403243613858
274	0.0015578403089924846
275	0.001557840293827755
276	0.0015578402788643927
277	0.0015578402640999743
278	0.0015578402495334547
279	0.0015578402351617367
280	0.0015578402209839193
281	0.001557840206997159
282	0.0015578401931992713
283	0.0015578401795887861
284	0.0015578401661642345
285	0.001557840152922384
286	0.0015578401398618125
287	0.0015578401269808926
288	0.0015578401142768014
289	0.0015578401017489138
290	0.0015578400893945673
291	0.0015578400772117236
292	0.0015578400651987268
293	0.0015578400533533747
294	0.001557840041674679
295	0.0015578400301596315
296	0.0015578400188072054
297	0.0015578400076150713
298	0.0015578399965817025
299	0.0015578399857052924
300	0.0015578399749837098
301	0.0015578399644153686
302	0.0015578399539989988
303	0.0015578399437318593
304	0.0015578399336130485
305	0.0015578399236406393
306	0.0015578399138125175
307	0.001557839904127348
308	0.0015578398945829133
309	0.0015578398851785842
310	0.0015578398759118221
311	0.001557839866781453
312	0.0015578398577849718
313	0.0015578398489214833
314	0.0015578398401896317
315	0.0015578398315874618
316	0.0015578398231128102
317	0.0015578398147652029
318	0.0015578398065420407
319	0.001557839798442581
320	0.0015578397904648764
321	0.001557839782607553
322	0.001557839774869177
323	0.001557839767247645
324	0.0015578397597421903
325	0.001557839752351221
326	0.0015578397450729802
327	0.0015578397379060287
328	0.0015578397308494104
329	0.0015578397239008413
330	0.001557839717059864
331	0.0015578397103249207
332	0.001557839703693989
333	0.0015578396971665887
334	0.001557839690740469
335	0.0015578396844146854
336	0.0015578396781882485
337	0.0015578396720592926
338	0.0015578396660271491
339	0.0015578396600898579
340	0.0015578396542460721
341	0.0015578396484952678
342	0.0015578396428358962
343	0.00155783963726648
344	0.0015578396317861844
345	0.0015578396263929276
346	0.001557839621086776
347	0.0015578396158658133
348	0.0015578396107285997
349	0.001557839605674288
350	0.0015578396007022253
351	0.0015578395958108515
352	0.0015578395909987127
353	0.0015578395862653471
354	0.0015578395816090852
355	0.0015578395770288196
356	0.0015578395725239726
357	0.0015578395680931802
358	0.0015578395637355917
359	0.001557839559449649
360	0.0015578395552347426
361	0.0015578395510899568
362	0.0015578395470141906
363	0.001557839543006203
364	0.0015578395390652773
365	0.00155783953519021
366	0.0015578395313800928
367	0.0015578395276344666
368	0.0015578395239515175
369	0.0015578395203308482
370	0.0015578395167717349
371	0.0015578395132728985
372	0.0015578395098336003
373	0.0015578395064527696
374	0.0015578395031299443
375	0.0015578394998634604
376	0.001557839496653315
377	0.0015578394934985065
378	0.0015578394903975501
379	0.0015578394873506172
380	0.0015578394843561993
381	0.001557839481413617
382	0.0015578394785225689
383	0.0015578394756810016
384	0.001557839472889714
385	0.0015578394701469946
386	0.001557839467452494
387	0.001557839464804806
388	0.0015578394622039048
389	0.0015578394596493534
390	0.0015578394571393451
391	0.001557839454673945
392	0.0015578394522520113
393	0.0015578394498732009
394	0.0015578394475370058
395	0.0015578394452422219
396	0.001557839442988955
397	0.0015578394407753555
398	0.0015578394386018804
399	0.0015578394364674595
400	0.0015578394343715115
401	0.0015578394323131754
402	0.0015578394302926289
403	0.0015578394283084207
404	0.0015578394263600444
405	0.0015578394244474463
406	0.0015578394225695387
407	0.0015578394207260106
408	0.0015578394189164537
409	0.0015578394171400548
410	0.001557839415396151
411	0.0015578394136843048
412	0.0015578394120044367
413	0.0015578394103552635
414	0.0015578394087363693
415	0.0015578394071480727
416	0.0015578394055890488
417	0.0015578394040591944
418	0.0015578394025579619
419	0.0015578394010847074
420	0.0015578393996390856
421	0.0015578393982205224
422	0.0015578393968284428
423	0.001557839395463026
424	0.0015578393941231747
425	0.0015578393928090584
426	0.0015578393915193468
427	0.0015578393902542687
428	0.0015578393890136207
429	0.001557839387795904
430	0.001557839386602163
431	0.0015578393854309
432	0.0015578393842824074
433	0.0015578393831552622
434	0.001557839382050187
435	0.0015578393809666678
436	0.0015578393799038064
437	0.0015578393788617802
438	0.0015578393778400723
439	0.0015578393768378555
440	0.001557839375854803
441	0.0015578393748911551
442	0.0015578393739467365
443	0.0015578393730206021
444	0.001557839372112448
445	0.0015578393712220885
446	0.0015578393703493585
447	0.0015578393694936667
448	0.0015578393686548802
449	0.0015578393678329307
450	0.0015578393670270493
451	0.0015578393662371683
452	0.0015578393654633507
453	0.0015578393647047023
454	0.0015578393639613516
455	0.0015578393632323154
456	0.0015578393625181378
457	0.001557839361818433
458	0.001557839361132678
459	0.0015578393604606996
460	0.0015578393598026541
461	0.001557839359157426
462	0.00155783935852521
463	0.0015578393579061525
464	0.0015578393572993452
465	0.0015578393567052455
466	0.0015578393561227876
467	0.001557839355552603
468	0.0015578393549939267
469	0.0015578393544464116
470	0.0015578393539106056
471	0.001557839353385815
472	0.0015578393528716177
473	0.0015578393523678204
474	0.0015578393518748486
475	0.0015578393513916537
476	0.0015578393509184647
477	0.0015578393504552452
478	0.0015578393500017304
479	0.0015578393495579632
480	0.0015578393491230522
481	0.0015578393486972467
482	0.0015578393482806275
483	0.0015578393478721962
484	0.0015578393474727289
485	0.0015578393470817551
486	0.0015578393466989466
487	0.0015578393463236686
488	0.0015578393459574377
489	0.0015578393455980704
490	0.0015578393452466842
491	0.0015578393449024812
492	0.0015578393445660084
493	0.0015578393442366033
494	0.001557839343914005
495	0.001557839343598478
496	0.0015578393432895076
497	0.001557839342987681
498	0.0015578393426919574
499	0.001557839342402131
500	0.0015578393421194277
501	0.001557839341842206
502	0.0015578393415714706
503	0.001557839341306086
504	0.0015578393410468681
505	0.0015578393407929244
506	0.0015578393405448665
507	0.0015578393403020852
508	0.0015578393400645142
509	0.0015578393398320634
510	0.0015578393396051126
511	0.001557839339382667
512	0.001557839339165591
513	0.0015578393389527817
514	0.0015578393387450985
515	0.0015578393385417542
516	0.0015578393383428794
517	0.0015578393381487912
518	0.00155783933795857
519	0.0015578393377727604
520	0.00155783933759096
521	0.0015578393374132918
522	0.0015578393372398202
523	0.0015578393370701796
524	0.0015578393369037218
525	0.0015578393367417607
526	0.001557839336582815
527	0.0015578393364279212
528	0.0015578393362764872
529	0.0015578393361282369
530	0.001557839335983464
531	0.0015578393358420006
532	0.001557839335703579
533	0.001557839335568132
534	0.0015578393354363197
535	0.0015578393353072664
536	0.0015578393351810603
537	0.0015578393350577184
538	0.0015578393349373954
539	0.0015578393348194268
540	0.001557839334704786
541	0.0015578393345925348
542	0.0015578393344826758
543	0.0015578393343758869
544	0.0015578393342708225
545	0.0015578393341685556
546	0.0015578393340683703
547	0.0015578393339708027
548	0.001557839333875696
549	0.0015578393337823129
550	0.001557839333691635
551	0.0015578393336025459
552	0.0015578393335157537
553	0.0015578393334309902
554	0.0015578393333484301
555	0.0015578393332676206
556	0.0015578393331884496
557	0.001557839333111272
558	0.001557839333036207
559	0.0015578393329626745
560	0.0015578393328910623
561	0.0015578393328210584
562	0.0015578393327526432
563	0.001557839332685897
564	0.0015578393326208995
565	0.0015578393325570098
566	0.0015578393324951483
567	0.0015578393324345136
568	0.0015578393323755194
569	0.0015578393323174837
570	0.0015578393322614897
571	0.0015578393322064333
572	0.0015578393321525278
573	0.0015578393321002589
574	0.0015578393320493215
575	0.0015578393319993155
576	0.0015578393319505134
577	0.0015578393319029915
578	0.0015578393318570185
579	0.0015578393318117318
580	0.0015578393317675447
581	0.001557839331724362
582	0.001557839331682566
583	0.0015578393316413588
584	0.0015578393316015304
585	0.0015578393315625189
586	0.0015578393315244157
587	0.001557839331487485
588	0.0015578393314514148
589	0.0015578393314157506
590	0.0015578393313815985
591	0.0015578393313480702
592	0.0015578393313151358
593	0.001557839331283302
594	0.0015578393312523722
595	0.0015578393312222103
596	0.0015578393311922647
597	0.0015578393311633755
598	0.0015578393311352326
599	0.00155783933110768
600	0.0015578393310810216
601	0.0015578393310552777
602	0.001557839331029831
603	0.00155783933100503
604	0.001557839330980802
605	0.0015578393309570462
606	0.0015578393309343553
607	0.001557839330911982
608	0.001557839330890091
609	0.001557839330868744
610	0.0015578393308485745
611	0.001557839330827778
612	0.0015578393308084198
613	0.0015578393307889647
614	0.0015578393307703426
615	0.0015578393307520315
616	0.001557839330734619
617	0.0015578393307173484
618	0.0015578393307003706
619	0.0015578393306841828
620	0.0015578393306678073
621	0.0015578393306523472
622	0.001557839330637308
623	0.0015578393306223495
624	0.0015578393306079831
625	0.0015578393305938497
626	0.0015578393305804982
627	0.001557839330567251
628	0.0015578393305539537
629	0.0015578393305412613
630	0.0015578393305290634
631	0.0015578393305172781
632	0.0015578393305058053
633	0.0015578393304942965
634	0.0015578393304833725
635	0.0015578393304726142
636	0.001557839330462072
637	0.0015578393304521067
638	0.00155783933044174
639	0.0015578393304320427
640	0.0015578393304228355
641	0.0015578393304136002
642	0.0015578393304047137
643	0.001557839330395987
644	0.0015578393303872062
645	0.0015578393303792401
646	0.0015578393303713118
647	0.0015578393303634032
648	0.0015578393303562015
649	0.0015578393303483933
650	0.0015578393303411335
651	0.0015578393303344405
652	0.0015578393303278175
653	0.0015578393303207557
654	0.0015578393303143623
655	0.001557839330308039
656	0.0015578393303022238
657	0.0015578393302961712
658	0.0015578393302905565
659	0.001557839330284682
660	0.0015578393302793751
661	0.0015578393302740111
662	0.0015578393302688176
663	0.0015578393302638704
664	0.0015578393302589173
665	0.001557839330254136
666	0.0015578393302495119
667	0.00155783933024475
668	0.0015578393302404824
669	0.0015578393302364884
670	0.0015578393302321124
671	0.0015578393302282444
672	0.0015578393302243577
673	0.001557839330220297
674	0.0015578393302167041
675	0.0015578393302132522
676	0.0015578393302096427
677	0.0015578393302063322
678	0.0015578393302027422
679	0.001557839330199716
680	0.0015578393301966525
681	0.0015578393301934567
682	0.001557839330190442
683	0.0015578393301877162
684	0.001557839330185006
685	0.001557839330182137
686	0.0015578393301793855
687	0.0015578393301770872
688	0.001557839330174422
689	0.0015578393301720083
690	0.001557839330169856
691	0.0015578393301673783
692	0.0015578393301650076
693	0.0015578393301629296
694	0.0015578393301609295
695	0.0015578393301586716
696	0.0015578393301570548
697	0.0015578393301551227
698	0.0015578393301531055
699	0.0015578393301513191
700	0.0015578393301495844
701	0.001557839330147676
702	0.0015578393301462318
703	0.001557839330144618
704	0.0015578393301429099
705	0.0015578393301414277
706	0.001557839330139587
707	0.0015578393301384126
708	0.001557839330137094
709	0.0015578393301357522
710	0.0015578393301342846
711	0.0015578393301330753
712	0.0015578393301320338
713	0.001557839330130613
714	0.0015578393301294512
715	0.0015578393301286563
716	0.0015578393301272579
717	0.001557839330126203
718	0.0015578393301251719
719	0.0015578393301240857
720	0.0015578393301229642
721	0.0015578393301221055
722	0.0015578393301211933
723	0.0015578393301202162
724	0.0015578393301197233
725	0.001557839330118501
726	0.0015578393301180532
727	0.0015578393301172008
728	0.001557839330116159
729	0.001557839330115507
730	0.001557839330114813
731	0.0015578393301141382
732	0.001557839330113556
733	0.001557839330112748
734	0.0015578393301124516
735	0.00155783933011135
736	0.0015578393301107429
737	0.0015578393301105894
738	0.0015578393301096318
739	0.0015578393301090426
740	0.0015578393301084563
741	0.0015578393301083355
742	0.00155783933010763
743	0.0015578393301067587
744	0.001557839330106463
745	0.0015578393301060606
746	0.0015578393301055528
747	0.0015578393301052082
748	0.0015578393301048325
749	0.0015578393301042622
750	0.001557839330104043
751	0.0015578393301038784
752	0.0015578393301034406
753	0.0015578393301030893
754	0.0015578393301026786
755	0.0015578393301021562
756	0.0015578393301021287
757	0.0015578393301014406
758	0.0015578393301010037
759	0.0015578393301011696
760	0.0015578393301006856
761	0.0015578393301002608
762	0.0015578393301003074
763	0.0015578393300998625
764	0.0015578393300995346
765	0.0015578393300995665
766	0.0015578393300991495
767	0.0015578393300992915
768	0.0015578393300986226
769	0.0015578393300986005
770	0.0015578393300982956
771	0.0015578393300980085
772	0.0015578393300978387
773	0.0015578393300975288
774	0.001557839330097501
775	0.001557839330097029
776	0.0015578393300972422
777	0.001557839330096826
778	0.0015578393300970058
779	0.0015578393300966415
780	0.0015578393300965292
781	0.0015578393300963189
782	0.0015578393300962326
783	0.0015578393300959212
784	0.0015578393300958334
785	0.0015578393300959856
786	0.0015578393300956419
787	0.001557839330095529
788	0.001557839330095268
789	0.0015578393300956022
790	0.0015578393300952188
791	0.0015578393300953045
792	0.0015578393300948858
793	0.0015578393300949432
794	0.0015578393300946475
795	0.0015578393300950013
796	0.001557839330094254
797	0.0015578393300943677
798	0.001557839330094569
799	0.0015578393300941075
800	0.0015578393300945206
801	0.0015578393300939403
802	0.0015578393300940034
803	0.001557839330094095
804	0.0015578393300938105
805	0.0015578393300937129
806	0.001557839330093967
807	0.0015578393300938879
808	0.0015578393300937816
809	0.0015578393300938035
810	0.0015578393300937521
811	0.001557839330093572
812	0.0015578393300935515
813	0.0015578393300933783
814	0.0015578393300934492
815	0.0015578393300935182
816	0.0015578393300932655
817	0.0015578393300932337
818	0.001557839330092966
819	0.00155783933009311
820	0.0015578393300930994
821	0.0015578393300929205
822	0.0015578393300928431
823	0.001557839330093068
824	0.0015578393300929331
825	0.0015578393300928828
826	0.0015578393300928113
827	0.001557839330092699
828	0.001557839330092944
829	0.0015578393300927284
830	0.0015578393300925905
831	0.0015578393300928538
832	0.0015578393300927564
833	0.0015578393300924786
834	0.001557839330092381
835	0.0015578393300924248
836	0.0015578393300926506
837	0.0015578393300926566
838	0.0015578393300924157
839	0.0015578393300925242
840	0.001557839330092667
841	0.001557839330092788
842	0.0015578393300927263
843	0.001557839330092288
844	0.0015578393300922267
845	0.0015578393300921198
846	0.001557839330092649
847	0.0015578393300924433
848	0.0015578393300923123
849	0.001557839330092065
850	0.0015578393300925372
851	0.0015578393300922932
852	0.0015578393300922013
853	0.0015578393300921913
854	0.00155783933009214
855	0.001557839330092049
856	0.0015578393300922087
857	0.0015578393300921603
858	0.0015578393300920436
859	0.0015578393300919998
860	0.001557839330092123
861	0.001557839330092233
862	0.0015578393300921256
863	0.0015578393300920224
864	0.0015578393300921145
865	0.001557839330092204
866	0.0015578393300919983
867	0.0015578393300922512
868	0.0015578393300921536
869	0.0015578393300921779
870	0.0015578393300919604
871	0.0015578393300921995
872	0.0015578393300922904
873	0.0015578393300919125
874	0.001557839330092107
875	0.001557839330091879
876	0.001557839330092169
877	0.0015578393300921338
878	0.001557839330092013
879	0.0015578393300919751
880	0.0015578393300921946
881	0.001557839330092283
882	0.0015578393300920352
883	0.001557839330092038
884	0.0015578393300922403
885	0.0015578393300920178
886	0.0015578393300920478
887	0.0015578393300920142
888	0.0015578393300917865
889	0.0015578393300917763
890	0.0015578393300920818
891	0.0015578393300921286
892	0.0015578393300919383
893	0.0015578393300918212
894	0.0015578393300918903
895	0.0015578393300919996
896	0.0015578393300920198
897	0.0015578393300919968
898	0.0015578393300919662
899	0.0015578393300919376
900	0.0015578393300919291
901	0.0015578393300922006
902	0.0015578393300920792
903	0.0015578393300920749
904	0.0015578393300921167
905	0.0015578393300919337
906	0.00155783933009209
907	0.0015578393300920827
908	0.0015578393300919515
909	0.0015578393300916802
910	0.0015578393300921954
911	0.0015578393300920733
912	0.00155783933009204
913	0.0015578393300920595
914	0.0015578393300919914
915	0.0015578393300917457
916	0.0015578393300920896
917	0.0015578393300920263
918	0.0015578393300920046
919	0.0015578393300919357
920	0.0015578393300918552
921	0.0015578393300920606
922	0.0015578393300916518
923	0.0015578393300919962
924	0.001557839330092256
925	0.0015578393300918617
926	0.0015578393300919142
927	0.001557839330092016
928	0.0015578393300920178
929	0.001557839330092014
930	0.0015578393300917557
931	0.0015578393300918784
932	0.0015578393300920857
933	0.0015578393300919946
934	0.0015578393300920853
935	0.0015578393300917674
936	0.0015578393300920387
937	0.0015578393300921282
938	0.0015578393300916577
939	0.0015578393300917722
940	0.0015578393300920844
941	0.0015578393300916895
942	0.001557839330092106
943	0.0015578393300918914
944	0.0015578393300918353
945	0.0015578393300918441
946	0.0015578393300915833
947	0.0015578393300917804
948	0.001557839330092005
949	0.0015578393300918877
950	0.001557839330091734
951	0.0015578393300921492
952	0.0015578393300920439
953	0.0015578393300920694
954	0.0015578393300920467
955	0.0015578393300919036
956	0.001557839330092118
957	0.0015578393300918743
958	0.0015578393300916236
959	0.001557839330092188
960	0.001557839330092115
961	0.0015578393300920014
962	0.0015578393300917383
963	0.0015578393300918893
964	0.0015578393300921557
965	0.001557839330092028
966	0.0015578393300918652
967	0.0015578393300918559
968	0.001557839330091867
969	0.0015578393300916644
970	0.0015578393300917366
971	0.0015578393300918927
972	0.0015578393300920699
973	0.0015578393300917986
974	0.0015578393300917292
975	0.0015578393300920324
976	0.0015578393300921482
977	0.0015578393300920974
978	0.0015578393300920328
979	0.0015578393300921772
980	0.0015578393300921473
981	0.001557839330091958
982	0.0015578393300917756
983	0.0015578393300916004
984	0.001557839330091806
985	0.001557839330092073
986	0.0015578393300920382
987	0.0015578393300916579
988	0.0015578393300918088
989	0.0015578393300919957
990	0.0015578393300916423
991	0.0015578393300918903
992	0.001557839330091798
993	0.0015578393300920005
994	0.0015578393300916878
995	0.00155783933009189
996	0.001557839330091858
997	0.0015578393300919775
