0	0.0022526102750408494
1	0.0021811332586868116
2	0.00212320819775689
3	0.0020764329126108498
4	0.0020383771210357275
5	0.0020068129029029817
6	0.00198017280743583
7	0.0019573722504575767
8	0.0019376110599433694
9	0.0019202693636021888
10	0.001904852082597395
11	0.0018909596021703618
12	0.0018782723109095453
13	0.0018665394812347805
14	0.001855567619698532
15	0.0018452088470484692
16	0.0018353500464472977
17	0.0018259036753028297
18	0.0018168025571776657
19	0.0018079981065987774
20	0.0017994592077108782
21	0.0017911727080839655
22	0.0017831482512046003
23	0.0017754271736791717
24	0.0017680933810533012
25	0.001761284867729276
26	0.001755202592029284
27	0.001750109275719392
28	0.001746306833377364
29	0.0017440739071163955
30	0.00174354356500995
31	0.0017445380913058027
32	0.0017464619773138728
33	0.0017484076764240433
34	0.0017495156884215631
35	0.0017493538427807676
36	0.0017480191705549193
37	0.001745955937350973
38	0.0017436920377061846
39	0.0017416495377175602
40	0.0017400690225687306
41	0.001739020086707453
42	0.0017384529491035164
43	0.0017382552416731092
44	0.0017382958037743224
45	0.001738452090247945
46	0.0017386246686380729
47	0.0017387429727473355
48	0.00173876511624733
49	0.001738673839796317
50	0.0017384707809741879
51	0.0017381710535711477
52	0.0017377990081670653
53	0.0017373847833961967
54	0.001736960842487095
55	0.0017365581894126184
56	0.001736202655596264
57	0.0017359118705646286
58	0.0017356933229464903
59	0.0017355437596119467
60	0.001735450156330985
61	0.0017353923531473717
62	0.0017353470410057148
63	0.0017352922955770128
64	0.0017352116126910936
65	0.0017350965143013105
66	0.001734947154199243
67	0.0017347708814712786
68	0.0017345793341833656
69	0.001734385090339683
70	0.0017341988901002014
71	0.0017340279541734373
72	0.001733875365694896
73	0.001733740260774137
74	0.001733618642717869
75	0.0017335046557503738
76	0.0017333920018448197
77	0.001733275097256968
78	0.0017331497499348994
79	0.0017330134321536382
80	0.0017328653183064364
81	0.001732706131832402
82	0.0017325377535541595
83	0.0017323626383142908
84	0.0017321832231419255
85	0.0017320014949482264
86	0.0017318187525211378
87	0.0017316355196620357
88	0.0017314515955485959
89	0.0017312662576512235
90	0.0017310785866590061
91	0.0017308878181446306
92	0.0017306936214272076
93	0.001730496254147389
94	0.0017302965852068013
95	0.001730096000203971
96	0.001729896218873572
97	0.0017296990679623871
98	0.0017295062570837217
99	0.0017293192002513914
100	0.001729138915303651
101	0.0017289660116592551
102	0.001728800747921307
103	0.001728643126146641
104	0.001728492997469341
105	0.0017283501636864709
106	0.0017282144563564032
107	0.0017280857741990307
108	0.001727964076244414
109	0.0017278493473776055
110	0.0017277415544132745
111	0.0017276406019302122
112	0.0017275462952946528
113	0.0017274583207973061
114	0.0017273762475969482
115	0.0017272995471024153
116	0.0017272276231666082
117	0.0017271598485044583
118	0.001727095601628717
119	0.0017270342973456942
120	0.0017269754072677843
121	0.00172691847062327
122	0.0017268630957618554
123	0.0017268089532399863
124	0.0017267557645088889
125	0.001726703291141705
126	0.0017266513265968841
127	0.0017265996907391877
128	0.0017265482280739717
129	0.0017264968098070163
130	0.0017264453371903996
131	0.001726393743355827
132	0.001726341992968842
133	0.0017262900799282109
134	0.0017262380229196468
135	0.0017261858591531688
136	0.0017261336375258298
137	0.0017260814122214787
138	0.0017260292372415918
139	0.001725977162402728
140	0.0017259252310449738
141	0.0017258734790991676
142	0.001725821935237553
143	0.001725770622127079
144	0.0017257195582224228
145	0.0017256687591285472
146	0.0017256182382647787
147	0.0017255680071653827
148	0.001725518075373389
149	0.0017254684497374543
150	0.001725419133565121
151	0.0017253701262857396
152	0.001725321423612852
153	0.001725273017948301
154	0.0017252248990982488
155	0.0017251770553496368
156	0.0017251294745863491
157	0.001725082145148177
158	0.001725035056432038
159	0.0017249881993035812
160	0.0017249415662452731
161	0.0017248951512366271
162	0.0017248489494815279
163	0.0017248029571148493
164	0.0017247571709640636
165	0.0017247115883690543
166	0.0017246662070732914
167	0.0017246210251880018
168	0.0017245760412204088
169	0.0017245312541136538
170	0.0017244866632276695
171	0.0017244422682865532
172	0.0017243980693133149
173	0.0017243540665199666
174	0.0017243102601721193
175	0.001724266650467439
176	0.0017242232374644233
177	0.0017241800210372985
178	0.0017241370008647928
179	0.0017240941764576107
180	0.0017240515472153643
181	0.0017240091124763762
182	0.0017239668715591495
183	0.0017239248237883348
184	0.0017238829685094481
185	0.0017238413050779686
186	0.00172379983284595
187	0.0017237585511361499
188	0.001723717459225697
189	0.0017236765563320901
190	0.0017236358416125766
191	0.0017235953141678034
192	0.0017235549730609456
193	0.0017235148173351542
194	0.0017234748460331715
195	0.001723435058208493
196	0.0017233954529327973
197	0.0017233560292939135
198	0.0017233167863895046
199	0.0017232777233206647
200	0.0017232388391868825
201	0.001723200133084067
202	0.0017231616041040025
203	0.0017231232513393833
204	0.0017230850738853194
205	0.0017230470708443381
206	0.0017230092413286543
207	0.0017229715844592128
208	0.0017229340993665022
209	0.0017228967851862917
210	0.0017228596410557239
211	0.0017228226661092734
212	0.0017227858594765718
213	0.0017227492202796365
214	0.0017227127476334807
215	0.0017226764406465165
216	0.001722640298423963
217	0.0017226043200692976
218	0.0017225685046853975
219	0.0017225328513763556
220	0.0017224973592468373
221	0.0017224620274034865
222	0.0017224268549523572
223	0.001722391841000478
224	0.0017223569846538524
225	0.0017223222850168158
226	0.0017222877411930057
227	0.0017222533522852322
228	0.0017222191173960548
229	0.0017221850356281007
230	0.0017221511060841197
231	0.0017221173278685411
232	0.0017220837000861886
233	0.0017220502218429352
234	0.0017220168922457203
235	0.0017219837104016488
236	0.0017219506754183943
237	0.0017219177864043885
238	0.0017218850424679322
239	0.0017218524427193961
240	0.001721819986268203
241	0.0017217876722261547
242	0.00172175549970532
243	0.0017217234678207922
244	0.001721691575686921
245	0.0017216598224205706
246	0.0017216282071403602
247	0.0017215967289654715
248	0.0017215653870169614
249	0.0017215341804178927
250	0.0017215031082922986
251	0.0017214721697661108
252	0.0017214413639671364
253	0.001721410690024662
254	0.0017213801470703561
255	0.0017213497342369645
256	0.0017213194506599827
257	0.0017212892954763905
258	0.0017212592678251953
259	0.0017212293668470617
260	0.001721199591684635
261	0.0017211699414826976
262	0.0017211404153876873
263	0.0017211110125480394
264	0.001721081732115117
265	0.0017210525732410241
266	0.0017210235350812926
267	0.0017209946167926614
268	0.001720965817535057
269	0.0017209371364694432
270	0.0017209085727599239
271	0.0017208801255728038
272	0.0017208517940766055
273	0.0017208235774422273
274	0.0017207954748428562
275	0.0017207674854548276
276	0.001720739608455778
277	0.0017207118430267866
278	0.0017206841883513166
279	0.0017206566436156869
280	0.0017206292080082371
281	0.0017206018807202218
282	0.0017205746609455902
283	0.0017205475478806176
284	0.0017205205407249827
285	0.0017204936386805095
286	0.0017204668409521394
287	0.0017204401467470086
288	0.001720413555276272
289	0.0017203870657522173
290	0.0017203606773916942
291	0.0017203343894132157
292	0.0017203082010393313
293	0.0017202821114943108
294	0.0017202561200061494
295	0.001720230225806182
296	0.001720204428128055
297	0.0017201787262081996
298	0.0017201531192877467
299	0.0017201276066092998
300	0.0017201021874193889
301	0.0017200768609675072
302	0.0017200516265066226
303	0.0017200264832926873
304	0.001720001430584774
305	0.0017199764676458747
306	0.0017199515937416131
307	0.0017199268081413222
308	0.0017199021101177328
309	0.0017198774989468741
310	0.0017198529739087766
311	0.00171982853428589
312	0.0017198041793646038
313	0.0017197799084355788
314	0.0017197557207923988
315	0.0017197316157322425
316	0.0017197075925556883
317	0.0017196836505684536
318	0.0017196597890777607
319	0.001719636007396089
320	0.0017196123048394702
321	0.0017195886807276546
322	0.0017195651343840834
323	0.0017195416651360795
324	0.0017195182723155687
325	0.0017194949552573643
326	0.0017194717133014064
327	0.0017194485457906856
328	0.001719425452073178
329	0.0017194024315002792
330	0.001719379483428216
331	0.0017193566072167302
332	0.0017193338022307599
333	0.0017193110678389114
334	0.001719288403413905
335	0.001719265808333733
336	0.0017192432819805317
337	0.0017192208237403412
338	0.0017191984330049326
339	0.0017191761091696362
340	0.0017191538516346827
341	0.0017191316598057058
342	0.0017191095330926355
343	0.0017190874709105265
344	0.0017190654726784134
345	0.001719043537821542
346	0.0017190216657696888
347	0.0017189998559573923
348	0.0017189781078253451
349	0.001718956420818444
350	0.0017189347943870306
351	0.0017189132279873437
352	0.0017188917210813745
353	0.0017188702731350922
354	0.0017188488836220196
355	0.0017188275520192524
356	0.0017188062778118456
357	0.0017187850604894173
358	0.001718763899547639
359	0.0017187427944883125
360	0.0017187217448189596
361	0.0017187007500543228
362	0.0017186798097143948
363	0.0017186589233262961
364	0.0017186380904225095
365	0.0017186173105433662
366	0.0017185965832354094
367	0.001718575908051327
368	0.0017185552845515283
369	0.0017185347123035211
370	0.0017185141908803892
371	0.0017184937198648693
372	0.0017184732988447847
373	0.0017184529274167492
374	0.0017184326051837224
375	0.001718412331758102
376	0.0017183921067583689
377	0.0017183719298121862
378	0.0017183518005543688
379	0.0017183317186287867
380	0.0017183116836862367
381	0.001718291695387917
382	0.0017182717534018521
383	0.0017182518574062932
384	0.0017182320070871938
385	0.001718212202140105
386	0.0017181924422702056
387	0.0017181727271908024
388	0.0017181530566258033
389	0.0017181334303084427
390	0.0017181138479818222
391	0.001718094309399172
392	0.0017180748143228058
393	0.0017180553625274736
394	0.0017180359537960384
395	0.0017180165879237099
396	0.0017179972647164833
397	0.0017179779839902394
398	0.0017179587455726877
399	0.0017179395493033972
400	0.0017179203950333653
401	0.0017179012826242645
402	0.0017178822119516199
403	0.0017178631829007185
404	0.00171784419537173
405	0.0017178252492760279
406	0.0017178063445370693
407	0.0017177874810925986
408	0.001717768658892979
409	0.0017177498779018942
410	0.0017177311380960306
411	0.0017177124394669604
412	0.0017176937820190161
413	0.0017176751657717007
414	0.0017176565907581526
415	0.0017176380570262
416	0.0017176195646391667
417	0.0017176011136735272
418	0.0017175827042232251
419	0.0017175643363966811
420	0.0017175460103166424
421	0.0017175277261236108
422	0.0017175094839726804
423	0.0017174912840360727
424	0.0017174731265016923
425	0.0017174550115741758
426	0.0017174369394746375
427	0.0017174189104424953
428	0.0017174009247326032
429	0.0017173829826179988
430	0.001717365084388828
431	0.0017173472303534704
432	0.0017173294208372484
433	0.0017173116561844083
434	0.0017172939367559815
435	0.001717276262933202
436	0.0017172586351135242
437	0.0017172410537149088
438	0.0017172235191725677
439	0.0017172060319407653
440	0.0017171885924934412
441	0.0017171712013221876
442	0.0017171538589387668
443	0.0017171365658735181
444	0.0017171193226755187
445	0.0017171021299136184
446	0.0017170849881761674
447	0.001717067898069919
448	0.0017170508602211176
449	0.001717033875275891
450	0.0017170169438983623
451	0.0017170000667732725
452	0.001716983244602782
453	0.0017169664781096301
454	0.001716949768033757
455	0.0017169331151355642
456	0.001716916520192739
457	0.0017168999840019889
458	0.0017168835073781135
459	0.001716867091154075
460	0.0017168507361805174
461	0.0017168344433256273
462	0.001716818213474866
463	0.001716802047530178
464	0.0017167859464112672
465	0.0017167699110525088
466	0.0017167539424055903
467	0.0017167380414361548
468	0.0017167222091260582
469	0.00171670644647094
470	0.001716690754480141
471	0.001716675134177499
472	0.0017166595865979522
473	0.001716644112790879
474	0.0017166287138149381
475	0.0017166133907416726
476	0.0017165981446512937
477	0.0017165829766352069
478	0.0017165678877912912
479	0.0017165528792266853
480	0.0017165379520562925
481	0.0017165231074003282
482	0.0017165083463832533
483	0.0017164936701363927
484	0.0017164790797928734
485	0.0017164645764880188
486	0.0017164501613597324
487	0.0017164358355454556
488	0.0017164216001827753
489	0.001716407456405943
490	0.001716393405348029
491	0.0017163794481365713
492	0.0017163655858950318
493	0.0017163518197387158
494	0.0017163381507775293
495	0.0017163245801103
496	0.0017163111088268563
497	0.0017162977380046343
498	0.001716284468709193
499	0.0017162713019906802
500	0.0017162582388850025
501	0.001716245280410505
502	0.0017162324275678518
503	0.0017162196813374749
504	0.0017162070426794357
505	0.0017161945125320167
506	0.0017161820918091218
507	0.0017161697814004231
508	0.0017161575821684435
509	0.0017161454949487201
510	0.0017161335205485792
511	0.0017161216597441596
512	0.0017161099132808708
513	0.0017160982818709286
514	0.0017160867661928912
515	0.0017160753668907112
516	0.0017160640845713898
517	0.001716052919804499
518	0.001716041873122518
519	0.001716030945016376
520	0.001716020135938577
521	0.0017160094462991002
522	0.0017159988764657863
523	0.0017159884267630477
524	0.0017159780974726469
525	0.0017159678888294797
526	0.0017159578010250832
527	0.0017159478342044538
528	0.0017159379884657726
529	0.001715928263860222
530	0.0017159186603923776
531	0.0017159091780180186
532	0.001715899816646467
533	0.001715890576137317
534	0.0017158814563031674
535	0.0017158724569077857
536	0.0017158635776668755
537	0.0017158548182476692
538	0.0017158461782701877
539	0.0017158376573064983
540	0.0017158292548812618
541	0.001715820970472903
542	0.0017158128035119416
543	0.001715804753385125
544	0.00171579681943336
545	0.0017157890009527796
546	0.0017157812971968724
547	0.0017157737073750538
548	0.0017157662306565812
549	0.00171575886616909
550	0.0017157516130007428
551	0.0017157444702011755
552	0.0017157374367830296
553	0.0017157305117221173
554	0.0017157236939596109
555	0.001715716982403761
556	0.001715710375930487
557	0.0017157038733853422
558	0.0017156974735837442
559	0.0017156911753142237
560	0.0017156849773387619
561	0.0017156788783951372
562	0.0017156728771977093
563	0.0017156669724392934
564	0.0017156611627932867
565	0.001715655446914302
566	0.0017156498234412092
567	0.0017156442909964276
568	0.0017156388481905543
569	0.001715633493621361
570	0.0017156282258764448
571	0.0017156230435363636
572	0.0017156179451726932
573	0.0017156129293521985
574	0.0017156079946385853
575	0.0017156031395917054
576	0.0017155983627720063
577	0.0017155936627396228
578	0.0017155890380562788
579	0.0017155844872876296
580	0.0017155800090035544
581	0.001715575601780708
582	0.001715571264201186
583	0.001715566994857186
584	0.001715562792349838
585	0.0017155586552901228
586	0.0017155545823017242
587	0.0017155505720200367
588	0.0017155466230949655
589	0.0017155427341906465
590	0.0017155389039861615
591	0.0017155351311774702
592	0.0017155314144764987
593	0.0017155277526133216
594	0.0017155241443367847
595	0.001715520588412858
596	0.0017155170836284828
597	0.0017155136287897812
598	0.0017155102227229598
599	0.0017155068642746947
600	0.0017155035523134235
601	0.0017155002857279097
602	0.0017154970634289364
603	0.0017154938843487752
604	0.0017154907474412364
605	0.0017154876516822922
606	0.0017154845960700798
607	0.0017154815796243455
608	0.001715478601387572
609	0.0017154756604225545
610	0.0017154727558167712
611	0.0017154698866770762
612	0.0017154670521327539
613	0.0017154642513341352
614	0.0017154614834541814
615	0.0017154587476853054
616	0.0017154560432424406
617	0.0017154533693596542
618	0.0017154507252918649
619	0.0017154481103146102
620	0.0017154455237217783
621	0.0017154429648284636
622	0.0017154404329665703
623	0.0017154379274887997
624	0.0017154354477649774
625	0.001715432993183112
626	0.0017154305631490127
627	0.0017154281570852343
628	0.0017154257744316016
629	0.0017154234146442618
630	0.0017154210771954045
631	0.0017154187615722927
632	0.0017154164672778208
633	0.0017154141938300475
634	0.0017154119407603774
635	0.0017154097076155237
636	0.0017154074939548956
637	0.001715405299351038
638	0.0017154031233907164
639	0.0017154009656711689
640	0.001715398825803711
641	0.0017153967034084835
642	0.0017153945981209634
643	0.0017153925095841468
644	0.0017153904374533667
645	0.0017153883813941912
646	0.0017153863410809265
647	0.0017153843161984994
648	0.0017153823064419056
649	0.0017153803115127
650	0.0017153783311234976
651	0.0017153763649942742
652	0.0017153744128526867
653	0.0017153724744349114
654	0.0017153705494842722
655	0.0017153686377517517
656	0.001715366738994039
657	0.0017153648529766455
658	0.0017153629794692093
659	0.0017153611182503155
660	0.0017153592691018604
661	0.0017153574318132174
662	0.0017153556061788268
663	0.0017153537919990616
664	0.0017153519890787303
665	0.0017153501972283637
666	0.0017153484162627543
667	0.0017153466460019624
668	0.0017153448862693606
669	0.0017153431368945784
670	0.0017153413977096283
671	0.0017153396685514386
672	0.0017153379492606561
673	0.001715336239681643
674	0.001715334539662702
675	0.0017153328490548932
676	0.0017153311677136642
677	0.0017153294954968987
678	0.0017153278322659523
679	0.0017153261778847936
680	0.0017153245322215546
681	0.001715322895145482
682	0.0017153212665303886
683	0.001715319646250935
684	0.0017153180341863904
685	0.0017153164302167604
686	0.0017153148342244026
687	0.0017153132460956458
688	0.0017153116657186438
689	0.001715310092982691
690	0.0017153085277793359
691	0.0017153069700037561
692	0.0017153054195514707
693	0.001715303876321179
694	0.0017153023402120872
695	0.0017153008111271575
696	0.00171529928896921
697	0.0017152977736442738
698	0.0017152962650595163
699	0.0017152947631235236
700	0.0017152932677466774
701	0.0017152917788418776
702	0.0017152902963220016
703	0.0017152888201025455
704	0.001715287350100162
705	0.0017152858862330075
706	0.0017152844284204023
707	0.0017152829765832197
708	0.0017152815306441449
709	0.001715280090525812
710	0.0017152786561535779
711	0.0017152772274537874
712	0.001715275804353753
713	0.0017152743867819811
714	0.0017152729746681607
715	0.0017152715679426452
716	0.0017152701665386451
717	0.001715268770388396
718	0.0017152673794267543
719	0.0017152659935886206
720	0.0017152646128104668
721	0.0017152632370301655
722	0.0017152618661857382
723	0.0017152605002168134
724	0.0017152591390637694
725	0.0017152577826684782
726	0.0017152564309726877
727	0.0017152550839198782
728	0.0017152537414542412
729	0.0017152524035214092
730	0.0017152510700665163
731	0.0017152497410372193
732	0.0017152484163806404
733	0.0017152470960457404
734	0.0017152457799819527
735	0.0017152444681393076
736	0.0017152431604687247
737	0.0017152418569226185
738	0.0017152405574525282
739	0.0017152392620125704
740	0.0017152379705564977
741	0.0017152366830395286
742	0.0017152353994171177
743	0.001715234119645279
744	0.0017152328436813038
745	0.0017152315714826435
746	0.0017152303030076197
747	0.001715229038215527
748	0.001715227777065973
749	0.0017152265195192872
750	0.0017152252655365445
751	0.001715224015079066
752	0.0017152227681096737
753	0.0017152215245909907
754	0.0017152202844865905
755	0.001715219047760504
756	0.0017152178143768565
757	0.0017152165843013138
758	0.0017152153575001618
759	0.0017152141339393412
760	0.0017152129135857754
761	0.0017152116964066105
762	0.0017152104823707
763	0.0017152092714453938
764	0.0017152080636008607
765	0.0017152068588065113
766	0.0017152056570316487
767	0.001715204458247786
768	0.001715203262425343
769	0.0017152020695359435
770	0.0017152008795522293
771	0.001715199692445878
772	0.0017151985081901616
773	0.0017151973267582874
774	0.001715196148124793
775	0.0017151949722633629
776	0.0017151937991485725
777	0.0017151926287561113
778	0.0017151914610614746
779	0.0017151902960405362
780	0.0017151891336694052
781	0.001715187973925389
782	0.0017151868167854325
783	0.0017151856622275015
784	0.001715184510228826
785	0.001715183360768524
786	0.001715182213825048
787	0.0017151810693775903
788	0.0017151799274053344
789	0.0017151787878880707
790	0.001715177650806842
791	0.0017151765161412937
792	0.001715175383872657
793	0.0017151742539822843
794	0.0017151731264511186
795	0.0017151720012620016
796	0.0017151708783961382
797	0.0017151697578364766
798	0.001715168639566146
799	0.0017151675235674952
800	0.0017151664098252618
801	0.0017151652983217473
802	0.0017151641890417453
803	0.0017151630819695275
804	0.0017151619770897667
805	0.0017151608743874208
806	0.0017151597738471716
807	0.0017151586754547816
808	0.0017151575791962115
809	0.0017151564850568864
810	0.0017151553930235311
811	0.0017151543030823097
812	0.0017151532152203523
813	0.001715152129424282
814	0.0017151510456815682
815	0.0017151499639793057
816	0.0017151488843062538
817	0.0017151478066489883
818	0.0017151467309968777
819	0.0017151456573376942
820	0.001715144585660043
821	0.0017151435159533258
822	0.001715142448206333
823	0.0017151413824079758
824	0.0017151403185487499
825	0.0017151392566172835
826	0.001715138196604207
827	0.001715137138499396
828	0.0017151360822934359
829	0.0017151350279763368
830	0.0017151339755389875
831	0.0017151329249727207
832	0.0017151318762680969
833	0.0017151308294167044
834	0.0017151297844100403
835	0.0017151287412396372
836	0.0017151276998972123
837	0.0017151266603744864
838	0.0017151256226646087
839	0.0017151245867587414
840	0.0017151235526499885
841	0.0017151225203309434
842	0.0017151214897942553
843	0.0017151204610329027
844	0.001715119434040685
845	0.0017151184088095993
846	0.0017151173853340491
847	0.0017151163636071973
848	0.0017151153436228885
849	0.0017151143253750745
850	0.0017151133088575729
851	0.0017151122940643564
852	0.001715111280990018
853	0.0017151102696292338
854	0.0017151092599761225
855	0.0017151082520251797
856	0.0017151072457715069
857	0.001715106241210134
858	0.0017151052383355295
859	0.0017151042371438012
860	0.0017151032376294857
861	0.001715102239787954
862	0.0017151012436154166
863	0.0017151002491068365
864	0.001715099256258182
865	0.001715098265065313
866	0.0017150972755245225
867	0.001715096287631108
868	0.0017150953013818845
869	0.0017150943167730122
870	0.0017150933338010623
871	0.0017150923524617257
872	0.0017150913727523647
873	0.0017150903946694409
874	0.0017150894182095587
875	0.0017150884433701085
876	0.0017150874701471841
877	0.0017150864985385783
878	0.001715085528540851
879	0.0017150845601517713
880	0.0017150835933680186
881	0.0017150826281875048
882	0.0017150816646073336
883	0.001715080702625583
884	0.0017150797422393147
885	0.001715078783446468
886	0.001715077826244556
887	0.001715076870631998
888	0.0017150759166063073
889	0.0017150749641652156
890	0.0017150740133075305
891	0.0017150730640308896
892	0.0017150721163335342
893	0.0017150711702138839
894	0.0017150702256703023
895	0.001715069282700797
896	0.0017150683413042747
897	0.0017150674014794988
898	0.0017150664632243574
899	0.00171506552653782
900	0.0017150645914184503
901	0.0017150636578655669
902	0.0017150627258772026
903	0.0017150617954529667
904	0.001715060866591074
905	0.0017150599392910693
906	0.0017150590135516738
907	0.0017150580893718192
908	0.001715057166751466
909	0.001715056245689024
910	0.0017150553261838747
911	0.001715054408235286
912	0.001715053491842698
913	0.0017150525770055047
914	0.0017150516637231888
915	0.00171505075199442
916	0.0017150498418198217
917	0.0017150489331983123
918	0.0017150480261294565
919	0.0017150471206128248
920	0.001715046216648575
921	0.0017150453142357617
922	0.001715044413374538
923	0.001715043514064275
924	0.0017150426163052555
925	0.0017150417200969535
926	0.0017150408254391855
927	0.0017150399323321336
928	0.0017150390407749904
929	0.0017150381507690347
930	0.001715037262313172
931	0.001715036375407617
932	0.0017150354900523235
933	0.0017150346062475537
934	0.0017150337239933968
935	0.0017150328432899826
936	0.0017150319641372703
937	0.0017150310865357084
938	0.001715030210485035
939	0.0017150293359858297
940	0.0017150284630386406
941	0.0017150275916427633
942	0.0017150267217991635
943	0.0017150258535079872
944	0.0017150249867697112
945	0.0017150241215845008
946	0.0017150232579521611
947	0.0017150223958739632
948	0.0017150215353497374
949	0.0017150206763802867
950	0.0017150198189656656
951	0.0017150189631061868
952	0.0017150181088029437
953	0.001715017256055581
954	0.001715016404865009
955	0.0017150155552318471
956	0.0017150147071563876
957	0.0017150138606389191
958	0.0017150130156803529
959	0.0017150121722807913
960	0.0017150113304413468
961	0.0017150104901621742
962	0.0017150096514436898
963	0.0017150088142866924
964	0.0017150079786918163
965	0.001715007144658963
966	0.0017150063121900553
967	0.001715005481284385
968	0.001715004651943164
969	0.001715003824167116
970	0.0017150029979563263
971	0.0017150021733118737
972	0.0017150013502337967
973	0.0017150005287234083
974	0.0017149997087808294
975	0.0017149988904072212
976	0.001714998073602827
977	0.0017149972583679197
978	0.0017149964447040074
979	0.00171499563261112
980	0.0017149948220897856
981	0.001714994013140927
982	0.0017149932057651885
983	0.001714992399962711
984	0.0017149915957351798
985	0.001714990793082041
986	0.0017149899920045186
987	0.0017149891925032283
988	0.0017149883945784578
989	0.001714987598231689
990	0.0017149868034625868
991	0.0017149860102721132
992	0.0017149852186608824
993	0.0017149844286293869
994	0.0017149836401781254
995	0.0017149828533084674
996	0.001714982068020209
997	0.0017149812843140072
998	0.0017149805021908552
999	0.0017149797216509397
1000	0.0017149789426950254
1001	0.0017149781653231953
1002	0.0017149773895370716
1003	0.0017149766153362399
1004	0.0017149758427217347
1005	0.0017149750716936574
1006	0.001714974302253072
1007	0.0017149735344001707
1008	0.001714972768135372
1009	0.0017149720034594182
1010	0.0017149712403726838
1011	0.0017149704788756352
1012	0.0017149697189688417
1013	0.0017149689606529833
1014	0.001714968203927986
1015	0.0017149674487945024
1016	0.0017149666952530713
1017	0.0017149659433043632
1018	0.0017149651929489306
1019	0.0017149644441861365
1020	0.0017149636970169202
1021	0.0017149629514417854
1022	0.0017149622074614586
1023	0.001714961465075834
1024	0.0017149607242851782
1025	0.0017149599850904257
1026	0.0017149592474913343
1027	0.001714958511488123
1028	0.0017149577770815834
1029	0.0017149570442718547
1030	0.0017149563130588314
1031	0.0017149555834434925
1032	0.0017149548554255733
1033	0.0017149541290058224
1034	0.0017149534041832426
1035	0.0017149526809595588
1036	0.001714951959334486
1037	0.001714951239307685
1038	0.0017149505208795181
1039	0.001714949804051062
1040	0.0017149490888212922
1041	0.0017149483751907647
1042	0.0017149476631592667
1043	0.0017149469527278107
1044	0.0017149462438959275
1045	0.001714945536663271
1046	0.0017149448310307212
1047	0.001714944126997812
1048	0.001714943424565008
1049	0.001714942723731537
1050	0.0017149420244983952
1051	0.001714941326864877
1052	0.0017149406308311012
1053	0.0017149399363972184
1054	0.0017149392435631475
1055	0.0017149385523284476
1056	0.001714937862693546
1057	0.0017149371746579326
1058	0.0017149364882219503
1059	0.001714935803385074
1060	0.0017149351201472824
1061	0.001714934438508206
1062	0.0017149337584679378
1063	0.001714933080026175
1064	0.001714932403183331
1065	0.001714931727937933
1066	0.0017149310542907289
1067	0.0017149303822407789
1068	0.0017149297117886205
1069	0.0017149290429332943
1070	0.001714928375674638
1071	0.0017149277100125687
1072	0.001714927045946721
1073	0.0017149263834764694
1074	0.0017149257226014942
1075	0.001714925063321438
1076	0.0017149244056365053
1077	0.0017149237495450338
1078	0.0017149230950480048
1079	0.0017149224421437591
1080	0.0017149217908328325
1081	0.001714921141113792
1082	0.001714920492986723
1083	0.0017149198464509086
1084	0.0017149192015061408
1085	0.0017149185581515005
1086	0.001714917916386508
1087	0.0017149172762107522
1088	0.0017149166376237868
1089	0.0017149160006242263
1090	0.0017149153652123313
1091	0.001714914731386549
1092	0.001714914099147109
1093	0.0017149134684931254
1094	0.001714912839423272
1095	0.0017149122119378426
1096	0.0017149115860352606
1097	0.0017149109617153684
1098	0.0017149103389771333
1099	0.0017149097178194247
1100	0.0017149090982421281
1101	0.001714908480244065
1102	0.001714907863824458
1103	0.0017149072489824014
1104	0.001714906635717422
1105	0.0017149060240281163
1106	0.0017149054139142205
1107	0.0017149048053737878
1108	0.0017149041984071455
1109	0.0017149035930126074
1110	0.0017149029891891097
1111	0.001714902386936369
1112	0.001714901786252684
1113	0.0017149011871376448
1114	0.0017149005895897877
1115	0.0017148999936083286
1116	0.0017148993991924406
1117	0.0017148988063401907
1118	0.0017148982150512171
1119	0.0017148976253247772
1120	0.0017148970371588228
1121	0.0017148964505527982
1122	0.0017148958655056592
1123	0.0017148952820160031
1124	0.0017148947000824024
1125	0.0017148941197042444
1126	0.0017148935408800349
1127	0.0017148929636087963
1128	0.001714892387888639
1129	0.0017148918137190243
1130	0.0017148912410985934
1131	0.0017148906700258373
1132	0.0017148901004994275
1133	0.0017148895325183502
1134	0.001714888966080835
1135	0.001714888401186058
1136	0.0017148878378325603
1137	0.0017148872760186134
1138	0.0017148867157431166
1139	0.0017148861570051872
1140	0.0017148855998024258
1141	0.001714885044133508
1142	0.001714884489997963
1143	0.0017148839373936787
1144	0.0017148833863190654
1145	0.0017148828367727392
1146	0.0017148822887537041
1147	0.0017148817422595409
1148	0.0017148811972898148
1149	0.0017148806538419092
1150	0.001714880111915232
1151	0.0017148795715075107
1152	0.001714879032617602
1153	0.00171487849524363
1154	0.0017148779593842817
1155	0.0017148774250375096
1156	0.0017148768922024367
1157	0.001714876360876601
1158	0.0017148758310589825
1159	0.0017148753027472832
1160	0.0017148747759402614
1161	0.0017148742506361688
1162	0.0017148737268334617
1163	0.001714873204530376
1164	0.0017148726837244695
1165	0.001714872164415001
1166	0.0017148716465998446
1167	0.0017148711302769882
1168	0.0017148706154449297
1169	0.0017148701021017477
1170	0.001714869590245548
1171	0.0017148690798745852
1172	0.0017148685709875433
1173	0.0017148680635816211
1174	0.001714867557655708
1175	0.0017148670532076923
1176	0.0017148665502359007
1177	0.0017148660487378733
1178	0.001714865548712196
1179	0.0017148650501569089
1180	0.001714864553070083
1181	0.0017148640574499523
1182	0.0017148635632939428
1183	0.0017148630706004938
1184	0.0017148625793678833
1185	0.001714862089593875
1186	0.0017148616012763605
1187	0.0017148611144136771
1188	0.0017148606290036592
1189	0.0017148601450440277
1190	0.0017148596625331672
1191	0.0017148591814688597
1192	0.0017148587018490412
1193	0.0017148582236717357
1194	0.0017148577469344494
1195	0.0017148572716358158
1196	0.0017148567977727015
1197	0.0017148563253441516
1198	0.0017148558543475085
1199	0.0017148553847810759
1200	0.0017148549166420802
1201	0.0017148544499284426
1202	0.0017148539846385368
1203	0.0017148535207697033
1204	0.001714853058319955
1205	0.0017148525972870623
1206	0.0017148521376691753
1207	0.0017148516794634374
1208	0.0017148512226681746
1209	0.001714850767280967
1210	0.0017148503132996427
1211	0.001714849860722106
1212	0.0017148494095459484
1213	0.0017148489597687184
1214	0.0017148485113887162
1215	0.0017148480644029404
1216	0.0017148476188097006
1217	0.0017148471746061848
1218	0.0017148467317911111
1219	0.0017148462903607837
1220	0.0017148458503142277
1221	0.001714845411648193
1222	0.0017148449743609794
1223	0.001714844538449329
1224	0.0017148441039119588
1225	0.0017148436707458605
1226	0.0017148432389491493
1227	0.001714842808518735
1228	0.00171484237945325
1229	0.0017148419517498703
1230	0.0017148415254056582
1231	0.001714841100419142
1232	0.0017148406767869776
1233	0.0017148402545076654
1234	0.001714839833578246
1235	0.0017148394139964176
1236	0.0017148389957597511
1237	0.0017148385788660501
1238	0.001714838163312367
1239	0.0017148377490968246
1240	0.0017148373362164703
1241	0.0017148369246694386
1242	0.00171483651445268
1243	0.0017148361055639792
1244	0.0017148356980007146
1245	0.0017148352917605884
1246	0.0017148348868408231
1247	0.0017148344832393632
1248	0.0017148340809533908
1249	0.0017148336799807365
1250	0.0017148332803183998
1251	0.0017148328819640325
1252	0.0017148324849152428
1253	0.0017148320891695813
1254	0.0017148316947243648
1255	0.0017148313015771352
1256	0.0017148309097247546
1257	0.001714830519165803
1258	0.001714830129897136
1259	0.0017148297419162125
1260	0.0017148293552200075
1261	0.0017148289698066205
1262	0.0017148285856730537
1263	0.0017148282028175053
1264	0.0017148278212359709
1265	0.001714827440927409
1266	0.0017148270618878678
1267	0.0017148266841158107
1268	0.0017148263076081794
1269	0.001714825932362269
1270	0.0017148255583760363
1271	0.001714825185646095
1272	0.0017148248141703381
1273	0.001714824443945979
1274	0.0017148240749702561
1275	0.001714823707240774
1276	0.0017148233407550558
1277	0.0017148229755100035
1278	0.0017148226115032928
1279	0.0017148222487321024
1280	0.0017148218871941988
1281	0.0017148215268865167
1282	0.0017148211678059738
1283	0.001714820809950884
1284	0.0017148204533183938
1285	0.0017148200979051902
1286	0.0017148197437092234
1287	0.001714819390727677
1288	0.0017148190389577266
1289	0.0017148186883970344
1290	0.0017148183390423722
1291	0.00171481799089168
1292	0.0017148176439417922
1293	0.0017148172981903667
1294	0.0017148169536344907
1295	0.001714816610271327
1296	0.0017148162680985274
1297	0.00171481592711297
1298	0.0017148155873129825
1299	0.001714815248695032
1300	0.0017148149112564055
1301	0.0017148145749942435
1302	0.001714814239906457
1303	0.0017148139059901452
1304	0.0017148135732424036
1305	0.0017148132416606625
1306	0.0017148129112421213
1307	0.0017148125819840083
1308	0.0017148122538839256
1309	0.001714811926938417
1310	0.0017148116011457377
1311	0.001714811276502818
1312	0.001714810953006866
1313	0.0017148106306547185
1314	0.0017148103094445717
1315	0.001714809989372847
1316	0.0017148096704373188
1317	0.0017148093526350703
1318	0.0017148090359635861
1319	0.001714808720420062
1320	0.0017148084060016038
1321	0.0017148080927053336
1322	0.0017148077805289837
1323	0.0017148074694696785
1324	0.0017148071595247186
1325	0.0017148068506911737
1326	0.001714806542966082
1327	0.0017148062363475814
1328	0.0017148059308319968
1329	0.0017148056264172451
1330	0.0017148053231003132
1331	0.0017148050208787733
1332	0.001714804719749047
1333	0.0017148044197094435
1334	0.0017148041207565752
1335	0.0017148038228880502
1336	0.0017148035261009254
1337	0.001714803230392559
1338	0.0017148029357599683
1339	0.0017148026422007404
1340	0.0017148023497121877
1341	0.0017148020582914347
1342	0.0017148017679356176
1343	0.0017148014786424093
1344	0.0017148011904082768
1345	0.0017148009032320595
1346	0.0017148006171090714
1347	0.00171480033203775
1348	0.0017148000480152622
1349	0.0017147997650384583
1350	0.001714799483104857
1351	0.0017147992022122109
1352	0.001714798922356874
1353	0.0017147986435368232
1354	0.0017147983657492857
1355	0.0017147980889909407
1356	0.001714797813259763
1357	0.0017147975385526319
1358	0.0017147972648672131
1359	0.001714796992200224
1360	0.001714796720549407
1361	0.001714796449911711
1362	0.001714796180284685
1363	0.001714795911665418
1364	0.0017147956440516578
1365	0.0017147953774397312
1366	0.0017147951118281375
1367	0.001714794847213398
1368	0.0017147945835928617
1369	0.00171479432096389
1370	0.0017147940593237624
1371	0.0017147937986699054
1372	0.0017147935389998494
1373	0.0017147932803101792
1374	0.0017147930225988026
1375	0.0017147927658628193
1376	0.0017147925100992655
1377	0.0017147922553062537
1378	0.00171479200148027
1379	0.0017147917486190537
1380	0.0017147914967196318
1381	0.001714791245779579
1382	0.0017147909957959421
1383	0.00171479074676632
1384	0.001714790498687994
1385	0.0017147902515581236
1386	0.001714790005374021
1387	0.0017147897601336383
1388	0.001714789515833133
1389	0.0017147892724712424
1390	0.0017147890300435891
1391	0.00171478878854904
1392	0.0017147885479842726
1393	0.001714788308346793
1394	0.0017147880696337615
1395	0.0017147878318428834
1396	0.001714787594971152
1397	0.0017147873590159426
1398	0.0017147871239747187
1399	0.0017147868898449753
1400	0.0017147866566234993
1401	0.001714786424308782
1402	0.0017147861928968355
1403	0.0017147859623862119
1404	0.00171478573277363
1405	0.0017147855040561331
1406	0.0017147852762320122
1407	0.0017147850492978773
1408	0.0017147848232515
1409	0.0017147845980902358
1410	0.001714784373811366
1411	0.0017147841504124997
1412	0.0017147839278906008
1413	0.0017147837062435702
1414	0.001714783485468374
1415	0.0017147832655625386
1416	0.0017147830465236726
1417	0.0017147828283493117
1418	0.0017147826110359798
1419	0.00171478239458225
1420	0.0017147821789851672
1421	0.0017147819642411649
1422	0.0017147817503490302
1423	0.0017147815373058854
1424	0.001714781325108528
1425	0.0017147811137550087
1426	0.001714780903242595
1427	0.0017147806935685012
1428	0.001714780484730258
1429	0.0017147802767259776
1430	0.0017147800695523963
1431	0.0017147798632071443
1432	0.0017147796576874909
1433	0.0017147794529909065
1434	0.0017147792491151036
1435	0.0017147790460577464
1436	0.001714778843816129
1437	0.0017147786423874242
1438	0.0017147784417690373
1439	0.0017147782419593338
1440	0.0017147780429551617
1441	0.0017147778447535013
1442	0.0017147776473528875
1443	0.0017147774507504396
1444	0.0017147772549432694
1445	0.0017147770599294484
1446	0.001714776865705933
1447	0.0017147766722705232
1448	0.0017147764796210938
1449	0.0017147762877545894
1450	0.0017147760966691387
1451	0.0017147759063613562
1452	0.001714775716829559
1453	0.0017147755280709962
1454	0.001714775340083321
1455	0.0017147751528641087
1456	0.001714774966410672
1457	0.0017147747807208283
1458	0.0017147745957919352
1459	0.0017147744116217376
1460	0.0017147742282078364
1461	0.00171477404554757
1462	0.0017147738636384714
1463	0.0017147736824784426
1464	0.001714773502064692
1465	0.00171477332239504
1466	0.0017147731434669694
1467	0.001714772965278477
1468	0.0017147727878267256
1469	0.0017147726111094073
1470	0.001714772435124072
1471	0.0017147722598685757
1472	0.0017147720853403327
1473	0.0017147719115370237
1474	0.0017147717384561304
1475	0.0017147715660955536
1476	0.0017147713944526684
1477	0.0017147712235252173
1478	0.0017147710533112564
1479	0.0017147708838073923
1480	0.001714770715012373
1481	0.0017147705469232014
1482	0.0017147703795380386
1483	0.0017147702128536917
1484	0.001714770046868772
1485	0.0017147698815805597
1486	0.0017147697169867177
1487	0.0017147695530848168
1488	0.0017147693898726987
1489	0.001714769227347931
1490	0.0017147690655086665
1491	0.0017147689043519995
1492	0.0017147687438762592
1493	0.0017147685840783174
1494	0.001714768424956436
1495	0.0017147682665083915
1496	0.0017147681087319026
1497	0.0017147679516242623
1498	0.0017147677951836306
1499	0.001714767639407806
1500	0.0017147674842939195
1501	0.00171476732984056
1502	0.0017147671760446871
1503	0.0017147670229045904
1504	0.0017147668704180308
1505	0.0017147667185824266
1506	0.0017147665673956844
1507	0.0017147664168560397
1508	0.0017147662669601462
1509	0.0017147661177071625
1510	0.0017147659690939347
1511	0.0017147658211184242
1512	0.0017147656737786772
1513	0.001714765527072411
1514	0.001714765380997173
1515	0.001714765235551013
1516	0.0017147650907320244
1517	0.001714764946537339
1518	0.001714764802965239
1519	0.0017147646600134936
1520	0.001714764517679935
1521	0.0017147643759625258
1522	0.0017147642348590648
1523	0.001714764094366976
1524	0.0017147639544845784
1525	0.0017147638152097736
1526	0.0017147636765401436
1527	0.0017147635384735336
1528	0.0017147634010081078
1529	0.001714763264141442
1530	0.0017147631278716328
1531	0.001714762992196612
1532	0.0017147628571141176
1533	0.0017147627226222597
1534	0.0017147625887185115
1535	0.0017147624554011327
1536	0.0017147623226678361
1537	0.0017147621905166353
1538	0.001714762058945521
1539	0.0017147619279526724
1540	0.001714761797535277
1541	0.0017147616676921914
1542	0.0017147615384204284
1543	0.0017147614097186667
1544	0.001714761281583989
1545	0.0017147611540157454
1546	0.0017147610270104253
1547	0.0017147609005670828
1548	0.0017147607746832514
1549	0.001714760649357206
1550	0.0017147605245859685
1551	0.0017147604003683965
1552	0.0017147602767024386
1553	0.0017147601535855846
1554	0.0017147600310166594
1555	0.0017147599089929939
1556	0.0017147597875126633
1557	0.00171475966657423
1558	0.001714759546174566
1559	0.001714759426313011
1560	0.0017147593069869035
1561	0.001714759188194319
1562	0.001714759069932988
1563	0.0017147589522022901
1564	0.0017147588349985048
1565	0.0017147587183205797
1566	0.0017147586021668262
1567	0.0017147584865345109
1568	0.0017147583714224133
1569	0.0017147582568281686
1570	0.0017147581427500922
1571	0.0017147580291866215
1572	0.0017147579161350664
1573	0.0017147578035942425
1574	0.0017147576915616234
1575	0.0017147575800354903
1576	0.0017147574690144231
1577	0.0017147573584959308
1578	0.0017147572484780891
1579	0.001714757138959878
1580	0.0017147570299386218
1581	0.0017147569214123405
1582	0.0017147568133797783
1583	0.0017147567058386848
1584	0.0017147565987874936
1585	0.0017147564922241861
1586	0.0017147563861465115
1587	0.0017147562805536556
1588	0.0017147561754429044
1589	0.0017147560708126487
1590	0.0017147559666610358
1591	0.0017147558629865348
1592	0.0017147557597872128
1593	0.001714755657060875
1594	0.0017147555548060098
1595	0.001714755453021285
1596	0.001714755351703855
1597	0.0017147552508528002
1598	0.0017147551504663292
1599	0.0017147550505420726
1600	0.0017147549510786557
1601	0.001714754852074212
1602	0.0017147547535268004
1603	0.0017147546554352735
1604	0.001714754557797282
1605	0.0017147544606112685
1606	0.001714754363875148
1607	0.0017147542675879225
1608	0.001714754171747052
1609	0.0017147540763516717
1610	0.0017147539813995262
1611	0.0017147538868887455
1612	0.0017147537928178993
1613	0.0017147536991850335
1614	0.0017147536059887566
1615	0.0017147535132270117
1616	0.0017147534208986747
1617	0.0017147533290011723
1618	0.0017147532375338293
1619	0.0017147531464943746
1620	0.0017147530558811249
1621	0.0017147529656926074
1622	0.0017147528759265862
1623	0.0017147527865823697
1624	0.0017147526976574493
1625	0.00171475260915086
1626	0.0017147525210603237
1627	0.0017147524333846875
1628	0.0017147523461223122
1629	0.0017147522592710946
1630	0.001714752172829338
1631	0.0017147520867960037
1632	0.0017147520011693413
1633	0.0017147519159477194
1634	0.001714751831129253
1635	0.0017147517467125013
1636	0.0017147516626957746
1637	0.0017147515790775546
1638	0.0017147514958566722
1639	0.0017147514130308422
1640	0.0017147513305986839
1641	0.0017147512485584664
1642	0.0017147511669093139
1643	0.0017147510856491278
1644	0.0017147510047762658
1645	0.0017147509242897642
1646	0.0017147508441872716
1647	0.0017147507644674504
1648	0.0017147506851291543
1649	0.0017147506061705895
1650	0.0017147505275900143
1651	0.001714750449386271
1652	0.0017147503715575262
1653	0.0017147502941029964
1654	0.0017147502170201615
1655	0.001714750140307709
1656	0.001714750063964683
1657	0.0017147499879890187
1658	0.0017147499123796278
1659	0.0017147498371345837
1660	0.001714749762253003
1661	0.0017147496877327035
1662	0.001714749613572833
1663	0.0017147495397714944
1664	0.0017147494663270983
1665	0.0017147493932387413
1666	0.0017147493205047024
1667	0.001714749248123332
1668	0.001714749176093374
1669	0.0017147491044136346
1670	0.001714749033082127
1671	0.0017147489620976365
1672	0.0017147488914588235
1673	0.0017147488211641062
1674	0.0017147487512119853
1675	0.0017147486816017172
1676	0.0017147486123308688
1677	0.0017147485433988427
1678	0.0017147484748038673
1679	0.0017147484065446104
1680	0.001714748338619509
1681	0.001714748271027499
1682	0.0017147482037667967
1683	0.0017147481368362117
1684	0.0017147480702344629
1685	0.001714748003960285
1686	0.0017147479380121562
1687	0.0017147478723884817
1688	0.0017147478070880357
1689	0.0017147477421092113
1690	0.0017147476774514907
1691	0.0017147476131129714
1692	0.001714747549092009
1693	0.0017147474853879793
1694	0.0017147474219988714
1695	0.0017147473589238613
1696	0.001714747296161163
1697	0.0017147472337096757
1698	0.0017147471715682622
1699	0.0017147471097354984
1700	0.0017147470482096073
1701	0.0017147469869903064
1702	0.0017147469260754091
1703	0.0017147468654635993
1704	0.0017147468051543788
1705	0.0017147467451454892
1706	0.001714746685436772
1707	0.0017147466260254707
1708	0.0017147465669116227
1709	0.0017147465080930692
1710	0.001714746449569795
1711	0.0017147463913389134
1712	0.0017147463334001255
1713	0.0017147462757520526
1714	0.0017147462183933772
1715	0.0017147461613230244
1716	0.0017147461045394926
1717	0.0017147460480415656
1718	0.0017147459918280068
1719	0.001714745935897798
1720	0.001714745880249504
1721	0.0017147458248819136
1722	0.0017147457697940865
1723	0.0017147457149843674
1724	0.0017147456604521823
1725	0.0017147456061958467
1726	0.0017147455522139518
1727	0.0017147454985059298
1728	0.0017147454450697056
1729	0.0017147453919053304
1730	0.0017147453390104908
1731	0.0017147452863848292
1732	0.0017147452340265188
1733	0.001714745181934439
1734	0.0017147451301080027
1735	0.001714745078545946
1736	0.0017147450272465073
1737	0.0017147449762085977
1738	0.0017147449254317454
1739	0.001714744874914333
1740	0.0017147448246553334
1741	0.001714744774653723
1742	0.0017147447249077385
1743	0.0017147446754170476
1744	0.0017147446261803873
1745	0.0017147445771962075
1746	0.0017147445284636518
1747	0.0017147444799814765
1748	0.0017147444317488004
1749	0.0017147443837646891
1750	0.001714744336027381
1751	0.0017147442885363962
1752	0.0017147442412902786
1753	0.0017147441942874464
1754	0.001714744147528173
1755	0.001714744101010227
1756	0.001714744054733305
1757	0.0017147440086955792
1758	0.0017147439628968563
1759	0.001714743917335019
1760	0.001714743872009951
1761	0.0017147438269198823
1762	0.0017147437820640248
1763	0.001714743737441532
1764	0.0017147436930510227
1765	0.001714743648891805
1766	0.0017147436049626049
1767	0.001714743561261941
1768	0.0017147435177900226
1769	0.0017147434745444353
1770	0.0017147434315251996
1771	0.001714743388730697
1772	0.0017147433461602705
1773	0.0017147433038123734
1774	0.001714743261686555
1775	0.001714743219781704
1776	0.0017147431780966857
1777	0.0017147431366301277
1778	0.0017147430953818204
1779	0.0017147430543501567
1780	0.00171474301353436
1781	0.0017147429729339088
1782	0.0017147429325468206
1783	0.0017147428923730353
1784	0.0017147428524107546
1785	0.0017147428126596882
1786	0.0017147427731186151
1787	0.0017147427337865242
1788	0.0017147426946629383
1789	0.0017147426557459285
1790	0.0017147426170357526
1791	0.0017147425785299308
1792	0.001714742540228909
1793	0.0017147425021310694
1794	0.001714742464236108
1795	0.0017147424265421198
1796	0.0017147423890489094
1797	0.0017147423517551463
1798	0.0017147423146602623
1799	0.0017147422777633351
1800	0.0017147422410631445
1801	0.0017147422045591825
1802	0.0017147421682512688
1803	0.0017147421321393975
1804	0.0017147420962247248
1805	0.0017147420605110385
1806	0.0017147420250086987
1807	0.0017147419897418936
1808	0.001714741954767254
1809	0.0017147419202144698
1810	0.0017147418863840342
1811	0.0017147418539716556
1812	0.0017147418245889287
1813	0.0017147418019704023
1814	0.0017147417947114094
1815	0.0017147418221237117
1816	0.0017147419250302135
1817	0.0017147421759748493
1818	0.0017147426456872478
1819	0.00171474320112818
1820	0.001714743245508821
1821	0.0017147423932815046
1822	0.001714741622587603
1823	0.001714741826438819
1824	0.0017147422682086049
1825	0.00171474200429284
1826	0.0017147414850418596
1827	0.0017147415408163707
1828	0.0017147418250824796
1829	0.0017147416780300103
1830	0.0017147413539971158
1831	0.0017147413498804429
1832	0.001714741466249408
1833	0.0017147413574289682
1834	0.0017147411983361577
1835	0.0017147412160733726
1836	0.0017147412519513071
1837	0.0017147411538942113
1838	0.001714741045047262
1839	0.0017147410356327642
1840	0.0017147410470896196
1841	0.0017147409892492116
1842	0.0017147409130427271
1843	0.001714740900917764
1844	0.0017147409004467083
1845	0.0017147408321656606
1846	0.0017147407647502898
1847	0.001714740767999266
1848	0.0017147407609884866
1849	0.0017147406947276818
1850	0.0017147406512253891
1851	0.0017147406525587956
1852	0.0017147406227495522
1853	0.0017147405621778897
1854	0.0017147405370799814
1855	0.001714740533504312
1856	0.0017147404974817513
1857	0.0017147404503256559
1858	0.0017147404322647914
1859	0.0017147404168527081
1860	0.0017147403766149243
1861	0.0017147403405403092
1862	0.0017147403253537203
1863	0.0017147403035383019
1864	0.0017147402672862081
1865	0.0017147402393538607
1866	0.0017147402206592229
1867	0.0017147401939381236
1868	0.0017147401620547426
1869	0.0017147401374305851
1870	0.0017147401162766575
1871	0.0017147400901292012
1872	0.0017147400623858207
1873	0.001714740038557307
1874	0.0017147400156976346
1875	0.0017147399900799612
1876	0.0017147399641300322
1877	0.0017147399404786596
1878	0.001714739917403214
1879	0.0017147398931547596
1880	0.0017147398687758575
1881	0.001714739845377948
1882	0.0017147398224289473
1883	0.0017147397990167415
1884	0.001714739775234344
1885	0.001714739752014056
1886	0.0017147397295636689
1887	0.0017147397069170055
1888	0.0017147396838043181
1889	0.0017147396612079589
1890	0.0017147396393224204
1891	0.0017147396171709245
1892	0.0017147395946143108
1893	0.0017147395725318586
1894	0.0017147395510155115
1895	0.001714739529312881
1896	0.001714739507372865
1897	0.0017147394858499946
1898	0.0017147394647816791
1899	0.0017147394435955865
1900	0.0017147394222593263
1901	0.0017147394012567625
1902	0.0017147393805931647
1903	0.0017147393598586302
1904	0.0017147393390647726
1905	0.0017147393185435672
1906	0.0017147392982759856
1907	0.0017147392780094406
1908	0.0017147392577615776
1909	0.001714739237719962
1910	0.0017147392178730296
1911	0.0017147391980840319
1912	0.001714739178349132
1913	0.0017147391587645452
1914	0.0017147391393403121
1915	0.0017147391200055572
1916	0.0017147391007451308
1917	0.0017147390816064575
1918	0.0017147390626044963
1919	0.0017147390437098307
1920	0.0017147390249073703
1921	0.001714739006212032
1922	0.0017147389876351062
1923	0.0017147389691730614
1924	0.001714738950814964
1925	0.0017147389325546233
1926	0.0017147389144013473
1927	0.001714738896363603
1928	0.0017147388784335311
1929	0.0017147388605988725
1930	0.0017147388428638392
1931	0.0017147388252403057
1932	0.0017147388077248795
1933	0.001714738790305801
1934	0.0017147387729830018
1935	0.0017147387557653229
1936	0.001714738738654471
1937	0.0017147387216415585
1938	0.0017147387047226727
1939	0.0017147386879042374
1940	0.0017147386711896004
1941	0.0017147386545733828
1942	0.0017147386380511652
1943	0.0017147386216249535
1944	0.001714738605299912
1945	0.0017147385890723043
1946	0.0017147385729385518
1947	0.0017147385569001889
1948	0.0017147385409591578
1949	0.0017147385251154719
1950	0.0017147385093678465
1951	0.0017147384937160899
1952	0.0017147384781625516
1953	0.0017147384627103678
1954	0.0017147384473622448
1955	0.001714738432122115
1956	0.0017147384169982423
1957	0.001714738402002821
1958	0.0017147383871554181
1959	0.001714738372483895
1960	0.0017147383580331647
1961	0.0017147383438738477
1962	0.0017147383301158367
1963	0.0017147383169318258
1964	0.0017147383045930616
1965	0.001714738293528686
1966	0.0017147382844073487
1967	0.0017147382782708121
1968	0.0017147382766873828
1969	0.0017147382819537253
1970	0.0017147382971136103
1971	0.0017147383256742785
1972	0.0017147383698990024
1973	0.0017147384274819294
1974	0.001714738485067179
1975	0.0017147385151576782
1976	0.001714738483254285
1977	0.0017147383774881633
1978	0.0017147382330027464
1979	0.0017147381180053988
1980	0.001714738080195819
1981	0.0017147381128772854
1982	0.001714738167104942
1983	0.0017147381884681095
1984	0.0017147381523127628
1985	0.0017147380783880384
1986	0.0017147380130821234
1987	0.0017147379897628574
1988	0.0017147380045492789
1989	0.0017147380259251155
1990	0.0017147380234195904
1991	0.0017147379905138823
1992	0.001714737945884761
1993	0.0017147379146796153
1994	0.001714737907141343
1995	0.0017147379132172787
1996	0.0017147379143528634
1997	0.0017147378995349197
1998	0.0017147378725403419
1999	0.0017147378462410386
2000	0.001714737830739413
2001	0.001714737825909255
2002	0.0017147378235264047
2003	0.0017147378152301768
2004	0.0017147377989449805
2005	0.0017147377792492307
2006	0.0017147377625509616
2007	0.0017147377518463105
2008	0.0017147377451481156
2009	0.0017147377379793998
2010	0.0017147377271815145
2011	0.0017147377129643987
2012	0.001714737698084351
2013	0.001714737685315978
2014	0.0017147376754432482
2015	0.0017147376671026355
2016	0.001714737658189243
2017	0.0017147376474809237
2018	0.0017147376353062848
2019	0.0017147376230010065
2020	0.0017147376117810636
2021	0.0017147376019428467
2022	0.001714737592853897
2023	0.0017147375835661548
2024	0.001714737573500808
2025	0.001714737562748242
2026	0.0017147375518688612
2027	0.0017147375414385095
2028	0.001714737531677594
2029	0.0017147375223902648
2030	0.0017147375131725219
2031	0.001714737503700126
2032	0.001714737493907292
2033	0.001714737483970346
2034	0.0017147374741516158
2035	0.00171473746462912
2036	0.0017147374554117394
2037	0.001714737446369285
2038	0.0017147374373353624
2039	0.0017147374282060048
2040	0.0017147374189823796
2041	0.0017147374097494128
2042	0.0017147374006093385
2043	0.0017147373916273905
2044	0.001714737382802166
2045	0.001714737374083471
2046	0.0017147373654067843
2047	0.001714737356727639
2048	0.0017147373480397923
2049	0.0017147373393683512
2050	0.001714737330752733
2051	0.001714737322222222
2052	0.0017147373137878987
2053	0.0017147373054382316
2054	0.0017147372971514675
2055	0.001714737288905499
2056	0.0017147372806895736
2057	0.0017147372725026888
2058	0.0017147372643553198
2059	0.0017147372562599668
2060	0.0017147372482264828
2061	0.0017147372402587188
2062	0.0017147372323541607
2063	0.001714737224505912
2064	0.00171473721670694
2065	0.00171473720895128
2066	0.0017147372012370733
2067	0.001714737193565235
2068	0.0017147371859392458
2069	0.001714737178362422
2070	0.0017147371708372528
2071	0.0017147371633649488
2072	0.001714737155944696
2073	0.0017147371485739956
2074	0.0017147371412516595
2075	0.0017147371339753567
2076	0.0017147371267436631
2077	0.0017147371195559953
2078	0.0017147371124130312
2079	0.0017147371053149027
2080	0.0017147370982621309
2081	0.0017147370912551129
2082	0.0017147370842944898
2083	0.0017147370773800915
2084	0.0017147370705109732
2085	0.0017147370636869796
2086	0.0017147370569069442
2087	0.0017147370501713983
2088	0.0017147370434787397
2089	0.0017147370368289564
2090	0.0017147370302217316
2091	0.0017147370236568658
2092	0.0017147370171347338
2093	0.0017147370106540868
2094	0.0017147370042162094
2095	0.001714736997819506
2096	0.0017147369914651627
2097	0.0017147369851519744
2098	0.0017147369788799134
2099	0.001714736972648964
2100	0.0017147369664583258
2101	0.0017147369603089622
2102	0.0017147369541991365
2103	0.0017147369481295594
2104	0.0017147369420992653
2105	0.0017147369361089591
2106	0.00171473693015744
2107	0.0017147369242449257
2108	0.0017147369183709126
2109	0.0017147369125359926
2110	0.0017147369067387714
2111	0.0017147369009799563
2112	0.0017147368952587648
2113	0.0017147368895752873
2114	0.0017147368839290976
2115	0.0017147368783201745
2116	0.0017147368727485112
2117	0.0017147368672134154
2118	0.001714736861715032
2119	0.001714736856253144
2120	0.0017147368508271964
2121	0.0017147368454376278
2122	0.001714736840083889
2123	0.0017147368347662404
2124	0.0017147368294845402
2125	0.0017147368242388975
2126	0.0017147368190292389
2127	0.0017147368138567052
2128	0.0017147368087212537
2129	0.0017147368036246919
2130	0.0017147367985682824
2131	0.0017147367935544367
2132	0.0017147367885890267
2133	0.0017147367836770908
2134	0.001714736778829904
2135	0.0017147367740630564
2136	0.0017147367694018336
2137	0.0017147367648851258
2138	0.0017147367605746529
2139	0.0017147367565686065
2140	0.001714736753022607
2141	0.001714736750185037
2142	0.0017147367484558664
2143	0.00171473674847155
2144	0.0017147367512511799
2145	0.0017147367583921042
2146	0.0017147367723696063
2147	0.0017147367967946293
2148	0.001714736836610459
2149	0.0017147368972660001
2150	0.0017147369823861053
2151	0.0017147370870428957
2152	0.0017147371898244895
2153	0.0017147372477984094
2154	0.0017147372173841775
2155	0.0017147370919754026
2156	0.0017147369262363065
2157	0.0017147367976254814
2158	0.0017147367496072586
2159	0.0017147367688234486
2160	0.001714736807416405
2161	0.0017147368225099474
2162	0.0017147368032952204
2163	0.0017147367677390665
2164	0.0017147367364918954
2165	0.0017147367147070133
2166	0.001714736697296016
2167	0.001714736683467343
2168	0.001714736678423355
2169	0.0017147366839874293
2170	0.0017147366926429355
2171	0.0017147366914646838
2172	0.0017147366727073587
2173	0.0017147366418505633
2174	0.0017147366148419824
2175	0.0017147366054727688
2176	0.0017147366142554717
2177	0.0017147366286434185
2178	0.0017147366337359827
2179	0.0017147366237454404
2180	0.001714736604799307
2181	0.001714736588118146
2182	0.001714736580736196
2183	0.0017147365815629839
2184	0.0017147365843566405
2185	0.001714736583465484
2186	0.0017147365775167316
2187	0.001714736569081074
2188	0.0017147365616486812
2189	0.0017147365567976324
2190	0.0017147365537243777
2191	0.0017147365508341957
2192	0.0017147365474103327
2193	0.0017147365438622936
2194	0.0017147365408008892
2195	0.0017147365381743242
2196	0.0017147365352750776
2197	0.0017147365314265006
2198	0.0017147365266183996
2199	0.0017147365215724945
2200	0.0017147365172349215
2201	0.0017147365141040346
2202	0.0017147365119036984
2203	0.0017147365098307448
2204	0.0017147365071422706
2205	0.0017147365036188319
2206	0.001714736499595897
2207	0.0017147364956361401
2208	0.0017147364921425792
2209	0.001714736489177286
2210	0.0017147364865273472
2211	0.0017147364839053328
2212	0.001714736481131995
2213	0.0017147364782039943
2214	0.0017147364752303094
2215	0.0017147364723152005
2216	0.0017147364694803258
2217	0.0017147364666736426
2218	0.0017147364638371396
2219	0.0017147364609621804
2220	0.0017147364580961646
2221	0.0017147364553088337
2222	0.0017147364526482324
2223	0.0017147364501169447
2224	0.0017147364476746
2225	0.0017147364452676879
2226	0.0017147364428638642
2227	0.0017147364404725735
2228	0.0017147364381479152
2229	0.0017147364359694397
2230	0.0017147364340267363
2231	0.0017147364324168113
2232	0.0017147364312597943
2233	0.0017147364307307728
2234	0.0017147364310959564
2235	0.0017147364327649184
2236	0.0017147364363529016
2237	0.0017147364427514014
2238	0.0017147364532301796
2239	0.0017147364695027775
2240	0.0017147364937682794
2241	0.0017147365284399618
2242	0.0017147365754908526
2243	0.0017147366346476117
2244	0.001714736700906926
2245	0.0017147367612941676
2246	0.001714736795578169
2247	0.0017147367828473682
2248	0.001714736716773275
2249	0.00171473661554523
2250	0.0017147365172134146
2251	0.0017147364572932143
2252	0.00171473644810754
2253	0.0017147364736215943
2254	0.0017147365026481758
2255	0.0017147365085138644
2256	0.0017147364830449395
2257	0.001714736438156848
2258	0.0017147363966147485
2259	0.001714736377419893
2260	0.001714736384793042
2261	0.0017147364075656665
2262	0.0017147364278897583
2263	0.0017147364323680209
2264	0.001714736418656202
2265	0.0017147363947977864
2266	0.0017147363726265406
2267	0.0017147363604817136
2268	0.0017147363594605788
2269	0.0017147363645038675
2270	0.0017147363684691217
2271	0.0017147363665430942
2272	0.0017147363585682841
2273	0.0017147363482528219
2274	0.001714736340235382
2275	0.0017147363372010315
2276	0.001714736338769036
2277	0.001714736342296459
2278	0.0017147363446345452
2279	0.001714736343741661
2280	0.001714736339478115
2281	0.0017147363333450975
2282	0.0017147363274553486
2283	0.0017147363233626263
2284	0.0017147363214260248
2285	0.0017147363209260567
2286	0.001714736320669139
2287	0.0017147363196362835
2288	0.0017147363173947668
2289	0.0017147363141599655
2290	0.0017147363105792298
2291	0.0017147363073569091
2292	0.0017147363049259496
2293	0.0017147363033124404
2294	0.0017147363022223883
2295	0.0017147363012403535
2296	0.00171473630002527
2297	0.0017147362984175278
2298	0.0017147362964562982
2299	0.0017147362943237504
2300	0.0017147362922436513
2301	0.0017147362903831183
2302	0.0017147362887985228
2303	0.0017147362874399767
2304	0.001714736286196001
2305	0.0017147362849467562
2306	0.0017147362836039636
2307	0.0017147362821304233
2308	0.0017147362805421322
2309	0.0017147362788933961
2310	0.001714736277250493
2311	0.0017147362756673077
2312	0.0017147362741722738
2313	0.001714736272766347
2314	0.0017147362714319573
2315	0.0017147362701394248
2316	0.001714736268858849
2317	0.0017147362675667972
2318	0.0017147362662514353
2319	0.0017147362649132252
2320	0.0017147362635614566
2321	0.0017147362622114827
2322	0.0017147362608782046
2323	0.0017147362595763423
2324	0.0017147362583200554
2325	0.001714736257123752
2326	0.0017147362560047162
2327	0.001714736254990679
2328	0.0017147362541278309
2329	0.0017147362534973888
2330	0.0017147362532373804
2331	0.00171473625358128
2332	0.0017147362549275408
2333	0.0017147362579470315
2334	0.0017147362637806862
2335	0.0017147362743525083
2336	0.0017147362929242963
2337	0.0017147363249073507
2338	0.0017147363791914058
2339	0.0017147364694537345
2340	0.0017147366152833526
2341	0.0017147368380888114
2342	0.0017147371480754397
2343	0.0017147375051094931
2344	0.0017147377779478479
2345	0.0017147377488282345
2346	0.001714737307844576
2347	0.0017147366659186949
2348	0.0017147362624194175
2349	0.0017147363269297098
2350	0.0017147366740497385
2351	0.0017147369136068093
2352	0.0017147368024331825
2353	0.0017147364634072237
2354	0.0017147362376518196
2355	0.0017147363023381156
2356	0.0017147365073146637
2357	0.0017147365870335343
2358	0.00171473645603967
2359	0.0017147362729461326
2360	0.0017147362292033665
2361	0.0017147363288242878
2362	0.0017147364184151926
2363	0.0017147363859365858
2364	0.0017147362774813722
2365	0.0017147362177988021
2366	0.0017147362538045496
2367	0.0017147363163428784
2368	0.001714736320681998
2369	0.0017147362646154395
2370	0.0017147362156047254
2371	0.0017147362208913346
2372	0.00171473625783924
2373	0.0017147362730486671
2374	0.0017147362482606214
2375	0.0017147362142165862
2376	0.0017147362065986944
2377	0.001714736224948064
2378	0.0017147362401816564
2379	0.0017147362325187943
2380	0.0017147362116387154
2381	0.001714736200245284
2382	0.0017147362064526273
2383	0.0017147362176382756
2384	0.0017147362182692825
2385	0.0017147362074240544
2386	0.001714736196987391
2387	0.0017147361962930917
2388	0.0017147362024867551
2389	0.001714736205942644
2390	0.0017147362018816487
2391	0.0017147361945229508
2392	0.0017147361908699782
2393	0.0017147361927601548
2394	0.0017147361959267498
2395	0.001714736195642473
2396	0.0017147361917251543
2397	0.001714736187854078
2398	0.001714736187030662
2399	0.0017147361886308112
2400	0.0017147361897557765
2401	0.0017147361886317427
2402	0.001714736186199113
2403	0.0017147361846635012
2404	0.001714736185087801
2405	0.001714736186625316
2406	0.0017147361878147374
2407	0.0017147361882538172
2408	0.0017147361889511715
2409	0.0017147361913190276
2410	0.0017147361960752566
2411	0.0017147362031724937
2412	0.0017147362126231594
2413	0.0017147362252748176
2414	0.001714736242746215
2415	0.001714736266621853
2416	0.0017147362973188632
2417	0.00171473633314362
2418	0.0017147363691627031
2419	0.0017147363967847445
2420	0.0017147364045744851
2421	0.0017147363832567557
2422	0.001714736332654825
2423	0.0017147362663583066
2424	0.0017147362067547948
2425	0.0017147361731276135
2426	0.001714736171585139
2427	0.001714736193830421
2428	0.0017147362232898093
2429	0.001714736243406077
2430	0.0017147362443718605
2431	0.0017147362264776495
2432	0.001714736199089957
2433	0.0017147361750940516
2434	0.0017147361637940882
2435	0.00171473616667082
2436	0.0017147361781763347
2437	0.0017147361898776118
2438	0.0017147361949629608
2439	0.0017147361910817985
2440	0.0017147361806707769
2441	0.0017147361689749743
2442	0.0017147361609570325
2443	0.0017147361589079655
2444	0.0017147361618860936
2445	0.0017147361668607912
2446	0.0017147361705479869
2447	0.0017147361709345256
2448	0.001714736167922067
2449	0.0017147361629906788
2450	0.0017147361582194073
2451	0.0017147361552230385
2452	0.0017147361545370653
2453	0.0017147361556223801
2454	0.0017147361573254766
2455	0.0017147361584867733
2456	0.0017147361584176155
2457	0.0017147361570827176
2458	0.0017147361549713206
2459	0.001714736152789862
2460	0.0017147361511343719
2461	0.0017147361502886105
2462	0.0017147361501816786
2463	0.0017147361504921213
2464	0.0017147361508216914
2465	0.0017147361508564006
2466	0.0017147361504574723
2467	0.0017147361496673902
2468	0.0017147361486536917
2469	0.0017147361476264602
2470	0.0017147361467583354
2471	0.0017147361461393713
2472	0.0017147361457643564
2473	0.0017147361455619123
2474	0.001714736145426195
2475	0.0017147361452602662
2476	0.00171473614499704
2477	0.0017147361446131883
2478	0.001714736144123793
2479	0.001714736143570408
2480	0.0017147361430014047
2481	0.00171473614246
2482	0.0017147361419752982
2483	0.0017147361415576646
2484	0.0017147361412007357
2485	0.0017147361408885935
2486	0.0017147361405997516
2487	0.0017147361403147385
2488	0.0017147361400179466
2489	0.0017147361397009755
2490	0.0017147361393615058
2491	0.0017147361390025663
2492	0.0017147361386300592
2493	0.0017147361382512578
2494	0.0017147361378737232
2495	0.0017147361375025381
2496	0.0017147361371415062
2497	0.0017147361367930596
2498	0.0017147361364568093
2499	0.00171473613613146
2500	0.0017147361358163594
2501	0.0017147361355088933
2502	0.0017147361352070963
2503	0.0017147361349099414
2504	0.0017147361346155686
2505	0.0017147361343236435
2506	0.0017147361340328045
2507	0.0017147361337435823
2508	0.0017147361334554367
2509	0.00171473613316907
2510	0.001714736132884119
2511	0.0017147361326012316
2512	0.0017147361323207524
2513	0.00171473613204325
2514	0.0017147361317687128
2515	0.0017147361314976744
2516	0.0017147361312306567
2517	0.001714736130968363
2518	0.001714736130711674
2519	0.0017147361304610245
2520	0.001714736130217663
2521	0.0017147361299838342
2522	0.0017147361297609196
2523	0.0017147361295530795
2524	0.0017147361293635179
2525	0.0017147361291987271
2526	0.001714736129066515
2527	0.0017147361289786842
2528	0.0017147361289517834
2529	0.0017147361290090974
2530	0.0017147361291845469
2531	0.0017147361295282624
2532	0.0017147361301104395
2533	0.001714736131036607
2534	0.0017147361324587871
2535	0.0017147361346026848
2536	0.0017147361377960984
2537	0.0017147361425197296
2538	0.0017147361494634166
2539	0.0017147361596058525
2540	0.0017147361742761683
2541	0.0017147361951851449
2542	0.0017147362242691526
2543	0.0017147362632168681
2544	0.0017147363122640654
2545	0.001714736368251976
2546	0.0017147364221277383
2547	0.0017147364583371793
2548	0.0017147364589610648
2549	0.0017147364143954222
2550	0.0017147363337526571
2551	0.0017147362442032775
2552	0.0017147361769570104
2553	0.0017147361508655118
2554	0.0017147361653070958
2555	0.0017147362029414277
2556	0.0017147362389226771
2557	0.0017147362526430225
2558	0.001714736237497021
2559	0.0017147362026134075
2560	0.0017147361659386126
2561	0.0017147361432478967
2562	0.0017147361406882836
2563	0.0017147361537012526
2564	0.001714736171183664
2565	0.0017147361816635686
2566	0.001714736178887081
2567	0.001714736164369934
2568	0.0017147361456021893
2569	0.0017147361309988573
2570	0.0017147361252947409
2571	0.0017147361281113645
2572	0.0017147361355012135
2573	0.0017147361425031292
2574	0.0017147361453754137
2575	0.0017147361429521557
2576	0.0017147361368424338
2577	0.0017147361302474835
2578	0.0017147361260793244
2579	0.0017147361255340653
2580	0.0017147361279397618
2581	0.0017147361315923842
2582	0.001714736134787662
2583	0.001714736136485813
2584	0.0017147361365850104
2585	0.0017147361358534096
2586	0.0017147361355888814
2587	0.0017147361370543806
2588	0.0017147361410455113
2589	0.0017147361477797838
2590	0.0017147361571852142
2591	0.00171473616920863
2592	0.0017147361841244816
2593	0.00171473620249727
2594	0.0017147362252535258
2595	0.0017147362532175187
2596	0.0017147362869017722
2597	0.0017147363253592794
2598	0.001714736366046305
2599	0.0017147364037220633
2600	0.00171473643208255
2601	0.001714736444122448
2602	0.0017147364358634344
2603	0.0017147364062944427
2604	0.0017147363590841696
2605	0.0017147363002400925
2606	0.0017147362384255693
2607	0.001714736183368707
2608	0.0017147361444804215
2609	0.001714736127524018
2610	0.001714736132226337
2611	0.0017147361522957237
2612	0.0017147361778288039
2613	0.001714736198638912
2614	0.0017147362070447458
2615	0.0017147362001089484
2616	0.0017147361802618483
2617	0.0017147361544475317
2618	0.0017147361310582213
2619	0.0017147361165334182
2620	0.0017147361130596406
2621	0.001714736118552981
2622	0.0017147361283719662
2623	0.0017147361375853597
2624	0.0017147361427587245
2625	0.0017147361427325863
2626	0.0017147361384530827
2627	0.0017147361320344805
2628	0.0017147361256827282
2629	0.0017147361208353059
2630	0.0017147361179112959
2631	0.0017147361165438932
2632	0.0017147361160640274
2633	0.0017147361159140025
2634	0.0017147361158386608
2635	0.0017147361158509943
2636	0.0017147361160664376
2637	0.0017147361165382974
2638	0.0017147361171638378
2639	0.0017147361177054093
2640	0.0017147361178827245
2641	0.0017147361174952647
2642	0.001714736116503269
2643	0.001714736115047397
2644	0.0017147361133913166
2645	0.0017147361118361446
2646	0.001714736110624286
2647	0.0017147361098846703
2648	0.0017147361096162964
2649	0.0017147361097181863
2650	0.0017147361100347384
2651	0.0017147361104097561
2652	0.0017147361107242502
2653	0.0017147361109143412
2654	0.0017147361109713973
2655	0.0017147361109236797
2656	0.0017147361108190598
2657	0.0017147361107038399
2658	0.0017147361106127031
2659	0.001714736110560789
2660	0.0017147361105471332
2661	0.0017147361105596102
2662	0.0017147361105822733
2663	0.0017147361106014496
2664	0.0017147361106101934
2665	0.0017147361106100937
2666	0.0017147361106104881
2667	0.0017147361106264409
2668	0.0017147361106774495
2669	0.001714736110785385
2670	0.001714736110974338
2671	0.0017147361112687305
2672	0.0017147361116993346
2673	0.001714736112302103
2674	0.001714736113124918
2675	0.00171473611423055
2676	0.0017147361157092457
2677	0.0017147361176816803
2678	0.001714736120317974
2679	0.0017147361238482456
2680	0.0017147361285946528
2681	0.0017147361349856226
2682	0.001714736143612607
2683	0.0017147361552359405
2684	0.001714736170871652
2685	0.0017147361917260462
2686	0.0017147362192734103
2687	0.0017147362549089621
2688	0.0017147362998585626
2689	0.0017147363540784848
2690	0.0017147364158496816
2691	0.0017147364796858472
2692	0.0017147365367808501
2693	0.0017147365740029495
2694	0.0017147365790324324
2695	0.001714736543679065
2696	0.00171473647238881
2697	0.0017147363826802188
2698	0.0017147363022516281
2699	0.0017147362565670709
