0	0.001171898455146289
1	0.0011348488192636581
2	0.0010973550012477321
3	0.0010621447107639936
4	0.001030108026966556
5	0.0010014409805976176
6	0.0009760263408881355
7	0.0009535959961269575
8	0.0009338253717666117
9	0.0009163853426142646
10	0.0009009712635355536
11	0.0008873015993677843
12	0.0008751064552888759
13	0.0008641283755336745
14	0.0008541340035797075
15	0.0008449318656048129
16	0.0008363866803828818
17	0.000828416960943312
18	0.000820971567967668
19	0.0008140017216149573
20	0.0008074576269136009
21	0.0008013107816745756
22	0.0007955715378466786
23	0.0007902809523487573
24	0.0007854789484065921
25	0.0007811704874866784
26	0.0007773108567093152
27	0.0007738142045228749
28	0.0007705748050931267
29	0.00076749032770309
30	0.0007644804362486819
31	0.0007614965249860359
32	0.0007585217310833013
33	0.0007555638514008437
34	0.0007526457776151021
35	0.0007497973839677205
36	0.0007470503468202953
37	0.0007444350080778443
38	0.0007419777884617334
39	0.0007396987345252356
40	0.0007376097266926076
41	0.0007357137844765175
42	0.0007340054250433015
43	0.0007324719115150991
44	0.0007310953354096381
45	0.0007298552535576863
46	0.000728731220470257
47	0.0007277046135853976
48	0.0007267595386836
49	0.0007258828955016072
50	0.0007250638880955108
51	0.0007242934843091133
52	0.0007235642848687727
53	0.0007228708104883149
54	0.0007222098200683225
55	0.0007215802797741114
56	0.0007209827651308236
57	0.0007204182898926988
58	0.0007198869458696146
59	0.0007193870274431805
60	0.0007189150894561429
61	0.0007184667650411286
62	0.0007180376632799715
63	0.000717623690333277
64	0.0007172207063290425
65	0.0007168240746186015
66	0.0007164287964327231
67	0.0007160304067937948
68	0.0007156260776683131
69	0.0007152151169641542
70	0.0007147985383652668
71	0.00071437813162584
72	0.0007139557641449089
73	0.0007135332490258816
74	0.000713112481686631
75	0.0007126953745540833
76	0.0007122835414884596
77	0.0007118781289583977
78	0.0007114801188387322
79	0.0007110909216938326
80	0.0007107127283641061
81	0.0007103483190566712
82	0.0007100005611221198
83	0.000709672024996641
84	0.0007093648534200999
85	0.0007090806855176383
86	0.0007088204633915147
87	0.0007085842072194875
88	0.0007083709620037152
89	0.0007081789887446631
90	0.0007080061035821385
91	0.0007078500217316742
92	0.00070770860414425
93	0.0007075799702040282
94	0.0007074625192558202
95	0.0007073549504980849
96	0.0007072563106682824
97	0.0007071659842844189
98	0.0007070835504996755
99	0.0007070085919210642
100	0.0007069406314325498
101	0.0007068792254593475
102	0.0007068240406226784
103	0.0007067747800000431
104	0.000706731052818032
105	0.000706692358868795
106	0.0007066581850056506
107	0.0007066280611411823
108	0.0007066015127325972
109	0.000706578011137098
110	0.0007065570122834361
111	0.0007065380367228578
112	0.0007065207021887579
113	0.0007065047082553113
114	0.0007064898289107525
115	0.0007064759232079216
116	0.0007064629288950031
117	0.0007064508292425049
118	0.000706439620705206
119	0.0007064293004738295
120	0.0007064198653563275
121	0.000706411309588627
122	0.0007064036187351564
123	0.0007063967614073333
124	0.0007063906824903371
125	0.0007063853037115772
126	0.0007063805321086525
127	0.0007063762704301004
128	0.000706372427218355
129	0.000706368928098718
130	0.0007063657235723304
131	0.000706362785558746
132	0.0007063600969448014
133	0.0007063576464453501
134	0.0007063554290108066
135	0.0007063534420220552
136	0.0007063516764972995
137	0.0007063501144441101
138	0.000706348735000049
139	0.0007063475194217882
140	0.0007063464497211547
141	0.0007063455071516885
142	0.0007063446745302143
143	0.0007063439377439513
144	0.0007063432832858626
145	0.0007063426961322391
146	0.0007063421616242152
147	0.0007063416689832127
148	0.0007063412125644328
149	0.000706340790638772
150	0.0007063404035528163
151	0.0007063400522426359
152	0.0007063397373333721
153	0.0007063394584008293
154	0.000706339213472574
155	0.0007063389991382048
156	0.0007063388114629793
157	0.0007063386467329121
158	0.0007063385014545849
159	0.000706338372372747
160	0.0007063382569338619
161	0.0007063381536202644
162	0.0007063380614987971
163	0.0007063379798491957
164	0.0007063379082581781
165	0.0007063378465883121
166	0.0007063377946594705
167	0.000706337752068802
168	0.000706337718281276
169	0.0007063376925929744
170	0.0007063376739207008
171	0.0007063376608680346
172	0.0007063376520629474
173	0.000706337646296873
174	0.0007063376425134095
175	0.0007063376398216914
176	0.0007063376375645225
177	0.0007063376353505104
178	0.0007063376329684455
179	0.0007063376303188449
180	0.0007063376274167745
181	0.0007063376243857743
182	0.0007063376214116403
183	0.000706337618650699
184	0.0007063376161883893
185	0.0007063376140485465
186	0.0007063376122056138
187	0.0007063376105466263
188	0.0007063376089159318
189	0.0007063376072026743
190	0.0007063376053626223
191	0.0007063376034110279
192	0.0007063376013915875
193	0.0007063375993703143
194	0.0007063375974442304
195	0.0007063375956753979
196	0.000706337594099603
197	0.000706337592749823
198	0.0007063375916337382
199	0.0007063375907520266
200	0.000706337590081614
201	0.0007063375895945782
202	0.000706337589265845
203	0.0007063375890387634
204	0.0007063375888798508
205	0.0007063375887448388
206	0.0007063375886112172
207	0.0007063375884645572
208	0.000706337588303833
209	0.0007063375881497618
210	0.0007063375879984105
211	0.0007063375878604161
212	0.0007063375877376791
213	0.0007063375876291664
214	0.0007063375875340814
215	0.0007063375874474074
216	0.00070633758736266
217	0.000706337587273484
218	0.000706337587179377
219	0.0007063375870736515
220	0.0007063375869532476
221	0.0007063375868281745
222	0.0007063375866928897
223	0.0007063375865582409
224	0.0007063375864260139
225	0.0007063375863028241
226	0.0007063375861796242
227	0.0007063375860708436
228	0.0007063375859780929
229	0.0007063375858901368
230	0.0007063375858118521
231	0.0007063375857460688
232	0.000706337585684425
233	0.0007063375856343427
234	0.0007063375855874377
235	0.0007063375855456219
236	0.0007063375855006944
237	0.0007063375854680866
238	0.0007063375854360907
239	0.0007063375854032141
240	0.000706337585378891
241	0.0007063375853567885
242	0.0007063375853330011
243	0.0007063375853149158
244	0.0007063375852959189
245	0.0007063375852788264
246	0.0007063375852673383
247	0.0007063375852507898
248	0.0007063375852355076
249	0.0007063375852266033
250	0.0007063375852186108
251	0.0007063375852040968
252	0.0007063375852007891
253	0.0007063375851971553
254	0.0007063375851911357
255	0.0007063375851865754
256	0.0007063375851830549
257	0.0007063375851814816
258	0.0007063375851787161
259	0.0007063375851754618
260	0.000706337585176465
261	0.0007063375851739761
262	0.0007063375851757152
263	0.0007063375851720233
264	0.0007063375851740918
265	0.0007063375851695935
266	0.0007063375851675232
267	0.0007063375851690103
268	0.0007063375851655712
269	0.0007063375851689071
270	0.0007063375851685587
271	0.0007063375851659632
272	0.0007063375851675116
273	0.0007063375851644364
274	0.0007063375851666669
275	0.0007063375851649365
276	0.0007063375851677835
277	0.0007063375851649907
278	0.0007063375851650774
279	0.0007063375851654296
280	0.0007063375851625827
281	0.0007063375851645838
282	0.0007063375851647823
283	0.0007063375851638674
284	0.000706337585161098
285	0.0007063375851674587
286	0.0007063375851650728
287	0.0007063375851645609
288	0.000706337585164079
289	0.0007063375851659442
290	0.0007063375851633647
291	0.0007063375851644593
292	0.0007063375851657173
293	0.0007063375851636648
294	0.0007063375851669731
295	0.0007063375851634128
296	0.0007063375851651941
297	0.0007063375851634501
298	0.0007063375851651796
299	0.0007063375851642263
300	0.0007063375851649158
301	0.0007063375851627695
302	0.0007063375851648085
303	0.0007063375851639098
304	0.0007063375851600552
305	0.0007063375851632967
306	0.0007063375851670354
307	0.0007063375851640327
308	0.0007063375851618967
309	0.0007063375851647541
310	0.0007063375851674346
311	0.0007063375851638255
312	0.0007063375851663637
313	0.000706337585162829
314	0.0007063375851659168
315	0.0007063375851655291
316	0.0007063375851606267
317	0.0007063375851648385
318	0.0007063375851654119
319	0.0007063375851642289
320	0.0007063375851650477
321	0.000706337585165269
322	0.0007063375851647624
323	0.0007063375851652096
324	0.0007063375851640522
325	0.0007063375851643825
326	0.0007063375851642051
327	0.0007063375851661027
328	0.0007063375851658723
329	0.0007063375851640609
330	0.0007063375851636971
331	0.0007063375851646818
332	0.000706337585161551
333	0.0007063375851644613
334	0.0007063375851626001
335	0.0007063375851651766
336	0.0007063375851651966
337	0.0007063375851657414
338	0.00070633758516098
339	0.0007063375851646521
340	0.0007063375851635676
341	0.000706337585164371
342	0.0007063375851653802
343	0.0007063375851628164
344	0.000706337585163511
345	0.0007063375851662953
346	0.0007063375851629958
347	0.0007063375851618063
348	0.0007063375851654155
349	0.0007063375851624046
350	0.0007063375851614939
351	0.0007063375851629217
352	0.0007063375851620137
353	0.0007063375851638178
354	0.0007063375851640942
355	0.0007063375851629263
