0	0.0116128535639725
1	0.01064887817769405
2	0.009864473505361897
3	0.00924168519677128
4	0.008759307235813401
5	0.00839179542828464
6	0.008111620630368917
7	0.007890182044637192
8	0.007703543116148489
9	0.0075374935035323505
10	0.007385338946922687
11	0.00724425741797462
12	0.007113248415245111
13	0.006992182381433045
14	0.006881234832055261
15	0.006780498812412087
16	0.006689790671760213
17	0.006608668911332063
18	0.0065366362106223765
19	0.006473439339530033
20	0.006419319142703437
21	0.006375018485096738
22	0.006341403813645844
23	0.006318705441096987
24	0.006305612576307038
25	0.006298792643723646
26	0.006293562148677037
27	0.006285690472501096
28	0.006273032183965821
29	0.006255801403098657
30	0.006235718881694559
31	0.006214936156571198
32	0.0061952945622317564
33	0.006178002444762128
34	0.006163601206538406
35	0.00615207999243726
36	0.006143049134733728
37	0.006135921116408832
38	0.006130067501762336
39	0.006124930625969577
40	0.006120080235667808
41	0.0061152216690454776
42	0.00611017584092764
43	0.006104853943553213
44	0.00609924164607621
45	0.006093394294385707
46	0.0060874334778427035
47	0.006081533122875469
48	0.006075890953805729
49	0.006070691863158041
50	0.006066075071789878
51	0.006062113957358862
52	0.006058809853868924
53	0.006056095963472559
54	0.006053848500413828
55	0.006051905989832716
56	0.006050097969122096
57	0.00604827902977513
58	0.006046357636893075
59	0.006044308455846621
60	0.006042164293504904
61	0.006039993804820264
62	0.006037876105295207
63	0.0060358808357695685
64	0.006034056072779816
65	0.006032422481791921
66	0.006030972227631652
67	0.00602967281302221
68	0.006028475962343195
69	0.006027329540096781
70	0.006026188625529431
71	0.006025022391191818
72	0.0060238160026056965
73	0.006022569097277008
74	0.006021292793375463
75	0.006020006008363561
76	0.006018730880153536
77	0.006017487419527579
78	0.0060162886388659895
79	0.006015137864722676
80	0.006014029065433794
81	0.006012949545092699
82	0.0060118835381673666
83	0.00601081553768848
84	0.006009732934692731
85	0.0060086278759599
86	0.006007498068367744
87	0.006006346167774235
88	0.006005177815795614
89	0.006003999050252551
90	0.006002814089451939
91	0.006001624135133634
92	0.006000427217865789
93	0.0059992187370126425
94	0.005997992366618507
95	0.005996741152767425
96	0.005995458651516333
97	0.005994139861960985
98	0.005992781693369455
99	0.005991382871828689
100	0.005989943433641105
101	0.005988464089283125
102	0.005986945708153616
103	0.005985389053027278
104	0.005983794795940333
105	0.005982163805625553
106	0.005980497668542218
107	0.005978799354343092
108	0.005977073878307711
109	0.0059753287918275135
110	0.005973574368589886
111	0.005971823428482468
112	0.005970090815327309
113	0.00596839259390783
114	0.005966745056120654
115	0.005965163637352836
116	0.005963661850972079
117	0.005962250350171104
118	0.005960936217086694
119	0.005959722555698197
120	0.005958608429741741
121	0.005957589145612368
122	0.00595665683943254
123	0.005955801292555964
124	0.005955010875052185
125	0.005954273506266521
126	0.005953577527938313
127	0.005952912407958486
128	0.005952269226323254
129	0.005951640931089462
130	0.005951022383151931
131	0.005950410229919609
132	0.005949802658426866
133	0.005949199080027487
134	0.00594859979404436
135	0.0059480056689229935
136	0.0059474178682395705
137	0.0059468376367502376
138	0.005946266150030234
139	0.00594570442164385
140	0.005945153255540824
141	0.0059446132291278726
142	0.005944084693963303
143	0.005943567785058795
144	0.005943062434613412
145	0.0059425683899736546
146	0.005942085237543658
147	0.005941612434145222
148	0.005941149345459523
149	0.005940695288853801
150	0.00594024957613766
151	0.005939811551314879
152	0.005939380619332829
153	0.0059389562637634525
154	0.005938538053612872
155	0.005938125641378143
156	0.005937718755542832
157	0.005937317190743396
158	0.005936920798064014
159	0.005936529476669514
160	0.005936143166742207
161	0.005935761842942548
162	0.0059353855074302094
163	0.005935014181897796
164	0.0059346478987937
165	0.0059342866925287795
166	0.005933930591802615
167	0.005933579614039416
168	0.005933233762431652
169	0.005932893025479012
170	0.005932557378369275
171	0.005932226785315873
172	0.005931901202020438
173	0.005931580577723569
174	0.005931264856685236
175	0.0059309539792501975
176	0.005930647882802489
177	0.005930346502874608
178	0.005930049774529765
179	0.00592975763391826
180	0.005929470019763617
181	0.005929186874480305
182	0.005928908144722925
183	0.005928633781308171
184	0.005928363738620055
185	0.005928097973736335
186	0.005927836445510837
187	0.005927579113806378
188	0.005927325938944953
189	0.005927076881341248
190	0.005926831901231922
191	0.005926590958409723
192	0.005926354011915717
193	0.005926121019715061
194	0.005925891938407469
195	0.005925666723067016
196	0.005925445327237872
197	0.00592522770311199
198	0.005925013801832478
199	0.005924803573860389
200	0.005924596969325385
201	0.005924393938313644
202	0.005924194431071389
203	0.005923998398134201
204	0.005923805790414842
205	0.005923616559276264
206	0.005923430656603919
207	0.005923248034869066
208	0.0059230686471761365
209	0.005922892447269534
210	0.005922719389488854
211	0.005922549428692243
212	0.005922382520152872
213	0.0059222186194573334
214	0.005922057682429511
215	0.00592189966508112
216	0.00592174452359475
217	0.0059215922143262935
218	0.005921442693817616
219	0.005921295918815608
220	0.005921151846282718
221	0.0059210104334169525
222	0.005920871637671981
223	0.005920735416788073
224	0.0059206017288301474
225	0.005920470532229003
226	0.005920341785818727
227	0.005920215448869063
228	0.0059200914811045734
229	0.005919969842714413
230	0.005919850494354676
231	0.005919733397149843
232	0.005919618512690454
233	0.005919505803032929
234	0.0059193952307011735
235	0.005919286758681402
236	0.005919180350422048
237	0.005919075969826529
238	0.0059189735812458085
239	0.0059188731494731785
240	0.005918774639741817
241	0.005918678017721614
242	0.005918583249524108
243	0.0059184903017040075
244	0.005918399141263394
245	0.005918309735655375
246	0.005918222052785412
247	0.005918136061014824
248	0.005918051729159084
249	0.005917969026493053
250	0.005917887922748705
251	0.005917808388117232
252	0.005917730393249974
253	0.005917653909254776
254	0.005917578907696246
255	0.005917505360590148
256	0.0059174332404025205
257	0.005917362520040367
258	0.005917293172854393
259	0.005917225172629716
260	0.005917158493585621
261	0.005917093110369608
262	0.005917028998055081
263	0.005916966132133486
264	0.005916904488514491
265	0.005916844043520003
266	0.005916784773878468
267	0.005916726656723412
268	0.005916669669587207
269	0.005916613790401432
270	0.005916558997485055
271	0.005916505269548772
272	0.005916452585683617
273	0.005916400925359619
274	0.005916350268420705
275	0.005916300595078718
276	0.005916251885910499
277	0.0059162041218509594
278	0.005916157284190803
279	0.005916111354567729
280	0.005916066314963744
281	0.005916022147700881
282	0.005915978835433964
283	0.005915936361146542
284	0.005915894708145199
285	0.005915853860056973
286	0.005915813800820621
287	0.005915774514684998
288	0.005915735986201676
289	0.005915698200222789
290	0.005915661141893202
291	0.005915624796647303
292	0.005915589150203283
293	0.005915554188560394
294	0.0059155198979927645
295	0.005915486265044133
296	0.005915453276524238
297	0.00591542091950396
298	0.005915389181310867
299	0.005915358049523919
300	0.005915327511970406
301	0.005915297556720055
302	0.005915268172081651
303	0.005915239346598315
304	0.005915211069043443
305	0.005915183328416169
306	0.005915156113936417
307	0.005915129415043409
308	0.005915103221388484
309	0.005915077522833212
310	0.005915052309444734
311	0.005915027571491632
312	0.005915003299439414
313	0.005914979483949683
314	0.005914956115872492
315	0.005914933186246366
316	0.00591491068629118
317	0.005914888607406927
318	0.00591486694117011
319	0.005914845679329319
320	0.005914824813802691
321	0.005914804336672836
322	0.005914784240186951
323	0.005914764516750355
324	0.005914745158924222
325	0.00591472615942356
326	0.0059147075111122315
327	0.005914689207003031
328	0.005914671240250406
329	0.005914653604151446
330	0.005914636292140129
331	0.005914619297787251
332	0.0059146026147957826
333	0.00591458623699751
334	0.005914570158353057
335	0.005914554372946822
336	0.0059145388749861205
337	0.005914523658796714
338	0.005914508718822176
339	0.005914494049621541
340	0.005914479645864968
341	0.005914465502332882
342	0.005914451613913622
343	0.005914437975601898
344	0.005914424582494711
345	0.00591441142978986
346	0.005914398512785706
347	0.005914385826876109
348	0.005914373367551618
349	0.005914361130393593
350	0.005914349111075802
351	0.0059143373053617086
352	0.005914325709100159
353	0.005914314318227554
354	0.005914303128762717
355	0.005914292136806334
356	0.00591428133853931
357	0.005914270730222361
358	0.0059142603081902695
359	0.005914250068855872
360	0.005914240008704462
361	0.005914230124292754
362	0.00591422041224955
363	0.0059142108692704105
364	0.00591420149212177
365	0.005914192277633283
366	0.005914183222700703
367	0.00591417432428277
368	0.005914165579401501
369	0.005914156985137701
370	0.005914148538633147
371	0.005914140237087606
372	0.005914132077757183
373	0.00591412405795468
374	0.0059141161750472
375	0.005914108426454813
376	0.005914100809650351
377	0.005914093322157957
378	0.005914085961551872
379	0.005914078725454873
380	0.005914071611539116
381	0.005914064617522256
382	0.005914057741168392
383	0.00591405098028772
384	0.005914044332733777
385	0.005914037796402701
386	0.005914031369234306
387	0.005914025049208421
388	0.005914018834346005
389	0.005914012722708249
390	0.005914006712394513
391	0.005914000801542021
392	0.005913994988325327
393	0.00591398927095516
394	0.005913983647679873
395	0.005913978116779373
396	0.005913972676570604
397	0.00591396732540277
398	0.005913962061657653
399	0.005913956883749471
400	0.005913951790124837
401	0.005913946779258595
402	0.005913941849658409
403	0.005913936999859542
404	0.005913932228426634
405	0.005913927533953442
406	0.00591392291506024
407	0.005913918370395141
408	0.005913913898631931
409	0.00591390949847115
410	0.005913905168639185
411	0.0059139009078855095
412	0.005913896714986225
413	0.0059138925887396105
414	0.005913888527967978
415	0.005913884531516584
416	0.005913880598253365
417	0.005913876727067182
418	0.0059138729168692825
419	0.005913869166592041
420	0.005913865475188766
421	0.005913861841631214
422	0.005913858264912301
423	0.005913854744044542
424	0.005913851278059644
425	0.005913847866005859
426	0.005913844506951145
427	0.00591384119998185
428	0.005913837944200774
429	0.005913834738728064
430	0.005913831582700561
431	0.005913828475271767
432	0.005913825415611111
433	0.005913822402903654
434	0.005913819436350411
435	0.005913816515166117
436	0.00591381363858229
437	0.005913810805843115
438	0.00591380801620765
439	0.005913805268949282
440	0.005913802563355528
441	0.00591379989872501
442	0.005913797274371689
443	0.005913794689620569
444	0.0059137921438117205
445	0.005913789636294229
446	0.005913787166431794
447	0.005913784733598789
448	0.005913782337181699
449	0.005913779976577323
450	0.005913777651195708
451	0.005913775360454784
452	0.005913773103785921
453	0.005913770880628546
454	0.005913768690434747
455	0.0059137665326645505
456	0.005913764406789693
457	0.005913762312289014
458	0.005913760248653574
459	0.005913758215382131
460	0.00591375621198263
461	0.0059137542379725586
462	0.005913752292876776
463	0.005913750376230126
464	0.005913748487575964
465	0.005913746626464233
466	0.005913744792453761
467	0.005913742985112151
468	0.005913741204013632
469	0.0059137394487396855
470	0.005913737718880057
471	0.005913736014032627
472	0.005913734333800233
473	0.005913732677794183
474	0.005913731045631971
475	0.00591372943693849
476	0.005913727851345097
477	0.005913726288489318
478	0.005913724748014482
479	0.005913723229571264
480	0.005913721732815902
481	0.005913720257410927
482	0.005913718803023733
483	0.005913717369328296
484	0.005913715956004984
485	0.005913714562738419
486	0.0059137131892185515
487	0.005913711835141814
488	0.005913710500208776
489	0.005913709184125092
490	0.005913707886603111
491	0.005913706607357945
492	0.005913705346111474
493	0.005913704102587905
494	0.005913702876518264
495	0.005913701667638186
496	0.0059137004756851675
497	0.00591369930040452
498	0.005913698141543923
499	0.005913696998854743
500	0.005913695872094195
501	0.0059136947610221105
502	0.005913693665403753
503	0.005913692585006923
504	0.005913691519603677
505	0.005913690468970237
506	0.005913689432886495
507	0.005913688411135263
508	0.0059136874035037095
509	0.00591368640978236
510	0.005913685429764809
511	0.005913684463247779
512	0.005913683510032375
513	0.005913682569921824
514	0.00591368164272415
515	0.005913680728248095
516	0.005913679826307135
517	0.0059136789367178495
518	0.005913678059299057
519	0.005913677193873224
520	0.005913676340263916
521	0.005913675498299808
522	0.005913674667811824
523	0.005913673848631954
524	0.005913673040596699
525	0.005913672243544535
526	0.0059136714573152695
527	0.005913670681753546
528	0.005913669916705423
529	0.005913669162018178
530	0.00591366841754388
531	0.005913667683134208
532	0.00591366695864606
533	0.005913666243935851
534	0.00591366553886416
535	0.005913664843293006
536	0.005913664157086291
537	0.005913663480110059
538	0.005913662812232897
539	0.005913662153325743
540	0.005913661503260372
541	0.0059136608619111235
542	0.005913660229155232
543	0.0059136596048696664
544	0.005913658988935091
545	0.00591365838123295
546	0.005913657781647425
547	0.0059136571900639924
548	0.005913656606369087
549	0.005913656030452602
550	0.0059136554622043645
551	0.005913654901516878
552	0.005913654348284111
553	0.005913653802401048
554	0.005913653263765475
555	0.005913652732274883
556	0.005913652207830099
557	0.005913651690332313
558	0.0059136511796848675
559	0.005913650675792416
560	0.00591365017856005
561	0.005913649687896058
562	0.005913649203708423
563	0.00591364872590674
564	0.005913648254403422
565	0.005913647789110552
566	0.005913647329941745
567	0.0059136468768128045
568	0.005913646429639855
569	0.005913645988340476
570	0.0059136455528335605
571	0.005913645123038869
572	0.005913644698878233
573	0.005913644280273599
574	0.005913643867148512
575	0.0059136434594272815
576	0.005913643057036384
577	0.00591364265990153
578	0.005913642267951498
579	0.005913641881114109
580	0.005913641499319992
581	0.0059136411224994
582	0.0059136407505848915
583	0.005913640383509254
584	0.005913640021205525
585	0.00591363966360901
586	0.005913639310655684
587	0.005913638962281018
588	0.005913638618423934
589	0.0059136382790221
590	0.005913637944014229
591	0.005913637613341143
592	0.005913637286943951
593	0.005913636964764038
594	0.005913636646744111
595	0.0059136363328278815
596	0.005913636022958685
597	0.005913635717082617
598	0.005913635415145191
599	0.00591363511709234
600	0.0059136348228723615
601	0.005913634532432029
602	0.00591363424572163
603	0.005913633962689286
604	0.005913633683285584
605	0.005913633407461604
606	0.005913633135168583
607	0.00591363286635958
608	0.0059136326009864675
609	0.005913632339003041
610	0.005913632080364007
611	0.005913631825023874
612	0.005913631572938132
613	0.00591363132406276
614	0.005913631078354653
615	0.005913630835770865
616	0.005913630596268916
617	0.0059136303598081455
618	0.005913630126347264
619	0.0059136298958452635
620	0.005913629668262756
621	0.005913629443560823
622	0.0059136292216998235
623	0.005913629002642218
624	0.005913628786350322
625	0.005913628572786552
626	0.005913628361913632
627	0.005913628153697543
628	0.005913627948100155
629	0.005913627745087483
630	0.005913627544624633
631	0.005913627346677367
632	0.005913627151212176
633	0.005913626958195265
634	0.005913626767593723
635	0.005913626579376046
636	0.0059136263935090925
637	0.005913626209961996
638	0.005913626028703378
639	0.005913625849702546
640	0.00591362567292992
641	0.005913625498354378
642	0.005913625325947673
643	0.005913625155680233
644	0.005913624987523456
645	0.005913624821449005
646	0.005913624657428933
647	0.005913624495436231
648	0.005913624335443254
649	0.005913624177423339
650	0.005913624021350396
651	0.0059136238671978845
652	0.005913623714940506
653	0.00591362356455275
654	0.005913623416009227
655	0.005913623269286175
656	0.005913623124358457
657	0.005913622981202916
658	0.005913622839794795
659	0.00591362270011142
660	0.005913622562130155
661	0.005913622425827353
662	0.005913622291181022
663	0.005913622158169169
664	0.005913622026769693
665	0.00591362189696095
666	0.00591362176872242
667	0.005913621642032631
668	0.005913621516870723
669	0.005913621393216991
670	0.005913621271050836
671	0.005913621150352528
672	0.005913621031102016
673	0.005913620913280742
674	0.005913620796869273
675	0.005913620681849117
676	0.005913620568201284
677	0.0059136204559078285
678	0.005913620344950899
679	0.00591362023531225
680	0.005913620126974778
681	0.005913620019920336
682	0.005913619914132496
683	0.005913619809594415
684	0.005913619706289418
685	0.005913619604201145
686	0.005913619503312999
687	0.005913619403609882
688	0.005913619305075038
689	0.005913619207693458
690	0.005913619111449404
691	0.005913619016328715
692	0.005913618922315513
693	0.00591361882939591
694	0.005913618737554537
695	0.005913618646777193
696	0.005913618557050495
697	0.005913618468359909
698	0.005913618380691994
699	0.005913618294032677
700	0.005913618208369321
701	0.005913618123687996
702	0.005913618039976086
703	0.005913617957220811
704	0.005913617875409324
705	0.005913617794529366
706	0.005913617714568636
707	0.005913617635514474
708	0.005913617557355168
709	0.0059136174800786
710	0.005913617403674003
711	0.005913617328129367
712	0.005913617253432726
713	0.005913617179573577
714	0.005913617106540734
715	0.00591361703432358
716	0.005913616962910679
717	0.0059136168922917995
718	0.005913616822456536
719	0.005913616753394734
720	0.005913616685095683
721	0.005913616617549917
722	0.005913616550746719
723	0.005913616484677264
724	0.005913616419331222
725	0.005913616354699901
726	0.005913616290773066
727	0.005913616227541743
728	0.005913616164996632
729	0.005913616103129319
730	0.005913616041930718
731	0.005913615981391808
732	0.005913615921503853
733	0.005913615862258394
734	0.005913615803647311
735	0.0059136157456625895
736	0.005913615688295417
737	0.005913615631537931
738	0.0059136155753819735
739	0.005913615519820241
740	0.0059136154648442565
741	0.005913615410447317
742	0.005913615356621376
743	0.005913615303358756
744	0.005913615250652754
745	0.0059136151984955955
746	0.005913615146880419
747	0.005913615095800538
748	0.00591361504524779
749	0.005913614995216676
750	0.0059136149456999205
751	0.0059136148966912536
752	0.0059136148481832695
753	0.005913614800170221
754	0.005913614752645528
755	0.005913614705602607
756	0.005913614659035622
757	0.005913614612938498
758	0.005913614567305225
759	0.005913614522129527
760	0.005913614477405606
761	0.005913614433127698
762	0.00591361438929059
763	0.0059136143458880025
764	0.005913614302914427
765	0.005913614260364151
766	0.005913614218232867
767	0.005913614176514731
768	0.005913614135203958
769	0.00591361409429559
770	0.005913614053784747
771	0.005913614013666354
772	0.005913613973935364
773	0.005913613934586497
774	0.005913613895616151
775	0.0059136138570177
776	0.0059136138187882124
777	0.005913613780922064
778	0.0059136137434147775
779	0.005913613706261959
780	0.0059136136694590835
781	0.0059136136330019875
782	0.005913613596886418
783	0.0059136135611076186
784	0.005913613525661808
785	0.005913613490544289
786	0.005913613455751934
787	0.005913613421279577
788	0.005913613387124098
789	0.005913613353281051
790	0.005913613319747532
791	0.00591361328651804
792	0.0059136132535905
793	0.005913613220960477
794	0.005913613188623462
795	0.005913613156577256
796	0.005913613124817824
797	0.0059136130933411385
798	0.005913613062144318
799	0.005913613031223376
800	0.005913613000576445
801	0.005913612970198366
802	0.005913612940086589
803	0.005913612910237965
804	0.005913612880649481
805	0.005913612851317175
806	0.005913612822238969
807	0.005913612793411196
808	0.0059136127648311086
809	0.005913612736495786
810	0.005913612708401772
811	0.005913612680546743
812	0.005913612652927939
813	0.005913612625542137
814	0.005913612598386251
815	0.0059136125714588424
816	0.005913612544755958
817	0.005913612518275294
818	0.005913612492014592
819	0.005913612465970942
820	0.005913612440141958
821	0.005913612414524458
822	0.005913612389116969
823	0.005913612363916829
824	0.00591361233892066
825	0.005913612314127288
826	0.005913612289534091
827	0.005913612265138638
828	0.00591361224093786
829	0.005913612216930689
830	0.0059136121931144285
831	0.00591361216948726
832	0.005913612146046479
833	0.00591361212279003
834	0.005913612099715798
835	0.005913612076822221
836	0.005913612054107061
837	0.005913612031568137
838	0.005913612009202981
839	0.005913611987010597
840	0.005913611964988271
841	0.005913611943134602
842	0.005913611921447637
843	0.0059136118999257485
844	0.005913611878566098
845	0.005913611857367799
846	0.005913611836329094
847	0.005913611815447785
848	0.005913611794722626
849	0.00591361177415179
850	0.0059136117537330795
851	0.005913611733465257
852	0.005913611713346706
853	0.005913611693375903
854	0.0059136116735508774
855	0.005913611653870552
856	0.005913611634333305
857	0.005913611614936937
858	0.005913611595680848
859	0.005913611576562333
860	0.00591361155758168
861	0.005913611538736095
862	0.005913611520024981
863	0.005913611501446389
864	0.005913611482998984
865	0.005913611464681528
866	0.005913611446492175
867	0.005913611428430319
868	0.005913611410494724
869	0.005913611392683496
870	0.005913611374995671
871	0.005913611357429656
872	0.005913611339985142
873	0.0059136113226597375
874	0.005913611305452314
875	0.005913611288362892
876	0.005913611271389282
877	0.005913611254530438
878	0.005913611237785624
879	0.005913611221153038
880	0.005913611204632345
881	0.00591361118822187
882	0.005913611171920418
883	0.005913611155727635
884	0.005913611139641772
885	0.005913611123661978
886	0.00591361110778732
887	0.00591361109201711
888	0.005913611076349803
889	0.0059136110607847115
890	0.0059136110453203335
891	0.0059136110299566344
892	0.005913611014692096
893	0.005913610999525336
894	0.005913610984456424
895	0.005913610969483961
896	0.005913610954607169
897	0.005913610939824553
898	0.0059136109251361115
899	0.0059136109105400545
900	0.005913610896036692
901	0.0059136108816244355
902	0.005913610867302277
903	0.005913610853069852
904	0.005913610838925883
905	0.0059136108248704685
906	0.005913610810901993
907	0.005913610797020052
908	0.005913610783223218
909	0.005913610769512046
910	0.005913610755884007
911	0.005913610742339557
912	0.005913610728878493
913	0.005913610715498581
914	0.005913610702200662
915	0.0059136106889824385
916	0.005913610675844678
917	0.005913610662785857
918	0.005913610649805043
919	0.005913610636902336
920	0.005913610624077129
921	0.005913610611327995
922	0.0059136105986545145
923	0.005913610586056288
924	0.005913610573532711
925	0.005913610561083573
926	0.005913610548706897
927	0.005913610536403541
928	0.005913610524172011
929	0.005913610512012318
930	0.005913610499923189
931	0.0059136104879050876
932	0.00591361047595646
933	0.005913610464076652
934	0.005913610452266114
935	0.005913610440523767
936	0.005913610428848702
937	0.00591361041724126
938	0.005913610405699907
939	0.005913610394224476
940	0.005913610382814832
941	0.0059136103714702
942	0.0059136103601898785
943	0.005913610348973985
944	0.005913610337821076
945	0.005913610326731326
946	0.005913610315704685
947	0.00591361030473944
948	0.005913610293836051
949	0.005913610282993934
950	0.005913610272212845
951	0.005913610261491183
952	0.005913610250829666
953	0.005913610240227293
954	0.0059136102296841395
955	0.0059136102191997
956	0.005913610208772866
957	0.005913610198403988
958	0.0059136101880924614
959	0.005913610177837361
960	0.005913610167638714
961	0.005913610157496155
962	0.005913610147409034
963	0.0059136101373775
964	0.005913610127400479
965	0.005913610117477963
966	0.005913610107609735
967	0.0059136100977948535
968	0.005913610088033087
969	0.005913610078324898
970	0.005913610068669243
971	0.0059136100590652975
972	0.005913610049513508
973	0.0059136100400129545
974	0.005913610030563866
975	0.005913610021165182
976	0.005913610011817791
977	0.005913610002520043
978	0.005913609993272019
979	0.005913609984073247
980	0.005913609974924241
981	0.005913609965823366
982	0.005913609956771643
983	0.005913609947767757
984	0.0059136099388117855
985	0.005913609929903186
986	0.005913609921042151
987	0.005913609912227653
988	0.005913609903460343
989	0.00591360989473914
990	0.0059136098860638146
991	0.005913609877434061
992	0.005913609868850582
993	0.0059136098603115575
994	0.005913609851817682
995	0.005913609843368085
996	0.005913609834963484
997	0.005913609826602546
998	0.005913609818285491
999	0.005913609810012045
1000	0.0059136098017817905
1001	0.005913609793594204
1002	0.0059136097854496006
1003	0.005913609777347948
1004	0.005913609769288096
1005	0.005913609761270207
1006	0.005913609753294228
1007	0.005913609745359235
1008	0.00591360973746643
1009	0.005913609729613525
1010	0.005913609721801583
1011	0.005913609714030325
1012	0.005913609706299479
1013	0.0059136096986084595
1014	0.005913609690957713
1015	0.005913609683345512
1016	0.005913609675773389
1017	0.005913609668240045
1018	0.005913609660745611
1019	0.005913609653290106
1020	0.005913609645872643
1021	0.005913609638493668
1022	0.00591360963115244
1023	0.0059136096238493726
1024	0.005913609616583142
1025	0.005913609609354664
1026	0.005913609602163247
1027	0.005913609595009212
1028	0.0059136095878914215
1029	0.005913609580810248
1030	0.005913609573765359
1031	0.005913609566756534
1032	0.005913609559783596
1033	0.005913609552846359
1034	0.005913609545944904
1035	0.005913609539078546
1036	0.005913609532247306
1037	0.00591360952545108
1038	0.005913609518689871
1039	0.00591360951196287
1040	0.00591360950527044
1041	0.0059136094986118205
1042	0.005913609491987397
1043	0.0059136094853970925
1044	0.0059136094788398395
1045	0.00591360947231644
1046	0.005913609465826149
1047	0.005913609459369026
1048	0.005913609452944447
1049	0.005913609446553266
1050	0.005913609440194605
1051	0.005913609433867776
1052	0.005913609427573542
1053	0.005913609421311225
1054	0.005913609415080884
1055	0.005913609408882671
1056	0.005913609402715424
1057	0.005913609396580357
1058	0.005913609390475473
1059	0.005913609384402243
1060	0.005913609378359618
1061	0.005913609372348163
1062	0.005913609366367008
1063	0.0059136093604166716
1064	0.005913609354496213
1065	0.005913609348606004
1066	0.005913609342745568
1067	0.005913609336915306
1068	0.0059136093311143514
1069	0.005913609325343389
1070	0.005913609319601541
1071	0.005913609313888979
1072	0.005913609308205505
1073	0.005913609302550457
1074	0.005913609296924941
1075	0.005913609291327725
1076	0.005913609285759175
1077	0.005913609280218668
1078	0.0059136092747062805
1079	0.005913609269221868
1080	0.005913609263765648
1081	0.005913609258337574
1082	0.0059136092529365625
1083	0.005913609247563437
1084	0.005913609242217907
1085	0.005913609236898857
1086	0.005913609231607294
1087	0.0059136092263427625
1088	0.005913609221105278
1089	0.005913609215894269
1090	0.005913609210709618
1091	0.0059136092055513505
1092	0.005913609200419936
1093	0.005913609195314367
1094	0.005913609190234939
1095	0.005913609185181082
1096	0.00591360918015333
1097	0.005913609175151243
1098	0.005913609170174983
1099	0.005913609165223719
1100	0.005913609160297777
1101	0.005913609155397339
1102	0.005913609150521743
1103	0.005913609145670908
1104	0.005913609140845281
1105	0.0059136091360439125
1106	0.005913609131267738
1107	0.005913609126515686
1108	0.00591360912178771
1109	0.0059136091170842306
1110	0.00591360911240459
1111	0.005913609107749136
1112	0.00591360910311735
1113	0.005913609098509714
1114	0.005913609093925682
1115	0.005913609089364945
1116	0.005913609084827763
1117	0.005913609080313874
1118	0.005913609075823429
1119	0.005913609071355427
1120	0.0059136090669106795
1121	0.0059136090624886655
1122	0.005913609058089652
1123	0.005913609053713386
1124	0.005913609049359524
1125	0.005913609045028069
1126	0.00591360904071901
1127	0.005913609036431953
1128	0.005913609032167306
1129	0.005913609027924127
1130	0.005913609023703529
1131	0.005913609019504285
1132	0.005913609015326938
1133	0.005913609011171397
1134	0.005913609007036824
1135	0.005913609002924014
1136	0.0059136089988325955
1137	0.005913608994761859
1138	0.005913608990712329
1139	0.005913608986684333
1140	0.00591360898267678
1141	0.0059136089786899
1142	0.005913608974724112
1143	0.005913608970778602
1144	0.00591360896685365
1145	0.0059136089629490685
1146	0.005913608959064783
1147	0.005913608955200447
1148	0.0059136089513568135
1149	0.0059136089475326
1150	0.005913608943728823
1151	0.005913608939944876
1152	0.0059136089361799165
1153	0.005913608932435373
1154	0.005913608928709985
1155	0.005913608925004278
1156	0.005913608921318137
1157	0.005913608917651024
1158	0.005913608914002848
1159	0.005913608910373752
1160	0.005913608906763953
1161	0.005913608903172907
1162	0.005913608899600895
1163	0.0059136088960471895
1164	0.005913608892512433
1165	0.005913608888996285
1166	0.005913608885498482
1167	0.005913608882018861
1168	0.005913608878557942
1169	0.005913608875115041
1170	0.00591360887169049
1171	0.005913608868283871
1172	0.005913608864894667
1173	0.005913608861524057
1174	0.005913608858171007
1175	0.005913608854835479
1176	0.005913608851517707
1177	0.005913608848217471
1178	0.005913608844934439
1179	0.0059136088416693105
1180	0.005913608838421157
1181	0.005913608835189821
1182	0.005913608831975768
1183	0.0059136088287793384
1184	0.005913608825599201
1185	0.005913608822436309
1186	0.005913608819290286
1187	0.0059136088161610804
1188	0.005913608813047989
1189	0.005913608809952089
1190	0.0059136088068725765
1191	0.005913608803808696
1192	0.005913608800761768
1193	0.005913608797731114
1194	0.005913608794716546
1195	0.005913608791717981
1196	0.005913608788735559
1197	0.005913608785769001
1198	0.005913608782818434
1199	0.005913608779883804
1200	0.005913608776964725
1201	0.005913608774061353
1202	0.0059136087711732475
1203	0.005913608768300973
1204	0.00591360876544392
1205	0.005913608762602029
1206	0.005913608759776146
1207	0.00591360875696494
1208	0.005913608754168834
1209	0.005913608751387821
1210	0.00591360874862211
1211	0.00591360874587109
1212	0.005913608743135169
1213	0.005913608740413646
1214	0.005913608737706787
1215	0.00591360873501505
1216	0.005913608732337171
1217	0.005913608729674477
1218	0.005913608727026147
1219	0.005913608724391753
1220	0.00591360872177168
1221	0.005913608719166197
1222	0.005913608716574715
1223	0.005913608713997345
1224	0.005913608711433848
1225	0.0059136087088844085
1226	0.0059136087063488005
1227	0.00591360870382691
1228	0.005913608701319004
1229	0.005913608698824796
1230	0.005913608696344219
1231	0.005913608693877021
1232	0.005913608691423252
1233	0.005913608688983213
1234	0.005913608686556029
1235	0.005913608684142647
1236	0.005913608681742344
1237	0.005913608679355119
1238	0.005913608676980949
1239	0.005913608674619845
1240	0.005913608672272084
1241	0.00591360866993665
1242	0.005913608667614673
1243	0.005913608665305087
1244	0.005913608663008449
1245	0.005913608660724201
1246	0.0059136086584529
1247	0.005913608656193942
1248	0.005913608653947675
1249	0.005913608651713053
1250	0.005913608649492098
1251	0.005913608647282312
1252	0.0059136086450853696
1253	0.005913608642900205
1254	0.005913608640727708
1255	0.005913608638566885
1256	0.005913608636418556
1257	0.0059136086342814545
1258	0.005913608632156631
1259	0.00591360863004374
1260	0.005913608627942107
1261	0.005913608625852586
1262	0.0059136086237745215
1263	0.005913608621708319
1264	0.00591360861965398
1265	0.0059136086176102155
1266	0.005913608615578648
1267	0.0059136086135581755
1268	0.005913608611548635
1269	0.005913608609551136
1270	0.005913608607564182
1271	0.005913608605588653
1272	0.005913608603624441
1273	0.005913608601671152
1274	0.005913608599728633
1275	0.005913608597797189
1276	0.0059136085958768495
1277	0.005913608593966916
1278	0.005913608592068054
1279	0.00591360859017964
1280	0.005913608588302101
1281	0.005913608586435193
1282	0.005913608584579013
1283	0.005913608582733026
1284	0.0059136085808975496
1285	0.005913608579072319
1286	0.005913608577257819
1287	0.005913608575453458
1288	0.005913608573659348
1289	0.005913608571875482
1290	0.005913608570101994
1291	0.005913608568338334
1292	0.005913608566584087
1293	0.005913608564841009
1294	0.005913608563106933
1295	0.005913608561383106
1296	0.00591360855966956
1297	0.0059136085579652685
1298	0.005913608556270817
1299	0.005913608554586297
1300	0.005913608552911111
1301	0.005913608551245346
1302	0.005913608549589628
1303	0.005913608547943348
1304	0.005913608546306319
1305	0.005913608544678574
1306	0.005913608543061191
1307	0.005913608541451899
1308	0.005913608539852452
1309	0.005913608538262257
1310	0.005913608536681087
1311	0.005913608535108813
1312	0.0059136085335459495
1313	0.005913608531991993
1314	0.005913608530447127
1315	0.005913608528911174
1316	0.005913608527384042
1317	0.005913608525865733
1318	0.005913608524356418
1319	0.005913608522855877
1320	0.005913608521363968
1321	0.005913608519880792
1322	0.0059136085184060645
1323	0.005913608516940239
1324	0.005913608515482883
1325	0.005913608514033619
1326	0.00591360851259323
1327	0.00591360851116096
1328	0.005913608509737016
1329	0.0059136085083218385
1330	0.005913608506914629
1331	0.00591360850551593
1332	0.005913608504125015
1333	0.0059136085027424005
1334	0.00591360850136796
1335	0.005913608500001756
1336	0.005913608498643518
1337	0.005913608497292797
1338	0.00591360849595068
1339	0.005913608494616353
1340	0.005913608493289534
1341	0.005913608491970656
1342	0.005913608490659911
1343	0.005913608489356863
1344	0.005913608488060939
1345	0.005913608486773095
1346	0.005913608485493234
1347	0.005913608484220239
1348	0.005913608482955208
1349	0.005913608481697645
1350	0.005913608480447594
1351	0.0059136084792044755
1352	0.0059136084779691485
1353	0.005913608476740986
1354	0.005913608475520371
1355	0.005913608474306908
1356	0.005913608473101062
1357	0.0059136084719019185
1358	0.005913608470709918
1359	0.005913608469525499
1360	0.0059136084683474414
1361	0.005913608467177131
1362	0.005913608466013281
1363	0.0059136084648571015
1364	0.005913608463707092
1365	0.005913608462564358
1366	0.005913608461428415
1367	0.005913608460299636
1368	0.005913608459177187
1369	0.005913608458061578
1370	0.00591360845695328
1371	0.005913608455850948
1372	0.005913608454755298
1373	0.005913608453666439
1374	0.005913608452584028
1375	0.005913608451508326
1376	0.0059136084504393185
1377	0.005913608449376289
1378	0.00591360844831961
1379	0.005913608447269937
1380	0.005913608446226711
1381	0.005913608445189295
1382	0.005913608444158178
1383	0.005913608443133643
1384	0.005913608442115446
1385	0.005913608441103163
1386	0.005913608440097108
1387	0.0059136084390968
1388	0.005913608438103014
1389	0.005913608437115278
1390	0.005913608436133495
1391	0.005913608435157514
1392	0.005913608434188195
1393	0.0059136084332241075
1394	0.005913608432266329
1395	0.005913608431314084
1396	0.005913608430368209
1397	0.005913608429427482
1398	0.0059136084284929
1399	0.005913608427564375
1400	0.005913608426640847
1401	0.005913608425723527
1402	0.005913608424811603
1403	0.005913608423905569
1404	0.005913608423004978
1405	0.00591360842210983
1406	0.005913608421220272
1407	0.0059136084203360246
1408	0.005913608419457753
1409	0.00591360841858456
1410	0.0059136084177169
1411	0.0059136084168544874
1412	0.00591360841599744
1413	0.005913608415145859
1414	0.005913608414299285
1415	0.005913608413458635
1416	0.005913608412622619
1417	0.005913608411792013
1418	0.0059136084109664595
1419	0.005913608410146039
1420	0.005913608409331219
1421	0.005913608408521017
1422	0.005913608407715594
1423	0.0059136084069156105
1424	0.005913608406120952
1425	0.005913608405330959
1426	0.005913608404545562
1427	0.005913608403765296
1428	0.00591360840298979
1429	0.005913608402220046
1430	0.005913608401454301
1431	0.005913608400693519
1432	0.005913608399937995
1433	0.0059136083991865864
1434	0.005913608398439835
1435	0.005913608397698292
1436	0.0059136083969611895
1437	0.005913608396228788
1438	0.005913608395501022
1439	0.005913608394777938
1440	0.005913608394059466
1441	0.005913608393345513
1442	0.005913608392636257
1443	0.005913608391931002
1444	0.005913608391230486
1445	0.00591360839053479
1446	0.005913608389842905
1447	0.00591360838915557
1448	0.005913608388472731
1449	0.005913608387794011
1450	0.005913608387119964
1451	0.005913608386450006
1452	0.005913608385784222
1453	0.00591360838512331
1454	0.005913608384465821
1455	0.005913608383812679
1456	0.005913608383164392
1457	0.005913608382519506
1458	0.00591360838187929
1459	0.005913608381242951
1460	0.005913608380611
1461	0.0059136083799823345
1462	0.0059136083793586685
1463	0.005913608378738267
1464	0.005913608378122218
1465	0.005913608377509968
1466	0.005913608376901783
1467	0.005913608376297589
1468	0.005913608375696955
1469	0.005913608375100618
1470	0.005913608374508114
1471	0.0059136083739194005
1472	0.005913608373334506
1473	0.005913608372753083
1474	0.005913608372175309
1475	0.0059136083716021404
1476	0.005913608371032048
1477	0.005913608370465832
1478	0.005913608369902983
1479	0.005913608369344025
1480	0.005913608368788814
1481	0.005913608368237629
1482	0.0059136083676891455
1483	0.005913608367144774
1484	0.005913608366603868
1485	0.005913608366066588
1486	0.005913608365532494
1487	0.0059136083650025255
1488	0.005913608364475404
1489	0.0059136083639521435
1490	0.0059136083634323405
1491	0.005913608362915382
1492	0.005913608362402053
1493	0.0059136083618924334
1494	0.005913608361385942
1495	0.005913608360883086
1496	0.005913608360383128
1497	0.005913608359886349
1498	0.005913608359393369
1499	0.00591360835890311
1500	0.005913608358416325
1501	0.005913608357933019
1502	0.005913608357452714
1503	0.00591360835697557
1504	0.005913608356501875
1505	0.005913608356030935
1506	0.005913608355562854
1507	0.005913608355098505
1508	0.005913608354636873
1509	0.005913608354178479
1510	0.005913608353722834
1511	0.005913608353270617
1512	0.005913608352821237
1513	0.005913608352374865
1514	0.0059136083519314014
1515	0.005913608351490925
1516	0.0059136083510536
1517	0.005913608350619085
1518	0.005913608350187664
1519	0.00591360834975844
1520	0.00591360834933259
1521	0.005913608348909906
1522	0.005913608348489392
1523	0.005913608348072133
1524	0.005913608347657318
1525	0.00591360834724579
1526	0.005913608346836562
1527	0.005913608346430489
1528	0.005913608346027143
1529	0.005913608345626194
1530	0.005913608345228081
1531	0.005913608344833121
1532	0.005913608344440258
1533	0.005913608344050042
1534	0.005913608343662652
1535	0.005913608343277697
1536	0.0059136083428958245
1537	0.005913608342515778
1538	0.005913608342138965
1539	0.005913608341764567
1540	0.0059136083413928705
1541	0.005913608341023285
1542	0.005913608340656231
1543	0.005913608340292273
1544	0.005913608339930378
1545	0.005913608339570385
1546	0.005913608339213771
1547	0.005913608338859379
1548	0.005913608338507126
1549	0.0059136083381573935
1550	0.00591360833781023
1551	0.005913608337465148
1552	0.005913608337122435
1553	0.0059136083367823545
1554	0.005913608336444538
1555	0.005913608336108707
1556	0.005913608335775885
1557	0.005913608335444513
1558	0.005913608335116054
1559	0.0059136083347894434
1560	0.0059136083344652375
1561	0.005913608334143371
1562	0.005913608333823502
1563	0.0059136083335059155
1564	0.005913608333190819
1565	0.0059136083328776325
1566	0.00591360833256682
1567	0.005913608332258014
1568	0.005913608331951461
1569	0.005913608331646825
1570	0.0059136083313443425
1571	0.005913608331043951
1572	0.005913608330745623
1573	0.005913608330449677
1574	0.005913608330155429
1575	0.0059136083298632815
1576	0.005913608329573482
1577	0.005913608329285818
1578	0.005913608328999595
1579	0.005913608328715613
1580	0.005913608328433361
1581	0.005913608328153309
1582	0.0059136083278754
1583	0.005913608327599409
1584	0.00591360832732515
1585	0.005913608327052787
1586	0.00591360832678275
1587	0.005913608326513664
1588	0.005913608326247541
1589	0.005913608325982787
1590	0.005913608325720059
1591	0.005913608325458934
1592	0.005913608325199958
1593	0.005913608324942341
1594	0.005913608324686826
1595	0.0059136083244333525
1596	0.00591360832418153
1597	0.0059136083239313755
1598	0.005913608323683149
1599	0.005913608323436638
1600	0.0059136083231916105
1601	0.00591360832294857
1602	0.005913608322707162
1603	0.005913608322467416
1604	0.005913608322229355
1605	0.0059136083219930875
1606	0.005913608321758391
1607	0.005913608321525651
1608	0.005913608321294129
1609	0.005913608321064474
1610	0.005913608320836708
1611	0.005913608320610279
1612	0.005913608320385842
1613	0.005913608320162612
1614	0.005913608319941158
1615	0.0059136083197210655
1616	0.005913608319503008
1617	0.005913608319286166
1618	0.00591360831907085
1619	0.0059136083188573475
1620	0.005913608318645094
1621	0.00591360831843426
1622	0.005913608318225467
1623	0.005913608318017726
1624	0.005913608317811703
1625	0.0059136083176069346
1626	0.005913608317403638
1627	0.005913608317202255
1628	0.005913608317001941
1629	0.0059136083168029605
1630	0.005913608316605607
1631	0.00591360831640997
1632	0.005913608316215381
1633	0.0059136083160225145
1634	0.0059136083158306514
1635	0.0059136083156400825
1636	0.005913608315451543
1637	0.005913608315263983
1638	0.005913608315077662
1639	0.005913608314893019
1640	0.005913608314709783
1641	0.005913608314527458
1642	0.0059136083143463605
1643	0.0059136083141671245
1644	0.0059136083139886934
1645	0.005913608313812036
1646	0.0059136083136365905
1647	0.005913608313461946
1648	0.005913608313289077
1649	0.0059136083131176905
1650	0.005913608312946687
1651	0.005913608312777836
1652	0.005913608312609719
1653	0.00591360831244284
1654	0.00591360831227726
1655	0.005913608312113098
1656	0.005913608311950213
1657	0.0059136083117880545
1658	0.005913608311627582
1659	0.005913608311467878
1660	0.0059136083113095015
1661	0.0059136083111523425
1662	0.005913608310996526
1663	0.0059136083108418756
1664	0.005913608310687822
1665	0.005913608310535723
1666	0.005913608310383979
1667	0.005913608310233733
1668	0.005913608310084365
1669	0.005913608309936681
1670	0.005913608309789265
1671	0.005913608309643521
1672	0.00591360830949915
1673	0.005913608309355261
1674	0.005913608309212701
1675	0.0059136083090711375
1676	0.005913608308930589
1677	0.005913608308791246
1678	0.0059136083086526025
1679	0.005913608308515226
1680	0.005913608308378714
1681	0.005913608308243314
1682	0.005913608308109042
1683	0.005913608307975738
1684	0.0059136083078436315
1685	0.005913608307712391
1686	0.0059136083075821515
1687	0.005913608307452242
1688	0.00591360830732391
1689	0.005913608307196387
1690	0.005913608307070621
1691	0.005913608306944873
1692	0.005913608306819919
1693	0.0059136083066966705
1694	0.005913608306573904
1695	0.005913608306452493
1696	0.005913608306331364
1697	0.005913608306211281
1698	0.005913608306092318
1699	0.0059136083059743326
1700	0.005913608305856813
1701	0.0059136083057407494
1702	0.005913608305625663
1703	0.005913608305510694
1704	0.005913608305397015
1705	0.005913608305284087
1706	0.005913608305172185
1707	0.0059136083050613355
1708	0.0059136083049513
1709	0.005913608304841692
1710	0.005913608304733002
1711	0.005913608304625267
1712	0.005913608304518278
1713	0.005913608304412438
1714	0.005913608304306922
1715	0.005913608304202654
1716	0.005913608304099014
1717	0.005913608303996069
1718	0.005913608303893785
1719	0.005913608303792766
1720	0.005913608303692119
1721	0.005913608303592332
1722	0.005913608303493462
1723	0.0059136083033955065
1724	0.005913608303297941
1725	0.005913608303200724
1726	0.0059136083031049985
1727	0.0059136083030098836
1728	0.00591360830291527
1729	0.005913608302821853
1730	0.005913608302728969
1731	0.005913608302636503
1732	0.005913608302544775
1733	0.005913608302453695
1734	0.005913608302363403
1735	0.005913608302274243
1736	0.005913608302185479
1737	0.005913608302097639
1738	0.005913608302009999
1739	0.00591360830192336
1740	0.005913608301837384
1741	0.005913608301752012
1742	0.0059136083016674695
1743	0.005913608301583204
1744	0.005913608301499766
1745	0.005913608301417152
1746	0.005913608301334787
1747	0.005913608301253747
1748	0.005913608301173007
1749	0.005913608301092774
1750	0.005913608301013013
1751	0.005913608300933983
1752	0.0059136083008559425
1753	0.005913608300778212
1754	0.005913608300701233
1755	0.005913608300624675
1756	0.005913608300549145
1757	0.005913608300473784
1758	0.005913608300399134
1759	0.005913608300324919
1760	0.005913608300251339
1761	0.0059136083001785165
1762	0.00591360830010631
1763	0.005913608300034684
1764	0.005913608299963244
1765	0.00591360829989279
1766	0.005913608299822486
1767	0.005913608299753133
1768	0.005913608299684047
1769	0.005913608299615998
1770	0.005913608299547727
1771	0.005913608299480622
1772	0.005913608299413751
1773	0.005913608299347414
1774	0.005913608299281944
1775	0.005913608299216345
1776	0.005913608299152224
1777	0.005913608299087902
1778	0.005913608299024275
1779	0.005913608298961093
1780	0.005913608298898258
1781	0.005913608298836368
1782	0.005913608298774478
1783	0.005913608298713646
1784	0.0059136082986530605
1785	0.0059136082985929254
1786	0.005913608298533379
1787	0.005913608298474129
1788	0.00591360829841539
1789	0.0059136082983569285
1790	0.005913608298299137
1791	0.005913608298241821
1792	0.005913608298185274
1793	0.005913608298128975
1794	0.005913608298072919
1795	0.005913608298017499
1796	0.0059136082979624385
1797	0.005913608297907737
1798	0.005913608297853678
1799	0.005913608297800209
1800	0.005913608297746927
1801	0.005913608297693969
1802	0.00591360829764149
1803	0.005913608297589669
1804	0.0059136082975380835
1805	0.005913608297487183
1806	0.005913608297436021
1807	0.0059136082973864235
1808	0.005913608297336312
1809	0.005913608297286627
1810	0.005913608297237835
1811	0.005913608297189019
1812	0.005913608297140703
1813	0.005913608297092837
1814	0.005913608297045333
1815	0.0059136082969982046
1816	0.005913608296951738
1817	0.005913608296905142
1818	0.005913608296859286
1819	0.0059136082968136066
1820	0.005913608296768307
1821	0.005913608296723629
1822	0.0059136082966790866
1823	0.005913608296635424
1824	0.005913608296591289
1825	0.0059136082965484445
1826	0.005913608296505313
1827	0.005913608296462539
1828	0.005913608296420379
1829	0.005913608296378377
1830	0.005913608296336623
1831	0.0059136082962954984
1832	0.005913608296254396
1833	0.005913608296213593
1834	0.0059136082961735136
1835	0.005913608296133882
1836	0.005913608296094085
1837	0.005913608296055018
1838	0.005913608296015978
1839	0.005913608295977485
1840	0.005913608295939127
1841	0.0059136082959013415
1842	0.005913608295863697
1843	0.005913608295826547
1844	0.005913608295789397
1845	0.005913608295752697
1846	0.0059136082957163705
1847	0.005913608295680462
1848	0.00591360829564451
1849	0.005913608295608892
1850	0.0059136082955740625
1851	0.005913608295539059
1852	0.005913608295504324
1853	0.0059136082954698785
1854	0.005913608295436138
1855	0.005913608295402457
1856	0.005913608295368954
1857	0.005913608295336069
1858	0.005913608295302805
1859	0.005913608295269969
1860	0.005913608295238258
1861	0.005913608295205856
1862	0.005913608295174369
1863	0.005913608295142548
1864	0.005913608295111379
1865	0.005913608295080548
1866	0.005913608295049531
1867	0.005913608295019253
1868	0.005913608294989332
1869	0.005913608294959195
1870	0.005913608294929483
1871	0.005913608294900136
1872	0.005913608294870867
1873	0.005913608294841866
1874	0.005913608294812868
1875	0.005913608294784897
1876	0.00591360829475645
1877	0.005913608294728805
1878	0.005913608294701014
1879	0.0059136082946735676
1880	0.005913608294646487
1881	0.005913608294619168
1882	0.005913608294592412
1883	0.00591360829456589
1884	0.00591360829453961
1885	0.005913608294513435
1886	0.005913608294487775
1887	0.005913608294461911
1888	0.005913608294436556
1889	0.005913608294411647
1890	0.005913608294386524
1891	0.005913608294361678
1892	0.005913608294337257
1893	0.005913608294312634
1894	0.005913608294288629
1895	0.005913608294264691
1896	0.005913608294241014
1897	0.005913608294217177
1898	0.005913608294194345
1899	0.005913608294170901
1900	0.005913608294148421
1901	0.005913608294125458
1902	0.005913608294102645
1903	0.005913608294080528
1904	0.005913608294058239
1905	0.005913608294036503
1906	0.0059136082940147204
1907	0.005913608293993349
1908	0.005913608293972146
1909	0.005913608293950883
1910	0.005913608293929776
1911	0.005913608293908847
1912	0.00591360829388817
1913	0.005913608293867746
1914	0.005913608293847623
1915	0.005913608293827786
1916	0.005913608293807642
1917	0.005913608293787958
1918	0.005913608293768641
1919	0.005913608293748854
1920	0.005913608293729588
1921	0.005913608293710488
1922	0.005913608293691822
1923	0.005913608293673309
1924	0.005913608293654434
1925	0.005913608293635825
1926	0.005913608293617915
1927	0.005913608293599933
1928	0.005913608293581941
1929	0.005913608293564316
1930	0.0059136082935467215
1931	0.005913608293529037
1932	0.005913608293511806
1933	0.005913608293494696
1934	0.005913608293477625
1935	0.005913608293460695
1936	0.005913608293444443
1937	0.005913608293427748
1938	0.005913608293411563
1939	0.0059136082933947615
1940	0.0059136082933791394
1941	0.005913608293363311
1942	0.005913608293347273
1943	0.005913608293331509
1944	0.00591360829331616
1945	0.005913608293300494
1946	0.0059136082932856465
1947	0.005913608293270373
1948	0.005913608293255379
1949	0.005913608293240474
1950	0.0059136082932257465
1951	0.005913608293211516
1952	0.005913608293196971
1953	0.005913608293182424
1954	0.005913608293168395
1955	0.00591360829315429
1956	0.005913608293140537
1957	0.005913608293126652
1958	0.00591360829311286
1959	0.005913608293099136
1960	0.005913608293085978
1961	0.005913608293072681
1962	0.005913608293059475
1963	0.005913608293046205
1964	0.005913608293033347
1965	0.005913608293020264
1966	0.0059136082930077005
1967	0.005913608292995079
1968	0.005913608292982891
1969	0.005913608292970408
1970	0.0059136082929577794
1971	0.0059136082929459625
1972	0.00591360829293374
1973	0.005913608292921858
1974	0.005913608292910111
1975	0.005913608292898631
1976	0.0059136082928867295
1977	0.005913608292874943
1978	0.005913608292863918
1979	0.0059136082928526925
1980	0.005913608292841467
1981	0.005913608292830087
1982	0.0059136082928194
1983	0.00591360829280847
1984	0.0059136082927975855
1985	0.005913608292787042
1986	0.0059136082927762675
1987	0.005913608292765583
1988	0.005913608292755465
1989	0.00591360829274485
1990	0.005913608292734697
1991	0.0059136082927245676
1992	0.005913608292714677
1993	0.005913608292704573
1994	0.005913608292694758
1995	0.005913608292685232
1996	0.0059136082926757386
1997	0.005913608292666255
1998	0.005913608292656494
1999	0.005913608292647249
2000	0.005913608292638039
2001	0.005913608292628743
2002	0.00591360829261949
2003	0.005913608292610574
2004	0.005913608292601591
2005	0.005913608292592709
2006	0.0059136082925840446
2007	0.005913608292575092
2008	0.005913608292566411
2009	0.005913608292558127
2010	0.00591360829254931
2011	0.005913608292541219
2012	0.005913608292532396
2013	0.005913608292524452
2014	0.005913608292516128
2015	0.0059136082925084895
2016	0.005913608292500311
2017	0.0059136082924923115
2018	0.005913608292484576
2019	0.005913608292476695
2020	0.005913608292468972
2021	0.005913608292461285
2022	0.005913608292453652
2023	0.005913608292446049
2024	0.005913608292438852
2025	0.005913608292431141
2026	0.00591360829242378
2027	0.005913608292417171
2028	0.005913608292409819
2029	0.005913608292402769
2030	0.005913608292395553
2031	0.005913608292388558
2032	0.005913608292381569
2033	0.00591360829237504
2034	0.005913608292368229
2035	0.0059136082923613815
2036	0.005913608292354867
2037	0.00591360829234807
2038	0.005913608292341778
2039	0.0059136082923353945
2040	0.005913608292329146
2041	0.005913608292322918
2042	0.005913608292316585
2043	0.005913608292310427
2044	0.005913608292304217
2045	0.0059136082922980485
2046	0.005913608292292493
2047	0.005913608292286085
2048	0.005913608292280306
2049	0.005913608292274218
2050	0.005913608292268672
2051	0.005913608292262578
2052	0.005913608292257042
2053	0.005913608292251454
2054	0.0059136082922458
2055	0.0059136082922400385
2056	0.005913608292234763
2057	0.005913608292229276
2058	0.005913608292224072
2059	0.005913608292218578
2060	0.005913608292213376
2061	0.005913608292208142
2062	0.005913608292202846
2063	0.005913608292197883
2064	0.005913608292192779
2065	0.005913608292187775
2066	0.005913608292182866
2067	0.005913608292178122
2068	0.0059136082921735994
2069	0.005913608292168316
2070	0.0059136082921633255
2071	0.005913608292158727
2072	0.005913608292154317
2073	0.005913608292149658
2074	0.005913608292144755
2075	0.005913608292140267
2076	0.005913608292135915
2077	0.005913608292131334
2078	0.005913608292126681
2079	0.005913608292122502
2080	0.005913608292118147
2081	0.005913608292113765
2082	0.005913608292109667
2083	0.005913608292105547
2084	0.005913608292101127
2085	0.005913608292097194
2086	0.005913608292092958
2087	0.005913608292088876
2088	0.005913608292084999
2089	0.005913608292080819
2090	0.005913608292076969
2091	0.0059136082920733
2092	0.00591360829206927
2093	0.005913608292065492
2094	0.005913608292061882
2095	0.005913608292058107
2096	0.0059136082920540935
2097	0.005913608292050905
2098	0.005913608292047255
2099	0.005913608292043324
2100	0.005913608292039976
2101	0.005913608292036568
2102	0.005913608292032775
2103	0.005913608292029326
2104	0.005913608292026099
2105	0.005913608292022546
2106	0.0059136082920192064
2107	0.005913608292016028
2108	0.005913608292012477
2109	0.005913608292009353
2110	0.0059136082920062324
2111	0.005913608292002982
2112	0.005913608292000008
2113	0.005913608291996792
2114	0.0059136082919935325
2115	0.005913608291990493
2116	0.005913608291987435
2117	0.005913608291984524
2118	0.005913608291981477
2119	0.005913608291978935
2120	0.005913608291975705
2121	0.005913608291973044
2122	0.005913608291970081
2123	0.005913608291967172
2124	0.005913608291964467
2125	0.005913608291961504
2126	0.005913608291958806
2127	0.005913608291956066
2128	0.005913608291953468
2129	0.005913608291950624
2130	0.005913608291948301
2131	0.0059136082919455536
2132	0.0059136082919431475
2133	0.005913608291940669
2134	0.005913608291937803
2135	0.005913608291935546
2136	0.00591360829193276
2137	0.005913608291930586
2138	0.005913608291928204
2139	0.005913608291925495
2140	0.005913608291923299
2141	0.0059136082919207
2142	0.005913608291918629
2143	0.005913608291916007
2144	0.005913608291914201
2145	0.0059136082919116015
2146	0.005913608291909638
2147	0.005913608291907265
2148	0.0059136082919049844
2149	0.00591360829190293
2150	0.005913608291900822
2151	0.00591360829189856
2152	0.0059136082918963915
2153	0.005913608291894895
2154	0.005913608291892332
2155	0.005913608291890254
2156	0.005913608291888094
2157	0.005913608291886476
2158	0.0059136082918844635
2159	0.005913608291882538
2160	0.005913608291880862
2161	0.0059136082918786505
2162	0.005913608291876336
2163	0.00591360829187493
2164	0.005913608291872984
2165	0.005913608291871022
2166	0.005913608291869151
2167	0.005913608291867589
2168	0.0059136082918655125
2169	0.005913608291863925
2170	0.005913608291862178
2171	0.005913608291860231
2172	0.005913608291858479
2173	0.005913608291857102
2174	0.005913608291855379
2175	0.005913608291853486
2176	0.005913608291852073
2177	0.005913608291850559
2178	0.005913608291848803
2179	0.005913608291847313
2180	0.005913608291845534
2181	0.0059136082918442336
2182	0.005913608291842391
2183	0.005913608291841017
2184	0.005913608291839512
2185	0.005913608291837796
2186	0.00591360829183673
2187	0.005913608291834911
2188	0.0059136082918336535
2189	0.0059136082918322475
2190	0.005913608291830732
2191	0.005913608291829322
2192	0.00591360829182771
2193	0.005913608291826502
2194	0.00591360829182515
2195	0.005913608291823729
2196	0.005913608291822612
2197	0.005913608291821139
2198	0.005913608291820091
2199	0.005913608291818546
2200	0.005913608291817168
2201	0.005913608291816398
2202	0.005913608291814747
2203	0.005913608291813409
2204	0.005913608291812467
2205	0.005913608291811095
2206	0.005913608291809964
2207	0.0059136082918089024
2208	0.005913608291807657
2209	0.005913608291806349
2210	0.005913608291805331
2211	0.005913608291804031
2212	0.005913608291803238
2213	0.005913608291801996
2214	0.005913608291801091
2215	0.005913608291799942
2216	0.0059136082917988254
2217	0.005913608291797628
2218	0.005913608291796704
2219	0.005913608291795573
2220	0.005913608291794226
2221	0.005913608291793483
2222	0.005913608291792695
2223	0.005913608291791672
2224	0.005913608291790481
2225	0.005913608291789623
2226	0.005913608291788475
2227	0.005913608291787635
2228	0.005913608291786798
2229	0.005913608291785543
2230	0.00591360829178476
2231	0.005913608291783909
2232	0.005913608291782677
2233	0.005913608291782092
2234	0.005913608291781128
2235	0.005913608291780241
2236	0.005913608291779376
2237	0.005913608291778732
2238	0.005913608291777704
2239	0.005913608291777038
2240	0.005913608291776297
2241	0.00591360829177533
2242	0.005913608291774395
2243	0.005913608291773341
2244	0.005913608291772624
2245	0.005913608291772289
2246	0.005913608291771361
2247	0.00591360829177041
2248	0.00591360829177007
2249	0.0059136082917691166
2250	0.005913608291768304
2251	0.0059136082917674825
2252	0.0059136082917668024
2253	0.005913608291766144
2254	0.0059136082917651215
2255	0.00591360829176451
2256	0.005913608291763765
2257	0.005913608291763371
2258	0.005913608291762803
2259	0.005913608291761805
2260	0.005913608291761389
2261	0.005913608291760604
2262	0.00591360829176014
2263	0.005913608291759173
2264	0.005913608291758425
2265	0.005913608291757964
2266	0.005913608291757383
2267	0.005913608291756524
2268	0.005913608291756283
2269	0.0059136082917554626
2270	0.005913608291754856
2271	0.005913608291754323
2272	0.005913608291753608
2273	0.005913608291753265
2274	0.005913608291752583
2275	0.005913608291752203
2276	0.005913608291751116
2277	0.005913608291750915
2278	0.005913608291750374
2279	0.005913608291749687
2280	0.005913608291749153
2281	0.00591360829174878
2282	0.005913608291748161
2283	0.005913608291747896
2284	0.005913608291747318
2285	0.0059136082917468705
2286	0.005913608291746168
2287	0.005913608291745561
2288	0.005913608291745176
2289	0.005913608291744853
2290	0.005913608291744367
2291	0.005913608291743929
2292	0.005913608291743112
2293	0.0059136082917425475
2294	0.005913608291742396
2295	0.005913608291741826
2296	0.005913608291741626
2297	0.005913608291740786
2298	0.005913608291740643
2299	0.005913608291740204
2300	0.005913608291739841
2301	0.005913608291739532
2302	0.005913608291739025
2303	0.005913608291738621
2304	0.005913608291737977
2305	0.005913608291737782
2306	0.005913608291737349
2307	0.005913608291736809
2308	0.005913608291736492
2309	0.005913608291735942
2310	0.005913608291735579
2311	0.005913608291735267
2312	0.005913608291735078
2313	0.005913608291734547
2314	0.005913608291734217
2315	0.005913608291734202
2316	0.005913608291733289
2317	0.005913608291733292
2318	0.005913608291732944
2319	0.005913608291732437
2320	0.005913608291732353
2321	0.005913608291731715
2322	0.005913608291731414
2323	0.0059136082917310975
2324	0.005913608291730611
2325	0.005913608291730331
2326	0.00591360829173028
2327	0.005913608291729797
2328	0.00591360829172961
2329	0.005913608291729278
2330	0.005913608291729007
2331	0.00591360829172887
2332	0.005913608291728253
2333	0.005913608291728144
2334	0.005913608291727794
2335	0.0059136082917274424
2336	0.0059136082917270365
2337	0.005913608291726939
2338	0.005913608291726573
2339	0.005913608291726276
2340	0.005913608291725797
2341	0.005913608291725953
2342	0.005913608291725688
2343	0.0059136082917257745
2344	0.0059136082917251465
2345	0.005913608291724667
2346	0.0059136082917243486
2347	0.005913608291724359
2348	0.005913608291723747
2349	0.005913608291723724
2350	0.005913608291723726
2351	0.005913608291722922
2352	0.005913608291722888
2353	0.005913608291723141
2354	0.005913608291722692
2355	0.005913608291722461
2356	0.005913608291722193
2357	0.0059136082917218636
2358	0.005913608291721784
2359	0.0059136082917213475
2360	0.005913608291721451
2361	0.0059136082917210465
2362	0.005913608291720787
2363	0.0059136082917204446
2364	0.005913608291720209
2365	0.00591360829172001
2366	0.005913608291719968
2367	0.005913608291719868
2368	0.005913608291719611
2369	0.005913608291719402
2370	0.005913608291719403
2371	0.00591360829171908
2372	0.005913608291718913
2373	0.005913608291718348
2374	0.005913608291718573
2375	0.005913608291718213
2376	0.005913608291718249
2377	0.005913608291718166
2378	0.00591360829171809
2379	0.005913608291717599
2380	0.0059136082917172605
2381	0.0059136082917172535
2382	0.005913608291716796
2383	0.005913608291716877
2384	0.005913608291716976
2385	0.005913608291716798
2386	0.0059136082917164365
2387	0.005913608291716393
2388	0.0059136082917163445
2389	0.005913608291715862
2390	0.005913608291715958
2391	0.005913608291715822
2392	0.0059136082917154425
2393	0.005913608291715333
2394	0.0059136082917154945
2395	0.0059136082917151615
2396	0.005913608291714914
2397	0.005913608291714752
2398	0.0059136082917147885
2399	0.005913608291714477
2400	0.00591360829171428
2401	0.005913608291714262
2402	0.005913608291714232
2403	0.005913608291714275
2404	0.005913608291714105
2405	0.005913608291713793
2406	0.0059136082917138075
2407	0.0059136082917135
2408	0.0059136082917133365
2409	0.0059136082917131405
2410	0.0059136082917132906
2411	0.005913608291713109
2412	0.005913608291712825
2413	0.0059136082917128525
2414	0.005913608291712561
2415	0.005913608291712542
2416	0.005913608291712788
2417	0.005913608291712179
2418	0.00591360829171216
2419	0.005913608291712113
2420	0.0059136082917122
2421	0.005913608291712127
2422	0.005913608291712086
2423	0.005913608291711678
2424	0.005913608291711636
2425	0.0059136082917118004
2426	0.005913608291711479
2427	0.005913608291711093
2428	0.005913608291711128
2429	0.005913608291711036
2430	0.0059136082917110415
2431	0.005913608291710976
2432	0.005913608291711021
2433	0.005913608291710588
2434	0.005913608291710542
2435	0.0059136082917103615
2436	0.005913608291710651
2437	0.005913608291710418
2438	0.005913608291710097
2439	0.005913608291710213
2440	0.005913608291710424
2441	0.005913608291710337
2442	0.005913608291709881
2443	0.005913608291709799
2444	0.005913608291710015
2445	0.005913608291709565
2446	0.00591360829170972
2447	0.005913608291709513
2448	0.005913608291709519
2449	0.0059136082917093085
2450	0.00591360829170932
2451	0.005913608291709187
2452	0.005913608291709274
2453	0.005913608291709496
2454	0.005913608291709008
2455	0.005913608291709096
2456	0.005913608291708998
2457	0.005913608291709116
2458	0.005913608291708868
2459	0.0059136082917086675
2460	0.00591360829170869
2461	0.005913608291708519
2462	0.005913608291708495
2463	0.0059136082917086415
2464	0.005913608291708365
2465	0.005913608291708395
2466	0.005913608291708238
2467	0.005913608291708541
2468	0.0059136082917079546
2469	0.005913608291708232
2470	0.005913608291708111
2471	0.005913608291707887
2472	0.005913608291707943
2473	0.005913608291707791
2474	0.005913608291707823
2475	0.005913608291707789
2476	0.0059136082917079155
2477	0.005913608291707783
2478	0.005913608291707587
2479	0.005913608291707725
2480	0.005913608291707659
2481	0.005913608291707427
2482	0.005913608291707603
2483	0.0059136082917071765
2484	0.00591360829170746
2485	0.005913608291707461
2486	0.005913608291707445
2487	0.005913608291707332
2488	0.005913608291707213
2489	0.005913608291707178
2490	0.005913608291707031
2491	0.005913608291707095
2492	0.00591360829170721
2493	0.005913608291707078
2494	0.005913608291707043
2495	0.005913608291707024
2496	0.00591360829170673
2497	0.005913608291706622
2498	0.005913608291706993
2499	0.005913608291706795
2500	0.005913608291706935
2501	0.005913608291706849
2502	0.005913608291706676
2503	0.005913608291706644
2504	0.005913608291706686
2505	0.005913608291706479
2506	0.005913608291706632
2507	0.005913608291706252
2508	0.005913608291706446
2509	0.005913608291706616
2510	0.005913608291706233
2511	0.005913608291706438
2512	0.005913608291706385
2513	0.00591360829170615
2514	0.005913608291706391
2515	0.0059136082917059015
2516	0.005913608291706622
2517	0.005913608291706269
2518	0.005913608291706278
2519	0.005913608291705904
2520	0.005913608291705832
2521	0.005913608291705763
2522	0.005913608291706125
2523	0.005913608291705709
2524	0.005913608291705748
2525	0.005913608291705956
2526	0.005913608291705988
2527	0.0059136082917058295
2528	0.005913608291705877
2529	0.00591360829170556
2530	0.0059136082917057384
2531	0.005913608291705485
2532	0.0059136082917059865
2533	0.00591360829170548
2534	0.005913608291705669
2535	0.0059136082917057384
2536	0.005913608291705601
2537	0.005913608291705887
2538	0.00591360829170542
2539	0.005913608291705532
2540	0.005913608291705498
2541	0.005913608291705563
2542	0.005913608291705522
2543	0.005913608291705314
2544	0.005913608291705519
2545	0.005913608291705171
2546	0.005913608291705236
2547	0.005913608291705466
2548	0.005913608291705199
2549	0.005913608291705378
2550	0.005913608291705338
2551	0.005913608291705621
2552	0.005913608291705341
2553	0.005913608291705244
2554	0.0059136082917051165
2555	0.005913608291705142
2556	0.005913608291705503
2557	0.005913608291705373
2558	0.005913608291705338
2559	0.005913608291705323
2560	0.005913608291704945
2561	0.005913608291704973
2562	0.005913608291704737
2563	0.005913608291705003
2564	0.005913608291705148
2565	0.005913608291705012
2566	0.005913608291704909
2567	0.005913608291705086
2568	0.005913608291704814
2569	0.005913608291705006
2570	0.005913608291705081
2571	0.005913608291704718
2572	0.005913608291705008
2573	0.005913608291704712
2574	0.00591360829170493
2575	0.0059136082917047765
2576	0.005913608291704585
2577	0.005913608291704958
2578	0.0059136082917048164
2579	0.005913608291704673
2580	0.0059136082917047895
2581	0.005913608291704715
2582	0.005913608291704675
2583	0.005913608291704919
2584	0.005913608291704788
2585	0.005913608291704634
2586	0.00591360829170472
2587	0.0059136082917049535
2588	0.005913608291704349
2589	0.005913608291705033
2590	0.005913608291704668
2591	0.005913608291704708
2592	0.005913608291704746
2593	0.005913608291704432
2594	0.005913608291704417
2595	0.005913608291704384
2596	0.005913608291704554
2597	0.005913608291704648
2598	0.005913608291704662
2599	0.005913608291704614
2600	0.005913608291704536
2601	0.00591360829170432
2602	0.005913608291704579
2603	0.005913608291704462
2604	0.005913608291704805
2605	0.005913608291704505
2606	0.005913608291704831
2607	0.005913608291704528
2608	0.005913608291704307
2609	0.0059136082917045
2610	0.005913608291704597
2611	0.005913608291704564
2612	0.005913608291704184
2613	0.005913608291704205
2614	0.005913608291704439
2615	0.005913608291704288
2616	0.0059136082917045606
2617	0.005913608291704411
2618	0.005913608291704548
2619	0.005913608291704358
2620	0.005913608291704194
2621	0.005913608291704448
2622	0.005913608291704115
2623	0.005913608291704257
2624	0.005913608291703841
2625	0.005913608291704385
2626	0.005913608291704245
2627	0.005913608291704587
2628	0.005913608291704632
2629	0.005913608291704403
2630	0.005913608291704357
2631	0.005913608291704292
2632	0.00591360829170439
2633	0.0059136082917042865
2634	0.005913608291704224
2635	0.005913608291704155
2636	0.005913608291704369
2637	0.005913608291704354
2638	0.005913608291704141
2639	0.005913608291704028
2640	0.0059136082917043906
2641	0.005913608291704225
2642	0.005913608291704256
2643	0.005913608291704338
2644	0.005913608291704257
2645	0.005913608291704455
2646	0.005913608291703955
2647	0.005913608291704184
2648	0.0059136082917041685
2649	0.0059136082917039265
2650	0.005913608291704427
2651	0.005913608291704193
2652	0.005913608291704448
2653	0.005913608291704248
2654	0.005913608291704179
2655	0.005913608291704042
2656	0.00591360829170386
2657	0.005913608291704101
2658	0.0059136082917039265
2659	0.005913608291704203
2660	0.005913608291704086
2661	0.005913608291703781
2662	0.00591360829170392
2663	0.0059136082917043125
2664	0.005913608291704202
2665	0.0059136082917038675
2666	0.00591360829170388
2667	0.005913608291704008
2668	0.005913608291704177
2669	0.005913608291703934
2670	0.005913608291704063
2671	0.005913608291704088
2672	0.005913608291704021
2673	0.005913608291704363
2674	0.005913608291704011
2675	0.005913608291703879
2676	0.005913608291704166
2677	0.005913608291703919
2678	0.005913608291704177
2679	0.005913608291704095
2680	0.005913608291704222
2681	0.005913608291704073
2682	0.005913608291704151
2683	0.005913608291703997
2684	0.005913608291703702
2685	0.00591360829170409
2686	0.005913608291703933
2687	0.005913608291703787
2688	0.005913608291704182
2689	0.0059136082917039265
2690	0.005913608291703667
2691	0.005913608291703749
2692	0.005913608291703718
2693	0.0059136082917037635
2694	0.005913608291704023
2695	0.005913608291704029
2696	0.005913608291703362
2697	0.0059136082917040644
2698	0.005913608291704064
2699	0.005913608291703946
2700	0.005913608291704179
2701	0.005913608291703604
2702	0.00591360829170389
2703	0.0059136082917039205
2704	0.0059136082917038355
2705	0.005913608291704017
2706	0.0059136082917040055
2707	0.005913608291703955
2708	0.005913608291703768
2709	0.005913608291703678
2710	0.00591360829170404
2711	0.005913608291703677
2712	0.0059136082917039395
2713	0.005913608291703941
2714	0.005913608291704092
2715	0.005913608291703846
2716	0.005913608291703963
2717	0.005913608291704039
2718	0.005913608291703971
2719	0.005913608291703459
2720	0.005913608291703993
2721	0.005913608291704045
2722	0.005913608291703961
2723	0.005913608291704266
2724	0.005913608291703782
2725	0.0059136082917039465
2726	0.0059136082917040245
2727	0.005913608291703941
2728	0.005913608291703979
2729	0.005913608291703683
2730	0.005913608291703729
2731	0.005913608291704078
2732	0.005913608291703903
2733	0.0059136082917039135
2734	0.005913608291703851
2735	0.005913608291704056
2736	0.005913608291703749
2737	0.005913608291703914
2738	0.005913608291703838
2739	0.0059136082917040245
2740	0.0059136082917033836
2741	0.005913608291703872
2742	0.005913608291703812
2743	0.00591360829170369
2744	0.0059136082917037695
2745	0.005913608291703933
2746	0.005913608291703839
2747	0.005913608291703839
