  0.000000    0.37831931753160    0.10408383407358    0.00000000000000    0.00000000000000    0.00000000000000    0.00000000000000    0.00000000000000  
  0.010000    0.37833784631762    0.10400215130874    0.00514753385549   -0.01027967737522   -0.00038834173002   -0.00011487051855   -0.00000763755226  
  0.020000    0.37839345181963    0.10375723475784    0.01028350718283   -0.02051679500906   -0.00155279651896   -0.00046042037162   -0.00006097736556  
  0.030000    0.37848619122134    0.10334947905182    0.01539644635072   -0.03066911859216   -0.00349165417481   -0.00103945208464   -0.00020510787465  
  0.040000    0.37861615900373    0.10277953991290    0.02047505080844   -0.04069506200130   -0.00620206774682   -0.00185659543297   -0.00048389654955  
  0.050000    0.37878348571438    0.10204833117514    0.02550827784935   -0.05055400472075   -0.00968005857178   -0.00291824621936   -0.00093939606272  
  0.060000    0.37898833625862    0.10115702064212    0.03048542525943   -0.06020660132193   -0.01392052332365   -0.00423248141390   -0.00161127024039  
  0.070000    0.37923090772664    0.10010702481032    0.03539621117407   -0.06961508046054   -0.01891724305150   -0.00580895149837   -0.00253624606956  
  0.080000    0.37951142677425    0.09890000249462    0.04023085049068   -0.07874353094090   -0.02466289418633   -0.00765875108326   -0.00374759775929  
  0.090000    0.37983014657888    0.09753784740000    0.04498012721369   -0.08755817250786   -0.03114906149335   -0.00979426908222   -0.00527466851937  
  0.100000    0.38018734339563    0.09602267969024    0.04963546214408   -0.09602760915827   -0.03836625294190   -0.01222901993270   -0.00714243532449  
  0.110000    0.38058331274173    0.09435683661180    0.05418897536489   -0.10412306291382   -0.04630391646139   -0.01497745754113   -0.00937112148184  
  0.120000    0.38101836524063    0.09254286223689    0.05863354301919   -0.11181858616485   -0.05495045854752   -0.01805477380475   -0.01197586131916  
  0.130000    0.38149282215969    0.09058349639569    0.06296284792560   -0.11909125087814   -0.06429326467921   -0.02147668371811   -0.01496642076431  
  0.140000    0.38200701067811    0.08848166287319    0.06717142362929   -0.12592131316013   -0.07431872150276   -0.02525919920862   -0.01834697700140  
  0.150000    0.38256125892377    0.08624045695048    0.07125469154241   -0.13229235187751   -0.08501224073640   -0.02941839396182   -0.02211595976905  
  0.160000    0.38315589081969    0.08386313237461    0.07520899088677   -0.13819138025886   -0.09635828474439   -0.03397016159125   -0.02626595621983  
  0.170000    0.38379122078213    0.08135308784452    0.07903160121309   -0.14360892963150   -0.10834039372689   -0.03892996957963   -0.03078368059277  
  0.180000    0.38446754831383    0.07871385310328    0.08272075733418   -0.14853910468474   -0.12094121446816   -0.04431261146661   -0.03565000926987  
  0.190000    0.38518515253646    0.07594907472896    0.08627565657364   -0.15297960989314   -0.13414253058278   -0.05013195978304   -0.04084008110104  
  0.200000    0.38594428670715    0.07306250171776    0.08969645829701   -0.15693174697754   -0.14792529419635   -0.05640072223276   -0.04632346219471  
  0.210000    0.38674517276365    0.07005797095387    0.09298427575740   -0.16040038352706   -0.16226965899463   -0.06313020359965   -0.05206437369318  
  0.220000    0.38758799594289    0.06693939266012    0.09614116035229   -0.16339389314838   -0.17715501457210   -0.07033007581092   -0.05802198038779  
  0.230000    0.38847289951673    0.06371073592300    0.09917007845207   -0.16592406774831   -0.19256002200874   -0.07800815851744   -0.06415073738671  
  0.240000    0.38939997968790    0.06037601438409    0.10207488102300   -0.16800600278917   -0.20846265060115   -0.08617021245947   -0.07040079143469  
  0.250000    0.39036928068779    0.05693927218747    0.10486026632727   -0.16965795658223   -0.22484021567252   -0.09481974777135   -0.07671843290487  
  0.260000    0.39138079011605    0.05340457027042    0.10753173604045   -0.17090118490023   -0.24166941738352   -0.10395784924421   -0.08304659394484  
  0.270000    0.39243443456001    0.04977597308054    0.11009554518060   -0.17175975239395   -0.25892638046474   -0.11358302041096   -0.08932538776698  
  0.280000    0.39353007552968    0.04605753579892    0.11255864629437   -0.17226032248822   -0.27658669478968   -0.12369104814606   -0.09549268363292  
  0.290000    0.39466750574143    0.04225329214395    0.11492862839175   -0.17243192760812   -0.29462545670591   -0.13427488928426   -0.10148471169765  
  0.300000    0.39584644578079    0.03836724282526    0.11721365116357   -0.17230572174469   -0.31301731104083   -0.14532458055943   -0.10723669155420  
  0.310000    0.39706654117147    0.03440334471167    0.11942237505333   -0.17191471751007   -0.33173649369765   -0.15682717295017   -0.11268347805918  
  0.320000    0.39832735987487    0.03036550077072    0.12156388778699   -0.17129350995350   -0.35075687475612   -0.16876669129268   -0.11776021782436  
  0.330000    0.39962839024031    0.02625755083097    0.12364762799183   -0.17047798951085   -0.37005200199244   -0.18112411978817   -0.12240300963293  
  0.340000    0.40096903942312    0.02208326321125    0.12568330655634   -0.16950504654064   -0.38959514473190   -0.19387741379225   -0.12654956198159  
  0.350000    0.40234863228377    0.01784632725406    0.12768082639930   -0.16841226995816   -0.40935933794805   -0.20700153802994   -0.13013984096258  
  0.360000    0.40376641077721    0.01355034679272    0.12965020132553   -0.16723764251594   -0.42931742652191   -0.22046853113571   -0.13311670178235  
  0.370000    0.40522153383820    0.00919883457459    0.13160147465008   -0.16601923529305   -0.44944210957515   -0.23424759617337   -0.13542649736527  
  0.380000    0.40671307776386    0.00479520765491    0.13354463827016   -0.16479490394793   -0.46970598479152   -0.24830521655033   -0.13701965771029  
  0.390000    0.40824003709137    0.00034278376799    0.13548955285657   -0.16360198925898   -0.49008159264128   -0.26260529650526   -0.13785123395271  
  0.400000    0.40980132596442   -0.00415522132469    0.13744586982219   -0.16247702442535   -0.51054146042430   -0.27710932512083   -0.13788140143058  
  0.410000    0.41139577997846   -0.00869569551812    0.13942295570620   -0.16145545152739   -0.53105814604849   -0.29177656259532   -0.13707591646039  
  0.420000    0.41302215849101   -0.01327563109460    0.14142981958734   -0.16057134945198   -0.55160428146114   -0.30656424730130   -0.13540652198755  
  0.430000    0.41467914737975   -0.01789212452480    0.14347504410982   -0.15985717547531   -0.57215261565229   -0.32142782196757   -0.13285129778687  
  0.440000    0.41636536222768   -0.02254237536905    0.14556672067047   -0.15934352256355   -0.59267605715058   -0.33632117714399   -0.12939495144347  
  0.450000    0.41807935191142   -0.02722368431510    0.14771238927592   -0.15905889430304   -0.61314771593373   -0.35119690995011   -0.12502904693777  
  0.460000    0.41981960256581   -0.03193345039547    0.14991898353532   -0.15902949920682   -0.63354094467752   -0.36600659596760   -0.11975216828522  
  0.470000    0.42158454189499   -0.03666916743268    0.15219278120601   -0.15927906596547   -0.65382937926923   -0.38070107201660   -0.11357001633397  
  0.480000    0.42337254379792   -0.04142841976679    0.15453936065924   -0.15982868101815   -0.67398697851337   -0.39523072745630   -0.10649543749656  
  0.490000    0.42518193327380   -0.04620887732379    0.15696356357863   -0.16069664961788   -0.69398806295992   -0.40954580157303   -0.09854838387683  
  0.500000    0.42701099157112   -0.05100829008852    0.15946946414849   -0.16189838135305   -0.71380735278772   -0.42359668456430   -0.08975580494459  
  0.510000    0.42885796154236   -0.05582448204901    0.16206034493063   -0.16344630086892   -0.73342000467778   -0.43733421959560   -0.08015147160039  
  0.520000    0.43072105316504   -0.06065534468266    0.16473867956917   -0.16534978430937   -0.75280164761434   -0.45071000339868   -0.06977573415396  
  0.530000    0.43259844918898   -0.06549883005717    0.16750612240237   -0.16761512177226   -0.77192841755397   -0.46367668289484   -0.05867521640641  
  0.540000    0.43448831086884   -0.07035294362128    0.17036350500041   -0.17024550584427   -0.79077699090569   -0.47618824536534   -0.04690244866964  
  0.550000    0.43638878374083   -0.07521573676137    0.17331083958737   -0.17324104605450   -0.80932461676842   -0.48820029975166   -0.03451544317233  
  0.560000    0.43829800340253   -0.08008529920115    0.17634732924666   -0.17659880886235   -0.82754914787461   -0.49967034675167   -0.02157721588153  
  0.570000    0.44021410125507   -0.08495975132128    0.17947138475079   -0.18031288257676   -0.84542907019229   -0.51055803548176   -0.00815525930858  
  0.580000    0.44213521016775   -0.08983723647555    0.18268064780027   -0.18437446639210   -0.86294353114086   -0.52082540459953    0.00567902863883  
  0.590000    0.44405947002622   -0.09471591337879    0.18597202040246   -0.18877198252335   -0.88007236637909   -0.53043710592499    0.01985095425532  
  0.600000    0.44598503312647   -0.09959394864011    0.18934170007010   -0.19349121023051   -0.89679612512725   -0.53936060875882    0.03428317019770  
  0.610000    0.44791006937899   -0.10446950951246    0.19278522047137   -0.19851544034246   -0.91309609398839   -0.54756638327336    0.04889634399069  
  0.620000    0.44983277128890   -0.10934075692673    0.19629749711914   -0.20382564872359   -0.92895431923753   -0.55502806154261    0.06360984639972  
  0.630000    0.45175135868038   -0.11420583887501    0.19987287764667   -0.20940068697584   -0.94435362755048   -0.56172257498108    0.07834245299422  
  0.640000    0.45366408313621   -0.11906288420383    0.20350519618155   -0.21521748853305   -0.95927764514796   -0.56763026717479    0.09301305209464  
  0.650000    0.45556923212545   -0.12390999687344    0.20718783129794   -0.22125128818795   -0.97371081533372   -0.57273498130996    0.10754135223495  
  0.660000    0.45746513279581   -0.12874525073476    0.21091376700134   -0.22747585299236   -0.98763841440914   -0.57702412163307    0.12184858227985  
  0.670000    0.45935015540977   -0.13356668487008    0.21467565617840   -0.23386372239174   -1.00104656595023   -0.58048868860803    0.13585817741300  
  0.680000    0.46122271640687   -0.13837229953819    0.21846588592881   -0.24038645539487   -1.01392225343623   -0.58312328767064    0.14949644435721  
  0.690000    0.46308128107796   -0.14316005275885    0.22227664418509   -0.24701488253971   -1.02625333122293   -0.58492611171382    0.16269319939952  
  0.700000    0.46492436584042   -0.14792785756529    0.22609998702142   -0.25371936039649   -1.03802853385675   -0.58589889766853    0.17538237306951  
  0.710000    0.46675054010684   -0.15267357994748    0.22992790605248   -0.26047002635030   -1.04923748372959   -0.58604685777139    0.18750257565695  
  0.720000    0.46855842774329   -0.15739503750231    0.23375239532878   -0.26723705142611   -1.05987069707752   -0.58537858632956    0.19899761814996  
  0.730000    0.47034670811631   -0.16208999880074    0.23756551714624   -0.27399088896016   -1.06991958832992   -0.58390594300428    0.20981698362368  
  0.740000    0.47211411673171   -0.16675618347527    0.24135946620318   -0.28070251698184   -1.07937647281900   -0.58164391383387    0.21991624460799  
  0.750000    0.47385944547125   -0.17139126302507    0.24512663155913   -0.28734367224915   -1.08823456786288   -0.57861045140449    0.22925742250423  
  0.760000    0.47558154243665   -0.17599286232956    0.24885965587558   -0.29388707397740   -1.09648799223865   -0.57482629574964    0.23780928570188  
  0.770000    0.47727931141354   -0.18055856185543    0.25255149144864   -0.30030663541423   -1.10413176406508   -0.57031477771625    0.24554758365834  
  0.780000    0.47895171097091   -0.18508590053600    0.25619545257812   -0.30657766154337   -1.11116179711762   -0.56510160667508    0.25245521484420  
  0.790000    0.48059775321456   -0.18957237929627    0.25978526385527   -0.31267703134255   -1.11757489560133   -0.55921464457424    0.25852232711442  
  0.800000    0.48221650221551   -0.19401546519171    0.26331510399324   -0.31858336317748   -1.12336874741066   -0.55268366843643    0.26374634973708  
  0.810000    0.48380707213686   -0.19841259612381    0.26677964486858   -0.32427716208137   -1.12854191590725   -0.54554012348183    0.26813195698859  
  0.820000    0.48536862508488   -0.20276118609065    0.27017408548914   -0.32974094784678   -1.13309383025027   -0.53781686911919    0.27169096390012  
  0.830000    0.48690036871185   -0.20705863092695    0.27349418065318   -0.33495936304193   -1.13702477431606   -0.52954792008643    0.27444215540867  
  0.840000    0.48840155359986   -0.21130231448364    0.27673626411498   -0.33991926025536   -1.14033587424669   -0.52076818503996    0.27641105081997  
  0.850000    0.48987147045654   -0.21548961519440    0.27989726612463   -0.34460976806865   -1.14302908466918   -0.51151320488724    0.27762960612300  
  0.860000    0.49130944715420   -0.21961791297324    0.28297472526223   -0.34902233545589   -1.14510717362975   -0.50181889313208    0.27813585730132  
  0.870000    0.49271484564529   -0.22368459638525    0.28596679453963   -0.35315075450796   -1.14657370628949   -0.49172128045515    0.27797350835799  
  0.880000    0.49408705878714   -0.22768707003065    0.28887224179556   -0.35699116157797   -1.14743302742999   -0.48125626568556    0.27719146830348  
  0.890000    0.49542550710954   -0.23162276208120    0.29169044446192   -0.36054201713990   -1.14769024281940   -0.47045937523255    0.27584334184368  
  0.900000    0.49672963555835   -0.23548913190718    0.29442137882942   -0.36380406484329   -1.14735119949124   -0.45936553294124    0.27398687894419  
  0.910000    0.49799891024820   -0.23928367773306    0.29706560399004   -0.36678027043124   -1.14642246498991   -0.44800884221369    0.27168338883166  
  0.920000    0.49923281525652   -0.24300394426033    0.29962424068010   -0.36947574136561   -1.14491130563858   -0.43642238209782    0.26899712432141  
  0.930000    0.50043084949033   -0.24664753019679    0.30209894529260   -0.37189762817003   -1.14282566388616   -0.42463801889308    0.26599464262715  
  0.940000    0.50159252365598   -0.25021209563307    0.30449187936812   -0.37405500865727   -1.14017413479182   -0.41268623465524    0.26274414901400  
  0.950000    0.50271735736052   -0.25369536920893    0.30680567491221   -0.37595875635106   -1.13696594170624   -0.40059597380487    0.25931482979485  
  0.960000    0.50380487637181   -0.25709515501433    0.30904339592119   -0.37762139454217   -1.13321091120989   -0.38839450885631    0.25577618124469  
  0.970000    0.50485461006243   -0.26040933917290    0.31120849652900   -0.37905693753388   -1.12891944736956   -0.37610732608899    0.25219734101461  
  0.980000    0.50586608906047   -0.26363589605890    0.31330477621406   -0.38028072073152   -1.12410250537480   -0.36375803178184    0.24864642856840  
  0.990000    0.50683884312791   -0.26677289410199    0.31533633252702   -0.38130922131403   -1.11877156461666   -0.35136827942710    0.24518990104083  
  1.000000    0.50777239928472   -0.26981850113823    0.31730751181792   -0.38215987129146   -1.11293860127133   -0.33895771813342    0.24189193072857  
  1.010000    0.50866628019465   -0.27277098927005    0.31922285845399   -0.38285086480134   -1.10661606045169   -0.32654396222206    0.23881381017552  
  1.020000    0.50952000282527   -0.27562873920222    0.32108706302747   -0.38340096152755   -1.09981682798952   -0.31414258181640    0.23601339050571  
  1.030000    0.51033307739284   -0.27839024402547    0.32290491005629   -0.38382928813848   -1.09255420191141   -0.30176711402537    0.23354455829362  
  1.040000    0.51110500659908   -0.28105411242478    0.32468122567889   -0.38415513963635   -1.08484186367087   -0.28942909412834    0.23145675584642  
  1.050000    0.51183528516437   -0.28361907129366    0.32642082583867   -0.38439778248749   -1.07669384919898   -0.27713810598350    0.22979454931061  
  1.060000    0.51252339965900   -0.28608396774143    0.32812846544271   -0.38457626136313   -1.06812451983517   -0.26490185070639    0.22859724851143  
  1.070000    0.51316882863115   -0.28844777048537    0.32980878896443   -0.38470921126449   -1.05914853319929   -0.25272623250101    0.22789858189248  
  1.080000    0.51377104302736   -0.29070957062480    0.33146628294056   -0.38481467673303   -1.04978081406508   -0.24061546037459    0.22772642935115  
  1.090000    0.51432950689882   -0.29286858179914    0.33310523078931   -0.38490993975944   -1.04003652529445   -0.22857216433012    0.22810261516838  
  1.100000    0.51484367838384   -0.29492413973726    0.33472967034980   -0.38501135790292   -1.02993103889062   -0.21659752450914    0.22904276261574  
  1.110000    0.51531301095433   -0.29687570120995    0.33634335451175   -0.38513421401743   -1.01947990722724   -0.20469141165191    0.23055621119415  
  1.120000    0.51573695491209   -0.29872284240222    0.33794971527113   -0.38529257885469   -1.00869883450911   -0.19285253715475    0.23264599682476  
  1.130000    0.51611495911788   -0.30046525672671    0.33955183151057   -0.38549918767616   -0.99760364851863   -0.18107861093435    0.23530889467841  
  1.140000    0.51644647293477   -0.30210275210325    0.34115240076442   -0.38576533185950   -0.98621027270082   -0.16936650525783    0.23853552370354  
  1.150000    0.51673094836489   -0.30363524773423    0.34275371518739   -0.38610076633080   -0.97453469863760   -0.15771242266539    0.24231051129896  
  1.160000    0.51696784235757   -0.30506277040839    0.34435764190281   -0.38651363349292   -0.96259295896080   -0.14611206609910    0.24661271598389  
  1.170000    0.51715661926478   -0.30638545036934    0.34596560786271   -0.38701040415520   -0.95040110075109   -0.13456080935730    0.25141550534953  
  1.180000    0.51729675341933   -0.30760351678790    0.34757858930748   -0.38759583580163   -0.93797515946815   -0.12305386601912    0.25668708603900  
  1.190000    0.51738773180963   -0.30871729287983    0.34919710586718   -0.38827294836480   -0.92533113345550   -0.11158645502610    0.26239088200195  
  1.200000    0.51742905682462   -0.30972719071270    0.35082121930242   -0.38904301750373   -0.91248495906118   -0.10015396116937    0.26848595681057  
  1.210000    0.51742024904179   -0.31063370574734    0.35245053683757   -0.38990558521601   -0.89945248641317   -0.08875208880798    0.27492747541065  
  1.220000    0.51736085003105   -0.31143741116067    0.35408421899579   -0.39085848745076   -0.88624945588641   -0.07737700723822    0.28166720031741  
  1.230000    0.51725042514726   -0.31213895199728    0.35572099180334   -0.39189789822988   -0.87289147529589   -0.06602548624217    0.28865401695552  
  1.240000    0.51708856628460   -0.31273903919809    0.35735916318968   -0.39301838963209   -0.85939399784776   -0.05469502046647    0.29583448258874  
  1.250000    0.51687489456649   -0.31323844355374    0.35899664337195   -0.39421300684989   -0.84577230087824   -0.04338394141660    0.30315339308847  
  1.260000    0.51660906294552   -0.31363798963059    0.36063096897603   -0.39547335739351   -0.83204146540770   -0.03209151599817    0.31055436165474  
  1.270000    0.51629075868890   -0.31393854971591    0.36225933061360   -0.39678971339073   -0.81821635653440   -0.02081803069109    0.31798040352888  
  1.280000    0.51591970572629   -0.31414103782782    0.36387860360406   -0.39815112581773   -0.80431160469068   -0.00956486060563    0.32537452072301  
  1.290000    0.51549566683805   -0.31424640383401    0.36548538150361   -0.39954554939436   -0.79034158778100    0.00166547716259    0.33268028084038  
  1.300000    0.51501844566392   -0.31425562772103    0.36707601208038   -0.40095997678939   -0.77632041421960    0.01286928628852    0.33984238416792  
  1.310000    0.51448788851369   -0.31416971405399    0.36864663535499   -0.40238058070688   -0.76226190688236    0.02404167031936    0.34680721339006  
  1.320000    0.51390388596348   -0.31398968666370    0.37019322331010   -0.40379286236546   -0.74817958798557    0.03517652818126    0.35352336049628  
  1.330000    0.51326637422330   -0.31371658359533    0.37171162086093   -0.40518180483749   -0.73408666490141    0.04626656597551    0.35994212573274  
  1.340000    0.51257533626393   -0.31335145234993    0.37319758767112   -0.40653202968609   -0.71999601691773    0.05730332477719    0.36601798377690  
  1.350000    0.51183080269310   -0.31289534544629    0.37464684039463   -0.40782795532387   -0.70592018294747    0.06827722398240    0.37170901268959  
  1.360000    0.51103285237374   -0.31234931632746    0.37605509492508   -0.40905395551892   -0.69187135019034    0.07917761958931    0.37697728161779  
  1.370000    0.51018161277918   -0.31171441563259    0.37741810823851   -0.41019451649055   -0.67786134374747    0.08999287664583    0.38178919367781  
  1.380000    0.50927726008271   -0.31099168785072    0.37873171942416   -0.41123439106862   -0.66390161718720    0.10071045495307    0.38611578093892  
  1.390000    0.50832001898138   -0.31018216836950    0.37999188951019   -0.41215874843694   -0.65000324405813    0.11131700698115    0.38993294894547  
  1.400000    0.50731016225636   -0.30928688092808    0.38119473970764   -0.41295331804109   -0.63617691034350    0.12179848683374    0.39322166875591  
  1.410000    0.50624801007432   -0.30830683547903    0.38233658771529   -0.41360452631434   -0.62243290784856    0.13214026898947    0.39596811503440  
  1.420000    0.50513392903701   -0.30724302646101    0.38341398175118   -0.41409962496104   -0.60878112851109    0.14232727545586    0.39816374929875  
  1.430000    0.50396833098797   -0.30609643147949    0.38442373200235   -0.41442680963389   -0.59523105962288    0.15234410989241    0.39980534800077  
  1.440000    0.50275167158783   -0.30486801038962    0.38536293921320   -0.41457532794864   -0.58179177994838    0.16217519719704    0.40089497568745  
  1.450000    0.50148444867127   -0.30355870477153    0.38622902016379   -0.41453557589672   -0.56847195672495    0.17180492700342    0.40143990405503  
  1.460000    0.50016720040092   -0.30216943778523    0.38701972982268   -0.41429918184034   -0.55527984352735    0.18121779950652    0.40145247826041  
  1.470000    0.49880050323484   -0.30070111438892    0.38773317999411   -0.41385907740624   -0.54222327897773    0.19039857202038    0.40094993238711  
  1.480000    0.49738496972589   -0.29915462190170    0.38836785431520   -0.41320955473043   -0.52930968628072    0.19933240467521    0.39995415647198  
  1.490000    0.49592124617271   -0.29753083088903    0.38892261949700   -0.41234630964708   -0.51654607356182    0.20800500368045    0.39849141797931  
  1.500000    0.49441001014290   -0.29583059634665    0.38939673274063   -0.41126647055743   -0.50393903498630    0.21640276061673    0.39659204105496  
  1.510000    0.49285196789019   -0.29405475915695    0.38978984529858   -0.40996861285903   -0.49149475263404    0.22451288627050    0.39429004730114  
  1.520000    0.49124785168788   -0.29220414778941    0.39010200218945   -0.40845275895926   -0.47921899910529    0.23232353759213    0.39162276217820  
  1.530000    0.48959841710151   -0.29027958021583    0.39033363811208   -0.40672036403936   -0.46711714083080    0.23982393643862    0.38863039145988  
  1.540000    0.48790444022387   -0.28828186600928    0.39048556964219   -0.40477428787413   -0.45519414205915    0.24700447885626    0.38535557243962  
  1.550000    0.48616671489552   -0.28621180859534    0.39055898383052   -0.40261875314732   -0.44345456949315    0.25385683376436    0.38184290480573  
  1.560000    0.48438604993390   -0.28407020762331    0.39055542335544   -0.40025929083142   -0.43190259754660    0.26037403001877    0.37813846627011  
  1.570000    0.48256326639375   -0.28185786142510    0.39047676841578   -0.39770267332284   -0.42054201419187    0.26655053096021    0.37428931814782  
  1.580000    0.48069919488080   -0.27957556952944    0.39032521557985   -0.39495683613736   -0.40937622736846    0.27238229568808    0.37034300614199  
  1.590000    0.47879467294010   -0.27722413519975    0.39010325383415   -0.39203078907556   -0.39840827192212    0.27786682644229    0.36634706159056  
  1.600000    0.47685054253928   -0.27480436796434    0.38981363810100   -0.38893451786310   -0.38764081704377    0.28300320162288    0.36234850837825  
  1.610000    0.47486764766591   -0.27231708610915    0.38945936051615   -0.38567887735437   -0.37707617417721    0.28779209412892    0.35839338060999  
  1.620000    0.47284683205675   -0.26976311910418    0.38904361977680   -0.38227547746068   -0.36671630536455    0.29223577485112    0.35452625598252  
  1.630000    0.47078893707521   -0.26714330993642    0.38856978888631   -0.37873656302423   -0.35656283199798    0.29633810130709    0.35078980958088  
  1.640000    0.46869479975175   -0.26445851732412    0.38804138163454   -0.37507488890660   -0.34661704394671    0.30010449156119    0.34722439256876  
  1.650000    0.46656525100025   -0.26170961778887    0.38746201816171   -0.37130359159508   -0.33687990902784    0.30354188372138    0.34386763993914  
  1.660000    0.46440111402126   -0.25889750756463    0.38683538995910   -0.36743605865096   -0.32735208279014    0.30665868145241    0.34075411114809  
  1.670000    0.46220320290151   -0.25602310432484    0.38616522466219   -0.36348579733232   -0.31803391857986    0.30946468608535    0.33791496707351  
  1.680000    0.45997232141671   -0.25308734871165    0.38545525098993   -0.35946630371774   -0.30892547785812    0.31197101603784    0.33537768632688  
  1.690000    0.45770926204285   -0.25009120565356    0.38470916417887   -0.35539093363920   -0.30002654073957    0.31419001438517    0.33316582350378  
  1.700000    0.45541480517888   -0.24703566546074    0.38393059225251   -0.35127277670071   -0.29133661672263    0.31613514553843    0.33129881149337  
  1.710000    0.45308971858187   -0.24392174469010    0.38312306345420   -0.34712453461546   -0.28285495558204    0.31782088209215    0.32979180948303  
  1.720000    0.45073475701339   -0.24075048677471    0.38228997515710   -0.34295840503851   -0.27458055839484    0.31926258299729    0.32865559779710  
  1.730000    0.44835066209404   -0.23752296241524    0.38143456454679   -0.33878597200519   -0.26651218867163    0.32047636429756    0.32789652020424  
  1.740000    0.44593816236086   -0.23424026973366    0.38055988135138   -0.33461810400780   -0.25864838356568    0.32147896373475    0.32751647382032  
  1.750000    0.44349797352055   -0.23090353419229    0.37966876287051   -0.33046486065656   -0.25098746513279    0.32228760058370    0.32751294622982  
  1.760000    0.44103079888964   -0.22751390828358    0.37876381152962   -0.32633540877500   -0.24352755161595    0.32291983211705    0.32787909895310  
  1.770000    0.43853733001084   -0.22407257099899    0.37784737515750   -0.32223794867672   -0.23626656872921    0.32339340812580    0.32860389590416  
  1.780000    0.43601824743343   -0.22058072708703    0.37692153015667   -0.31817965126106   -0.22920226091635    0.32372612493184    0.32967227502047  
  1.790000    0.43347422164381   -0.21703960611339    0.37598806770473   -0.31416660644995   -0.22233220256039    0.32393568032498    0.33106536080516  
  1.800000    0.43090591413129   -0.21345046133737    0.37504848309347   -0.31020378336898   -0.21565380912111    0.32403953083760    0.33276071511003  
  1.810000    0.42831397857277   -0.20981456842128    0.37410396827965   -0.30629500255378   -0.20916434817851    0.32405475273727    0.33473262310641  
  1.820000    0.42569906211912   -0.20613322399057    0.37315540768840   -0.30244292033885   -0.20286095036104    0.32399790807047    0.33695241104632  
  1.830000    0.42306180676524   -0.20240774406395    0.37220337727721   -0.29864902546150   -0.19674062013853    0.32388491703009    0.33938879211007  
  1.840000    0.42040285078506   -0.19863946237393    0.37124814683512   -0.29491364779048   -0.19080024646028    0.32373093784646    0.34200823637292  
  1.850000    0.41772283021236   -0.19482972859892    0.37028968545982   -0.29123597896692   -0.18503661322024    0.32355025531687    0.34477536070348  
  1.860000    0.41502238034806   -0.19097990652877    0.36932767012354   -0.28761410462734   -0.17944640953192    0.32335617899315    0.34765333423401  
  1.870000    0.41230213727439   -0.18709137218569    0.36836149720827   -0.28404504776430   -0.17402623979647    0.32316095194122    0.35060429491742  
  1.880000    0.40956273935684   -0.18316551192289    0.36739029686215   -0.28052482267213   -0.16877263354881    0.32297567087327    0.35358977260976  
  1.890000    0.40680482871461   -0.17920372052289    0.36641295000157   -0.27704849882301   -0.16368205506733    0.32281021833132    0.35657111408995  
  1.900000    0.40402905264122   -0.17520739931697    0.36542810775840   -0.27361027392438   -0.15875091273373    0.32267320747436    0.35950990545081  
  1.910000    0.40123606495739   -0.17117795434666    0.36443421314891   -0.27020355532276   -0.15397556813074    0.32257193988887    0.36236838736643  
  1.920000    0.39842652727916   -0.16711679458727    0.36342952472048   -0.26682104884175   -0.14935234486631    0.32251237670748    0.36510985885870  
  1.930000    0.39560111018535   -0.16302533025204    0.36241214191436   -0.26345485407545   -0.14487753711384    0.32249912318357    0.36769906535008  
  1.940000    0.39276049426939   -0.15890497119461    0.36138003186764   -0.26009656510148   -0.14054741785917    0.32253542673181    0.37010256699716  
  1.950000    0.38990537106217   -0.15475712542546    0.36033105736558   -0.25673737553230   -0.13635824684586    0.32262318830835    0.37228908354781  
  1.960000    0.38703644381361   -0.15058319775664    0.35926300564628   -0.25336818678924   -0.13230627821135    0.32276298686995    0.37422981225175  
  1.970000    0.38415442812248   -0.14638458858709    0.35817361775362   -0.24997971846056   -0.12838776780763    0.32295411652118    0.37589871567523  
  1.980000    0.38126005240546   -0.14216269283873    0.35706061813151   -0.24656261959381   -0.12459898020083    0.32319463583305    0.37727277662287  
  1.990000    0.37835405819816   -0.13791889905182    0.35592174415274   -0.24310757977343   -0.12093619534530    0.32348142869777    0.37833221774893  
  2.000000    0.37543720028257   -0.13365458864539    0.35475477527892   -0.23960543884630   -0.11739571492846    0.32381027597240    0.37906068384161  
  2.010000    0.37251024663726   -0.12937113534658    0.35355756155455   -0.23604729418198   -0.11397386838384    0.32417593706134    0.37944538518426  
  2.020000    0.36957397820843   -0.12506990479069    0.35232805114718   -0.23242460438839   -0.11066701857047    0.32457224049421    0.37947720083061  
  2.030000    0.36662918850169   -0.12075225429080    0.35106431665813   -0.22872928844932   -0.10747156711767    0.32499218247248    0.37915074107288  
  2.040000    0.36367668299646   -0.11641953277441    0.34976457994290   -0.22495381930520   -0.10438395943528    0.32542803228692    0.37846436882812  
  2.050000    0.36071727838636   -0.11207308088156    0.34842723519749   -0.22109131096335   -0.10140068939005    0.32587144344773    0.37742018011279  
  2.060000    0.35775180165106   -0.10771423121735    0.34705087008696   -0.21713559829729   -0.09851830364991    0.32631356932209    0.37602394421505  
  2.070000    0.35478108896648   -0.10334430874938    0.34563428471391   -0.21308130877627   -0.09573340569828    0.32674518203935    0.37428500460320  
  2.080000    0.35180598446200   -0.09896463133878    0.34417650824835   -0.20892392545412   -0.09304265952197    0.32715679340246    0.37221614202292  
  2.090000    0.34882733883465   -0.09457651039181    0.34267681306574   -0.20465984064147   -0.09044279297624    0.32753877653601    0.36983340163045  
  2.100000    0.34584600783196   -0.09018125161721    0.34113472626634   -0.20028639978458   -0.08793060083181    0.32788148700642    0.36715588638070  
  2.110000    0.34286285061620   -0.08578015587311    0.33955003847706   -0.19580193517771   -0.08550294750917    0.32817538216734    0.36420551923336  
  2.120000    0.33987872802388   -0.08137452008603    0.33792280986499   -0.19120578924247   -0.08315676950608    0.32841113751440    0.36100677705397  
  2.130000    0.33689450073564   -0.07696563822331    0.33625337332114   -0.18649832721610   -0.08088907752490    0.32857975887627    0.35758639936662  
  2.140000    0.33391102737217   -0.07255480229967    0.33454233480192   -0.18168093919955   -0.07869695830695    0.32867268932364    0.35397307535862  
  2.150000    0.33092916253289   -0.06814330339764    0.33279057084479   -0.17675603162527   -0.07657757618162    0.32868190974401    0.35019711274179  
  2.160000    0.32794975479425   -0.06373243268159    0.33099922330346   -0.17172700831174   -0.07452817433859    0.32860003210605    0.34629009223909  
  2.170000    0.32497364468524   -0.05932348238445    0.32916969137571   -0.16659824137685   -0.07254607583178    0.32842038452306    0.34228451158679  
  2.180000    0.32200166265770   -0.05491774674682    0.32730362102415   -0.16137503238308   -0.07062868432442    0.32813708731946    0.33821342302090  
  2.190000    0.31903462706906   -0.05051652288788    0.32540289191596   -0.15606356418462   -0.06877348458483    0.32774511940574    0.33411006825164  
  2.200000    0.31607334219502   -0.04612111158860    0.32346960203181   -0.15067084403722   -0.06697804274280    0.32724037437511    0.33000751492065  
  2.210000    0.31311859628952   -0.04173281796816    0.32150605011720   -0.14520463861671   -0.06524000631717    0.32661970584877    0.32593829848386  
  2.220000    0.31017115970849   -0.03735295203549    0.31951471616958   -0.13967340166954   -0.06355710402510    0.32588096171315    0.32193407336849  
  2.230000    0.30723178311365   -0.03298282909936    0.31749824017379   -0.13408619508826   -0.06192714538395    0.32502300701274    0.31802527711752  
  2.240000    0.30430119577164   -0.02862377002147    0.31545939931407   -0.12845260426607   -0.06034802011714    0.32404573538314    0.31424081106048  
  2.250000    0.30138010396276   -0.02427710129868    0.31340108390528   -0.12278264863621   -0.05881769737501    0.32295006903025    0.31060774083817  
  2.260000    0.29846918951277   -0.01994415496256    0.31132627229667   -0.11708668834469   -0.05733422478245    0.32173794738187    0.30715101986335  
  2.270000    0.29556910845966   -0.01562626828586    0.30923800501067   -0.11137532803656   -0.05589572732469    0.32041230465562    0.30389323852227  
  2.280000    0.29268048986652   -0.01132478328788    0.30713935838478   -0.10565931875870   -0.05450040608305    0.31897703670156    0.30085440161681  
  2.290000    0.28980393478960   -0.00704104603286    0.30503341798774   -0.09994945899342   -0.05314653683215    0.31743695758727    0.29805173621732  
  2.300000    0.28694001540977   -0.00277640571750    0.30292325208163   -0.09425649583866   -0.05183246851046    0.31579774649674    0.29549953174571  
  2.310000    0.28408927433366    0.00146778645371    0.30081188539908   -0.08859102734146   -0.05055662157559    0.31406588561130    0.29320901374065  
  2.320000    0.28125222406931    0.00569017860453    0.29870227349958   -0.08296340697244   -0.04931748625598    0.31224858972965    0.29118825237724  
  2.330000    0.27842934667958    0.00988941973099    0.29659727796108   -0.07738365119937   -0.04811362071031    0.31035372846412    0.28944210642433  
  2.340000    0.27562109361471    0.01406416144796    0.29449964265283   -0.07186135107995   -0.04694364910584    0.30838974192118    0.28797220293043  
  2.350000    0.27282788572401    0.01821305993017    0.29241197132249   -0.06640558874540   -0.04580625962679    0.30636555083449    0.28677695253636  
  2.360000    0.27005011344484    0.02233477803757    0.29033670671562   -0.06102485959068   -0.04470020242345    0.30429046216879    0.28585159992462  
  2.370000    0.26728813716553    0.02642798761265    0.28827611142835   -0.05572700092265   -0.04362428751258    0.30217407125139    0.28518830853597  
  2.380000    0.26454228775711    0.03049137193523    0.28623225067510   -0.05051912774620   -0.04257738263937    0.30002616151532    0.28477627831686  
  2.390000    0.26181286726760    0.03452362831833    0.28420697713226   -0.04540757629023   -0.04155841111079    0.29785660295379    0.28460189491089  
  2.400000    0.25910014977064    0.03852347082685    0.28220191799656   -0.04039785579233   -0.04056634960991    0.29567525038902    0.28464890837756  
  2.410000    0.25640438235935    0.04248963309926    0.28021846437315   -0.03549460897239   -0.03960022600040    0.29349184265117    0.28489863921506  
  2.420000    0.25372578627477    0.04642087125083    0.27825776308411   -0.03070158153376   -0.03865911712986    0.29131590374309    0.28533020918460  
  2.430000    0.25106455815709    0.05031596683590    0.27632071096239   -0.02602160093559   -0.03774214664050    0.28915664703652    0.28592079418339  
  2.440000    0.24842087140709    0.05417372984548    0.27440795167082   -0.02145656458364   -0.03684848279485    0.28702288350345    0.28664589619644  
  2.450000    0.24579487764391    0.05799300171558    0.27251987505945   -0.01700743748915   -0.03597733632418    0.28492293493513    0.28747963117334  
  2.460000    0.24318670824489    0.06177265832132    0.27065661904866   -0.01267425934837   -0.03512795830639    0.28286455303947    0.28839502952911  
  2.470000    0.24059647595239    0.06551161293112    0.26881807399976   -0.00845616089904   -0.03429963807994    0.28085484523747    0.28936434585828  
  2.480000    0.23802427653201    0.06920881909563    0.26700388950975   -0.00435138931642   -0.03349170119985    0.27890020790088    0.29035937437927  
  2.490000    0.23547019046648    0.07286327344566    0.26521348354244   -0.00035734232017   -0.03270350744119    0.27700626768772    0.29135176659357  
  2.500000    0.23293428466914    0.07647401837424    0.26344605378515    0.00352938942305   -0.03193444885499    0.27517783154011    0.29231334764949  
  2.510000    0.23041661420107    0.08004014457820    0.26170059109799    0.00731297209890   -0.03118394788118    0.27341884581216    0.29321642794491  
  2.520000    0.22791722397590    0.08356079343565    0.25997589490261    0.01099827132028   -0.03045145552233    0.27173236489377    0.29403410658477  
  2.530000    0.22543615043700    0.08703515919700    0.25827059033821    0.01459078812192   -0.02973644958187    0.27012052959232    0.29474056342772  
  2.540000    0.22297342319157    0.09046249096809    0.25658314699606    0.01809658908136   -0.02903843296945    0.26858455542749    0.29531133660909  
  2.550000    0.22052906658749    0.09384209446595    0.25491189902881    0.02152223132868   -0.02835693207621    0.26712473088739    0.29572358261357  
  2.560000    0.21810310121891    0.09717333352921    0.25325506641834    0.02487468325406   -0.02769149522164    0.26574042558736    0.29595631618727  
  2.570000    0.21569554534769    0.10045563136701    0.25161077717541    0.02816124176131   -0.02704169117378    0.26443010816744    0.29599062762377  
  2.580000    0.21330641622890    0.10368847153270    0.24997709023667    0.03138944694454   -0.02640710774360    0.26319137366166    0.29580987522803  
  2.590000    0.21093573132925    0.10687139861034    0.24835201881896    0.03456699508601   -0.02578735045430    0.26202097997305    0.29539985105373  
  2.600000    0.20858350942900    0.11000401860491    0.24673355398776    0.03770165088400   -0.02518204128562    0.26091489299395    0.29474891831985  
  2.610000    0.20624977159888    0.11308599902903    0.24511968819634    0.04080115982125   -0.02459081749304    0.25986833982224    0.29384811923710  
  2.620000    0.20393454204481    0.11611706868204    0.24350843855408    0.04387316157692   -0.02401333050105    0.25887586944164    0.29269125231144  
  2.630000    0.20163784881502    0.11909701711954    0.24189786958685    0.04692510536805   -0.02344924486983    0.25793142015944    0.29127491853588  
  2.640000    0.19935972436507    0.12202569381419    0.24028611525929    0.04996416808075   -0.02289823733372    0.25702839302813    0.28959853622907  
  2.650000    0.19710020597824    0.12490300701133    0.23867140003799    0.05299717601651   -0.02235999591007    0.25615973041908    0.28766432462718  
  2.660000    0.19485933603987    0.12772892228547    0.23705205878589    0.05603053103678   -0.02183421907645    0.25531799886780    0.28547725667841  
  2.670000    0.19263716216605    0.13050346080621    0.23542655529177    0.05907014183773   -0.02132061501418    0.25449547527117    0.28304498182578  
  2.680000    0.19043373718818    0.13322669732493    0.23379349925407    0.06212136103000   -0.02081890091558    0.25368423548812    0.28037771988787  
  2.690000    0.18824911899677    0.13589875789566    0.23215166155528    0.06518892863350   -0.02032880235256    0.25287624437643    0.27748812745688  
  2.700000    0.18608337024891    0.13851981734611    0.23049998768214    0.06827692252734   -0.01985005270361    0.25206344629052    0.27439113852482  
  2.710000    0.18393655794539    0.14109009651689    0.22883760916654    0.07138871631961   -0.01938239263631    0.25123785506689    0.27110378131862  
  2.720000    0.18180875288465    0.14360985928898    0.22716385294372    0.07452694502222   -0.01892556964233    0.25039164253720    0.26764497357147  
  2.730000    0.17970002900204    0.14607940942143    0.22547824854615    0.07769347883285   -0.01847933762175    0.24951722463106    0.26403529867712  
  2.740000    0.17761046260381    0.14849908722273    0.22378053307440    0.08088940524051   -0.01804345651343    0.24860734416411    0.26029676536473  
  2.750000    0.17554013150641    0.15086926608100    0.22207065390989    0.08411501958386   -0.01761769196824    0.24765514944828    0.25645255369238  
  2.760000    0.17348911409256    0.15319034887909    0.22034876915749    0.08736982410313   -0.01720181506182    0.24665426791287    0.25252675028520  
  2.770000    0.17145748829614    0.15546276432198    0.21861524582977    0.09065253543884   -0.01679560204364    0.24559887398389    0.24854407583882  
  2.780000    0.16944533052891    0.15768696320424    0.21687065580788    0.09396110044306   -0.01639883411899    0.24448375053635    0.24452960796976  
  2.790000    0.16745271456229    0.15986341464616    0.21511576963660    0.09729272008426   -0.01601129726086    0.24330434330790    0.24050850252023  
  2.800000    0.16547971037794    0.16199260232723    0.21335154823340    0.10064388114425   -0.01563278204848    0.24205680774206    0.23650571641643  
  2.810000    0.16352638300112    0.16407502074566    0.21157913261198    0.10401039532710   -0.01526308352942    0.24073804781419    0.23254573513698  
  2.820000    0.16159279133090    0.16611117153224    0.20979983174104    0.10738744532550   -0.01490200110249    0.23934574648245    0.22865230777181  
  2.830000    0.15967898698108    0.16810155984672    0.20801510867729    0.11076963732092   -0.01454933841840    0.23787838749843    0.22484819254365  
  2.840000    0.15778501314587    0.17004669088349    0.20622656512879    0.11415105933053   -0.01420490329571    0.23633526840643    0.22115491552473  
  2.850000    0.15591090350349    0.17194706651296    0.20443592461987    0.11752534475675   -0.01386850764935    0.23471650465628    0.21759254511294  
  2.860000    0.15405668117100    0.17380318208335    0.20264501444237    0.12088574044537   -0.01353996742943    0.23302302485018    0.21417948463620  
  2.870000    0.15222235772253    0.17561552340631    0.20085574658939    0.12422517851574   -0.01321910256813    0.23125655723912    0.21093228523347  
  2.880000    0.15040793228279    0.17738456394811    0.19907009787685    0.12753635119161   -0.01290573693259    0.22941960767735    0.20786548091882  
  2.890000    0.14861339070656    0.17911076224625    0.19729008946569    0.13081178783485   -0.01259969828190    0.22751542933363    0.20499144747326  
  2.900000    0.14683870485423    0.18079455956928    0.19551776600199    0.13404393336596   -0.01230081822666    0.22554798454421    0.20232028653164  
  2.910000    0.14508383197217    0.18243637783545    0.19375517459540    0.13722522724578   -0.01200893218940    0.22352189927417    0.19985973594121  
  2.920000    0.14334871418583    0.18403661780353    0.19200434385630    0.14034818219163   -0.01172387936476    0.22144241072978    0.19761510716835  
  2.930000    0.14163327811193    0.18559565754653    0.19026726321032    0.14340546180874   -0.01144550267805    0.21931530873416    0.19558925022333  
  2.940000    0.13993743459534    0.18711385121674    0.18854586270476    0.14638995633348   -0.01117364874153    0.21714687154149    0.19378254626376  
  2.950000    0.13826107857446    0.18859152810778    0.18684199351489    0.14929485570936   -0.01090816780735    0.21494379681961    0.19219292772885  
  2.960000    0.13660408907781    0.19002899201660    0.18515740934987    0.15211371924844   -0.01064891371671    0.21271312857799    0.19081592555178  
  2.970000    0.13496632935326    0.19142652090611    0.18349374894743    0.15484054117056   -0.01039574384471    0.21046218085607    0.18964474270048  
  2.980000    0.13334764712971    0.19278436686590    0.18185251983405    0.15746981135944   -0.01014851904065    0.20819845901629    0.18867035301053  
  2.990000    0.13174787500986    0.19410275636641    0.18023508351341    0.15999657072791   -0.00990710356356    0.20592957950569    0.18788162400107  
  3.000000    0.13016683099131    0.19538189079906    0.17864264222989    0.16241646064369   -0.00967136501293    0.20366318896098    0.18726546210844  
  3.010000    0.12860431911184    0.19662194729241    0.17707622743704    0.16472576593182   -0.00944117425488    0.20140688353260    0.18680697853569  
  3.020000    0.12706013021365    0.19782307979206    0.17553669008225    0.16692145103914   -0.00921640534377    0.19916812929516    0.18648967370087  
  3.030000    0.12553404281979    0.19898542038990    0.17402469279958    0.16900118901907   -0.00899693543975    0.19695418459401    0.18629563807667  
  3.040000    0.12402582411530    0.20010908088577    0.17254070408234    0.17096338307173   -0.00878264472254    0.19477202515105    0.18620576704875  
  3.050000    0.12253523102407    0.20119415456323    0.17108499448604    0.17280718045255   -0.00857341630198    0.19262827271770    0.18619998728325  
  3.060000    0.12106201137189    0.20224071815894    0.16965763489106    0.17453247864311   -0.00836913612582    0.19052912801931    0.18625749198578  
  3.070000    0.11960590512483    0.20324883400360    0.16825849683276    0.17613992375862   -0.00816969288546    0.18848030868424    0.18635698235586  
  3.080000    0.11816664569180    0.20421855231146    0.16688725488539    0.17763090124710   -0.00797497792008    0.18648699279241    0.18647691249348  
  3.090000    0.11674396127917    0.20514991359366    0.16554339106465    0.17900751901512   -0.00778488512006    0.18455376861343    0.18659573499732  
  3.100000    0.11533757628480    0.20604295117025    0.16422620119342    0.18027258319290   -0.00759931083012    0.18268459103401    0.18669214450893  
  3.110000    0.11394721271877    0.20689769375493    0.16293480315452    0.18142956682679   -0.00741815375300    0.18088274509876    0.18674531650118  
  3.120000    0.11257259163732    0.20771416808594    0.16166814693567    0.18248257185916   -0.00724131485434    0.17915081700934    0.18673513868429  
  3.130000    0.11121343457687    0.20849240157675    0.16042502635344    0.18343628482357   -0.00706869726930    0.17749067284413    0.18664243250531  
  3.140000    0.10986946497462    0.20923242495984    0.15920409232613    0.18429592674632   -0.00690020621167    0.17590344517565    0.18644916234767  
  3.150000    0.10854040956265    0.20993427489763    0.15800386755017    0.18506719780288   -0.00673574888601    0.17438952767680    0.18613863019351  
  3.160000    0.10722599972234    0.21059799653485    0.15682276242087    0.18575621732996   -0.00657523440328    0.17294857772020    0.18569565369097  
  3.170000    0.10592597278684    0.21122364596756    0.15565909202593    0.18636945983858   -0.00641857370064    0.17157952688874    0.18510672577070  
  3.180000    0.10464007327925    0.21181129260516    0.15451109403022    0.18691368771260   -0.00626567946567    0.17028059923072    0.18436015417573  
  3.190000    0.10336805407531    0.21236102140293    0.15337694726170    0.18739588130765   -0.00611646606546    0.16904933701053    0.18344617950636  
  3.200000    0.10210967747982    0.21287293494392    0.15225479080216    0.18782316718935   -0.00597084948099    0.16788263362662    0.18235707063278  
  3.210000    0.10086471620698    0.21334715535096    0.15114274338204    0.18820274526533   -0.00582874724686    0.16677677329333    0.18108719658947  
  3.220000    0.09963295425585    0.21378382601121    0.15003892287664    0.18854181557345   -0.00569007839669    0.16572747701267    0.17963307433566  
  3.230000    0.09841418767300    0.21418311309759    0.14894146570074    0.18884750548869   -0.00555476341425    0.16472995429764    0.17799339204049  
  3.240000    0.09720822519569    0.21454520687369    0.14784854590069    0.18912679810311   -0.00542272419040    0.16377896004977    0.17616900782761  
  3.250000    0.09601488877003    0.21487032277084    0.14675839374740    0.18938646251774   -0.00529388398574    0.16286885594193    0.17416292418914  
  3.260000    0.09483401393971    0.21515870222853    0.14566931363942    0.18963298676170   -0.00516816739898    0.16199367561290    0.17198023854930  
  3.270000    0.09366545010242    0.21541061329140    0.14457970113366    0.18987251402366   -0.00504550034078    0.16114719294363    0.16962807072096  
  3.280000    0.09250906063194    0.21562635095892    0.14348805893105    0.19011078284281   -0.00492581001295    0.16032299265629    0.16711546825126  
  3.290000    0.09136472286571    0.21580623728602    0.14239301165615    0.19035307186260   -0.00480902489257    0.15951454245708    0.16445329089219  
  3.300000    0.09023232795854    0.21595062123532    0.14129331928314    0.19060414970052   -0.00469507472096    0.15871526593204    0.16165407565584  
  3.310000    0.08911178060475    0.21605987828441    0.14018788907505    0.19086823043125   -0.00458389049686    0.15791861540183    0.15873188412051  
  3.320000    0.08800299863209    0.21613440979365    0.13907578591955    0.19114893512018   -0.00447540447357    0.15711814394716    0.15570213383924  
  3.330000    0.08690591247216    0.21617464214242    0.13795624096140    0.19144925977957   -0.00436955015963    0.15630757583022    0.15258141586657  
  3.340000    0.08582046451323    0.21618102564403    0.13682865845029    0.19177155005091   -0.00426626232243    0.15548087455974    0.14938730055875  
  3.350000    0.08474660834233    0.21615403325146    0.13569262074110    0.19211748284632   -0.00416547699435    0.15463230787764    0.14613813391789  
  3.360000    0.08368430788487    0.21609415906828    0.13454789140383    0.19248805510808   -0.00406713148093    0.15375650898276    0.14285282683866  
  3.370000    0.08263353645067    0.21600191668067    0.13339441641950    0.19288357977096   -0.00397116437049    0.15284853335244    0.13955063967755  
  3.380000    0.08159427569635    0.21587783732833    0.13223232345903    0.19330368893687   -0.00387751554474    0.15190391057389    0.13625096459883  
  3.390000    0.08056651451493    0.21572246793355    0.13106191926148    0.19374734419624   -0.00378612618979    0.15091869065543    0.13297310815691  
  3.400000    0.07955024786380    0.21553636900872    0.12988368514814    0.19421285395667   -0.00369693880712    0.14988948435023    0.12973607655374  
  3.410000    0.07854547554328    0.21532011246405    0.12869827072775    0.19469789756712   -0.00360989722404    0.14881349709311    0.12655836596068  
  3.420000    0.07755220093797    0.21507427933760    0.12750648586714    0.19519955595637   -0.00352494660303    0.14768855622248    0.12345776021949  
  3.430000    0.07657042973380    0.21479945747104    0.12630929101890    0.19571434843775   -0.00344203344974    0.14651313123421    0.12045113813622  
  3.440000    0.07560016862351    0.21449623915408    0.12510778601454    0.19623827526985   -0.00336110561908    0.14528634689121    0.11755429245731  
  3.450000    0.07464142401385    0.21416521876162    0.12390319744705    0.19676686550440   -0.00328211231901    0.14400798909098    0.11478176246985  
  3.460000    0.07369420074712    0.21380699040671    0.12269686478101    0.19729522960005   -0.00320500411194    0.14267850347239    0.11214668200023  
  3.470000    0.07275850085011    0.21342214563288    0.12149022534066    0.19781811623310   -0.00312973291312    0.14129898682171    0.10966064439876  
  3.480000    0.07183432232267    0.21301127116822    0.12028479833791    0.19832997269481   -0.00305625198607    0.13987117141568    0.10733358589475  
  3.490000    0.07092165797811    0.21257494676337    0.11908216811108    0.19882500823080   -0.00298451593471    0.13839740251506    0.10517368848985  
  3.500000    0.07002049434673    0.21211374313422    0.11788396675282    0.19929725964926   -0.00291448069212    0.13688060929500    0.10318730332823  
  3.510000    0.06913081065346    0.21162822002918    0.11669185631137    0.19974065850461   -0.00284610350576    0.13532426956813    0.10137889524564  
  3.520000    0.06825257787951    0.21111892443943    0.11550751075276    0.20014909914914   -0.00277934291925    0.13373236872148    0.09975100895495  
  3.530000    0.06738575791730    0.21058638896909    0.11433259787343    0.20051650693933   -0.00271415875063    0.13210935334843    0.09830425707967  
  3.540000    0.06653030282689    0.21003113038031    0.11316876135226    0.20083690588463   -0.00265051206718    0.13046008011178    0.09703732999880  
  3.550000    0.06568615420104    0.20945364832696    0.11201760312913    0.20110448503513   -0.00258836515693    0.12878976042253    0.09594702722181  
  3.560000    0.06485324264514    0.20885442428795    0.11088066629242    0.20131366292044   -0.00252768149702    0.12710390156086    0.09502830977178  
  3.570000    0.06403148737673    0.20823392070973    0.10975941865239    0.20145914937526   -0.00246842571912    0.12540824490094    0.09427437282239  
  3.580000    0.06322079594860    0.20759258036494    0.10865523716906    0.20153600411645   -0.00241056357214    0.12370870192854    0.09367673761209  
  3.590000    0.06242106409777    0.20693082593229    0.10756939339385    0.20153969147322   -0.00235406188250    0.12201128876063    0.09322536144892  
  3.600000    0.06163217572171    0.20624905980014    0.10650304007301    0.20146613071387   -0.00229888851227    0.12032205988808    0.09290876442452  
  3.610000    0.06085400298173    0.20554766409435    0.10545719904815    0.20131174146077   -0.00224501231558    0.11864704186702    0.09271417127825  
  3.620000    0.06008640653218    0.20482700092828    0.10443275057510    0.20107348373816   -0.00219240309353    0.11699216768078    0.09262766669302  
  3.630000    0.05932923587310    0.20408741287094    0.10343042416715    0.20074889225483   -0.00214103154813    0.11536321248286    0.09263436216628  
  3.640000    0.05858232982230    0.20332922362679    0.10245079105238    0.20033610458540   -0.00209086923552    0.11376573141243    0.09271857248273  
  3.650000    0.05784551710220    0.20255273891876    0.10149425831759    0.19983388297840   -0.00204188851899    0.11220500014726    0.09286399972225  
  3.660000    0.05711861703508    0.20175824756392    0.10056106479351    0.19924162958680   -0.00199406252208    0.11068595882574    0.09305392266674  
  3.670000    0.05640144033980    0.20094602272917    0.09965127871768    0.19855939498570   -0.00194736508228    0.10921315992912    0.09327138942501  
  3.680000    0.05569379002174    0.20011632335284    0.09876479719260    0.19778787991237   -0.00190177070556    0.10779072066919    0.09349941107471  
  3.690000    0.05499546234698    0.19926939571613    0.09790134743802    0.19692843023435   -0.00185725452233    0.10642228037412    0.09372115412559  
  3.700000    0.05430624789066    0.19840547514687    0.09706048981760    0.19598302522179   -0.00181379224494    0.10511096330842    0.09392012963787  
  3.710000    0.05362593264927    0.19752478783692    0.09624162260168    0.19495425926984   -0.00177136012727    0.10385934730156    0.09408037688392  
  3.720000    0.05295429920524    0.19662755275318    0.09544398840994    0.19384531728390   -0.00172993492651    0.10266943849403    0.09418663951873  
  3.730000    0.05229112793248    0.19571398362148    0.09466668226043    0.19265994400644   -0.00168949386768    0.10154265244218    0.09422453232453  
  3.740000    0.05163619823048    0.19478429096167    0.09390866113501    0.19140240762552   -0.00165001461086    0.10047980175196    0.09418069671630  
  3.750000    0.05098928977483    0.19383868415184    0.09316875495567    0.19007745806361   -0.00161147522152    0.09948109034023    0.09404294333511  
  3.760000    0.05035018377147    0.19287737349938    0.09244567885204    0.18869028039946   -0.00157385414409    0.09854611434949    0.09380038021531  
  3.770000    0.04971866420227    0.19190057229640    0.09173804658699    0.18724644392437   -0.00153713017887    0.09767386966932    0.09344352518583  
  3.780000    0.04909451904948    0.19090849883719    0.09104438499610    0.18575184737824   -0.00150128246238    0.09686276594632    0.09296440135428  
  3.790000    0.04847754148677    0.18990137837596    0.09036314928639    0.18421266094844   -0.00146629045129    0.09611064689431    0.09235661472291  
  3.800000    0.04786753102517    0.18887944500351    0.08969273903122    0.18263526564623   -0.00143213390977    0.09541481664900    0.09161541319465  
  3.810000    0.04726429460244    0.18784294342230    0.08903151469195    0.18102619070064   -0.00139879290041    0.09477207184696    0.09073772644400  
  3.820000    0.04666764760503    0.18679213060060    0.08837781449152    0.17939204962810   -0.00136624777853    0.09417873904812    0.08972218634805  
  3.830000    0.04607741481264    0.18572727728734    0.08772997146256    0.17773947564778   -0.00133447918973    0.09363071706492    0.08856912789578  
  3.840000    0.04549343125597    0.18464866937090    0.08708633049093    0.17607505711681   -0.00130346807071    0.09312352371008    0.08728057071538  
  3.850000    0.04491554297918    0.18355660906644    0.08644526517662    0.17440527365756   -0.00127319565293    0.09265234642961    0.08586018157853  
  3.860000    0.04434360769964    0.18245141591830    0.08580519433623    0.17273643363915   -0.00124364346908    0.09221209624793    0.08431321845328  
  3.870000    0.04377749535842    0.18133342760555    0.08516459797565    0.17107461365942   -0.00121479336200    0.09179746441922    0.08264645688260  
  3.880000    0.04321708855629    0.18020300054101    0.08452203256751    0.16942560065055   -0.00118662749579    0.09140298115267    0.08086809966049  
  3.890000    0.04266228287078    0.17906051025600    0.08387614547609    0.16779483720189   -0.00115912836887    0.09102307576006    0.07898767096000  
  3.900000    0.04211298705147    0.17790635156508    0.08322568838132    0.16618737065851   -0.00113227882853    0.09065213756209    0.07701589623554  
  3.910000    0.04156912309160    0.17674093850752    0.08256952956491    0.16460780651250   -0.00110606208677    0.09028457688494    0.07496456937389  
  3.920000    0.04103062617535    0.17556470406419    0.08190666493348    0.16306026655785   -0.00108046173697    0.08991488548132    0.07284640870232  
  3.930000    0.04049744450157    0.17437809965090    0.08123622766758    0.16154835222842   -0.00105546177112    0.08953769571970    0.07067490357708  
  3.940000    0.03996953898568    0.17318159439154    0.08055749639987    0.16007511348350   -0.00103104659712    0.08914783790237    0.06846415337021  
  3.950000    0.03944688284291    0.17197567417638    0.07986990184148    0.15864302354613   -0.00100720105591    0.08874039509681    0.06622870074567  
  3.960000    0.03892946105714    0.17076084051316    0.07917303179210    0.15725395973763   -0.00098391043805    0.08831075489503    0.06398336116701  
  3.970000    0.03841726974065    0.16953760918067    0.07846663448628    0.15590919058749   -0.00096116049931    0.08785465755189    0.06174305060767  
  3.980000    0.03791031539137    0.16830650869643    0.07775062024608    0.15460936933177   -0.00093893747504    0.08736823999622    0.05952261344117  
  3.990000    0.03740861405494    0.16706807861199    0.07702506142781    0.15335453384618   -0.00091722809296    0.08684807525552    0.05733665247206  
  4.000000    0.03691219040018    0.16582286765113    0.07629019066869    0.15214411299298   -0.00089601958410    0.08629120688804    0.05519936302994  
  4.010000    0.03642107671714    0.16457143170775    0.07554639745674    0.15097693929390   -0.00087529969157    0.08569517807211    0.05312437298897  
  4.020000    0.03593531184778    0.16331433172172    0.07479422306483    0.14985126777562   -0.00085505667700    0.08505805506302    0.05112459049412  
  4.030000    0.03545494005994    0.16205213145224    0.07403435390681    0.14876480077049   -0.00083527932435    0.08437844479041    0.04921206107500  
  4.040000    0.03498000987601    0.16078539516923    0.07326761338973    0.14771471839374   -0.00081595694101    0.08365550643463    0.04739783570909  
  4.050000    0.03451057286776    0.15951468528419    0.07249495235201    0.14669771436012   -0.00079707935595    0.08288895688663    0.04569185126007  
  4.060000    0.03404668242953    0.15824055994266    0.07171743819163    0.14571003674802   -0.00077863691497    0.08207907006370    0.04410282456583  
  4.070000    0.03358839254198    0.15696357060069    0.07093624280198    0.14474753326886   -0.00076062047277    0.08122667012031    0.04263816128588  
  4.080000    0.03313575653860    0.15568425960822    0.07015262944518    0.14380570055383   -0.00074302138204    0.08033311865993    0.04130388044171  
  4.090000    0.03268882588749    0.15440315782201    0.06936793870326    0.14287973692940   -0.00072583147941    0.07940029611884    0.04010455539781  
  4.100000    0.03224764900024    0.15312078227066    0.06858357365706    0.14196459811819   -0.00070904306844    0.07843057755561    0.03904327183822  
  4.110000    0.03181227008005    0.15183763389388    0.06780098445025    0.14105505527309   -0.00069264889968    0.07742680314021    0.03812160309560  
  4.120000    0.03138272802030    0.15055419537738    0.06702165240193    0.14014575472935   -0.00067664214792    0.07639224369291    0.03733960298887  
  4.130000    0.03095905536467    0.14927092910407    0.06624707383565    0.13923127884359   -0.00066101638681    0.07533056167593    0.03669581612471  
  4.140000    0.03054127733911    0.14798827524103    0.06547874379505    0.13830620727894   -0.00064576556113    0.07424576808834    0.03618730541866  
  4.150000    0.03012941096515    0.14670664998054    0.06471813981732    0.13736517809233   -0.00063088395677    0.07314217575737    0.03580969639681  
  4.160000    0.02972346426354    0.14542644395222    0.06396670593442    0.13640294798429   -0.00061636616883    0.07202434955661    0.03555723765003  
  4.170000    0.02932343555599    0.14414802082128    0.06322583706939    0.13541445108155   -0.00060220706808    0.07089705411238    0.03542287663250  
  4.180000    0.02892931287189    0.14287171608678    0.06249686399048    0.13439485564003   -0.00058840176603    0.06976519958456    0.03539834982658  
  4.190000    0.02854107346605    0.14159783609136    0.06178103897955    0.13333961807904   -0.00057494557902    0.06863378612645    0.03547428613815  
  4.200000    0.02815868345202    0.14032665725231    0.06107952236357    0.13224453378694   -0.00056183399161    0.06750784763978    0.03564032224342  
  4.210000    0.02778209755480    0.13905842552164    0.06039337004834    0.13110578417360   -0.00054906261966    0.06639239544608    0.03588522848002  
  4.220000    0.02741125898523    0.13779335608057    0.05972352218316    0.12991997948563   -0.00053662717339    0.06529236249320    0.03619704376424  
  4.230000    0.02704609943729    0.13653163327199    0.05907079307279    0.12868419694583   -0.00052452342088    0.06421254870752    0.03656321792336  
  4.240000    0.02668653920840    0.13527341077179    0.05843586243976    0.12739601382822   -0.00051274715229    0.06315756808672    0.03697075975823  
  4.250000    0.02633248744138    0.13401881199800    0.05781926812600    0.12605353513392   -0.00050129414514    0.06213179810626    0.03740638909704  
  4.260000    0.02598384248568    0.13276793075452    0.05722140030715    0.12465541559047   -0.00049016013106    0.06113933198486    0.03785669106741  
  4.270000    0.02564049237428    0.13152083210360    0.05664249727718    0.12320087575703   -0.00047934076428    0.06018393432013    0.03830827080061  
  4.280000    0.02530231541133    0.13027755345974    0.05608264284451    0.12168971208032   -0.00046883159224    0.05926900056678    0.03874790678887  
  4.290000    0.02496918086492    0.12903810589490    0.05554176536351    0.12012230080948   -0.00045862802843    0.05839752078499    0.03916270114435  
  4.300000    0.02464094975770    0.12780247564351    0.05501963840847    0.11849959574278   -0.00044872532802    0.05757204803817    0.03954022505558  
  4.310000    0.02431747574776    0.12657062579367    0.05451588307977    0.11682311984348   -0.00043911856618    0.05679467176653    0.03986865780390  
  4.320000    0.02399860609069    0.12534249814900    0.05402997191504    0.11509495082640   -0.00042980261961    0.05606699640686    0.04013691778740  
  4.330000    0.02368418267345    0.12411801524451    0.05356123436113    0.11331770087951   -0.00042077215121    0.05539012547005    0.04033478410177  
  4.340000    0.02337404310941    0.12289708249788    0.05310886374677    0.11149449074605   -0.00041202159814    0.05476465122728    0.04045300734612  
  4.350000    0.02306802188389    0.12167959047676    0.05267192568006    0.10962891845110   -0.00040354516339    0.05419065009332    0.04048340845379  
  4.360000    0.02276595153846    0.12046541726125    0.05224936778007    0.10772502301221   -0.00039533681088    0.05366768373271    0.04041896449439  
  4.370000    0.02246766388239    0.11925443088014    0.05184003063823    0.10578724352543   -0.00038739026412    0.05319480585132    0.04025388054954  
  4.380000    0.02217299121882    0.11804649179870    0.05144265989239    0.10382037406592   -0.00037969900844    0.05277057457381    0.03998364693103  
  4.390000    0.02188176757358    0.11684145543530    0.05105591928496    0.10182951488512   -0.00037225629674    0.05239307024633    0.03960508118332  
  4.400000    0.02159382991419    0.11563917468404    0.05067840456648    0.09982002042470   -0.00036505515866    0.05205991844502    0.03911635449101  
  4.410000    0.02130901934675    0.11443950242056    0.05030865809749    0.09779744469961   -0.00035808841306    0.05176831791432    0.03851700229371  
  4.420000    0.02102718227881    0.11324229396814    0.04994518399410    0.09576748462952   -0.00035134868364    0.05151507310646    0.03780791909374  
  4.430000    0.02074817153624    0.11204740950197    0.04958646365772    0.09373592191820   -0.00034482841755    0.05129663094376    0.03699133762402  
  4.440000    0.02047184742308    0.11085471636981    0.04923097152513    0.09170856409486   -0.00033851990666    0.05110912138086    0.03607079272237  
  4.450000    0.02019807871342    0.10966409130836    0.04887719087339    0.08969118533911   -0.00033241531141    0.05094840130372    0.03505107043247  
  4.460000    0.01992674356528    0.10847542253531    0.04852362951339    0.08768946771287   -0.00032650668679    0.05081010126738    0.03393814301814  
  4.470000    0.01965773034722    0.10728861169869    0.04816883520755    0.08570894341699   -0.00032078601030    0.05068967454524    0.03273909073556  
  4.480000    0.01939093836914    0.10610357566619    0.04781141064997    0.08375493867917   -0.00031524521142    0.05058244793927    0.03146201135523  
  4.490000    0.01912627850978    0.10492024813885    0.04745002785236    0.08183251986159   -0.00030987620242    0.05048367378322    0.03011591856005  
  4.500000    0.01886367373433    0.10373858107514    0.04708344178526    0.07994644235288   -0.00030467091000    0.05038858255999    0.02871063046692  
  4.510000    0.01860305949671    0.10255854591330    0.04671050313214    0.07810110277900   -0.00029962130758    0.05029243554982    0.02725664962533  
  4.520000    0.01834438402236    0.10138013458179    0.04633017002340    0.07630049503259   -0.00029471944767    0.05019057692776    0.02576503593576  
  4.530000    0.01808760846809    0.10020336028963    0.04594151862801    0.07454817057927   -0.00028995749420    0.05007848473691    0.02424727400341  
  4.540000    0.01783270695737    0.09902825809064    0.04554375249263    0.07284720345473   -0.00028532775426    0.04995182017891    0.02271513649720  
  4.550000    0.01757966649014    0.09785488521767    0.04513621053130    0.07120016031644   -0.00028082270896    0.04980647468308    0.02118054512037  
  4.560000    0.01732848672783    0.09668332118516    0.04471837358291    0.06960907586089   -0.00027643504316    0.04963861424251    0.01965543081607  
  4.570000    0.01707917965520    0.09551366766047    0.04428986946865    0.06807543386056   -0.00027215767363    0.04944472053718    0.01815159483042  
  4.580000    0.01683176912221    0.09434604810682    0.04385047649757    0.06660015401609   -0.00026798377537    0.04922162840100    0.01668057223508  
  4.590000    0.01658629026981    0.09318060720264    0.04340012538433    0.06518358475790   -0.00026390680588    0.04896655923199    0.01525349947298  
  4.600000    0.01634278884534    0.09201751004439    0.04293889956011    0.06382550206931   -0.00025992052701    0.04867714999041    0.01388098743493  
  4.610000    0.01610132041366    0.09085694114183    0.04246703387434    0.06252511434009   -0.00025601902425    0.04835147747968    0.01257300150115  
  4.620000    0.01586194947171    0.08969910321692    0.04198491170157    0.06128107319639   -0.00025219672325    0.04798807765805    0.01133874989258  
  4.630000    0.01562474847486    0.08854421581901    0.04149306048477    0.06009149019051   -0.00024844840334    0.04758595978420    0.01018658157239  
  4.640000    0.01538979678438    0.08739251377111    0.04099214576229    0.05895395917280   -0.00024476920797    0.04714461525790    0.00912389482004  
  4.650000    0.01515717954631    0.08624424546325    0.04048296374184    0.05786558410862   -0.00024115465204    0.04666402107564    0.00815705746980  
  4.660000    0.01492698651241    0.08509967101064    0.03996643249978    0.05682301204661   -0.00023760062587    0.04614463788050    0.00729133966459  
  4.670000    0.01469931081468    0.08395906029544    0.03944358189830    0.05582247089084   -0.00023410339600    0.04558740264563    0.00653085982608  
  4.680000    0.01447424770554    0.08282269091205    0.03891554232666    0.05485981157912   -0.00023065960265    0.04499371608928    0.00587854438444  
  4.690000    0.01425189327571    0.08169084603673    0.03838353238469    0.05393055422430   -0.00022726625406    0.04436542497742    0.00533610164871  
  4.700000    0.01403234316260    0.08056381224301    0.03784884563763    0.05302993773365   -0.00022392071764    0.04370479952559    0.00490401003237  
  4.710000    0.01381569126173    0.07944187728485    0.03731283658152    0.05215297238564   -0.00022062070812    0.04301450616521    0.00458152068128  
  4.720000    0.01360202845392    0.07832532786976    0.03677690596595    0.05129449481246   -0.00021736427290    0.04229757598978    0.00436667438369  
  4.730000    0.01339144136094    0.07721444744404    0.03624248562820    0.05044922481148   -0.00021414977466    0.04155736924314    0.00425633247712  
  4.740000    0.01318401114173    0.07610951401235    0.03571102299752    0.04961182339026   -0.00021097587155    0.04079753625445    0.00424622130643  
  4.750000    0.01297981234136    0.07501079801314    0.03518396543188    0.04877695143634   -0.00020784149520    0.04002197526278    0.00433098963232  
  4.760000    0.01277891180423    0.07391856027114    0.03466274455133    0.04793932839699   -0.00020474582669    0.03923478760698    0.00450427824325  
  4.770000    0.01258136766220    0.07283305004727    0.03414876073198    0.04709379035366   -0.00020168827090    0.03844023078445    0.00475880088587  
  4.780000    0.01238722840817    0.07175450320506    0.03364336792320    0.04623534688231   -0.00019866842951    0.03764266990444    0.00508643550306  
  4.790000    0.01219653206426    0.07068314051199    0.03314785894697    0.04535923610330   -0.00019568607290    0.03684652807787    0.00547832465462  
  4.800000    0.01200930545323    0.06961916609238    0.03266345143378    0.04446097734328   -0.00019274111132    0.03605623629591    0.00592498389529  
  4.810000    0.01182556358067    0.06856276604718    0.03219127454243    0.04353642085621   -0.00018983356570    0.03527618335378    0.00641641679939  
  4.820000    0.01164530913438    0.06751410725430    0.03173235660328    0.04258179408130   -0.00018696353837    0.03451066637445    0.00694223525128  
  4.830000    0.01146853210642    0.06647333636131    0.03128761381497    0.04159374395128   -0.00018413118404    0.03376384247863    0.00749178356756  
  4.840000    0.01129520954183    0.06544057898052    0.03085784011337    0.04056937480546   -0.00018133668137    0.03303968213389    0.00805426498010  
  4.850000    0.01112530541720    0.06441593909436    0.03044369831992    0.03950628150770   -0.00017858020551    0.03234192469555    0.00861886898994  
  4.860000    0.01095877065064    0.06339949867703    0.03004571266285    0.03840257741893   -0.00017586190181    0.03167403662690    0.00917489809972  
  4.870000    0.01079554324369    0.06239131753618    0.02966426275077    0.03725691692715   -0.00017318186105    0.03103917285559    0.00971189244824  
  4.880000    0.01063554855433    0.06139143337622    0.02929957906312    0.03606851229451   -0.00017054009648    0.03044014168736    0.01021975090261  
  4.890000    0.01047869969887    0.06039986208279    0.02895174000604    0.03483714463969   -0.00016793652293    0.02987937365826    0.01068884721291  
  4.900000    0.01032489807955    0.05941659822568    0.02862067056636    0.03356316893477   -0.00016537093809    0.02935889466223    0.01111013989897  
  4.910000    0.01017403403309    0.05844161577531    0.02830614257952    0.03224751295784   -0.00016284300639    0.02888030364307    0.01147527461920  
  4.920000    0.01002598759445    0.05747486902589    0.02800777661072    0.03089167020530   -0.00016035224542    0.02844475508908    0.01177667786529  
  4.930000    0.00988062936897    0.05651629371637    0.02772504543188    0.02949768683043   -0.00015789801517    0.02805294651500    0.01200764093421  
  4.940000    0.00973782150469    0.05556580833814    0.02745727906019    0.02806814273697   -0.00015547951011    0.02770511106103    0.01216239324721  
  4.950000    0.00959741875615    0.05462331561696    0.02720367130826    0.02660612701708   -0.00015309575433    0.02740101528151    0.01223616421503  
  4.960000    0.00945926962941    0.05368870415449    0.02696328777970    0.02511520798201   -0.00015074559955    0.02713996213908    0.01222523298590  
  4.970000    0.00932321759790    0.05276185021367    0.02673507522931    0.02359939808989   -0.00014842772618    0.02692079916264    0.01212696555779  
  4.980000    0.00918910237740    0.05184261963030    0.02651787219262    0.02206311412840   -0.00014614064741    0.02674193167037    0.01193983888644  
  4.990000    0.00905676124812    0.05093086983233    0.02631042077646    0.02051113305970   -0.00014388271603    0.02660134090398    0.01166345177422  
  5.000000    0.00892603041147    0.05002645194702    0.02611137948984    0.01894854398007   -0.00014165213425    0.02649660686613    0.01129852248044  
  5.010000    0.00879674636829    0.04912921297548    0.02591933698391    0.01738069668780   -0.00013944696602    0.02642493560190    0.01084687314889  
  5.020000    0.00866874730552    0.04823899801310    0.02573282655981    0.01581314738844   -0.00013726515194    0.02638319061634    0.01031140130202  
  5.030000    0.00854187447790    0.04735565249434    0.02555034129537    0.01425160209670   -0.00013510452643    0.02636792807540    0.00969603880110  
  5.040000    0.00841597357127    0.04647902443959    0.02537034963488    0.01270185831910   -0.00013296283703    0.02637543539638    0.00900569881605  
  5.050000    0.00829089603435    0.04560896668210    0.02519131128126    0.01116974561992   -0.00013083776548    0.02640177279717    0.00824621148650  
  5.060000    0.00816650036584    0.04474533905302    0.02501169322642    0.00966106568531   -0.00012872695047    0.02644281734183    0.00742424908438  
  5.070000    0.00804265334437    0.04388801050286    0.02482998575412    0.00818153250693   -0.00012662801154    0.02649430899309    0.00654724160760  
  5.080000    0.00791923118902    0.04303686113838    0.02464471824952    0.00673671330569   -0.00012453857415    0.02655189816094    0.00562328384172  
  5.090000    0.00779612063901    0.04219178415463    0.02445447465129    0.00533197081013   -0.00012245629527    0.02661119422077    0.00466103502208  
  5.100000    0.00767321994157    0.04135268764269    0.02425790838567    0.00397240749053   -0.00012037888941    0.02666781446421    0.00366961230989  
  5.110000    0.00755043973827    0.04051949625515    0.02405375662681    0.00266281233120   -0.00011830415472    0.02671743294210    0.00265847936320  
  5.120000    0.00742770384046    0.03969215271212    0.02384085373424    0.00140761069803   -0.00011622999871    0.02675582866028    0.00163733133526  
  5.130000    0.00730494988595    0.03887061913278    0.02361814372680    0.00021081782772   -0.00011415446344    0.02677893259684    0.00061597766914  
  5.140000    0.00718212986993    0.03805487817826    0.02338469166153   -0.00092400357118   -0.00011207574974    0.02678287302292   -0.00039577592286  
  5.150000    0.00705921054432    0.03724493399415    0.02313969379739   -0.00199378115647   -0.00010999224021    0.02676401862796   -0.00138824490232  
  5.160000    0.00693617368089    0.03644081294232    0.02288248643554   -0.00299596582679   -0.00010790252074    0.02671901897506   -0.00235198139037  
  5.170000    0.00681301619505    0.03564256411389    0.02261255334138   -0.00392855927954   -0.00010580540015    0.02664484184151   -0.00327788634448  
  5.180000    0.00668975012801    0.03485025961717    0.02232953166787   -0.00479013595300   -0.00010369992781    0.02653880703423   -0.00415731711870  
  5.190000    0.00656640248683    0.03406399463655    0.02203321631461   -0.00557985911041   -0.00010158540904    0.02639861630842   -0.00498218915938  
  5.200000    0.00644301494297    0.03328388726043    0.02172356267312   -0.00629749088312   -0.00009946141789    0.02622237906095   -0.00574507066133  
  5.210000    0.00631964339122    0.03251007807838    0.02140068772512   -0.00694339615137   -0.00009732780734    0.02600863351610   -0.00643926909666  
  5.220000    0.00619635737241    0.03174272954995    0.02106486947698   -0.00751854020375   -0.00009518471665    0.02575636317089   -0.00705890862749  
  5.230000    0.00607323936448    0.03098202514979    0.02071654473095   -0.00802448018001   -0.00009303257574    0.02546500831914   -0.00759899752422  
  5.240000    0.00595038394767    0.03022816829547    0.02035630521009   -0.00846335036511   -0.00009087210659    0.02513447252699   -0.00805548483104  
  5.250000    0.00582789685105    0.02948138106689    0.01998489207096   -0.00883784146535   -0.00008870432151    0.02476512398820   -0.00842530564912  
  5.260000    0.00570589388832    0.02874190272778    0.01960318885448   -0.00915117405891   -0.00008653051835    0.02435779174284   -0.00870641454315  
  5.270000    0.00558449979247    0.02800998806180    0.01921221294116   -0.00940706647296   -0.00008435227264    0.02391375679967   -0.00889780671753  
  5.280000    0.00546384695919    0.02728590553743    0.01881310559235   -0.00960969739679   -0.00008217142664    0.02343473825722   -0.00899952675308  
  5.290000    0.00534407411050    0.02656993531746    0.01840712067364   -0.00976366359444   -0.00007999007552    0.02292287457390   -0.00901266484101  
  5.300000    0.00522532489021    0.02586236713033    0.01799561217001   -0.00987393313131   -0.00007781055069    0.02238070018930   -0.00893934059747  
  5.310000    0.00510774640415    0.02516349802195    0.01758002061477   -0.00994579457533   -0.00007563540048    0.02181111775020   -0.00878267468704  
  5.320000    0.00499148771801    0.02447363000756    0.01716185856574   -0.00998480267573   -0.00007346736831    0.02121736624181   -0.00854674862529  
  5.330000    0.00487669832667    0.02379306764437    0.01674269527175   -0.00999672105895   -0.00007130936859    0.02060298536978   -0.00823655326737  
  5.340000    0.00476352660888    0.02312211554618    0.01632414068132   -0.00998746251300   -0.00006916446059    0.01997177657862   -0.00785792662067  
  5.350000    0.00465211828136    0.02246107586202    0.01590782895211   -0.00996302745759   -0.00006703582056    0.01932776112913   -0.00741748174199  
  5.360000    0.00454261486655    0.02181024574083    0.01549540162527   -0.00992944121689   -0.00006492671229    0.01867513568877   -0.00692252559365  
  5.370000    0.00443515218820    0.02116991480458    0.01508849063239   -0.00989269072588   -0.00006284045652    0.01801822591613   -0.00638096983563  
  5.380000    0.00432985890853    0.02054036265185    0.01468870130481   -0.00985866130820   -0.00006078039945    0.01736143854214   -0.00580123462263  
  5.390000    0.00422685512060    0.01992185641365    0.01429759555546   -0.00983307416479   -0.00005874988067    0.01670921246676   -0.00519214655326  
  5.400000    0.00412625100889    0.01931464838242    0.01391667540172   -0.00982142520655   -0.00005675220088    0.01606596940050   -0.00456283198404  
  5.410000    0.00402814559039    0.01871897373425    0.01354736699444   -0.00982892585269   -0.00005479058971    0.01543606458477   -0.00392260697146  
  5.420000    0.00393262554787    0.01813504836297    0.01319100531364   -0.00986044639755   -0.00005286817392    0.01482373812358   -0.00328086514176  
  5.430000    0.00383976416577    0.01756306684300    0.01284881968380   -0.00992046252384   -0.00005098794643    0.01423306745239   -0.00264696480893  
  5.440000    0.00374962037811    0.01700320053563    0.01252192025353   -0.01001300550907   -0.00004915273637    0.01366792145640   -0.00203011666723  
  5.450000    0.00366223793648    0.01645559585038    0.01221128557314   -0.01014161663371   -0.00004736518052    0.01313191673149   -0.00143927337494  
  5.460000    0.00357764470426    0.01592037266988    0.01191775139122   -0.01030930625570   -0.00004562769644    0.01262837645617   -0.00088302232128  
  5.470000    0.00349585208149    0.01539762294185    0.01164200077610   -0.01051851796375   -0.00004394245744    0.01216029231135   -0.00036948282881  
  5.480000    0.00341685456234    0.01488740943649    0.01138455565066   -0.01077109816343   -0.00004231136975    0.01173028984738    0.00009379101092  
  5.490000    0.00334062942412    0.01438976466092    0.01114576980852   -0.01106827138128   -0.00004073605203    0.01134059765409    0.00049990073974  
  5.500000    0.00326713654365    0.01390468991395    0.01092582345611   -0.01141062149413   -0.00003921781731    0.01099302063778    0.00084268612868  
  5.510000    0.00319631833257    0.01343215445503    0.01072471929738   -0.01179807899950   -0.00003775765753    0.01068891765073    0.00111679902198  
  5.520000    0.00312809977813    0.01297209474989    0.01054228014575   -0.01222991433552   -0.00003635623072    0.01042918364982    0.00131776760071  
  5.530000    0.00306238857066    0.01252441374297    0.01037814801042   -0.01270473713317   -0.00003501385068    0.01021423648268    0.00144205037345  
  5.540000    0.00299907529204    0.01208898009321    0.01023178456053   -0.01322050113343   -0.00003373047924    0.01004400830768    0.00148707936030  
  5.550000    0.00293803363239    0.01166562729617    0.01010247282060   -0.01377451432604   -0.00003250572074    0.00991794154895    0.00145129212343  
  5.560000    0.00287912059434    0.01125415260328    0.00998931989477   -0.01436345366136   -0.00003133881856    0.00983498916566    0.00133415251764  
  5.570000    0.00282217663640    0.01085431563954    0.00989126045617   -0.01498338345268   -0.00003022865338    0.00979361887714    0.00113616029361  
  5.580000    0.00276702570049    0.01046583661795    0.00980706067465   -0.01562977633106   -0.00002917374261    0.00979182083276    0.00085884998966  
  5.590000    0.00271347506341    0.01008839405424    0.00973532219609   -0.01629753534927   -0.00002817224062    0.00982711805388    0.00050477989394  
  5.600000    0.00266131495167    0.00972162190495    0.00967448573779   -0.01698101558358   -0.00002722193925    0.00989657881418    0.00007751224266  
  5.610000    0.00261031786397    0.00936510608799    0.00962283383860   -0.01767404338888   -0.00002632026795    0.00999682998342   -0.00041841377794  
  5.620000    0.00256023755992    0.00901838040455    0.00957849231573   -0.01836993138142   -0.00002546429326    0.01012407026330   -0.00097751427160  
  5.630000    0.00251080769904    0.00868092196623    0.00953943005213   -0.01906148732813   -0.00002465071732    0.01027408223136   -0.00159339584269  
  5.640000    0.00246174015479    0.00835214634687    0.00950345689199   -0.01974101549997   -0.00002387587535    0.01044224222471   -0.00225879133708  
  5.650000    0.00241272308625    0.00803140282360    0.00946821968077   -0.02040030979973   -0.00002313573264    0.01062352739588   -0.00296559374960  
  5.660000    0.00236341892664    0.00771797024401    0.00943119687159   -0.02103063919507   -0.00002242588199    0.01081251981314   -0.00370488637612  
  5.670000    0.00231346254323    0.00741105424837    0.00938969264509   -0.02162272775082   -0.00002174154353    0.01100340830772   -0.00446696821329  
  5.680000    0.00226245993360    0.00710978677387    0.00934083215410   -0.02216673388747   -0.00002107756942    0.01118998991914   -0.00524137512331  
  5.690000    0.00220998794228    0.00681322895183    0.00928156028557   -0.02265223634699   -0.00002042845738    0.01136567425126   -0.00601689944375  
  5.700000    0.00215559559801    0.00652037865202    0.00920864717862   -0.02306823756899   -0.00001978837774    0.01152349576435   -0.00678161351179  
  5.710000    0.00209880776950    0.00623018399765    0.00911870456298   -0.02340319848290   -0.00001915121978    0.01165614086053   -0.00752290585124  
  5.720000    0.00203913189579    0.00594156413428    0.00900821766395   -0.02364512167223   -0.00001851066398    0.01175599835692   -0.00822754224969  
  5.730000    0.00197606854308    0.00565343834762    0.00887359780003   -0.02378170189122   -0.00001786028677    0.01181524328264   -0.00888176717675  
  5.740000    0.00190912644750    0.00536476425831    0.00871126069798   -0.02380056333112   -0.00001719370419    0.01182596451196   -0.00947146334477  
  5.750000    0.00183784250151    0.00507458525210    0.00851773478225   -0.02368960112132   -0.00001650475926    0.01178034614660   -0.00998238794860  
  5.760000    0.00176180681308    0.00478208652859    0.00828980210142   -0.02343743965239   -0.00001578775540    0.01167091038926   -0.01040050246143  
  5.770000    0.00168069250839    0.00448665818866    0.00802467203282   -0.02303401196153   -0.00001503773436    0.01149082560048   -0.01071240810662  
  5.780000    0.00159428937076    0.00418796267919    0.00772018445610   -0.02247125250753   -0.00001425079206    0.01123427716512   -0.01090589080342  
  5.790000    0.00150253974412    0.00388600275375    0.00737503483791   -0.02174388055282   -0.00001342441989    0.01089689083637   -0.01097056743232  
  5.800000    0.00140557443132    0.00358118500207    0.00698900891586   -0.02085023402891   -0.00001255785187    0.01047618882696   -0.01089861017295  
  5.810000    0.00130374566107    0.00327437308689    0.00656320986788   -0.01979309579380   -0.00001165239213    0.00997204889896   -0.01068550858274  
  5.820000    0.00119765367514    0.00296692425584    0.00610025661046   -0.01858043778094   -0.00001071169080    0.00938712723546   -0.01033081183440  
  5.830000    0.00108816319737    0.00266070261935    0.00560442889069   -0.01722599629325   -0.00000974193332    0.00872719840164   -0.00983877851555  
  5.840000    0.00097640608529    0.00235806323124    0.00508173384669   -0.01574958633729   -0.00000875190675    0.00800136177436   -0.00921885136171  
  5.850000    0.00086376690855    0.00206180225868    0.00453987034510   -0.01417706688623   -0.00000775291011    0.00722206489806   -0.00848587197141  
  5.860000    0.00075184908849    0.00177507050105    0.00398807209373   -0.01253988405637   -0.00000675848265    0.00640490141281   -0.00765995820021  
  5.870000    0.00064242056152    0.00150125014567    0.00343681838180   -0.01087414598468   -0.00000578393630    0.00556815498445   -0.00676598585334  
  5.880000    0.00053733962986    0.00124379777370    0.00289741201976   -0.00921922080516   -0.00000484569381    0.00473208070201   -0.00583264641692  
  5.890000    0.00043846360974    0.00100606000483    0.00238143688335   -0.00761589496246   -0.00000396045336    0.00391794038856   -0.00489109213360  
  5.900000    0.00034754489499    0.00079107147328    0.00190012122921   -0.00610417896506   -0.00000314422007    0.00314683593975   -0.00397322525930  
  5.910000    0.00026612090314    0.00060134769364    0.00146364612310   -0.00472089606501   -0.00000241126394    0.00243841211671   -0.00310973484696  
  5.920000    0.00019540582173    0.00043868743501    0.00108044921445   -0.00349723004723   -0.00000177307922    0.00180952366931   -0.00232802592232  
  5.930000    0.00013619290439    0.00030400014765    0.00075658105886   -0.00245643521285   -0.00000123742988    0.00127297773925   -0.00165021626970  
  5.940000    0.00008877610402    0.00019717354315    0.00049517287839   -0.00161191964827   -0.00000080756797    0.00083646819402   -0.00109138977432  
  5.950000    0.00005289897886    0.00011699451282    0.00029607022915   -0.00096589876860   -0.00000048170453    0.00050181190785   -0.00065828857515  
  5.960000    0.00002773707065    0.00006113323721    0.00015567639009   -0.00050877926743   -0.00000025279671    0.00026457751767   -0.00034859780698  
  5.970000    0.00001191744711    0.00002619581782    0.00006703306848   -0.00021937628253   -0.00000010869087    0.00011416600157   -0.00015092800320  
  5.980000    0.00000357604239    0.00000784543261    0.00002014568408   -0.00006599397121   -0.00000003263090    0.00003436238300   -0.00004553579186  
  5.990000    0.00000045012260    0.00000098638012    0.00000253813107   -0.00000831932850   -0.00000000410855    0.00000433317992   -0.00000575036522  
  6.000000    0.00000000000000    0.00000000000000   -0.00000000000000    0.00000000000000   -0.00000000000000    0.00000000000000    0.00000000000000  
