  0.000000   -0.39236495140082    0.08090124054963    0.00000000000000    0.00000000000000    0.00000000000000  
  0.010000   -0.39240537811616    0.08078032699925    0.00739206074560    0.00207541908021   -0.00075570698975  
  0.020000   -0.39252664599902    0.08041798049597    0.01477298274085    0.00416260922143   -0.00302128016756  
  0.030000   -0.39272871809095    0.07981538099260    0.02213170468853    0.00627327104007   -0.00679208239785  
  0.040000   -0.39301153223275    0.07897448679354    0.02945731956109    0.00841896476428   -0.01206040586239  
  0.050000   -0.39337500022747    0.07789802219594    0.03673915014979    0.01061104128799   -0.01881550298062  
  0.060000   -0.39381900668033    0.07658946031975    0.04396682272603    0.01286057471142   -0.02704362931781  
  0.070000   -0.39434340752664    0.07505300125793    0.05113033821141    0.01517829684477   -0.03672809810557  
  0.080000   -0.39494802826235    0.07329354571349    0.05822014027382    0.01757453413583   -0.04784934589868  
  0.090000   -0.39563266189479    0.07131666432460    0.06522717979409    0.02005914746277   -0.06038500879704  
  0.100000   -0.39639706663356    0.06912856291135    0.07214297517821    0.02264147521003   -0.07431000857212  
  0.110000   -0.39724096334478    0.06673604390857    0.07895966802665    0.02533028001881   -0.08959664795484  
  0.120000   -0.39816403279378    0.06414646427767    0.08567007371157    0.02813369957410   -0.10621471426764  
  0.130000   -0.39916591270394    0.06136769021671    0.09226772645700    0.03105920175763   -0.12413159051744  
  0.140000   -0.40024619466106    0.05840804901116    0.09874691856393    0.03411354446100   -0.14331237301002  
  0.150000   -0.40140442089470    0.05527627838901    0.10510273347253    0.03730274031612   -0.16371999449982  
  0.160000   -0.40264008096900    0.05198147376134    0.11133107240664    0.04063202656053   -0.18531535185304  
  0.170000   -0.40395260841701    0.04853303374443    0.11742867440038    0.04410584021459   -0.20805743717727  
  0.180000   -0.40534137735318    0.04494060437072    0.12339312956336    0.04772779870499   -0.23190347135633  
  0.190000   -0.40680569909950    0.04121402240460    0.12922288549846    0.05150068602641   -0.25680903892672  
  0.200000   -0.40834481886067    0.03736325818332    0.13491724684466    0.05542644448906   -0.28272822324048  
  0.210000   -0.40995791248419    0.03339835840514    0.14047636797537    0.05950617205656   -0.30961374087927  
  0.220000   -0.41164408334029    0.02932938928499    0.14590123894099    0.06374012523467   -0.33741707431503  
  0.230000   -0.41340235935657    0.02516638049221    0.15119366480118    0.06812772742877   -0.36608860185456  
  0.240000   -0.41523169024084    0.02091927027693    0.15635623854814    0.07266758264554   -0.39557772395670  
  0.250000   -0.41713094492456    0.01659785217926    0.16139230787566    0.07735749437411   -0.42583298507281  
  0.260000   -0.41909890925797    0.01221172370113    0.16630593610020    0.08219448944232   -0.45680219023130  
  0.270000   -0.42113428398575    0.00777023730206    0.17110185758863    0.08717484660699   -0.48843251566630  
  0.280000   -0.42323568303052    0.00328245406017    0.17578542809266    0.09229412960207   -0.52067061287665  
  0.290000   -0.42540163210887   -0.00124289968450    0.18036257043149    0.09754722433636   -0.55346270559428  
  0.300000   -0.42763056770222   -0.00579747241222    0.18483971600190    0.10292837990279   -0.58675467923964  
  0.310000   -0.42992083640225   -0.01037332396792    0.18922374262859    0.10843125303519   -0.62049216254454  
  0.320000   -0.43227069464761   -0.01496295833381    0.19352190929585    0.11404895562493   -0.65462060112923  
  0.330000   -0.43467830886564   -0.01955935242838    0.19774178832628    0.11977410489037   -0.68908532292900  
  0.340000   -0.43714175602991   -0.02415598076273    0.20189119559062    0.12559887577582   -0.72383159547495  
  0.350000   -0.43965902464088   -0.02874683581988    0.20597811934696    0.13151505514419   -0.75880467514341  
  0.360000   -0.44222801613387   -0.03332644405753    0.21001064831596    0.13751409731913   -0.79394984859597  
  0.370000   -0.44484654671523   -0.03788987747072    0.21399689960193    0.14358718052729   -0.82921246673818  
  0.380000   -0.44751234962416   -0.04243276068674    0.21794494706753    0.14972526379060   -0.86453797162619  
  0.390000   -0.45022307781422   -0.04695127360070    0.22186275076257    0.15591914382128   -0.89987191684810  
  0.400000   -0.45297630704573   -0.05144214959580    0.22575808799454    0.16215951147887   -0.93515998199724  
  0.410000   -0.45576953937634   -0.05590266942745    0.22963848661120    0.16843700735881   -0.97034798193919  
  0.420000   -0.45860020703468   -0.06033065088432    0.23351116104264    0.17474227609616   -1.00538187164981  
  0.430000   -0.46146567665846   -0.06472443437275    0.23738295162335    0.18106601898498   -1.04020774746942  
  0.440000   -0.46436325387586   -0.06908286460181    0.24126026768311    0.18739904453493   -1.07477184567532  
  0.450000   -0.46729018820627   -0.07340526857684    0.24514903485967    0.19373231660945   -1.10902053932244  
  0.460000   -0.47024367825400   -0.07769143013623    0.24905464704705    0.20005699981699   -1.14290033433813  
  0.470000   -0.47322087716625   -0.08194156129272    0.25298192335014    0.20636450185487   -1.17635786588179  
  0.480000   -0.47621889832483   -0.08615627066301    0.25693507037055    0.21264651253701   -1.20933989599339  
  0.490000   -0.47923482123903   -0.09033652929075    0.26091765010031    0.21889503926952   -1.24179331355561  
  0.500000   -0.48226569760577   -0.09448363418546    0.26493255364928    0.22510243877296   -1.27366513758320  
  0.510000   -0.48530855750182   -0.09859916991567    0.26898198098007    0.23126144488605   -1.30490252482969  
  0.520000   -0.48836041567204   -0.10268496860616    0.27306742677080    0.23736519232264   -1.33545278266602  
  0.530000   -0.49141827787673   -0.10674306869879    0.27718967247192    0.24340723629153   -1.36526338813819  
  0.540000   -0.49447914726101   -0.11077567284231    0.28134878456889    0.24938156792647   -1.39428201405216  
  0.550000   -0.49754003070907   -0.11478510527946    0.28554411900848    0.25528262551177   -1.42245656286428  
  0.560000   -0.50059794514616   -0.11877376909967    0.28977433169314    0.26110530152655   -1.44973520907537  
  0.570000   -0.50364992375209   -0.12274410372221    0.29403739489577    0.26684494556716   -1.47606645073644  
  0.580000   -0.50669302205034   -0.12669854296853    0.29833061939650    0.27249736324363   -1.50139917057529  
  0.590000   -0.50972432383854   -0.13063947407317    0.30265068209520    0.27805881117990   -1.52568270714666  
  0.600000   -0.51274094692698   -0.13456919797046    0.30699365880714    0.28352598828072   -1.54886693629458  
  0.610000   -0.51574004865358   -0.13848989117955    0.31135506190682    0.28889602345883   -1.57090236309658  
  0.620000   -0.51871883114585   -0.14240356959260    0.31572988244486    0.29416646004477   -1.59174022433481  
  0.630000   -0.52167454630208   -0.14631205445135    0.32011263632739    0.29933523712767   -1.61133260141179  
  0.640000   -0.52460450046658   -0.15021694077497    0.32449741411502    0.30440066809926   -1.62963254349859  
  0.650000   -0.52750605877622   -0.15411956847829    0.32887793397066    0.30936141669375   -1.64659420057259  
  0.660000   -0.53037664915805   -0.15802099639315    0.33324759726219    0.31421647083427   -1.66217296587145  
  0.670000   -0.53321376596081   -0.16192197937868    0.33759954630693    0.31896511461084   -1.67632562716179  
  0.680000   -0.53601497320580   -0.16582294867710    0.34192672373075    0.32360689872646   -1.68901052609479  
  0.690000   -0.53877790744576   -0.16972399564216    0.34622193290563    0.32814160975579   -1.70018772480060  
  0.700000   -0.54150028022346   -0.17362485893648    0.35047789892460    0.33256923856578   -1.70981917875707  
  0.710000   -0.54417988012472   -0.17752491526316    0.35468732957380    0.33688994824871   -1.71786891486007  
  0.720000   -0.54681457442377   -0.18142317366562    0.35884297576667    0.34110404191645   -1.72430321352165  
  0.730000   -0.54940231032211   -0.18531827339817    0.36293769091488    0.34521193069913   -1.72909079353067  
  0.740000   -0.55194111578474   -0.18920848533925    0.36696448872605    0.34921410228337   -1.73220299832917  
  0.750000   -0.55442909998114   -0.19309171688839    0.37091659893649    0.35311109031321   -1.73361398228697  
  0.760000   -0.55686445334077   -0.19696552025860    0.37478752051152    0.35690344496292   -1.73330089549865  
  0.770000   -0.55924544723621   -0.20082710404755    0.37857107187243    0.36059170497318   -1.73124406558113  
  0.780000   -0.56157043330921   -0.20467334794346    0.38226143774096    0.36417637142258   -1.72742717491709  
  0.790000   -0.56383784245794   -0.20850082039622    0.38585321222622    0.36765788348398   -1.72183743177079  
  0.800000   -0.56604618350556   -0.21230579906025    0.38934143781676    0.37103659639119   -1.71446573369784  
  0.810000   -0.56819404157286   -0.21608429379400    0.39272163998080    0.37431276181488   -1.70530682167983  
  0.820000   -0.57028007617931   -0.21983207198081    0.39598985712019    0.37748651081907   -1.69435942343882  
  0.830000   -0.57230301909868   -0.22354468591881    0.39914266566826    0.38055783954030   -1.68162638442477  
  0.840000   -0.57426167199686   -0.22721750201205    0.40217720016750    0.38352659770126   -1.66711478502172  
  0.850000   -0.57615490388078   -0.23084573148294    0.40509116821052    0.38639248003999   -1.65083604258487  
  0.860000   -0.57798164838812   -0.23442446231564    0.40788286017494    0.38915502070404   -1.63280599700066  
  0.870000   -0.57974090094830   -0.23794869213331    0.41055115373086    0.39181359062769   -1.61304497855504  
  0.880000   -0.58143171584575   -0.24141336170712    0.41309551314749    0.39436739787894   -1.59157785700006  
  0.890000   -0.58305320321642   -0.24481338879335    0.41551598347160    0.39681549093214   -1.56843407082562  
  0.900000   -0.58460452600848   -0.24814370199574    0.41781317969715    0.39915676479188   -1.54364763587038  
  0.910000   -0.58608489693782   -0.25139927435379    0.41998827108884    0.40138996986485   -1.51725713254257  
  0.920000   -0.58749357546827   -0.25457515636387    0.42204296086506    0.40351372344865   -1.48930567106611  
  0.930000   -0.58882986484545   -0.25766650814887    0.42397946148564    0.40552652368032   -1.45984083432039  
  0.940000   -0.59009310921243   -0.26066863050309    0.42580046582676    0.40742676576294   -1.42891459799946  
  0.950000   -0.59128269083346   -0.26357699455276    0.42750911456034    0.40921276026651   -1.39658322798002  
  0.960000   -0.59239802745092   -0.26638726978802    0.42910896008559    0.41088275327921   -1.36290715495290  
  0.970000   -0.59343856979868   -0.26909535024015    0.43060392738852    0.41243494816735   -1.32795082654121  
  0.980000   -0.59440379929311   -0.27169737859701    0.43199827222865    0.41386752868738   -1.29178253729620  
  0.990000   -0.59529322592089   -0.27418976807106    0.43329653707214    0.41517868318092   -1.25447423712921  
  1.000000   -0.59610638634050   -0.27656922185678    0.43450350520647    0.41636662957403   -1.21610131890290  
  1.010000   -0.59684284221193   -0.27883275003806    0.43562415348301    0.41742964089534   -1.17674238606540  
  1.020000   -0.59750217876670   -0.28097768383111    0.43666360414162    0.41836607102365   -1.13647900136687  
  1.030000   -0.59808400362751   -0.28300168707365    0.43762707617407    0.41917438037490   -1.09539541784636  
  1.040000   -0.59858794588459   -0.28490276489755    0.43851983668197    0.41985316124012   -1.05357829341775  
  1.050000   -0.59901365543295   -0.28667926954814    0.43934715267952    0.42040116249101   -1.01111639051526  
  1.060000   -0.59936080257199   -0.28832990333994    0.44011424378155    0.42081731337734   -0.96810026237997  
  1.070000   -0.59962907786675   -0.28985371876459    0.44082623620395    0.42110074615073   -0.92462192767862  
  1.080000   -0.59981819226687   -0.29125011579267    0.44148811848591    0.42125081726233   -0.88077453524357  
  1.090000   -0.59992787747737   -0.29251883643585    0.44210469932250    0.42126712689707   -0.83665202080640  
  1.100000   -0.59995788657271   -0.29365995666039    0.44268056787136    0.42114953662520   -0.79234875766832  
  1.110000   -0.59990799484300   -0.29467387576563    0.44322005686993    0.42089818497098   -0.74795920330557  
  1.120000   -0.59977800085965   -0.29556130336308    0.44372720886879    0.42051350072052   -0.70357754394857  
  1.130000   -0.59956772774492   -0.29632324411217    0.44420574585386    0.41999621381364   -0.65929733919859  
  1.140000   -0.59927702462872   -0.29696098038689    0.44465904249488    0.41934736368947   -0.61521116875452  
  1.150000   -0.59890576827354   -0.29747605306467    0.44509010322053    0.41856830498114   -0.57141028331618  
  1.160000   -0.59845386484746   -0.29787024064376    0.44550154328169    0.41766071048198   -0.52798426170784  
  1.170000   -0.59792125182345   -0.29814553690775    0.44589557392512    0.41662657133257   -0.48502067622799  
  1.180000   -0.59730789998233   -0.29830412736698    0.44627399175885    0.41546819440613   -0.44260476817805  
  1.190000   -0.59661381549565   -0.29834836471461    0.44663817235041    0.41418819689736   -0.40081913545489  
  1.200000   -0.59583904206411   -0.29828074354133    0.44698906805771    0.41278949814749   -0.35974343400972  
  1.210000   -0.59498366308694   -0.29810387455653    0.44732721005272    0.41127530876567   -0.31945409488032  
  1.220000   -0.59404780383697   -0.29782045856491    0.44765271445830    0.40964911713318   -0.28002405839512  
  1.230000   -0.59303163361659   -0.29743326044694    0.44796529248048    0.40791467340263   -0.24152252702746  
  1.240000   -0.59193536786986   -0.29694508338802    0.44826426438165    0.40607597112849   -0.20401473824751  
  1.250000   -0.59075927022630   -0.29635874359590    0.44854857710561    0.40413722668856   -0.16756175857854  
  1.260000   -0.58950365445303   -0.29567704573826    0.44881682533235    0.40210285667668   -0.13222029991531  
  1.270000   -0.58816888629229   -0.29490275932258    0.44906727571086    0.39997745346713   -0.09804255900616  
  1.280000   -0.58675538516295   -0.29403859622870    0.44929789399029    0.39776575916789   -0.06507608083786  
  1.290000   -0.58526362570546   -0.29308718959093    0.44950637474588    0.39547263819566   -0.03336364649600  
  1.300000   -0.58369413915151   -0.29205107421137    0.44969017337457    0.39310304871811   -0.00294318590344  
  1.310000   -0.58204751450101   -0.29093266866914    0.44984654001726    0.39066201321958    0.02615228433200  
  1.320000   -0.58032439949093   -0.28973425927216    0.44997255505068    0.38815458845415    0.05389469790167  
  1.330000   -0.57852550134223   -0.28845798597876    0.45006516578061    0.38558583505562    0.08026095072379  
  1.340000   -0.57665158727339   -0.28710583039581    0.45012122396131    0.38296078707651    0.10523288809508  
  1.350000   -0.57470348477070   -0.28567960593912    0.45013752376267    0.38028442172856    0.12879726751120  
  1.360000   -0.57268208160807   -0.28418095022002    0.45011083980659    0.37756162959433    0.15094569776075  
  1.370000   -0.57058832561090   -0.28261131969969    0.45003796489840    0.37479718557509    0.17167455505017  
  1.380000   -0.56842322416115   -0.28097198663065    0.44991574708615    0.37199572083181    0.19098487706329  
  1.390000   -0.56618784344250   -0.27926403828251    0.44974112569227    0.36916169596686    0.20888223599546  
  1.400000   -0.56388330742731   -0.27748837842692    0.44951116597552    0.36629937568106    0.22537659173005  
  1.410000   -0.56151079660865   -0.27564573103498    0.44922309209965    0.36341280512668    0.24048212644126  
  1.420000   -0.55907154648327   -0.27373664611973    0.44887431810458    0.36050578816021    0.25421706201281  
  1.430000   -0.55656684579313   -0.27176150763573    0.44846247660002    0.35758186768039    0.26660346175459  
  1.440000   -0.55399803453535   -0.26972054332911    0.44798544492632    0.35464430821691    0.27766701797984  
  1.450000   -0.55136650175197   -0.26761383641315    0.44744136855586    0.35169608091371    0.28743682707215  
  1.460000   -0.54867368311301   -0.26544133892823    0.44682868153742    0.34873985102791    0.29594515372490  
  1.470000   -0.54592105830765   -0.26320288662966    0.44614612381792    0.34577796804158    0.30322718607499  
  1.480000   -0.54311014826001   -0.26089821523363    0.44539275530821    0.34281245845913    0.30932078347806  
  1.490000   -0.54024251218710   -0.25852697783971    0.44456796659330    0.33984502133754    0.31426621868365  
  1.500000   -0.53731974451781   -0.25608876333853    0.44367148622171    0.33687702657158    0.31810591616609  
  1.510000   -0.53434347169281   -0.25358311560535    0.44270338454316    0.33390951593038    0.32088418835074  
  1.520000   -0.53131534886567   -0.25100955327411    0.44166407409795    0.33094320681631    0.32264697144560  
  1.530000   -0.52823705652647   -0.24836758988273    0.44055430659592    0.32797849869247    0.32344156254577  
  1.540000   -0.52511029706937   -0.24565675417839    0.43937516655577    0.32501548210046    0.32331635962409  
  1.550000   -0.52193679132571   -0.24287661037175    0.43812806170798    0.32205395016696    0.32232060595459  
  1.560000   -0.51871827508445   -0.24002677813100    0.43681471029541    0.31909341247542    0.32050414043911  
  1.570000   -0.51545649562124   -0.23710695211097    0.43543712543500    0.31613311115784    0.31791715522004  
  1.580000   -0.51215320825743   -0.23411692081831    0.43399759673120    0.31317203904274    0.31460996186694  
  1.590000   -0.50881017296927   -0.23105658462184    0.43249866935704    0.31020895967716    0.31063276732069  
  1.600000   -0.50542915106732   -0.22792597272678    0.43094312084149    0.30724242902485    0.30603546066826  
  1.610000   -0.50201190196480   -0.22472525894277    0.42933393582201    0.30427081862891    0.30086741170498  
  1.620000   -0.49856018005269   -0.22145477608859    0.42767427903840    0.30129234001517    0.29517728211966  
  1.630000   -0.49507573169829   -0.21811502889069    0.42596746685876    0.29830507010316    0.28901285001364  
  1.640000   -0.49156029238237   -0.21470670524818    0.42421693763988    0.29530697738399    0.28242084833767  
  1.650000   -0.48801558398889   -0.21123068575359    0.42242622123232    0.29229594861961    0.27544681770234  
  1.660000   -0.48444331225947   -0.20768805137614    0.42059890794626    0.28926981581524    0.26813497388978  
  1.670000   -0.48084516442330   -0.20408008923289    0.41873861729547    0.28622638321647    0.26052809026692  
  1.680000   -0.47722280701135   -0.20040829639165    0.41684896683616    0.28316345408457    0.25266739517617  
  1.690000   -0.47357788386229   -0.19667438166933    0.41493354141282    0.28007885700824    0.24459248425759  
  1.700000   -0.46991201432523   -0.19288026540847    0.41299586311567    0.27697047151630    0.23634124753923  
  1.710000   -0.46622679166311   -0.18902807723458    0.41103936224433    0.27383625276505    0.22794981102065  
  1.720000   -0.46252378165843   -0.18512015181624    0.40906734955873    0.27067425508480    0.21945249236859  
  1.730000   -0.45880452142133   -0.18115902266890    0.40708299008257    0.26748265418296    0.21088177024469  
  1.740000   -0.45507051839827   -0.17714741406196    0.40508927870632    0.26425976781586    0.20226826669421  
  1.750000   -0.45132324957790   -0.17308823110641    0.40308901781594    0.26100407475791    0.19364074194161  
  1.760000   -0.44756416088892   -0.16898454811760    0.40108479715074    0.25771423191438    0.18502610086480  
  1.770000   -0.44379466678343   -0.16483959536326    0.39907897606952    0.25438908944350    0.17644941035512  
  1.780000   -0.44001614999741   -0.16065674432209    0.39707366837756    0.25102770377370    0.16793392671512  
  1.790000   -0.43622996147916   -0.15643949159161    0.39507072984005    0.24762934842310    0.15950113220087  
  1.800000   -0.43243742047463   -0.15219144159598    0.39307174847895    0.24419352255024    0.15117077978063  
  1.810000   -0.42863981475808   -0.14791628825531    0.39107803772113    0.24071995718737    0.14296094515658  
  1.820000   -0.42483840099514   -0.14361779578687    0.38909063243624    0.23720861913023    0.13488808508139  
  1.830000   -0.42103440522460   -0.13929977881582    0.38711028787310    0.23365971248111    0.12696710099657  
  1.840000   -0.41722902344465   -0.13496608197895    0.38513748147388    0.23007367786405    0.11921140702389  
  1.850000   -0.41342342228872   -0.13062055920838    0.38317241751645    0.22645118935356    0.11163300135556  
  1.860000   -0.40961873977573   -0.12626705288438    0.38121503450720    0.22279314917945    0.10424254011133  
  1.870000   -0.40581608611926   -0.12190937304667    0.37926501521910    0.21910068029097    0.09704941276242  
  1.880000   -0.40201654458022   -0.11755127685176    0.37732179924447    0.21537511688326    0.09006181826103  
  1.890000   -0.39822117234772   -0.11319644846078    0.37538459790708    0.21161799300742    0.08328684106073  
  1.900000   -0.39443100143296   -0.10884847953687    0.37345241135608    0.20783102940267    0.07673052626601  
  1.910000   -0.39064703956151   -0.10451085052460    0.37152404764362    0.20401611870454    0.07039795320758  
  1.920000   -0.38687027104995   -0.10018691287560    0.36959814356951    0.20017530919709    0.06429330680407  
  1.930000   -0.38310165765332   -0.09587987237435    0.36767318706064    0.19631078728904    0.05841994613826  
  1.940000   -0.37934213937093   -0.09159277370739    0.36574754083897    0.19242485890432    0.05278046974710  
  1.950000   -0.37559263519880   -0.08732848640609    0.36381946712145    0.18851992998534    0.04737677719847  
  1.960000   -0.37185404381819   -0.08308969227995    0.36188715308658    0.18459848631412    0.04221012660249  
  1.970000   -0.36812724421077   -0.07887887444226    0.35994873683723    0.18066307286004    0.03728118778128  
  1.980000   -0.36441309619218   -0.07469830801483    0.35800233358652    0.17671627286551    0.03259009089640  
  1.990000   -0.36071244085707   -0.07055005258178    0.35604606179371    0.17276068688066    0.02813647040845  
  2.000000   -0.35702610093007   -0.06643594644599    0.35407806897999    0.16879891195600    0.02391950431561  
  2.010000   -0.35335488101845   -0.06235760272430    0.35209655695962    0.16483352119821    0.01993794868896  
  2.020000   -0.34969956776377   -0.05831640730025    0.35009980623017    0.16086704388773    0.01619016758916  
  2.030000   -0.34606092989106   -0.05431351863569    0.34808619927639    0.15690194634908    0.01267415851245  
  2.040000   -0.34243971815574   -0.05034986942517    0.34605424255539    0.15294061375510    0.00938757357294  
  2.050000   -0.33883666518963   -0.04642617006004    0.34400258694631    0.14898533303450    0.00632773668137  
  2.060000   -0.33525248524896   -0.04254291385236    0.34193004646512    0.14503827703952    0.00349165702901  
  2.070000   -0.33168787386859   -0.03870038395303    0.33983561506457    0.14110149011557    0.00087603922747  
  2.080000   -0.32814350742769   -0.03489866188271    0.33771848136062    0.13717687519927   -0.00152270950910  
  2.090000   -0.32462004263370   -0.03113763758040    0.33557804114870    0.13326618255457   -0.00370847472325  
  2.100000   -0.32111811593220   -0.02741702086044    0.33341390759760    0.12937100023845   -0.00568543217658  
  2.110000   -0.31763834285133   -0.02373635415699    0.33122591903270    0.12549274636979   -0.00745804696050  
  2.120000   -0.31418131729063   -0.02009502642374    0.32901414424631    0.12163266325549   -0.00903107379226  
  2.130000   -0.31074761076437   -0.01649228804707    0.32677888529835    0.11779181340883   -0.01040955803048  
  2.140000   -0.30733777161088   -0.01292726662261    0.32452067779661    0.11397107747556   -0.01159883694909  
  2.150000   -0.30395232417909   -0.00939898343844    0.32224028867209    0.11017115406331   -0.01260454081932  
  2.160000   -0.30059176800467   -0.00590637050285    0.31993871148997    0.10639256145139   -0.01343259336644  
  2.170000   -0.29725657698786   -0.00244828795132    0.31761715936218    0.10263564113838   -0.01408921119070  
  2.180000   -0.29394719858558    0.00097645833505    0.31527705555146    0.09890056316756   -0.01458090177021  
  2.190000   -0.29066405303017    0.00436909906752    0.31292002187967    0.09518733315193   -0.01491445969661  
  2.200000   -0.28740753258714    0.00773088401062    0.31054786507505    0.09149580090497   -0.01509696083187  
  2.210000   -0.28417800086397    0.01106306473014    0.30816256121323    0.08782567056719   -0.01513575411613  
  2.220000   -0.28097579218152    0.01436687778739    0.30576623842495    0.08417651210495   -0.01503845080120  
  2.230000   -0.27780121101929    0.01764352853348    0.30336115806040    0.08054777404502   -0.01481291093170  
  2.240000   -0.27465453154478    0.02089417564985    0.30094969451433    0.07693879729724   -0.01446722694521  
  2.250000   -0.27153599723685    0.02411991657284    0.29853431392829    0.07334882990813   -0.01400970431384  
  2.260000   -0.26844582061162    0.02732177392980    0.29611755199660    0.06977704258005   -0.01344883920072  
  2.270000   -0.26538418305909    0.03050068310375    0.29370199111008    0.06622254478488   -0.01279329315692  
  2.280000   -0.26235123479683    0.03365748103094    0.29129023707685    0.06268440129621   -0.01205186493508  
  2.290000   -0.25934709494682    0.03679289632311    0.28888489566209    0.05916164896195   -0.01123345954552  
  2.300000   -0.25637185173951    0.03990754079228    0.28648854918901    0.05565331353839   -0.01034705472900  
  2.310000   -0.25342556284860    0.04300190244134    0.28410373344085    0.05215842640767   -0.00940166506515  
  2.320000   -0.25050825585825    0.04607633996932    0.28173291509925    0.04867604100398   -0.00840630397848  
  2.330000   -0.24761992886348    0.04913107882417    0.27937846994696    0.04520524877805   -0.00736994394251  
  2.340000   -0.24476055120298    0.05216620882130    0.27704266205384    0.04174519453610   -0.00630147521765  
  2.350000   -0.24193006432231    0.05518168332989    0.27472762415343    0.03829509099737   -0.00520966348913  
  2.360000   -0.23912838276419    0.05817732001405    0.27243533940369    0.03485423242375   -0.00410310679692  
  2.370000   -0.23635539528125    0.06115280310065    0.27016762471035    0.03142200718625   -0.00299019217066  
  2.380000   -0.23361096606550    0.06410768713063    0.26792611577400    0.02799790914478   -0.00187905239801  
  2.390000   -0.23089493608737    0.06704140213698    0.26571225400325    0.02458154773164   -0.00077752336508  
  2.400000   -0.22820712453627    0.06995326017838    0.26352727541660    0.02117265664305    0.00030689758786  
  2.410000   -0.22554733035359    0.07284246314518    0.26137220163410    0.01777110105858    0.00136709185331  
  2.420000   -0.22291533384791    0.07570811174260    0.25924783303830    0.01437688332408    0.00239635785020  
  2.430000   -0.22031089838145    0.07854921554486    0.25715474416094    0.01099014705039    0.00338844700083  
  2.440000   -0.21773377211625    0.08136470400481    0.25509328132882    0.00761117959671    0.00433759698482  
  2.450000   -0.21518368980745    0.08415343829471    0.25306356257921    0.00424041292470    0.00523856188591  
  2.460000   -0.21266037463108    0.08691422384701    0.25106547983133    0.00087842282626    0.00608663887536  
  2.470000   -0.21016354003285    0.08964582345785    0.24909870327824   -0.00247407345509    0.00687769110684  
  2.480000   -0.20769289158470    0.09234697081190    0.24716268794021   -0.00581622117295    0.00760816653396  
  2.490000   -0.20524812883511    0.09501638428379    0.24525668229948   -0.00914703354440    0.00827511240101  
  2.500000   -0.20282894713990    0.09765278087031    0.24337973891543   -0.01246539866638    0.00887618520043  
  2.510000   -0.20043503945958    0.10025489010687    0.24153072689933   -0.01577008779965    0.00940965593593  
  2.520000   -0.19806609811022    0.10282146782371    0.23970834611003   -0.01905976492467    0.00987441057816  
  2.530000   -0.19572181645494    0.10535130959956    0.23791114291492   -0.02233299746093    0.01026994564891  
  2.540000   -0.19340189052342    0.10784326377502    0.23613752734553   -0.02558826803012    0.01059635892080  
  2.550000   -0.19110602054783    0.11029624389317    0.23438579146419   -0.02882398713350    0.01085433526997  
  2.560000   -0.18883391240410    0.11270924044181    0.23265412874676   -0.03203850660542    0.01104512777043  
  2.570000   -0.18658527894829    0.11508133177974    0.23094065427724   -0.03523013369758    0.01117053416901  
  2.580000   -0.18435984123878    0.11741169413842    0.22924342554341   -0.03839714564324    0.01123286892882  
  2.590000   -0.18215732963614    0.11969961060052    0.22756046361743   -0.04153780454679    0.01123493107632  
  2.600000   -0.17997748477338    0.12194447896812    0.22588977450312   -0.04465037244137    0.01117996813212  
  2.610000   -0.17782005839076    0.12414581844458    0.22422937043114   -0.04773312635694    0.01107163644762  
  2.620000   -0.17568481403027    0.12630327506717    0.22257729088531   -0.05078437324193    0.01091395830836  
  2.630000   -0.17357152758640    0.12841662584026    0.22093162314742   -0.05380246458401    0.01071127620015  
  2.640000   -0.17147998771089    0.13048578153231    0.21929052215418   -0.05678581058011    0.01046820466460  
  2.650000   -0.16940999607074    0.13251078811385    0.21765222946827   -0.05973289371075    0.01018958019737  
  2.660000   -0.16736136745975    0.13449182682723    0.21601509117602   -0.06264228158156    0.00988040966396  
  2.670000   -0.16533392976541    0.13642921289309    0.21437757453602   -0.06551263890269    0.00954581772446  
  2.680000   -0.16332752379425    0.13832339287200    0.21273828321735   -0.06834273848698    0.00919099377003  
  2.690000   -0.16134200295983    0.14017494071346    0.21109597098127   -0.07113147115839    0.00882113888005  
  2.700000   -0.15937723283899    0.14198455253729    0.20944955367734   -0.07387785447416    0.00844141330943  
  2.710000   -0.15743309060299    0.14375304020515    0.20779811944271   -0.07658104017722    0.00805688501084  
  2.720000   -0.15550946433131    0.14548132375196    0.20614093701299   -0.07924032030857    0.00767247968656  
  2.730000   -0.15360625221692    0.14717042275781    0.20447746207252   -0.08185513192419    0.00729293284922  
  2.740000   -0.15172336167275    0.14882144675173    0.20280734159277   -0.08442506037508    0.00692274435030  
  2.750000   -0.14986070834988    0.15043558474745    0.20113041612854   -0.08694984112486    0.00656613580994  
  2.760000   -0.14801821507872    0.15201409402024    0.19944672006268   -0.08942936009394    0.00622701135184  
  2.770000   -0.14619581074516    0.15355828824029    0.19775647981136   -0.09186365253485    0.00590892201269  
  2.780000   -0.14439342911402    0.15506952508493    0.19606011002254   -0.09425290045856    0.00561503415776  
  2.790000   -0.14261100761258    0.15654919345580    0.19435820782108   -0.09659742864604    0.00534810219278  
  2.800000   -0.14084848608740    0.15799870043136    0.19265154517336   -0.09889769929399    0.00511044581765  
  2.810000   -0.13910580554737    0.15941945808653    0.19094105946330   -0.10115430535738    0.00490393202046  
  2.820000   -0.13738290690645    0.16081287031266    0.18922784238955   -0.10336796266451    0.00472996196151  
  2.830000   -0.13567972973897    0.16218031976991    0.18751312731013   -0.10553950089226    0.00458946284611  
  2.840000   -0.13399621106054    0.16352315510276    0.18579827517607   -0.10766985350088    0.00448288483365  
  2.850000   -0.13233228414685    0.16484267854593    0.18408475920913   -0.10976004673723    0.00441020297847  
  2.860000   -0.13068787740251    0.16614013404362    0.18237414849102   -0.11181118782479    0.00437092414622  
  2.870000   -0.12906291329133    0.16741669599950    0.18066809064113   -0.11382445246621    0.00436409879853  
  2.880000   -0.12745730733866    0.16867345876794    0.17896829376879   -0.11580107179043    0.00438833748880  
  2.890000   -0.12587096721581    0.16991142698929    0.17727650789192   -0.11774231888146    0.00444183186393  
  2.900000   -0.12430379191556    0.17113150686310    0.17559450601846   -0.11964949502951    0.00452237992141  
  2.910000   -0.12275567102675    0.17233449844345    0.17392406508929   -0.12152391584666    0.00462741522760  
  2.920000   -0.12122648411505    0.17352108903011    0.17226694698166   -0.12336689739064    0.00475403976397  
  2.930000   -0.11971610021576    0.17469184771799    0.17062487977004   -0.12517974243839    0.00489906003145  
  2.940000   -0.11822437744346    0.17584722115550    0.16899953943783   -0.12696372704953    0.00505902601126  
  2.950000   -0.11675116272194    0.17698753055023    0.16739253222746   -0.12872008755545    0.00523027255274  
  2.960000   -0.11529629163688    0.17811296994789    0.16580537780847   -0.13045000810481    0.00540896273539  
  2.970000   -0.11385958841233    0.17922360579733    0.16423949343409   -0.13215460888968    0.00559113273457  
  2.980000   -0.11244086601072    0.18031937780207    0.16269617924526   -0.13383493516872    0.00577273770639  
  2.990000   -0.11103992635523    0.18140010104540    0.16117660486846   -0.13549194719495    0.00594969819987  
  3.000000   -0.10965656067167    0.18246546936389    0.15968179743940   -0.13712651114566    0.00611794660110  
  3.010000   -0.10829054994629    0.18351505993155    0.15821263116914   -0.13873939114106    0.00627347311699  
  3.020000   -0.10694166549444    0.18454833900510    0.15676981855265   -0.14033124242661    0.00641237081328  
  3.030000   -0.10560966963416    0.18556466876913    0.15535390330207   -0.14190260578139    0.00653087923462  
  3.040000   -0.10429431645756    0.18656331520963    0.15396525506896   -0.14345390320191    0.00662542615181  
  3.050000   -0.10299535269217    0.18754345693387    0.15260406600048   -0.14498543489732    0.00669266700395  
  3.060000   -0.10171251864317    0.18850419484582    0.15127034915566   -0.14649737761811    0.00672952162962  
  3.070000   -0.10044554920709    0.18944456257790    0.14996393878819   -0.14798978432662    0.00673320791289  
  3.080000   -0.09919417494661    0.19036353757274    0.14868449248294   -0.14946258520369    0.00670127200413  
  3.090000   -0.09795812321550    0.19126005270230    0.14743149511420   -0.15091558997189    0.00663161481423  
  3.100000   -0.09673711932257    0.19213300830716    0.14620426457508   -0.15234849150257    0.00652251452215  
  3.110000   -0.09553088772271    0.19298128453434    0.14500195920909   -0.15376087066047    0.00637264487934  
  3.120000   -0.09433915322335    0.19380375385006    0.14382358685815   -0.15515220232752    0.00618108914082  
  3.130000   -0.09316164219418    0.19459929360208    0.14266801542446   -0.15652186253524    0.00594734949994  
  3.140000   -0.09199808376817    0.19536679850633    0.14153398482878   -0.15786913662424    0.00567135195268  
  3.150000   -0.09084821102198    0.19610519293363    0.14042012023385   -0.15919322833923    0.00535344656646  
  3.160000   -0.08971176212426    0.19681344287478    0.13932494638905   -0.16049326975852    0.00499440317747  
  3.170000   -0.08858848144033    0.19749056746562    0.13824690294163   -0.16176833194930    0.00459540258938  
  3.180000   -0.08747812058266    0.19813564995883    0.13718436055057   -0.16301743623268    0.00415802339390  
  3.190000   -0.08638043939680    0.19874784803454    0.13613563763175   -0.16423956593705    0.00368422457974  
  3.200000   -0.08529520687323    0.19932640334921    0.13509901755718   -0.16543367851398    0.00317632414066  
  3.210000   -0.08422220197631    0.19987065022987    0.13407276612748   -0.16659871788757    0.00263697393504  
  3.220000   -0.08316121438245    0.20038002342959    0.13305514913476   -0.16773362690676    0.00206913108797  
  3.230000   -0.08211204512038    0.20085406486970    0.13204444983297   -0.16883735976951    0.00147602626247  
  3.240000   -0.08107450710763    0.20129242930458    0.13103898613477   -0.16990889428891    0.00086112915805  
  3.250000   -0.08004842557806    0.20169488885571    0.13003712735757   -0.17094724387370    0.00022811162275  
  3.260000   -0.07903363839673    0.20206133637300    0.12903731034716   -0.17195146909906   -0.00041919121196  
  3.270000   -0.07802999625923    0.20239178759342    0.12803805481425   -0.17292068874890   -0.00107682134472  
  3.280000   -0.07703736277390    0.20268638207866    0.12703797772866   -0.17385409021649   -0.00174073942359  
  3.290000   -0.07605561442651    0.20294538292617    0.12603580662619   -0.17475093915803   -0.00240686691879  
  3.300000   -0.07508464042810    0.20316917525962    0.12503039169507   -0.17561058830178   -0.00307112849208  
  3.310000   -0.07412434244781    0.20335826351755    0.12402071652256   -0.17643248532477   -0.00372949410614  
  3.320000   -0.07317463423385    0.20351326757027    0.12300590739632   -0.17721617971928   -0.00437802042285  
  3.330000   -0.07223544112652    0.20363491770710    0.12198524107104   -0.17796132858215   -0.00501289104914  
  3.340000   -0.07130669946856    0.20372404854695    0.12095815092694   -0.17866770127161   -0.00563045520406  
  3.350000   -0.07038835591901    0.20378159193579    0.11992423146393   -0.17933518288829   -0.00622726439980  
  3.360000   -0.06948036667752    0.20380856890459    0.11888324109265   -0.17996377654962   -0.00680010675304  
  3.370000   -0.06858269662729    0.20380608077036    0.11783510320162   -0.18055360443951   -0.00734603857053  
  3.380000   -0.06769531840514    0.20377529947119    0.11677990549762   -0.18110490762802   -0.00786241288388  
  3.390000   -0.06681821140838    0.20371745723379    0.11571789763443   -0.18161804466868   -0.00834690464344  
  3.400000   -0.06595136074830    0.20363383567804    0.11464948716275   -0.18209348899355   -0.00879753231820  
  3.410000   -0.06509475616095    0.20352575446886    0.11357523385149   -0.18253182513898   -0.00921267568911  
  3.420000   -0.06424839088609    0.20339455962949    0.11249584244708   -0.18293374384653   -0.00959108966509  
  3.430000   -0.06341226052547    0.20324161163370    0.11141215395390   -0.18330003609537   -0.00993191399479  
  3.440000   -0.06258636189192    0.20306827339607    0.11032513553315   -0.18363158613339   -0.01023467879226  
  3.450000   -0.06177069186055    0.20287589828054    0.10923586913230   -0.18392936358391   -0.01049930583985  
  3.460000   -0.06096524623355    0.20266581824656    0.10814553896914   -0.18419441471480   -0.01072610567790  
  3.470000   -0.06017001862973    0.20243933225090    0.10705541800653   -0.18442785296455   -0.01091577053565  
  3.480000   -0.05938499940979    0.20219769502010    0.10596685356316   -0.18463084882753   -0.01106936320286  
  3.490000   -0.05861017464783    0.20194210630467    0.10488125221469   -0.18480461920674   -0.01118830198444  
  3.500000   -0.05784552515913    0.20167370072118    0.10380006414571   -0.18495041634733   -0.01127434192247  
  3.510000   -0.05709102559383    0.20139353828206    0.10272476711845   -0.18506951646826   -0.01132955250878  
  3.520000   -0.05634664360503    0.20110259570625    0.10165685022717   -0.18516320821176   -0.01135629214832  
  3.530000   -0.05561233909965    0.20080175859543    0.10059779760887   -0.18523278103192   -0.01135717966738  
  3.540000   -0.05488806357898    0.20049181455213    0.09954907228041   -0.18527951364372   -0.01133506319074  
  3.550000   -0.05417375957538    0.20017344730613    0.09851210027054   -0.18530466265252   -0.01129298673902  
  3.560000   -0.05346936019032    0.19984723190588    0.09748825521105   -0.18530945148178   -0.01123415492009  
  3.570000   -0.05277478873814    0.19951363102033    0.09647884354621   -0.18529505971314   -0.01116189610700  
  3.580000   -0.05208995849866    0.19917299238603    0.09548509051230   -0.18526261294816   -0.01107962450971  
  3.590000   -0.05141477258086    0.19882554742243    0.09450812703065   -0.18521317329507   -0.01099080155705  
  3.600000   -0.05074912389861    0.19847141102687    0.09354897764709   -0.18514773057688   -0.01089889701143  
  3.610000   -0.05009289525840    0.19811058254898    0.09260854963987   -0.18506719434963   -0.01080735023902  
  3.620000   -0.04944595955782    0.19774294793241    0.09168762340483   -0.18497238681007   -0.01071953205459  
  3.630000   -0.04880818009249    0.19736828300023    0.09078684421329   -0.18486403666313   -0.01063870755167  
  3.640000   -0.04817941096816    0.19698625784897    0.08990671542332   -0.18474277400880   -0.01056800031610  
  3.650000   -0.04755949761346    0.19659644230547    0.08904759320943   -0.18460912629730   -0.01051035840401  
  3.660000   -0.04694827738791    0.19619831238999    0.08820968285996   -0.18446351539014   -0.01046852244408  
  3.670000   -0.04634558027894    0.19579125771921    0.08739303667460   -0.18430625575275   -0.01044499619947  
  3.680000   -0.04575122968062    0.19537458977358    0.08659755347786   -0.18413755379286   -0.01044201989604  
  3.690000   -0.04516504324612    0.19494755094490    0.08582297974733   -0.18395750834627   -0.01046154659230  
  3.700000   -0.04458683380518    0.19450932427248    0.08506891233883   -0.18376611230015   -0.01050522183211  
  3.710000   -0.04401641033725    0.19405904376936    0.08433480277370   -0.18356325533186   -0.01057436678420  
  3.720000   -0.04345357899040    0.19359580523461    0.08361996303780   -0.18334872772996   -0.01066996503395  
  3.730000   -0.04289814413561    0.19311867744283    0.08292357282559   -0.18312222525263   -0.01079265315239  
  3.740000   -0.04234990944599    0.19262671359849    0.08224468814846   -0.18288335496845   -0.01094271512568  
  3.750000   -0.04180867898971    0.19211896294023    0.08158225121206   -0.18263164201405   -0.01112008068618  
  3.760000   -0.04127425832598    0.19159448237898    0.08093510145477   -0.18236653719422   -0.01132432754349  
  3.770000   -0.04074645559285    0.19105234805353    0.08030198762754   -0.18208742534114   -0.01155468747175  
  3.780000   -0.04022508257596    0.19049166668814    0.07968158078507   -0.18179363434223   -0.01181005616758  
  3.790000   -0.03970995574766    0.18991158663904    0.07907248804915   -0.18148444473908   -0.01208900675269  
  3.800000   -0.03920089726584    0.18931130851970    0.07847326699728   -0.18115909979464   -0.01238980675608  
  3.810000   -0.03869773592286    0.18869009529924    0.07788244052402   -0.18081681592117   -0.01271043837383  
  3.820000   -0.03820030803476    0.18804728177370    0.07729851201771   -0.18045679335815   -0.01304862176981  
  3.830000   -0.03770845826215    0.18738228331621    0.07671998069276   -0.18007822698710   -0.01340184114863  
  3.840000   -0.03722204035454    0.18669460381934    0.07614535691642   -0.17968031716940   -0.01376737330348  
  3.850000   -0.03674091781064    0.18598384275114    0.07557317736960   -0.17926228049308   -0.01414231831578  
  3.860000   -0.03626496444828    0.18524970125525    0.07500201988371   -0.17882336031636   -0.01452363206191  
  3.870000   -0.03579406487815    0.18449198723494    0.07443051779910   -0.17836283699776   -0.01490816016406  
  3.880000   -0.03532811487676    0.18371061937125    0.07385737369638   -0.17788003770670   -0.01529267300835  
  3.890000   -0.03486702165504    0.18290563003598    0.07328137235905   -0.17737434571296   -0.01567390144357  
  3.900000   -0.03441070401979    0.18207716707121    0.07270139283385   -0.17684520905939   -0.01604857276798  
  3.910000   -0.03395909242669    0.18122549441852    0.07211641946579   -0.17629214852897   -0.01641344661077  
  3.920000   -0.03351212892415    0.18035099159230    0.07152555179523   -0.17571476482498   -0.01676535031729  
  3.930000   -0.03306976698883    0.17945415200327    0.07092801321706   -0.17511274489154   -0.01710121345455  
  3.940000   -0.03263197125447    0.17853558014948    0.07032315831507   -0.17448586731122   -0.01741810106490  
  3.950000   -0.03219871713670    0.17759598770357    0.06971047879880   -0.17383400672596   -0.01771324531097  
  3.960000   -0.03176999035787    0.17663618853573    0.06908960798479   -0.17315713723825   -0.01798407517415  
  3.970000   -0.03134578637641    0.17565709272261    0.06846032377977   -0.17245533476014   -0.01822824389155  
  3.980000   -0.03092610972669    0.17465969960232    0.06782255013894   -0.17172877828890   -0.01844365384268  
  3.990000   -0.03051097327584    0.17364508994495    0.06717635698844   -0.17097775009932   -0.01862847862569  
  4.000000   -0.03010039740514    0.17261441731722    0.06652195861742   -0.17020263485417   -0.01878118209540  
  4.010000   -0.02969440912398    0.17156889872718    0.06585971056082   -0.16940391764555   -0.01890053416879  
  4.020000   -0.02929304112546    0.17050980464265    0.06519010500983   -0.16858218099104   -0.01898562324043  
  4.030000   -0.02889633079281    0.16943844848264    0.06451376480226   -0.16773810081949   -0.01903586508728  
  4.040000   -0.02850431916684    0.16835617568668    0.06383143605960   -0.16687244149165   -0.01905100818159  
  4.050000   -0.02811704988446    0.16726435247062    0.06314397955182   -0.16598604991097   -0.01903113536992  
  4.060000   -0.02773456809899    0.16616435438104    0.06245236088357   -0.16507984878911   -0.01897666191612  
  4.070000   -0.02735691939297    0.16505755476191    0.06175763960795   -0.16415482913946   -0.01888832994574  
  4.080000   -0.02698414869432    0.16394531324811    0.06106095738466   -0.16321204207981   -0.01876719936863  
  4.090000   -0.02661629920660    0.16282896440028    0.06036352530904   -0.16225259003232   -0.01861463539415  
  4.100000   -0.02625341136404    0.16170980659368    0.05966661054706   -0.16127761741497   -0.01843229279050  
  4.110000   -0.02589552182172    0.16058909127146    0.05897152241789   -0.16028830092382   -0.01822209707436  
  4.120000   -0.02554266249092    0.15946801266882    0.05827959807135   -0.15928583950931   -0.01798622284968  
  4.130000   -0.02519485962928    0.15834769811024    0.05759218791134   -0.15827144415276   -0.01772706954468  
  4.140000   -0.02485213299477    0.15722919897562    0.05691064091848   -0.15724632755123   -0.01744723482349  
  4.150000   -0.02451449507183    0.15611348242515    0.05623629002625   -0.15621169381917   -0.01714948597309  
  4.160000   -0.02418195037745    0.15500142396472    0.05557043770337   -0.15516872831529   -0.01683672958677  
  4.170000   -0.02385449485403    0.15389380092548    0.05491434189335   -0.15411858770107   -0.01651197988305  
  4.180000   -0.02353211535502    0.15279128692217    0.05426920245751   -0.15306239033494   -0.01617832601197  
  4.190000   -0.02321478922850    0.15169444734483    0.05363614826235   -0.15200120710212   -0.01583889871055  
  4.200000   -0.02290248400274    0.15060373592857    0.05301622504530   -0.15093605277548   -0.01549683667477  
  4.210000   -0.02259515717697    0.14951949243507    0.05241038418402   -0.14986787799678   -0.01515525301688  
  4.220000   -0.02229275611928    0.14844194146874    0.05181947248505   -0.14879756196121   -0.01481720217436  
  4.230000   -0.02199521807281    0.14737119243883    0.05124422309661   -0.14772590588010   -0.01448564763072  
  4.240000   -0.02170247026995    0.14630724066778    0.05068524763830   -0.14665362728892   -0.01416343079739  
  4.250000   -0.02141443015370    0.14524996963447    0.05014302962757   -0.14558135525800   -0.01385324139233  
  4.260000   -0.02113100570359    0.14419915432981    0.04961791926921   -0.14450962655447   -0.01355758963308  
  4.270000   -0.02085209586327    0.14315446569109    0.04911012965952   -0.14343888279316   -0.01327878054055  
  4.280000   -0.02057759106525    0.14211547607084    0.04861973444223   -0.14236946860426   -0.01301889062609  
  4.290000   -0.02030737384766    0.14108166568545    0.04814666693760   -0.14130163083443   -0.01277974720659  
  4.300000   -0.02004131955685    0.14005242997934    0.04769072075116   -0.14023551878741   -0.01256291056309  
  4.310000   -0.01977929712890    0.13902708783106    0.04725155185262   -0.13917118549908   -0.01236965912602  
  4.320000   -0.01952116994203    0.13800489051958    0.04682868210040   -0.13810859003105   -0.01220097783663  
  4.330000   -0.01926679673164    0.13698503136119    0.04642150417224   -0.13704760075636   -0.01205754979840  
  4.340000   -0.01901603255873    0.13596665592093    0.04602928784735   -0.13598799960026   -0.01193975129614  
  4.350000   -0.01876872982202    0.13494887269646    0.04565118757199   -0.13492948718919   -0.01184765022282  
  4.360000   -0.01852473930363    0.13393076416788    0.04528625122674   -0.13387168885162   -0.01178100791708  
  4.370000   -0.01828391123797    0.13291139810283    0.04493343000150   -0.13281416140547   -0.01173928437665  
  4.380000   -0.01804609639302    0.13188983900403    0.04459158927269   -0.13175640065871   -0.01172164677604  
  4.390000   -0.01781114715323    0.13086515958461    0.04425952036696   -0.13069784954236   -0.01172698118116  
  4.400000   -0.01757891859315    0.12983645215626    0.04393595308654   -0.12963790678849   -0.01175390731832  
  4.410000   -0.01734926953103    0.12880283981615    0.04361956886363   -0.12857593606036   -0.01180079622262  
  4.420000   -0.01712206355177    0.12776348732011    0.04330901440495   -0.12751127543710   -0.01186579055939  
  4.430000   -0.01689716998895    0.12671761153299    0.04300291568239   -0.12644324715164   -0.01194682738387  
  4.440000   -0.01667446485601    0.12566449135071    0.04269989212266   -0.12537116747829   -0.01204166307830  
  4.450000   -0.01645383171705    0.12460347699402    0.04239857084668   -0.12429435666480   -0.01214790018289  
  4.460000   -0.01623516248870    0.12353399857988    0.04209760080925   -0.12321214880313   -0.01226301581675  
  4.470000   -0.01601835816450    0.12245557388338    0.04179566669086   -0.12212390153438   -0.01238439136915  
  4.480000   -0.01580332945477    0.12136781521123    0.04149150239599   -0.12102900548484   -0.01250934312804  
  4.490000   -0.01558999733503    0.12027043531626    0.04118390401707   -0.11992689333294   -0.01263515350392  
  4.500000   -0.01537829349758    0.11916325229192    0.04087174212834   -0.11881704841124   -0.01275910250158  
  4.510000   -0.01516816070126    0.11804619339581    0.04055397328175   -0.11769901275217   -0.01287849909086  
  4.520000   -0.01495955301577    0.11691929776164    0.04022965058487   -0.11657239449223   -0.01299071212959  
  4.530000   -0.01475243595787    0.11578271797011    0.03989793325093   -0.11543687455629   -0.01309320049811  
  4.540000   -0.01454678651765    0.11463672046023    0.03955809502185   -0.11429221255096   -0.01318354211444  
  4.550000   -0.01434259307451    0.11348168477433    0.03920953137684   -0.11313825180464   -0.01325946151263  
  4.560000   -0.01413985520322    0.11231810164114    0.03885176545218   -0.11197492350048   -0.01331885568348  
  4.570000   -0.01393858337175    0.11114656991327    0.03848445261119   -0.11080224985834   -0.01335981789698  
  4.580000   -0.01373879853355    0.10996779238626    0.03810738361742   -0.10962034633159   -0.01338065924886  
  4.590000   -0.01354053161798    0.10878257053796    0.03772048637906   -0.10842942279499   -0.01337992769947  
  4.600000   -0.01334382292365    0.10759179823735    0.03732382624713   -0.10722978371049   -0.01335642440139  
  4.610000   -0.01314872142040    0.10639645448243    0.03691760486546   -0.10602182726842   -0.01330921714288  
  4.620000   -0.01295528396654    0.10519759523638    0.03650215758532   -0.10480604351237   -0.01323765076613  
  4.630000   -0.01276357444875    0.10399634444033    0.03607794947274   -0.10358301146657   -0.01314135445342  
  4.640000   -0.01257366285305    0.10279388428934    0.03564556995116   -0.10235339529502   -0.01302024580869  
  4.650000   -0.01238562427565    0.10159144486564    0.03520572613622   -0.10111793953194   -0.01287453169780  
  4.660000   -0.01219953788335    0.10039029322969    0.03475923493320   -0.09987746343249   -0.01270470584634  
  4.670000   -0.01201548583345    0.09919172207546    0.03430701398045   -0.09863285450223   -0.01251154322973  
  4.680000   -0.01183355216391    0.09799703806051    0.03385007153428   -0.09738506127218   -0.01229609132553  
  4.690000   -0.01165382166429    0.09680754992524    0.03338949540152   -0.09613508539431   -0.01205965833213  
  4.700000   -0.01147637873883    0.09562455651797    0.03292644103612   -0.09488397313936   -0.01180379849142  
  4.710000   -0.01130130627260    0.09444933484363    0.03246211892487   -0.09363280638538   -0.01153029468430  
  4.720000   -0.01112868451201    0.09328312825433    0.03199778139430   -0.09238269319021   -0.01124113849781  
  4.730000   -0.01095858997067    0.09212713489833    0.03153470897747   -0.09113475804628   -0.01093850798975  
  4.740000   -0.01079109437149    0.09098249654266    0.03107419648334   -0.08989013191865   -0.01062474340180  
  4.750000   -0.01062626363551    0.08985028788043    0.03061753891483   -0.08864994217029   -0.01030232109394  
  4.760000   -0.01046415692748    0.08873150643007    0.03016601738324   -0.08741530247919   -0.00997382599208  
  4.770000   -0.01030482576797    0.08762706312811    0.02972088516651   -0.08618730285268   -0.00964192285665  
  4.780000   -0.01014831322062    0.08653777371042    0.02928335405770   -0.08496699984279   -0.00930932669191  
  4.790000   -0.00999465316318    0.08546435096991    0.02885458114665   -0.08375540706509   -0.00897877262503  
  4.800000   -0.00984386964937    0.08440739796986    0.02843565617358   -0.08255348611995   -0.00865298558875  
  4.810000   -0.00969597636851    0.08336740228355    0.02802758958743   -0.08136213801129   -0.00833465014324  
  4.820000   -0.00955097620832    0.08234473132053    0.02763130143428   -0.08018219515283   -0.00802638077039  
  4.830000   -0.00940886092571    0.08133962879004    0.02724761119287   -0.07901441404585   -0.00773069296821  
  4.840000   -0.00926961092911    0.08035221234074    0.02687722866410   -0.07785946870546   -0.00744997546337  
  4.850000   -0.00913319517502    0.07938247240491    0.02652074601083   -0.07671794490509   -0.00718646384726  
  4.860000   -0.00899957118002    0.07843027226353    0.02617863103218   -0.07559033530017   -0.00694221592470  
  4.870000   -0.00886868514884    0.07749534933681    0.02585122174362   -0.07447703548315   -0.00671908904512  
  4.880000   -0.00874047221758    0.07657731769314    0.02553872232115   -0.07337834101248   -0.00651871966378  
  4.890000   -0.00861485681011    0.07567567175717    0.02524120045295   -0.07229444544809   -0.00634250535590  
  4.900000   -0.00849175310483    0.07478979118642    0.02495858612812   -0.07122543941570   -0.00619158947893  
  4.910000   -0.00837106560749    0.07391894687422    0.02469067187657   -0.07017131071165   -0.00606684864915  
  4.920000   -0.00825268982517    0.07306230802577    0.02443711445955   -0.06913194544924   -0.00596888316751  
  4.930000   -0.00813651303506    0.07221895024348    0.02419743799490   -0.06810713023694   -0.00589801049694  
  4.940000   -0.00802241514116    0.07138786454792    0.02397103848661   -0.06709655536818   -0.00585426185992  
  4.950000   -0.00791026961082    0.07056796725123    0.02375718971320   -0.06609981899208   -0.00583738199070  
  4.960000   -0.00779994448252    0.06975811059140    0.02355505041591   -0.06511643222413   -0.00584683204171  
  4.970000   -0.00769130343525    0.06895709402823    0.02336367271349   -0.06414582514659   -0.00588179560947  
  4.980000   -0.00758420690951    0.06816367609475    0.02318201165831   -0.06318735363877   -0.00594118781072  
  4.990000   -0.00747851326931    0.06737658669253    0.02300893583598   -0.06224030696895   -0.00602366730652  
  5.000000   -0.00737407999400    0.06659453971422    0.02284323890014   -0.06130391607186   -0.00612765113944  
  5.010000   -0.00727076488855    0.06581624587331    0.02268365192424   -0.06037736242846   -0.00625133221869  
  5.020000   -0.00716842730075    0.06504042561864    0.02252885644329   -0.05945978745836   -0.00639269925890  
  5.030000   -0.00706692933345    0.06426582200957    0.02237749805154   -0.05855030233025   -0.00654955895168  
  5.040000   -0.00696613704014    0.06349121342822    0.02222820041603   -0.05764799809067   -0.00671956012477  
  5.050000   -0.00686592159229    0.06271542600544    0.02207957956132   -0.05675195600881   -0.00690021962227  
  5.060000   -0.00676616040692    0.06193734564026    0.02193025827783   -0.05586125803196   -0.00708894962042  
  5.070000   -0.00666673822344    0.06115592949518    0.02177888050478   -0.05497499724550   -0.00728308607834  
  5.080000   -0.00656754811900    0.06037021685492    0.02162412553844   -0.05409228823070   -0.00747991801076  
  5.090000   -0.00646849245227    0.05957933924106    0.02146472191826   -0.05321227721481   -0.00767671726089  
  5.100000   -0.00636948372625    0.05878252968250    0.02129946084630   -0.05233415190956   -0.00787076844665  
  5.110000   -0.00627044536124    0.05797913104849    0.02112720900007   -0.05145715093740   -0.00805939875137  
  5.120000   -0.00617131237015    0.05716860336010    0.02094692060456   -0.05058057274881   -0.00824000723257  
  5.130000   -0.00607203192905    0.05635053000503    0.02075764863704   -0.04970378393878   -0.00841009332702  
  5.140000   -0.00597256383690    0.05552462279081    0.02055855504640   -0.04882622687688   -0.00856728424027  
  5.150000   -0.00587288085943    0.05469072578221    0.02034891987895   -0.04794742657183   -0.00870936092008  
  5.160000   -0.00577296895317    0.05384881788002    0.02012814921344   -0.04706699669915   -0.00883428232974  
  5.170000   -0.00567282736674    0.05299901410989    0.01989578182006   -0.04618464472899   -0.00894020775517  
  5.180000   -0.00557246861779    0.05214156560217    0.01965149447111   -0.04530017609990   -0.00902551690173  
  5.190000   -0.00547191834485    0.05127685825587    0.01939510584443   -0.04441349739413   -0.00908882756046  
  5.200000   -0.00537121503498    0.05040541009221    0.01912657897527   -0.04352461847988   -0.00912901065040  
  5.210000   -0.00527040962869    0.04952786731570    0.01884602222645   -0.04263365359615   -0.00914520247187  
  5.220000   -0.00516956500541    0.04864499911275    0.01855368876232   -0.04174082136677   -0.00913681403619  
  5.230000   -0.00506875535335    0.04775769123003    0.01824997452658   -0.04084644374046   -0.00910353736920  
  5.240000   -0.00496806542913    0.04686693838612    0.01793541473967   -0.03995094386500   -0.00904534871863  
  5.250000   -0.00486758971329    0.04597383558152    0.01761067894637   -0.03905484291387   -0.00896250862933  
  5.260000   -0.00476743146898    0.04507956838239    0.01727656465895   -0.03815875589453   -0.00885555888403  
  5.270000   -0.00466770171211    0.04418540226337    0.01693398965556   -0.03726338647758   -0.00872531634180  
  5.280000   -0.00456851810182    0.04329267110410    0.01658398300760   -0.03636952089598   -0.00857286373950  
  5.290000   -0.00447000376132    0.04240276494224    0.01622767492231   -0.03547802097267   -0.00839953755495  
  5.300000   -0.00437228603943    0.04151711709310    0.01586628549943   -0.03458981634397   -0.00820691306218  
  5.310000   -0.00427549522408    0.04063719075256    0.01550111251197   -0.03370589595398   -0.00799678673939  
  5.320000   -0.00417976321937    0.03976446520493    0.01513351833075   -0.03282729890272   -0.00777115621943  
  5.330000   -0.00408522219807    0.03890042176182    0.01476491612209   -0.03195510473716   -0.00753219799860  
  5.340000   -0.00399200324203    0.03804652956096    0.01439675545481   -0.03109042327994   -0.00728224314453  
  5.350000   -0.00390023498280    0.03720423135570    0.01403050745960   -0.03023438409529   -0.00702375126490  
  5.360000   -0.00381004225499    0.03637492942655    0.01366764968829   -0.02938812569518   -0.00675928301829  
  5.370000   -0.00372154477484    0.03555997174518    0.01330965082400   -0.02855278459155   -0.00649147146355  
  5.380000   -0.00363485585608    0.03476063851978    0.01295795539499   -0.02772948430166   -0.00622299255743  
  5.390000   -0.00355008117516    0.03397812924682    0.01261396864509   -0.02691932441426   -0.00595653511877  
  5.400000   -0.00346731759708    0.03321355039018    0.01227904171263   -0.02612336982326   -0.00569477058383  
  5.410000   -0.00338665207289    0.03246790380219    0.01195445726625   -0.02534264023359   -0.00544032287941  
  5.420000   -0.00330816061888    0.03174207599417    0.01164141574193   -0.02457810004064   -0.00519573873928  
  5.430000   -0.00323190738676    0.03103682835454    0.01134102231917   -0.02383064867993   -0.00496345878433  
  5.440000   -0.00315794383311    0.03035278840251    0.01105427476612   -0.02310111153762   -0.00474578967886  
  5.450000   -0.00308630799507    0.02969044215214    0.01078205227419   -0.02239023150460   -0.00454487766295  
  5.460000   -0.00301702387783    0.02905012764702    0.01052510539091   -0.02169866124763   -0.00436268374586  
  5.470000   -0.00295010095774    0.02843202970797    0.01028404714645   -0.02102695625944   -0.00420096082587  
  5.480000   -0.00288553380275    0.02783617591504    0.01005934545332   -0.02037556873598   -0.00406123297954  
  5.490000   -0.00282330180960    0.02726243381998    0.00985131684082   -0.01974484231269   -0.00394477713665  
  5.500000   -0.00276336905378    0.02671050935526    0.00966012156423   -0.01913500767270   -0.00385260732633  
  5.510000   -0.00270568424525    0.02617994636938    0.00948576010408   -0.01854617901685   -0.00378546164429  
  5.520000   -0.00265018077830    0.02567012717570    0.00932807104209   -0.01797835135989   -0.00374379205016  
  5.530000   -0.00259677685907    0.02518027395107    0.00918673026642   -0.01743139858687   -0.00372775705613  
  5.540000   -0.00254537568847    0.02470945076288    0.00906125141985   -0.01690507217093   -0.00373721731277  
  5.550000   -0.00249586567202    0.02425656593746    0.00895098745957   -0.01639900041709   -0.00377173403264  
  5.560000   -0.00244812062097    0.02382037441317    0.00885513314684   -0.01591268805937   -0.00383057011759  
  5.570000   -0.00240199990252    0.02339947965045    0.00877272822965   -0.01544551600194   -0.00391269376843  
  5.580000   -0.00235734849068    0.02299233460731    0.00870266102475   -0.01499674096369   -0.00401678425895  
  5.590000   -0.00231399686488    0.02259724124169    0.00864367205091   -0.01456549476417   -0.00414123945117  
  5.600000   -0.00227176070275    0.02221234798780    0.00859435732136   -0.01415078298627   -0.00428418452220  
  5.610000   -0.00223044031736    0.02183564469100    0.00855317087904   -0.01375148277518   -0.00444348127611  
  5.620000   -0.00218981980124    0.02146495459905    0.00851842616996   -0.01336633959705   -0.00461673734241  
  5.630000   -0.00214966586155    0.02109792322399    0.00848829591344   -0.01299396289558   -0.00480131454102  
  5.640000   -0.00210972636588    0.02073200423561    0.00846081026527   -0.01263282076480   -0.00499433575024  
  5.650000   -0.00206972866815    0.02036444304923    0.00843385330159   -0.01228123401075   -0.00519268978546  
  5.660000   -0.00202937785134    0.01999225944195    0.00840515819701   -0.01193737031160   -0.00539303411835  
  5.670000   -0.00198835510671    0.01961223137256    0.00837230194223   -0.01159923960205   -0.00559179577293  
  5.680000   -0.00194631656656    0.01922088316466    0.00833270104337   -0.01126469229115   -0.00578517144619  
  5.690000   -0.00190289301205    0.01881448228260    0.00828361034846   -0.01093142244333   -0.00596912881673  
  5.700000   -0.00185769098092    0.01838904998758    0.00822212790858   -0.01059697856171   -0.00613941208876  
  5.710000   -0.00181029588660    0.01794039206592    0.00814520952582   -0.01025878504201   -0.00629155599119  
  5.720000   -0.00176027781374    0.01746415639095    0.00804969725657   -0.00991417762425   -0.00642091357936  
  5.730000   -0.00170720065316    0.01695592410101    0.00793236648426   -0.00956045615339   -0.00652270408205  
  5.740000   -0.00165063516158    0.01641134042472    0.00778999608950   -0.00919495755772   -0.00659208746647  
  5.750000   -0.00159017635617    0.01582628945311    0.00761946555967   -0.00881515106244   -0.00662427209727  
  5.760000   -0.00152546536885    0.01519711429697    0.00741788145130   -0.00841875619905   -0.00661466058984  
  5.770000   -0.00145621548388    0.01452088002569    0.00718273335484   -0.00800388212308   -0.00655903650332  
  5.780000   -0.00138224157632    0.01379567165636    0.00691207641059   -0.00756918415731   -0.00645379078963  
  5.790000   -0.00130349158501    0.01302091352260    0.00660473360450   -0.00711403047132   -0.00629618198123  
  5.800000   -0.00122007803864    0.01219769007690    0.00626050679451   -0.00663866862656   -0.00608461823518  
  5.810000   -0.00113230707458    0.01132904223607    0.00588038109485   -0.00614437869653   -0.00581894306171  
  5.820000   -0.00104070192599    0.01042020858805    0.00546670342262   -0.00563359722880   -0.00550070058044  
  5.830000   -0.00094601759283    0.00947877803880    0.00502331332248   -0.00510999491099   -0.00513335136683  
  5.840000   -0.00084924344042    0.00851472065698    0.00455560328381   -0.00457849088143   -0.00472240735425  
  5.850000   -0.00075159085259    0.00754026727147    0.00407048722339   -0.00404518855471   -0.00427545476323  
  5.860000   -0.00065446384283    0.00656961618235    0.00357626001360   -0.00351722182247   -0.00380203834026  
  5.870000   -0.00055941168981    0.00561845711313    0.00308233799280   -0.00300250652854   -0.00331338862405  
  5.880000   -0.00046806415607    0.00470331768460    0.00259888003033   -0.00250939992110   -0.00282198631661  
  5.890000   -0.00038205155875    0.00384075509971    0.00213630025964   -0.00204627977944   -0.00234097331939  
  5.900000   -0.00030291372800    0.00304643376155    0.00170469597412   -0.00162106426168   -0.00188343720276  
  5.910000   -0.00023200351805    0.00233414620685    0.00131322603574   -0.00124070219033   -0.00146161291666  
  5.920000   -0.00017039181633    0.00171484788602    0.00096948495315   -0.00091067036893   -0.00108606023418  
  5.930000   -0.00011878173392    0.00119578394781    0.00067892406439   -0.00063451855243   -0.00076488555209  
  5.940000   -0.00007743970034    0.00077978671045    0.00044437278944   -0.00041350303831   -0.00050308037413  
  5.950000   -0.00004615044334    0.00046481504148    0.00026570895243   -0.00024634602952   -0.00030204483773  
  5.960000   -0.00002420131246    0.00024379144488    0.00013971759800   -0.00012914994093   -0.00015935267520  
  5.970000   -0.00001039920484    0.00010477028274    0.00006016314418   -0.00005548419242   -0.00006879473895  
  5.980000   -0.00000312066428    0.00003144319945    0.00001808142819   -0.00001664777344   -0.00002071341733  
  5.990000   -0.00000039281828    0.00000395818754    0.00000227808703   -0.00000209539248   -0.00000261255039  
  6.000000   -0.00000000000000    0.00000000000000   -0.00000000000000   -0.00000000000000    0.00000000000000  
