  0.000000   -2.46920485013343   -1.88586184470378    0.00000000000000  
  0.010000   -2.46889028504730   -1.88556870568248   -0.02893404758305  
  0.020000   -2.46794688486423   -1.88468953329074   -0.05782697367001  
  0.030000   -2.46637553427728   -1.88322506089678   -0.08663784900182  
  0.040000   -2.46417770600037   -1.88117650862447   -0.11532612741574  
  0.050000   -2.46135545811238   -1.87854558013265   -0.14385183396048  
  0.060000   -2.45791143035094   -1.87533445813475   -0.17217574892326  
  0.070000   -2.45384883936761   -1.87154579868657   -0.20025958645851  
  0.080000   -2.44917147295960   -1.86718272427817   -0.22806616655207  
  0.090000   -2.44388368329640   -1.86224881577291   -0.25555957910950  
  0.100000   -2.43799037916276   -1.85674810324384   -0.28270533902151  
  0.110000   -2.43149701724232   -1.85068505576424   -0.30947053113345  
  0.120000   -2.42440959246935   -1.84406457021536   -0.33582394412791  
  0.130000   -2.41673462747843   -1.83689195918003   -0.36173619242050  
  0.140000   -2.40847916118475   -1.82917293799594   -0.38717982526582  
  0.150000   -2.39965073652997   -1.82091361104715   -0.41212942237485  
  0.160000   -2.39025738743089   -1.81212045737614   -0.43656167545446  
  0.170000   -2.38030762497003   -1.80280031570222   -0.46045545519311  
  0.180000   -2.36981042286936   -1.79296036893462   -0.48379186333448  
  0.190000   -2.35877520228986   -1.78260812827065   -0.50655426960044  
  0.200000   -2.34721181600094   -1.77175141697069   -0.52872833334582  
  0.210000   -2.33513053196527   -1.76039835390204   -0.55030200994957  
  0.220000   -2.32254201638531   -1.74855733694387   -0.57126554206721  
  0.230000   -2.30945731625867   -1.73623702634439   -0.59161143598971  
  0.240000   -2.29588784149016   -1.72344632812001   -0.61133442346982  
  0.250000   -2.28184534660846   -1.71019437758394   -0.63043140949053  
  0.260000   -2.26734191213583   -1.69649052308872   -0.64890140655847  
  0.270000   -2.25238992565885   -1.68234431006399   -0.66674545620801  
  0.280000   -2.23700206264831   -1.66776546542613   -0.68396653849850  
  0.290000   -2.22119126707549   -1.65276388243237   -0.70056947037628  
  0.300000   -2.20497073187173   -1.63734960604621   -0.71656079385457  
  0.310000   -2.18835387927734   -1.62153281887566   -0.73194865503741  
  0.320000   -2.17135434112460   -1.60532382773944   -0.74674267507723  
  0.330000   -2.15398593909890   -1.58873305091003   -0.76095381421006  
  0.340000   -2.13626266502036   -1.57177100607543   -0.77459423005608  
  0.350000   -2.11819866118711   -1.55444829905437   -0.78767713140699  
  0.360000   -2.09980820081966   -1.53677561329277   -0.80021662874477  
  0.370000   -2.08110566864429   -1.51876370016117   -0.81222758274837  
  0.380000   -2.06210554165151   -1.50042337006603   -0.82372545204671  
  0.390000   -2.04282237006382   -1.48176548437956   -0.83472614146670  
  0.400000   -2.02327075854522   -1.46280094818583   -0.84524585200550  
  0.410000   -2.00346534768276   -1.44354070383299   -0.85530093372578  
  0.420000   -1.98342079576858   -1.42399572527448   -0.86490774273275  
  0.430000   -1.96315176090892   -1.40417701317502   -0.87408250334174  
  0.440000   -1.94267288348433   -1.38409559075020   -0.88284117648655  
  0.450000   -1.92199876898366   -1.36376250030252   -0.89119933535102  
  0.460000   -1.90114397123199   -1.34318880041006   -0.89917204913161  
  0.470000   -1.88012297603109   -1.32238556371907   -0.90677377575597  
  0.480000   -1.85895018522886   -1.30136387528590   -0.91401826429403  
  0.490000   -1.83763990123232   -1.28013483140978   -0.92091846770409  
  0.500000   -1.81620631197708   -1.25870953889340   -0.92748646645729  
  0.510000   -1.79466347636434   -1.23709911466491   -0.93373340348156  
  0.520000   -1.77302531017485   -1.21531468569233   -0.93966943076053  
  0.530000   -1.75130557246778   -1.19336738911873   -0.94530366781601  
  0.540000   -1.72951785247085   -1.17126837254540   -0.95064417219449  
  0.550000   -1.70767555696686   -1.14902879438882   -0.95569792196988  
  0.560000   -1.68579189818028   -1.12665982423763   -0.96047081016845  
  0.570000   -1.66387988216669   -1.10417264313552   -0.96496765091636  
  0.580000   -1.64195229770646   -1.08157844371758   -0.96919219700884  
  0.590000   -1.62002170570339   -1.05888843012906   -0.97314716850132  
  0.600000   -1.59810042908813   -1.03611381765804   -0.97683429183003  
  0.610000   -1.57620054322527   -1.01326583201620   -0.98025434888079  
  0.620000   -1.55433386682270   -0.99035570820583   -0.98340723534365  
  0.630000   -1.53251195334091   -0.96739468891481   -0.98629202761542  
  0.640000   -1.51074608289987   -0.94439402238640   -0.98890705744511  
  0.650000   -1.48904725468042   -0.92136495971532   -0.99124999345775  
  0.660000   -1.46742617981702   -0.89831875152743   -0.99331792864105  
  0.670000   -1.44589327477851   -0.87526664400601   -0.99510747283743  
  0.680000   -1.42445865523339   -0.85221987423400   -0.99661484925104  
  0.690000   -1.40313213039593   -0.82918966482797   -0.99783599395592  
  0.700000   -1.38192319784975   -0.80618721784631   -0.99876665737753  
  0.710000   -1.36084103884510   -0.78322370796121   -0.99940250671543  
  0.720000   -1.33989451406649   -0.76031027489070   -0.99973922828003  
  0.730000   -1.31909215986724   -0.73745801509445   -0.99977262873090  
  0.740000   -1.29844218496776   -0.71467797274374   -0.99949873422763  
  0.750000   -1.27795246761425   -0.69198112998325   -0.99891388653670  
  0.760000   -1.25763055319492   -0.66937839650918   -0.99801483517903  
  0.770000   -1.23748365231077   -0.64688059849472   -0.99679882475140  
  0.780000   -1.21751863929802   -0.62449846690059   -0.99526367661174  
  0.790000   -1.19774205119952   -0.60224262521452   -0.99340786418139  
  0.800000   -1.17816008718232   -0.58012357666917   -0.99123058118704  
  0.810000   -1.15877860839866   -0.55815169099387   -0.98873180224012  
  0.820000   -1.13960313828762   -0.53633719076024   -0.98591233523135  
  0.830000   -1.12063886331444   -0.51469013738659   -0.98277386510188  
  0.840000   -1.10189063414452   -0.49322041687004   -0.97931898863969  
  0.850000   -1.08336296724871   -0.47193772531873   -0.97555124003903  
  0.860000   -1.06506004693640   -0.45085155435983   -0.97147510705198  
  0.870000   -1.04698572781239   -0.42997117650109   -0.96709603765217  
  0.880000   -1.02914353765332   -0.40930563052595   -0.96242043722252  
  0.890000   -1.01153668069863   -0.38886370700304   -0.95745565636860  
  0.900000   -0.99416804135095   -0.36865393399188   -0.95220996954785  
  0.910000   -0.97704018827959   -0.34868456302630   -0.94669254479012  
  0.920000   -0.96015537892085   -0.32896355545683   -0.94091340486737  
  0.930000   -0.94351556436740   -0.30949856923159   -0.93488338034800  
  0.940000   -0.92712239463879   -0.29029694619400   -0.92861405504424  
  0.950000   -0.91097722432394   -0.27136569997266   -0.92211770442834  
  0.960000   -0.89508111858577   -0.25271150453619   -0.91540722765464  
  0.970000   -0.87943485951713   -0.23434068348214   -0.90849607387912  
  0.980000   -0.86403895283618   -0.21625920012509   -0.90139816361522  
  0.990000   -0.84889363490866   -0.19847264844476   -0.89412780590516  
  1.000000   -0.83399888008306   -0.18098624494971   -0.88669961211776  
  1.010000   -0.81935440832420   -0.16380482150744   -0.87912840720816  
  1.020000   -0.80495969312924   -0.14693281918543   -0.87142913929060  
  1.030000   -0.79081396970962   -0.13037428314232   -0.86361678838352  
  1.040000   -0.77691624342113   -0.11413285860173   -0.85570627518524  
  1.050000   -0.76326529842349   -0.09821178793526   -0.84771237073040  
  1.060000   -0.74985970654990   -0.08261390887413   -0.83964960776011  
  1.070000   -0.73669783636625   -0.06734165386281   -0.83153219461485  
  1.080000   -0.72377786239871   -0.05239705056079   -0.82337393242696  
  1.090000   -0.71109777450791   -0.03778172349215   -0.81518813635069  
  1.100000   -0.69865538738695   -0.02349689683582   -0.80698756152236  
  1.110000   -0.68644835016029   -0.00954339834288   -0.79878433439102  
  1.120000   -0.67447415605962    0.00407833563927   -0.79058989000325  
  1.130000   -0.66273015215288    0.01736825406230   -0.78241491576281  
  1.140000   -0.65121354910186    0.03032668402417   -0.77426930211953  
  1.150000   -0.63992143092392    0.04295432260662   -0.76616210057141  
  1.160000   -0.62885076473312    0.05525222774621   -0.75810148929038  
  1.170000   -0.61799841043608    0.06722180818780   -0.75009474660687  
  1.180000   -0.60736113035815    0.07886481257374   -0.74214823251105  
  1.190000   -0.59693559877541    0.09018331772641   -0.73426737825087  
  1.200000   -0.58671841132895    0.10117971618550   -0.72645668402929  
  1.210000   -0.57670609429757    0.11185670306497   -0.71871972472595  
  1.220000   -0.56689511370645    0.12221726229718   -0.71105916349295  
  1.230000   -0.55728188424946    0.13226465233441   -0.70347677300126  
  1.240000   -0.54786277800399    0.14200239137961   -0.69597346404361  
  1.250000   -0.53863413291770    0.15143424221967   -0.68854932113272  
  1.260000   -0.52959226104822    0.16056419673536   -0.68120364467131  
  1.270000   -0.52073345653727    0.16939646016228   -0.67393499921177  
  1.280000   -0.51205400330249    0.17793543517725   -0.66674126727090  
  1.290000   -0.50355018243119    0.18618570588357   -0.65961970811780  
  1.300000   -0.49521827926180    0.19415202176763   -0.65256702091193  
  1.310000   -0.48705459014016    0.20183928169771   -0.64557941153374  
  1.320000   -0.47905542883944    0.20925251803365   -0.63865266242239  
  1.330000   -0.47121713263378    0.21639688091374   -0.63178220471387  
  1.340000   -0.46353606801766    0.22327762278208   -0.62496319195910  
  1.350000   -0.45600863606433    0.22990008321672   -0.61819057469449  
  1.360000   -0.44863127741862    0.23626967411511   -0.61145917513785  
  1.370000   -0.44140047692066    0.24239186528959   -0.60476376128977  
  1.380000   -0.43431276785922    0.24827217052160   -0.59809911973481  
  1.390000   -0.42736473585453    0.25391613411895   -0.59146012645772  
  1.400000   -0.42055302237243    0.25932931801590   -0.58484181501736  
  1.410000   -0.41387432787310    0.26451728945121   -0.57823944145439  
  1.420000   -0.40732541459915    0.26948560925468   -0.57164854534798  
  1.430000   -0.40090310900952    0.27423982076761   -0.56506500648128  
  1.440000   -0.39460430386681    0.27878543941810   -0.55848509662486  
  1.450000   -0.38842595998724    0.28312794296699   -0.55190552600064  
  1.460000   -0.38236510766367    0.28727276243576   -0.54532348404640  
  1.470000   -0.37641884777316    0.29122527372275   -0.53873667416116  
  1.480000   -0.37058435258180    0.29499078990975   -0.53214334217500  
  1.490000   -0.36485886626061    0.29857455425644   -0.52554229835124  
  1.500000   -0.35923970512691    0.30198173387604   -0.51893293279537  
  1.510000   -0.35372425762665    0.30521741408159   -0.51231522421146  
  1.520000   -0.34830998407379    0.30828659338824   -0.50568974201325  
  1.530000   -0.34299441616315    0.31119417915395   -0.49905764186305  
  1.540000   -0.33777515627402    0.31394498383723   -0.49242065477562  
  1.550000   -0.33264987658173    0.31654372184814   -0.48578106998682  
  1.560000   -0.32761631799478    0.31899500696577   -0.47914171184635  
  1.570000   -0.32267228893529    0.32130335029349   -0.47250591105052  
  1.580000   -0.31781566398031    0.32347315872124   -0.46587747058387  
  1.590000   -0.31304438238159    0.32550873386229   -0.45926062678697  
  1.600000   -0.30835644648095    0.32741427143116   -0.45266000601218  
  1.610000   -0.30374992003822    0.32919386102801   -0.44608057736753  
  1.620000   -0.29922292648829    0.33085148629446   -0.43952760208328  
  1.630000   -0.29477364714295    0.33239102540560   -0.43300658006314  
  1.640000   -0.29040031935302    0.33381625186293   -0.42652319420469  
  1.650000   -0.28610123464523    0.33513083555331   -0.42008325308941  
  1.660000   -0.28187473684760    0.33633834403980   -0.41369263265294  
  1.670000   -0.27771922021629    0.33744224405112   -0.40735721744976  
  1.680000   -0.27363312757591    0.33844590313765   -0.40108284212437  
  1.690000   -0.26961494848436    0.33935259146336   -0.39487523369237  
  1.700000   -0.26566321743227    0.34016548370461   -0.38873995522055  
  1.710000   -0.26177651208602    0.34088766102869   -0.38268235147503  
  1.720000   -0.25795345158242    0.34152211312672   -0.37670749708070  
  1.730000   -0.25419269488187    0.34207174027795   -0.37082014770437  
  1.740000   -0.25049293918601    0.34253935542441   -0.36502469473854  
  1.750000   -0.24685291842454    0.34292768623731   -0.35932512392223  
  1.760000   -0.24327140181501    0.34323937715880   -0.35372497829147  
  1.770000   -0.23974719249845    0.34347699140527   -0.34822732580428  
  1.780000   -0.23627912625239    0.34364301292050   -0.34283473193403  
  1.790000   -0.23286607028229    0.34373984826942   -0.33754923747228  
  1.800000   -0.22950692209118    0.34376982846549   -0.33237234172674  
  1.810000   -0.22620060842652    0.34373521072707   -0.32730499124351  
  1.820000   -0.22294608430267    0.34363818015992   -0.32234757412559  
  1.830000   -0.21974233209638    0.34348085136543   -0.31749991996205  
  1.840000   -0.21658836071213    0.34326526997562   -0.31276130532489  
  1.850000   -0.21348320481367    0.34299341411803   -0.30813046473476  
  1.860000   -0.21042592411743    0.34266719581499   -0.30360560694155  
  1.870000   -0.20741560274305    0.34228846232307   -0.29918443631347  
  1.880000   -0.20445134861597    0.34185899742006   -0.29486417907774  
  1.890000   -0.20153229291667    0.34138052264744   -0.29064161410915  
  1.900000   -0.19865758957098    0.34085469851736   -0.28651310791862  
  1.910000   -0.19582641477570    0.34028312569376   -0.28247465345465  
  1.920000   -0.19303796655371    0.33966734615751   -0.27852191229423  
  1.930000   -0.19029146433277    0.33900884436595   -0.27465025976945  
  1.940000   -0.18758614854236    0.33830904841694   -0.27085483254936  
  1.950000   -0.18492128022299    0.33756933122757   -0.26713057817595  
  1.960000   -0.18229614064248    0.33679101173725   -0.26347230603678  
  1.970000   -0.17971003091444    0.33597535614445   -0.25987473924681  
  1.980000   -0.17716227161395    0.33512357918559   -0.25633256690651  
  1.990000   -0.17465220238622    0.33423684546386   -0.25284049620383  
  2.000000   -0.17217918154423    0.33331627083472   -0.24939330383342  
  2.010000   -0.16974258565198    0.33236292385383   -0.24598588621734  
  2.020000   -0.16734180909023    0.33137782729191   -0.24261330802787  
  2.030000   -0.16497626360240    0.33036195971994   -0.23927084853398  
  2.040000   -0.16264537781862    0.32931625716653   -0.23595404531888  
  2.050000   -0.16034859675662    0.32824161484824   -0.23265873494607  
  2.060000   -0.15808538129858    0.32713888897200   -0.22938109018593  
  2.070000   -0.15585520764366    0.32600889860750   -0.22611765345222  
  2.080000   -0.15365756673661    0.32485242762609   -0.22286536613948  
  2.090000   -0.15149196367306    0.32367022670126   -0.21962159359609  
  2.100000   -0.14935791708299    0.32246301536451   -0.21638414551401  
  2.110000   -0.14725495849406    0.32123148410922   -0.21315129156467  
  2.120000   -0.14518263167714    0.31997629653397   -0.20992177215980  
  2.130000   -0.14314049197661    0.31869809151563   -0.20669480426659  
  2.140000   -0.14112810562864    0.31739748540168   -0.20347008225722  
  2.150000   -0.13914504907062    0.31607507421023   -0.20024777382361  
  2.160000   -0.13719090824573    0.31473143582577   -0.19702851103790  
  2.170000   -0.13526527790621    0.31336713217783   -0.19381337668811  
  2.180000   -0.13336776091979    0.31198271138947   -0.19060388606541  
  2.190000   -0.13149796758325    0.31057870988237   -0.18740196442438  
  2.200000   -0.12965551494767    0.30915565442479   -0.18420992038009  
  2.210000   -0.12784002615954    0.30771406410927   -0.18103041554492  
  2.220000   -0.12605112982219    0.30625445224666   -0.17786643074456  
  2.230000   -0.12428845938175    0.30477732816382   -0.17472122918438  
  2.240000   -0.12255165254172    0.30328319889253   -0.17159831696615  
  2.250000   -0.12084035071020    0.30177257073815   -0.16850140137874  
  2.260000   -0.11915419848333    0.30024595071706   -0.16543434740638  
  2.270000   -0.11749284316851    0.29870384785320   -0.16240113291256  
  2.280000   -0.11585593435043    0.29714677432475   -0.15940580296830  
  2.290000   -0.11424312350267    0.29557524645347   -0.15645242379830  
  2.300000   -0.11265406364729    0.29398978553031   -0.15354503681945  
  2.310000   -0.11108840906431    0.29239091847242   -0.15068761324148  
  2.320000   -0.10954581505257    0.29077917830796   -0.14788400969054  
  2.330000   -0.10802593774306    0.28915510448673   -0.14513792530279  
  2.340000   -0.10652843396524    0.28751924301619   -0.14245286071691  
  2.350000   -0.10505296116642    0.28587214642384   -0.13983207937181  
  2.360000   -0.10359917738388    0.28421437354867   -0.13727857148979  
  2.370000   -0.10216674126860    0.28254648916593   -0.13479502109481  
  2.380000   -0.10075531215954    0.28086906345069   -0.13238377638261  
  2.390000   -0.09936455020627    0.27918267128774   -0.13004682372245  
  2.400000   -0.09799411653789    0.27748789143611   -0.12778576553165  
  2.410000   -0.09664367347532    0.27578530555841   -0.12560180222241  
  2.420000   -0.09531288478400    0.27407549712607   -0.12349571837788  
  2.430000   -0.09400141596324    0.27235905021291   -0.12146787326966  
  2.440000   -0.09270893456851    0.27063654819047   -0.11951819578409  
  2.450000   -0.09143511056254    0.26890857233935   -0.11764618377910  
  2.460000   -0.09017961669058    0.26717570039177   -0.11585090784768  
  2.470000   -0.08894212887545    0.26543850502094   -0.11413101941954  
  2.480000   -0.08772232662732    0.26369755229359   -0.11248476308829  
  2.490000   -0.08651989346345    0.26195340010209   -0.11090999300914  
  2.500000   -0.08533451733276    0.26020659659288   -0.10940419317146  
  2.510000   -0.08416589104025    0.25845767860793   -0.10796450131238  
  2.520000   -0.08301371266624    0.25670717015571   -0.10658773620166  
  2.530000   -0.08187768597550    0.25495558092780   -0.10527042799545  
  2.540000   -0.08075752081139    0.25320340487703   -0.10400885132742  
  2.550000   -0.07965293347049    0.25145111887199   -0.10279906077945  
  2.560000   -0.07856364705321    0.24969918144230   -0.10163692835250  
  2.570000   -0.07748939178618    0.24794803162799   -0.10051818254009  
  2.580000   -0.07642990531270    0.24619808794515   -0.09943844859316  
  2.590000   -0.07538493294757    0.24444974747904   -0.09839328955553  
  2.600000   -0.07435422789329    0.24270338511449   -0.09737824764399  
  2.610000   -0.07333755141480    0.24095935291179   -0.09638888554660  
  2.620000   -0.07233467297047    0.23921797963524   -0.09542082721610  
  2.630000   -0.07134537029756    0.23747957043966   -0.09446979774348  
  2.640000   -0.07036942945063    0.23574440671860   -0.09353166190898  
  2.650000   -0.06940664479209    0.23401274611656   -0.09260246102377  
  2.660000   -0.06845681893451    0.23228482270563   -0.09167844769589  
  2.670000   -0.06751976263466    0.23056084732552   -0.09075611817755  
  2.680000   -0.06659529463999    0.22884100808417   -0.08983224197809  
  2.690000   -0.06568324148842    0.22712547101463   -0.08890388845701  
  2.700000   -0.06478343726323    0.22541438088225   -0.08796845014430  
  2.710000   -0.06389572330481    0.22370786213477   -0.08702366257065  
  2.720000   -0.06301994788179    0.22200601998653   -0.08606762042751  
  2.730000   -0.06215596582436    0.22030894162647   -0.08509878991562  
  2.740000   -0.06130363812303    0.21861669753877   -0.08411601718105  
  2.750000   -0.06046283149634    0.21692934292334   -0.08311853277860  
  2.760000   -0.05963341793137    0.21524691920289   -0.08210595214357  
  2.770000   -0.05881527420127    0.21356945560213   -0.08107827209446  
  2.780000   -0.05800828136408    0.21189697078408   -0.08003586342968  
  2.790000   -0.05721232424747    0.21022947452786   -0.07897945972124  
  2.800000   -0.05642729092400    0.20856696943204   -0.07791014244716  
  2.810000   -0.05565307218184    0.20690945262732   -0.07682932264107  
  2.820000   -0.05488956099548    0.20525691748219   -0.07573871927223  
  2.830000   -0.05413665200165    0.20360935528548   -0.07464033460203  
  2.840000   -0.05339424098476    0.20196675688978   -0.07353642679230  
  2.850000   -0.05266222437695    0.20032911430029   -0.07242948006766  
  2.860000   -0.05194049877694    0.19869642219413   -0.07132217275790  
  2.870000   -0.05122896049215    0.19706867935593   -0.07021734356565  
  2.880000   -0.05052750510818    0.19544589001632   -0.06911795642177  
  2.890000   -0.04983602708939    0.19382806508096   -0.06802706430245  
  2.900000   -0.04915441941413    0.19221522323899   -0.06694777239145  
  2.910000   -0.04848257324778    0.19060739194076   -0.06588320097468  
  2.920000   -0.04782037765634    0.18900460823633   -0.06483644845543  
  2.930000   -0.04716771936293    0.18740691946740   -0.06381055487472  
  2.940000   -0.04652448254916    0.18581438380694   -0.06280846631405  
  2.950000   -0.04589054870296    0.18422707064235   -0.06183300054645  
  2.960000   -0.04526579651368    0.18264506079955   -0.06088681428680  
  2.970000   -0.04465010181530    0.18106844660685   -0.05997237237383  
  2.980000   -0.04404333757761    0.17949733179943   -0.05909191919445  
  2.990000   -0.04344537394521    0.17793183126642   -0.05824745263601  
  3.000000   -0.04285607832324    0.17637207064456   -0.05744070082452  
  3.010000   -0.04227531550876    0.17481818576370   -0.05667310187637  
  3.020000   -0.04170294786593    0.17327032195098   -0.05594578685880  
  3.030000   -0.04113883554278    0.17172863320198   -0.05525956612013  
  3.040000   -0.04058283672710    0.17019328122838   -0.05461491911477  
  3.050000   -0.04003480793842    0.16866443439303   -0.05401198781126  
  3.060000   -0.03949460435280    0.16714226654429   -0.05345057373411  
  3.070000   -0.03896208015681    0.16562695576263   -0.05293013865200  
  3.080000   -0.03843708892691    0.16411868303335   -0.05244980888731  
  3.090000   -0.03791948402990    0.16261763085993   -0.05200838318422  
  3.100000   -0.03740911904030    0.16112398183308   -0.05160434403632  
  3.110000   -0.03690584817019    0.15963791717124   -0.05123587233917  
  3.120000   -0.03640952670677    0.15815961524817   -0.05090086519930  
  3.130000   -0.03592001145315    0.15668925012368   -0.05059695669941  
  3.140000   -0.03543716116769    0.15522699009341   -0.05032154138981  
  3.150000   -0.03496083699722    0.15377299627325   -0.05007180024887  
  3.160000   -0.03449090289957    0.15232742123386   -0.04984472883092  
  3.170000   -0.03402722605115    0.15089040769994   -0.04963716729882  
  3.180000   -0.03356967723508    0.14946208732851   -0.04944583202001  
  3.190000   -0.03311813120598    0.14804257957937   -0.04926734839042  
  3.200000   -0.03267246702763    0.14663199069023   -0.04909828453922  
  3.210000   -0.03223256837981    0.14523041276767   -0.04893518556003  
  3.220000   -0.03179832383135    0.14383792300416   -0.04877460791017  
  3.230000   -0.03136962707633    0.14245458302982   -0.04861315361958  
  3.240000   -0.03094637713107    0.14108043840643   -0.04844750395451  
  3.250000   -0.03052847848984    0.13971551826962   -0.04827445218826  
  3.260000   -0.03011584123757    0.13835983512376   -0.04809093514227  
  3.270000   -0.02970838111834    0.13701338479236   -0.04789406317472  
  3.280000   -0.02930601955903    0.13567614652542   -0.04768114831168  
  3.290000   -0.02890868364756    0.13434808326336   -0.04744973023601  
  3.300000   -0.02851630606610    0.13302914205558   -0.04719759987295  
  3.310000   -0.02812882497965    0.13171925463043   -0.04692282033720  
  3.320000   -0.02774618388120    0.13041833811124   -0.04662374503455  
  3.330000   -0.02736833139476    0.12912629587223   -0.04629903274155  
  3.340000   -0.02699522103830    0.12784301852608   -0.04594765951868  
  3.350000   -0.02662681094885    0.12656838503413   -0.04556892734589  
  3.360000   -0.02626306357231    0.12530226392839   -0.04516246940365  
  3.370000   -0.02590394532120    0.12404451463391   -0.04472825195780  
  3.380000   -0.02554942620348    0.12279498887856   -0.04426657284171  
  3.390000   -0.02519947942614    0.12155353217670   -0.04377805656442  
  3.400000   -0.02485408097746    0.12031998537224   -0.04326364610836  
  3.410000   -0.02451320919192    0.11909418622612   -0.04272459151391  
  3.420000   -0.02417684430204    0.11787597103247   -0.04216243538132  
  3.430000   -0.02384496798154    0.11666517624791   -0.04157899545121  
  3.440000   -0.02351756288417    0.11546164011762   -0.04097634445499  
  3.450000   -0.02319461218283    0.11426520428243   -0.04035678745359  
  3.460000   -0.02287609911324    0.11307571535083   -0.03972283690797  
  3.470000   -0.02256200652684    0.11189302642050   -0.03907718574742  
  3.480000   -0.02225231645697    0.11071699853418   -0.03842267872114  
  3.490000   -0.02194700970268    0.10954750205543   -0.03776228233515  
  3.500000   -0.02164606543418    0.10838441795056   -0.03709905368993  
  3.510000   -0.02134946082353    0.10722763896389   -0.03643610854422  
  3.520000   -0.02105717070430    0.10607707067471   -0.03577658893711  
  3.530000   -0.02076916726328    0.10493263242508   -0.03512363070359  
  3.540000   -0.02048541976727    0.10379425810936   -0.03448033121848  
  3.550000   -0.02020589432729    0.10266189681719   -0.03384971770003  
  3.560000   -0.01993055370268    0.10153551332362   -0.03323471639699  
  3.570000   -0.01965935714659    0.10041508842103   -0.03263812297277  
  3.580000   -0.01939226029440    0.09930061908954   -0.03206257438652  
  3.590000   -0.01912921509587    0.09819211850378   -0.03151052255396  
  3.600000   -0.01887016979166    0.09708961587585   -0.03098421005172  
  3.610000   -0.01861506893416    0.09599315613563   -0.03048564810620  
  3.620000   -0.01836385345225    0.09490279945140   -0.03001659708358  
  3.630000   -0.01811646075927    0.09381862059516   -0.02957854967078  
  3.640000   -0.01787282490280    0.09274070815874   -0.02917271690850  
  3.650000   -0.01763287675471    0.09166916362816   -0.02880001720733  
  3.660000   -0.01739654423936    0.09060410032498   -0.02846106844637  
  3.670000   -0.01716375259753    0.08954564222512   -0.02815618322167  
  3.680000   -0.01693442468326    0.08849392266625   -0.02788536727869  
  3.690000   -0.01670848129053    0.08744908295655   -0.02764832113008  
  3.700000   -0.01648584150637    0.08641127089822   -0.02744444482685  
  3.710000   -0.01626642308670    0.08538063924008   -0.02727284581869  
  3.720000   -0.01605014285104    0.08435734407450   -0.02713234980722  
  3.730000   -0.01583691709205    0.08334154319413   -0.02702151446561  
  3.740000   -0.01562666199570    0.08233339442463   -0.02693864586857  
  3.750000   -0.01541929406764    0.08133305394961   -0.02688181744935  
  3.760000   -0.01521473056161    0.08034067464435   -0.02684889127499  
  3.770000   -0.01501288990539    0.07935640443440   -0.02683754140783  
  3.780000   -0.01481369211991    0.07838038469545   -0.02684527910050  
  3.790000   -0.01461705922741    0.07741274871001   -0.02686947955382  
  3.800000   -0.01442291564431    0.07645362019617   -0.02690740995179  
  3.810000   -0.01423118855492    0.07550311192294   -0.02695625847573  
  3.820000   -0.01404180826220    0.07456132442584   -0.02701316399080  
  3.830000   -0.01385470851186    0.07362834483541   -0.02707524609227  
  3.840000   -0.01366982678668    0.07270424583028   -0.02713963519651  
  3.850000   -0.01348710456797    0.07178908472519   -0.02720350236247  
  3.860000   -0.01330648756154    0.07088290270307   -0.02726408853340  
  3.870000   -0.01312792588579    0.06998572419884   -0.02731873289605  
  3.880000   -0.01295137422014    0.06909755644113   -0.02736490006466  
  3.890000   -0.01277679191218    0.06821838915666   -0.02740020581078  
  3.900000   -0.01260414304247    0.06734819444030   -0.02742244107593  
  3.910000   -0.01243339644627    0.06648692679230   -0.02742959402324  
  3.920000   -0.01226452569195    0.06563452332254   -0.02741986990542  
  3.930000   -0.01209750901635    0.06479090412000   -0.02739170855019  
  3.940000   -0.01193232921756    0.06395597278404   -0.02734379928975  
  3.950000   -0.01176897350625    0.06312961711247   -0.02727509318837  
  3.960000   -0.01160743331699    0.06231170993995   -0.02718481245075  
  3.970000   -0.01144770408137    0.06150211011866   -0.02707245692379  
  3.980000   -0.01128978496521    0.06070066363180   -0.02693780763504  
  3.990000   -0.01113367857236    0.05990720482940   -0.02678092734221  
  4.000000   -0.01097939061816    0.05912155777435   -0.02660215809960  
  4.010000   -0.01082692957562    0.05834353768574   -0.02640211587816  
  4.020000   -0.01067630629789    0.05757295246559   -0.02618168230701  
  4.030000   -0.01052753362084    0.05680960429422   -0.02594199363359  
  4.040000   -0.01038062594949    0.05605329127879   -0.02568442702885  
  4.050000   -0.01023559883256    0.05530380913896   -0.02541058439089  
  4.060000   -0.01009246852927    0.05456095291362   -0.02512227382621  
  4.070000   -0.00995125157267    0.05382451867173   -0.02482148901164  
  4.080000   -0.00981196433387    0.05309430521104   -0.02451038666115  
  4.090000   -0.00967462259148    0.05237011572805   -0.02419126234126  
  4.100000   -0.00953924111043    0.05165175944291   -0.02386652489501  
  4.110000   -0.00940583323449    0.05093905316370   -0.02353866974831  
  4.120000   -0.00927441049643    0.05023182277470   -0.02321025138341  
  4.130000   -0.00914498224973    0.04952990463433   -0.02288385527189  
  4.140000   -0.00901755532539    0.04883314686912   -0.02256206956464  
  4.150000   -0.00889213371737    0.04814141055111   -0.02224745683773  
  4.160000   -0.00876871829973    0.04745457074737   -0.02194252619167  
  4.170000   -0.00864730657823    0.04677251743136   -0.02164970599718  
  4.180000   -0.00852789247882    0.04609515624725   -0.02137131757271  
  4.190000   -0.00841046617528    0.04542240911994   -0.02110955006857  
  4.200000   -0.00829501395751    0.04475421470476   -0.02086643681915  
  4.210000   -0.00818151814192    0.04409052867257   -0.02064383340855  
  4.220000   -0.00806995702467    0.04343132382754   -0.02044339767624  
  4.230000   -0.00796030487836    0.04277659005646   -0.02026657186876  
  4.240000   -0.00785253199209    0.04212633411027   -0.02011456712003  
  4.250000   -0.00774660475451    0.04148057921982   -0.01998835041828  
  4.260000   -0.00764248577907    0.04083936454993   -0.01988863419101  
  4.270000   -0.00754013407008    0.04020274449687   -0.01981586861164  
  4.280000   -0.00743950522814    0.03957078783653   -0.01977023670270  
  4.290000   -0.00734055169265    0.03894357673134   -0.01975165228103  
  4.300000   -0.00724322301918    0.03832120560604   -0.01975976076026  
  4.310000   -0.00714746618873    0.03770377990320   -0.01979394279621  
  4.320000   -0.00705322594597    0.03709141473081   -0.01985332073075  
  4.330000   -0.00696044516296    0.03648423341527   -0.01993676776059  
  4.340000   -0.00686906522478    0.03588236597405   -0.02004291972887  
  4.350000   -0.00677902643311    0.03528594752303   -0.02017018941038  
  4.360000   -0.00669026842386    0.03469511663425   -0.02031678313497  
  4.370000   -0.00660273059457    0.03411001366034   -0.02048071956985  
  4.380000   -0.00651635253724    0.03353077904198   -0.02065985045888  
  4.390000   -0.00643107447243    0.03295755161529   -0.02085188309701  
  4.400000   -0.00634683768006    0.03239046693568   -0.02105440430005  
  4.410000   -0.00626358492270    0.03182965563494   -0.02126490561485  
  4.420000   -0.00618126085701    0.03127524182758   -0.02148080950226  
  4.430000   -0.00609981242926    0.03072734158238   -0.02169949621545  
  4.440000   -0.00601918925082    0.03018606147415   -0.02191833108960  
  4.450000   -0.00593934394990    0.02965149723020   -0.02213469195466  
  4.460000   -0.00586023249590    0.02912373248481   -0.02234599638241  
  4.470000   -0.00578181449304    0.02860283765428   -0.02254972848098  
  4.480000   -0.00570405344041    0.02808886894354   -0.02274346495529  
  4.490000   -0.00562691695545    0.02758186749451   -0.02292490015973  
  4.500000   -0.00555037695889    0.02708185868451   -0.02309186988061  
  4.510000   -0.00547440981892    0.02658885158202   -0.02324237359940  
  4.520000   -0.00539899645315    0.02610283856517   -0.02337459500384  
  4.530000   -0.00532412238723    0.02562379510692   -0.02348692053319  
  4.540000   -0.00524977776941    0.02515167972937   -0.02357795576389  
  4.550000   -0.00517595734074    0.02468643412766   -0.02364653946567  
  4.560000   -0.00510266036113    0.02422798346254   -0.02369175518195  
  4.570000   -0.00502989049176    0.02377623681895   -0.02371294021498  
  4.580000   -0.00495765563508    0.02333108782619   -0.02370969192311  
  4.590000   -0.00488596773357    0.02289241543380   -0.02368187126613  
  4.600000   -0.00481484252943    0.02246008483580   -0.02362960356326  
  4.610000   -0.00474429928718    0.02203394853411   -0.02355327645764  
  4.620000   -0.00467436048208    0.02161384753112   -0.02345353511057  
  4.630000   -0.00460505145704    0.02119961263960   -0.02333127467747  
  4.640000   -0.00453640005157    0.02079106589723   -0.02318763014628  
  4.650000   -0.00446843620622    0.02038802207201   -0.02302396364627  
  4.660000   -0.00440119154630    0.01999029024361   -0.02284184936179  
  4.670000   -0.00433469894911    0.01959767544541   -0.02264305621059  
  4.680000   -0.00426899209859    0.01920998035080   -0.02242952846939  
  4.690000   -0.00420410503209    0.01882700698730   -0.02220336455106  
  4.700000   -0.00414007168338    0.01844855846160   -0.02196679415680  
  4.710000   -0.00407692542663    0.01807444067829   -0.02172215404379  
  4.720000   -0.00401469862571    0.01770446403546   -0.02147186266316  
  4.730000   -0.00395342219334    0.01733844508015   -0.02121839393487  
  4.740000   -0.00389312516441    0.01697620810728   -0.02096425043501  
  4.750000   -0.00383383428775    0.01661758668600   -0.02071193627738  
  4.760000   -0.00377557364041    0.01626242509825   -0.02046392997400  
  4.770000   -0.00371836426835    0.01591057967504   -0.02022265755990  
  4.780000   -0.00366222385711    0.01556192001690   -0.01999046626436  
  4.790000   -0.00360716643587    0.01521633008618   -0.01976959900545  
  4.800000   -0.00355320211785    0.01487370916001   -0.01956216997588  
  4.810000   -0.00350033687978    0.01453397263407   -0.01937014157716  
  4.820000   -0.00344857238280    0.01419705266878   -0.01919530294471  
  4.830000   -0.00339790583656    0.01386289867113   -0.01903925029045  
  4.840000   -0.00334832990813    0.01353147760672   -0.01890336927019  
  4.850000   -0.00329983267679    0.01320277413852   -0.01878881956234  
  4.860000   -0.00325239763524    0.01287679059040   -0.01869652182151  
  4.870000   -0.00320600373748    0.01255354673511   -0.01862714714572  
  4.880000   -0.00316062549303    0.01223307940832   -0.01858110917017  
  4.890000   -0.00311623310677    0.01191544195185   -0.01855855887290  
  4.900000   -0.00307279266327    0.01160070349105   -0.01855938214993  
  4.910000   -0.00303026635386    0.01128894805277   -0.01858320018822  
  4.920000   -0.00298861274460    0.01098027353209   -0.01862937263615  
  4.930000   -0.00294778708251    0.01067479051745   -0.01869700354188  
  4.940000   -0.00290774163736    0.01037262098511   -0.01878495000136  
  4.950000   -0.00286842607580    0.01007389687545   -0.01889183342926  
  4.960000   -0.00282978786436    0.00977875856451   -0.01901605333916  
  4.970000   -0.00279177269744    0.00948735324550   -0.01915580349289  
  4.980000   -0.00275432494635    0.00919983323580   -0.01930909025422  
  4.990000   -0.00271738812503    0.00891635422583   -0.01947375295920  
  5.000000   -0.00268090536803    0.00863707348670   -0.01964748609411  
  5.010000   -0.00264481991621    0.00836214805420   -0.01982786305314  
  5.020000   -0.00260907560536    0.00809173290679   -0.02001236123115  
  5.030000   -0.00257361735312    0.00782597915556   -0.02019838819273  
  5.040000   -0.00253839163945    0.00756503226391   -0.02038330864738  
  5.050000   -0.00250334697584    0.00730903031468   -0.02056447195160  
  5.060000   -0.00246843435883    0.00705810234196   -0.02073923985318  
  5.070000   -0.00243360770321    0.00681236674424   -0.02090501418956  
  5.080000   -0.00239882425069    0.00657192979499   -0.02105926425266  
  5.090000   -0.00236404494995    0.00633688426563   -0.02119955353493  
  5.100000   -0.00232923480412    0.00610730817526   -0.02132356557775  
  5.110000   -0.00229436318235    0.00588326367977   -0.02142912865166  
  5.120000   -0.00225940409208    0.00566479611230   -0.02151423900965  
  5.130000   -0.00222433640927    0.00545193318512   -0.02157708246886  
  5.140000   -0.00218914406406    0.00524468436176   -0.02161605409256  
  5.150000   -0.00215381617985    0.00504304040652   -0.02162977576359  
  5.160000   -0.00211834716414    0.00484697311689   -0.02161711146146  
  5.170000   -0.00208273675004    0.00465643524261   -0.02157718007859  
  5.180000   -0.00204698998758    0.00447136059330   -0.02150936563574  
  5.190000   -0.00201111718483    0.00429166433496   -0.02141332478349  
  5.200000   -0.00197513379877    0.00411724347362   -0.02128899150358  
  5.210000   -0.00193906027695    0.00394797752274   -0.02113657895282  
  5.220000   -0.00190292185079    0.00378372934911   -0.02095657842095  
  5.230000   -0.00186674828244    0.00362434619042   -0.02074975540348  
  5.240000   -0.00183057356711    0.00346966083572   -0.02051714281974  
  5.250000   -0.00179443559346    0.00331949295869   -0.02026003143577  
  5.260000   -0.00175837576495    0.00317365059183   -0.01997995757990  
  5.270000   -0.00172243858546    0.00303193172857   -0.01967868826704  
  5.280000   -0.00168667121280    0.00289412603873   -0.01935820387392  
  5.290000   -0.00165112298416    0.00276001668178   -0.01902067853298  
  5.300000   -0.00161584491757    0.00262938220126   -0.01866845843609  
  5.310000   -0.00158088919410    0.00250199848282   -0.01830403826083  
  5.320000   -0.00154630862530    0.00237764075777   -0.01793003595184  
  5.330000   -0.00151215611081    0.00225608563316   -0.01754916610673  
  5.340000   -0.00147848409109    0.00213711312962   -0.01716421223084  
  5.350000   -0.00144534400026    0.00202050870719   -0.01677799813745  
  5.360000   -0.00141278572422    0.00190606526025   -0.01639335877900  
  5.370000   -0.00138085706889    0.00179358506200   -0.01601311080150  
  5.380000   -0.00134960324365    0.00168288163992   -0.01564002311800  
  5.390000   -0.00131906636471    0.00157378156372   -0.01527678779697  
  5.400000   -0.00128928498312    0.00146612612833   -0.01492599155942  
  5.410000   -0.00126029364176    0.00135977291490   -0.01459008817252  
  5.420000   -0.00123212246536    0.00125459721440   -0.01427137201915  
  5.430000   -0.00120479678754    0.00115049329896   -0.01397195311056  
  5.440000   -0.00117833681792    0.00104737552787   -0.01369373379490  
  5.450000   -0.00115275735243    0.00094517927654   -0.01343838739579  
  5.460000   -0.00112806752889    0.00084386167832   -0.01320733899385  
  5.470000   -0.00110427062960    0.00074340217108   -0.01300174853901  
  5.480000   -0.00108136393165    0.00064380284268   -0.01282249645227  
  5.490000   -0.00105933860476    0.00054508857176   -0.01267017184190  
  5.500000   -0.00103817965523    0.00044730696352   -0.01254506342041  
  5.510000   -0.00101786591334    0.00035052808343   -0.01244715316265  
  5.520000   -0.00099837005953    0.00025484399656   -0.01237611269285  
  5.530000   -0.00097965868315    0.00016036812529   -0.01233130232570  
  5.540000   -0.00096169236489    0.00006723444495   -0.01231177261382  
  5.550000   -0.00094442577171   -0.00002440345467   -0.01231626816921  
  5.560000   -0.00092780775022   -0.00011437340455   -0.01234323342939  
  5.570000   -0.00091178140167   -0.00020248573954   -0.01239081993162  
  5.580000   -0.00089628411925   -0.00028853436759   -0.01245689454389  
  5.590000   -0.00088124756652   -0.00037229775113   -0.01253904798818  
  5.600000   -0.00086659757508   -0.00045353971384   -0.01263460289196  
  5.610000   -0.00085225394132   -0.00053200997824   -0.01274062053759  
  5.620000   -0.00083813010613   -0.00060744433681   -0.01285390547407  
  5.630000   -0.00082413271029   -0.00067956436778   -0.01297100724474  
  5.640000   -0.00081016103177   -0.00074807663013   -0.01308821870958  
  5.650000   -0.00079610633063   -0.00081267131579   -0.01320157084485  
  5.660000   -0.00078185115419   -0.00087302040566   -0.01330682452655  
  5.670000   -0.00076726868762   -0.00092877547272   -0.01339946067576  
  5.680000   -0.00075222227452   -0.00097956540102   -0.01347467126888  
  5.690000   -0.00073656527359   -0.00102499444029   -0.01352735506308  
  5.700000   -0.00072014146001   -0.00106464118272   -0.01355212337495  
  5.710000   -0.00070278621501   -0.00109805921601   -0.01354332273699  
  5.720000   -0.00068432877056   -0.00112478035054   -0.01349508253250  
  5.730000   -0.00066459577635   -0.00114432141016   -0.01340139650411  
  5.740000   -0.00064341642735   -0.00115619557966   -0.01325624702867  
  5.750000   -0.00062062932183   -0.00115992918322   -0.01305377992246  
  5.760000   -0.00059609110745   -0.00115508449458   -0.01278853499434  
  5.770000   -0.00056968681377   -0.00114128873309   -0.01245573340618  
  5.780000   -0.00054134156761   -0.00111826877675   -0.01205161710153  
  5.790000   -0.00051103315409   -0.00108589034835   -0.01157382832860  
  5.800000   -0.00047880463852   -0.00104419955636   -0.01102180909233  
  5.810000   -0.00044477603047   -0.00099346378166   -0.01039719199824  
  5.820000   -0.00040915378240   -0.00093420810686   -0.00970414643723  
  5.830000   -0.00037223680688   -0.00086724291423   -0.00894963862695  
  5.840000   -0.00033441770372   -0.00079367806512   -0.00814356193770  
  5.850000   -0.00029617803698   -0.00071491933324   -0.00729869631652  
  5.860000   -0.00025807680957   -0.00063264357605   -0.00643046326332  
  5.870000   -0.00022073174555   -0.00054875051229   -0.00555645594073  
  5.880000   -0.00018479358719   -0.00046529087639   -0.00469574214189  
  5.890000   -0.00015091429879   -0.00038437300738   -0.00386795973588  
  5.900000   -0.00011971077905   -0.00030805238778   -0.00309224784742  
  5.910000   -0.00009172633990   -0.00023821100645   -0.00238607979412  
  5.920000   -0.00006739272702   -0.00017643537426   -0.00176408278034  
  5.930000   -0.00004699575789   -0.00012390328163   -0.00123694167449  
  5.940000   -0.00003064767368   -0.00008128970923   -0.00081048750824  
  5.950000   -0.00001826900808   -0.00004870154195   -0.00048506416242  
  5.960000   -0.00000958216918   -0.00002564886880   -0.00025524878634  
  5.970000   -0.00000411805009   -0.00001105779701   -0.00010997395907  
  5.980000   -0.00000123590760   -0.00000332612456   -0.00003306491146  
  5.990000   -0.00000015558190   -0.00000041927111   -0.00000416686798  
  6.000000   -0.00000000000000    0.00000000000000    0.00000000000000  
