0	0.0008936640662261298
1	0.0007417463789988088
2	0.000626365801746874
3	0.0005452853190800656
4	0.0004881842871517056
5	0.0004466453502399836
6	0.0004147951080562295
7	0.0003888736496085261
8	0.00036660748977612474
9	0.00034660489269146706
10	0.0003280113655307935
11	0.00031032719746423707
12	0.0002932942980711426
13	0.000276817837570635
14	0.00026090747353152194
15	0.0002456306657555226
16	0.00023107530422439716
17	0.00021732243711460253
18	0.00020443150316304214
19	0.00019243873384565285
20	0.00018136508020507284
21	0.0001712260959143033
22	0.00016203629145487253
23	0.00015380561076072603
24	0.0001465314825215802
25	0.00014019174772024842
26	0.00013474203054952938
27	0.00013011815333936017
28	0.000126241716579275
29	0.00012302627218794364
30	0.00012038256672658623
31	0.00011822263807530091
32	0.0001164630993316026
33	0.00011502780305095475
34	0.00011384969994685521
35	0.00011287157873268891
36	0.00011204568547374225
37	0.00011133264989881175
38	0.0001107003018041834
39	0.00011012278123587345
40	0.00010957999983584316
41	0.00010905722629722889
42	0.00010854453188899559
43	0.00010803603219803763
44	0.0001075290820990476
45	0.0001070236210402678
46	0.00010652171388191663
47	0.00010602714093734981
48	0.0001055448372339157
49	0.00010508012265098835
50	0.00010463788436432473
51	0.00010422198360133333
52	0.0001038350667202585
53	0.00010347873822713594
54	0.00010315387360479538
55	0.00010286084231004645
56	0.00010259955478360898
57	0.00010236940371755297
58	0.00010216921901889557
59	0.00010199729281586513
60	0.0001018514471412477
61	0.00010172910011320226
62	0.00010162733592495083
63	0.0001015430258825287
64	0.0001014730243691665
65	0.00010141439525062279
66	0.0001013645832476978
67	0.00010132147556067241
68	0.00010128337118063598
69	0.0001012489195939482
70	0.00010121707299231848
71	0.00010118704826969437
72	0.00010115827387009728
73	0.0001011303209295056
74	0.0001011028523783736
75	0.0001010756220308382
76	0.00010104851529597317
77	0.00010102158562871347
78	0.00010099504484639384
79	0.00010096920546425138
80	0.00010094440870557447
81	0.00010092097224182693
82	0.00010089916546984262
83	0.00010087919892295516
84	0.00010086121600547363
85	0.00010084528843593813
86	0.00010083142098587866
87	0.00010081956252500773
88	0.00010080961327806767
89	0.00010080142381589861
90	0.00010079479333566569
91	0.00010078947832529216
92	0.00010078521363587179
93	0.00010078173727622195
94	0.0001007788096619144
95	0.00010077622601441405
96	0.00010077382595550133
97	0.00010077150117521201
98	0.00010076919642976492
99	0.00010076689994256173
100	0.00010076462655587152
101	0.00010076240220178523
102	0.00010076025558742884
103	0.0001007582159471116
104	0.00010075631203716168
105	0.00010075456973397765
106	0.00010075300921073108
107	0.00010075164322594143
108	0.00010075047624646542
109	0.00010074950352825449
110	0.00010074871072143818
111	0.00010074807550456747
112	0.00010074757137933597
113	0.0001007471717513887
114	0.00010074685238547061
115	0.000100746592177812
116	0.00010074637344227598
117	0.0001007461822919085
118	0.00010074600855540767
119	0.0001007458448159031
120	0.0001007456852742045
121	0.00010074552547098978
122	0.00010074536290383261
123	0.00010074519754718023
124	0.00010074503149574826
125	0.00010074486794802587
126	0.00010074471026094164
127	0.00010074456141232152
128	0.00010074442372419252
129	0.00010074429871814515
130	0.00010074418719569602
131	0.00010074408953573688
132	0.00010074400592791352
133	0.00010074393630145444
134	0.00010074388006507299
135	0.00010074383597703598
136	0.00010074380226874358
137	0.00010074377685934365
138	0.00010074375752512647
139	0.00010074374207560354
140	0.00010074372861147124
141	0.00010074371576982012
142	0.00010074370278185605
143	0.0001007436893266294
144	0.00010074367533585996
145	0.00010074366089260611
146	0.00010074364619818262
147	0.0001007436315498288
148	0.00010074361729487558
149	0.00010074360379628954
150	0.00010074359139965128
151	0.00010074358037989632
152	0.00010074357088239882
153	0.00010074356290876506
154	0.00010074355636246774
155	0.00010074355110803195
156	0.00010074354699853706
157	0.00010074354388238286
158	0.00010074354161131355
159	0.00010074354004906824
160	0.00010074353906114987
161	0.00010074353849534457
162	0.00010074353817969148
163	0.00010074353794336248
164	0.00010074353765010176
165	0.00010074353721108191
166	0.00010074353658456342
167	0.00010074353576727856
168	0.00010074353478422173
169	0.00010074353367582899
170	0.00010074353248569946
171	0.00010074353125892264
172	0.00010074353004314621
173	0.00010074352888626793
174	0.00010074352782940466
175	0.00010074352690129142
176	0.00010074352611813
177	0.00010074352548521359
178	0.00010074352499815921
179	0.0001007435246440102
180	0.00010074352440628715
181	0.00010074352426911488
182	0.00010074352421597649
183	0.0001007435242291843
184	0.00010074352428747603
185	0.00010074352436684947
186	0.00010074352444358232
187	0.00010074352449639203
188	0.0001007435245103223
189	0.00010074352447747529
190	0.00010074352439941436
191	0.00010074352428107322
192	0.00010074352413290812
193	0.00010074352396626197
194	0.00010074352379351488
195	0.00010074352362587512
196	0.00010074352347283097
197	0.00010074352334092347
198	0.0001007435232343029
199	0.00010074352315338325
200	0.00010074352309619712
201	0.00010074352305877871
202	0.0001007435230355725
203	0.00010074352302172906
204	0.00010074352301191849
205	0.00010074352300324045
206	0.00010074352299284835
207	0.00010074352297938802
208	0.00010074352296137469
209	0.00010074352293877013
210	0.00010074352291234237
211	0.00010074352288331557
212	0.00010074352285291824
213	0.0001007435228235275
214	0.0001007435227957649
215	0.00010074352277157983
216	0.00010074352275128271
217	0.00010074352273465657
218	0.00010074352272197784
219	0.00010074352271284331
220	0.0001007435227062261
221	0.00010074352270173218
222	0.00010074352269871406
223	0.00010074352269652241
224	0.0001007435226950788
225	0.00010074352269328887
226	0.00010074352269194034
227	0.00010074352269036967
228	0.0001007435226889641
229	0.00010074352268735273
230	0.00010074352268584043
231	0.00010074352268454404
232	0.0001007435226831232
233	0.00010074352268189833
234	0.0001007435226804855
235	0.0001007435226792066
236	0.00010074352267803397
237	0.00010074352267715075
238	0.00010074352267633272
239	0.00010074352267594176
240	0.00010074352267524661
241	0.00010074352267508974
242	0.00010074352267490938
243	0.00010074352267470748
244	0.00010074352267488591
245	0.00010074352267462679
246	0.00010074352267447036
247	0.00010074352267410827
248	0.00010074352267407504
249	0.000100743522673847
250	0.00010074352267364566
251	0.00010074352267334229
252	0.00010074352267340177
253	0.00010074352267297854
254	0.00010074352267295335
255	0.00010074352267289895
256	0.00010074352267265934
257	0.00010074352267267681
258	0.00010074352267269972
259	0.00010074352267259399
260	0.000100743522672322
261	0.00010074352267247764
262	0.00010074352267236812
263	0.00010074352267231593
264	0.00010074352267228126
265	0.0001007435226720774
266	0.0001007435226722223
267	0.0001007435226718759
268	0.00010074352267216088
269	0.00010074352267194788
270	0.00010074352267213918
271	0.00010074352267176937
272	0.00010074352267181263
273	0.0001007435226717379
274	0.00010074352267197998
275	0.00010074352267175303
276	0.00010074352267176606
277	0.00010074352267167595
278	0.00010074352267156082
279	0.00010074352267181531
280	0.00010074352267174041
281	0.0001007435226715877
282	0.00010074352267172667
283	0.00010074352267178764
284	0.00010074352267168726
285	0.00010074352267180511
286	0.00010074352267174633
287	0.00010074352267186353
288	0.0001007435226716067
289	0.00010074352267176888
290	0.00010074352267148244
291	0.00010074352267157209
292	0.00010074352267158643
293	0.00010074352267150789
294	0.00010074352267172673
295	0.00010074352267158449
296	0.00010074352267144171
297	0.00010074352267156986
298	0.00010074352267156227
299	0.00010074352267175205
300	0.00010074352267155334
301	0.00010074352267153204
302	0.00010074352267152602
303	0.00010074352267155768
304	0.00010074352267174868
305	0.00010074352267151614
306	0.00010074352267159765
307	0.00010074352267166418
308	0.00010074352267172627
309	0.00010074352267150544
310	0.0001007435226716133
311	0.00010074352267146902
312	0.0001007435226716815
313	0.0001007435226714878
314	0.0001007435226716214
315	0.00010074352267134241
316	0.00010074352267165226
317	0.00010074352267161123
318	0.00010074352267162346
319	0.00010074352267163254
320	0.00010074352267157301
321	0.00010074352267168858
322	0.00010074352267146766
323	0.00010074352267186183
324	0.00010074352267160193
325	0.00010074352267176396
326	0.00010074352267173781
327	0.00010074352267152266
328	0.0001007435226714851
329	0.00010074352267170631
330	0.00010074352267159579
331	0.00010074352267160017
332	0.0001007435226717668
333	0.00010074352267165146
334	0.00010074352267158542
335	0.00010074352267147143
336	0.00010074352267159831
337	0.00010074352267151599
338	0.00010074352267154033
339	0.00010074352267163156
340	0.00010074352267152116
341	0.00010074352267172477
342	0.00010074352267157943
343	0.00010074352267168563
344	0.0001007435226715868
345	0.00010074352267169296
346	0.00010074352267176671
347	0.0001007435226714198
348	0.00010074352267148847
349	0.0001007435226715287
350	0.00010074352267169796
351	0.00010074352267159316
352	0.00010074352267152872
353	0.00010074352267157622
354	0.00010074352267166805
355	0.00010074352267178218
356	0.00010074352267147618
357	0.00010074352267164558
358	0.00010074352267149485
359	0.00010074352267159732
360	0.00010074352267167734
361	0.00010074352267163023
362	0.00010074352267167399
363	0.000100743522671647
364	0.00010074352267146319
365	0.00010074352267162937
366	0.00010074352267162535
