0	0.006743508744694426
1	0.006065534493095586
2	0.005462803272984443
3	0.004934851766923626
4	0.004555859374524174
5	0.004349563006549807
6	0.004299788019458738
7	0.0043407183914807
8	0.004374528988603478
9	0.004349358884535734
10	0.004271820160560131
11	0.004170528477508897
12	0.004068110663375155
13	0.00397787845275844
14	0.0039101249547948075
15	0.0038704716690615014
16	0.0038555262785287415
17	0.0038556264631863925
18	0.0038626306719138177
19	0.003872205830873333
20	0.0038807939560379307
21	0.0038845974056817708
22	0.0038819518059899673
23	0.003874280896923574
24	0.0038638745664734886
25	0.0038519037128464436
26	0.003839188068961266
27	0.0038275394273721433
28	0.003818832258879506
29	0.003813367605202459
30	0.0038102038598402865
31	0.0038086090214991247
32	0.0038081656217323193
33	0.0038078933082907416
34	0.0038064807692208226
35	0.0038034583263724803
36	0.0037992858231124774
37	0.0037944013372628654
38	0.0037890273681307008
39	0.0037837615852159335
40	0.0037794468247048345
41	0.00377641416826911
42	0.003774471011946081
43	0.00377349645242505
44	0.003773423637164124
45	0.0037738434867709784
46	0.0037742267239662167
47	0.0037743747099345483
48	0.003774264051800238
49	0.0037737598874753933
50	0.0037728279509058075
51	0.003771700291677022
52	0.0037705876998471283
53	0.0037695380406009
54	0.0037686456713895856
55	0.003768045285293841
56	0.003767701295629746
57	0.0037674841528586734
58	0.003767347603133671
59	0.0037672409321139913
60	0.0037670449062164606
61	0.0037667168977631327
62	0.0037663101369865134
63	0.0037658481849361944
64	0.003765350423484977
65	0.0037648961747554117
66	0.003764539306584845
67	0.003764268398383266
68	0.0037640812317134634
69	0.003763976823308096
70	0.0037639071757419726
71	0.003763827280991784
72	0.003763728252393925
73	0.003763594952064797
74	0.0037634127362827616
75	0.003763200953991872
76	0.0037629828866262527
77	0.0037627652701566075
78	0.0037625632005145906
79	0.003762391924868939
80	0.00376224487100707
81	0.0037621122383905874
82	0.0037619908730286773
83	0.0037618692048525817
84	0.0037617356241830876
85	0.0037615914350850417
86	0.0037614390044236495
87	0.0037612786242345237
88	0.003761117534678602
89	0.003760962675793047
90	0.0037608138658978526
91	0.0037606711123023082
92	0.003760534313764759
93	0.0037603982214879407
94	0.003760258020200361
95	0.003760112465722408
96	0.0037599596679532945
97	0.003759798667760342
98	0.0037596320499054146
99	0.0037594621475520104
100	0.003759289891841263
101	0.003759117004873328
102	0.0037589442581044434
103	0.0037587702235645144
104	0.0037585936123541515
105	0.0037584134937239024
106	0.0037582282297673316
107	0.0037580368430153973
108	0.0037578395533801674
109	0.0037576364565396177
110	0.003757427642278713
111	0.0037572136791345677
112	0.003756994689332092
113	0.0037567701288277215
114	0.0037565395095685338
115	0.0037563022498072916
116	0.003756057465229508
117	0.003755804543237341
118	0.003755543253504791
119	0.0037552733645786498
120	0.0037549947463027533
121	0.0037547074718365667
122	0.003754411483332191
123	0.0037541065115050524
124	0.0037537922801021643
125	0.003753468458396711
126	0.0037531345958220306
127	0.003752790305535465
128	0.00375243534384515
129	0.003752069511871621
130	0.003751692669175583
131	0.0037513047863639145
132	0.0037509058612601657
133	0.003750495854469747
134	0.0037500747384910417
135	0.0037496425167417935
136	0.003749199197096784
137	0.003748744826413558
138	0.0037482795437552663
139	0.0037478035695904396
140	0.0037473171808739348
141	0.0037468207184470437
142	0.003746314581020682
143	0.0037457991932410557
144	0.003745274994877535
145	0.0037447424536580917
146	0.0037442020658237226
147	0.003743654347648519
148	0.0037430998394646273
149	0.003742539110424698
150	0.0037419727468070638
151	0.0037414013351380207
152	0.003740825453460253
153	0.0037402456633909838
154	0.003739662497071041
155	0.003739076447359501
156	0.003738487965753918
157	0.0037378974606588453
158	0.003737305291653282
159	0.003736711764102919
160	0.0037361171263596447
161	0.003735521566384457
162	0.0037349252069299186
163	0.0037343281032095423
164	0.0037337302451833183
165	0.003733131562782665
166	0.003732531932938596
167	0.0037319311896844808
168	0.0037313291377854985
169	0.003730725568200703
170	0.003730120274193007
171	0.0037295130685836104
172	0.0037289038027269687
173	0.0037282923865533052
174	0.003727678808635672
175	0.003727063155716573
176	0.0037264456310652397
177	0.003725826570386388
178	0.0037252064537981076
179	0.0037245859129812244
180	0.0037239657334147296
181	0.003723346851654965
182	0.00372273034768623
183	0.003722117432460076
184	0.0037215094311452432
185	0.0037209077625059168
186	0.0037203139149390788
187	0.0037197294196729754
188	0.003719155821904002
189	0.003718594650860267
190	0.0037180473898491837
191	0.003717515447217664
192	0.003717000129105266
193	0.0037165026147866547
194	0.0037160239352703344
195	0.003715564955685614
196	0.0037151263618407323
197	0.0037147086512059587
198	0.003714312128503672
199	0.0037139369059282614
200	0.0037135829078528697
201	0.0037132498797575833
202	0.0037129374008219133
203	0.003712644899627772
204	0.003712371672250677
205	0.0037121169019477163
206	0.003711879679761625
207	0.003711659025282564
208	0.0037114539070140723
209	0.003711263261814786
210	0.003711086013060791
211	0.0037109210872363777
212	0.0037107674287721586
213	0.0037106240130021983
214	0.0037104898572121623
215	0.003710364029751593
216	0.003710245657245619
217	0.0037101339299890233
218	0.003710028105578727
219	0.0037099275109098943
220	0.003709831542636912
221	0.0037097396662538655
222	0.003709651413930549
223	0.0037095663812758946
224	0.003709484223226433
225	0.003709404649230623
226	0.0037093274179470087
227	0.0037092523316640496
228	0.003709179230624631
229	0.0037091079874272
230	0.003709038501689031
231	0.0037089706950376197
232	0.003708904506594139
233	0.003708839888926386
234	0.0037087768045724876
235	0.0037087152230968097
236	0.003708655118653755
237	0.0037085964680493213
238	0.003708539249206683
239	0.0037084834400327275
240	0.0037084290175858703
241	0.0037083759574960164
242	0.003708324233604573
243	0.003708273817772328
244	0.0037082246797938796
245	0.0037081767874402177
246	0.0037081301065670013
247	0.0037080846012834978
248	0.0037080402341746746
249	0.0037079969665534634
250	0.0037079547587695405
251	0.0037079135704922994
252	0.0037078733610442314
253	0.0037078340897164653
254	0.0037077957160826743
255	0.0037077582002840886
256	0.0037077215033038988
257	0.0037076855871883076
258	0.00370765041524782
259	0.0037076159521948144
260	0.00370758216424892
261	0.003707549019194218
262	0.0037075164864039064
263	0.0037074845368160305
264	0.0037074531429011513
265	0.0037074222785964507
266	0.0037073919192211905
267	0.0037073620413977447
268	0.003707332622956139
269	0.0037073036428336694
270	0.003707275081002175
271	0.003707246918347398
272	0.003707219136619826
273	0.00370719171831795
274	0.003707164646637519
275	0.003707137905382603
276	0.003707111478912088
277	0.0037070853520669677
278	0.0037070595101206245
279	0.0037070339387279567
280	0.0037070086238714505
281	0.0037069835518281644
282	0.0037069587091311303
283	0.003706934082538403
284	0.0037069096590028436
285	0.0037068854256503553
286	0.0037068613697588213
287	0.0037068374787441426
288	0.0037068137401476122
289	0.003706790141610703
290	0.0037067666708813026
291	0.0037067433157942685
292	0.003706720064260074
293	0.003706696904265096
294	0.0037066738238517383
295	0.0037066508111086053
296	0.0037066278541574224
297	0.0037066049411377095
298	0.003706582060191397
299	0.0037065591994377874
300	0.003706536346958706
301	0.0037065134907648687
302	0.0037064906187785664
303	0.003706467718807511
304	0.0037064447785048974
305	0.0037064217853487185
306	0.0037063987266079883
307	0.003706375589301388
308	0.0037063523601783485
309	0.003706329025664532
310	0.0037063055718381684
311	0.0037062819843892937
312	0.0037062582485727184
313	0.003706234349166453
314	0.00370621027044162
315	0.0037061859960947686
316	0.0037061615092162806
317	0.0037061367922276976
318	0.003706111826837164
319	0.0037060865939731553
320	0.0037060610737287723
321	0.003706035245293126
322	0.003706009086886035
323	0.003705982575684148
324	0.0037059556877333385
325	0.0037059283978810404
326	0.0037059006796659674
327	0.0037058725052361565
328	0.0037058438452371783
329	0.0037058146686977703
330	0.0037057849429145886
331	0.0037057546333180893
332	0.0037057237033330725
333	0.0037056921142288274
334	0.0037056598249541354
335	0.003705626791969858
336	0.00370559296905033
337	0.0037055583070919533
338	0.0037055227538902316
339	0.0037054862539085743
340	0.003705448748030013
341	0.0037054101732835873
342	0.0037053704625674864
343	0.0037053295443285643
344	0.003705287342242061
345	0.003705243774859453
346	0.003705198755230524
347	0.003705152190510364
348	0.003705103981536585
349	0.003705054022383197
350	0.00370500219989292
351	0.003704948393182406
352	0.003704892473134657
353	0.0037048343018636484
354	0.003704773732169696
355	0.0037047106069829977
356	0.0037046447587989785
357	0.0037045760091286425
358	0.0037045041679534146
359	0.0037044290332112154
360	0.0037043503903298504
361	0.0037042680118253004
362	0.0037041816569943825
363	0.0037040910717113062
364	0.0037039959884008697
365	0.003703896126203799
366	0.0037037911913768875
367	0.0037036808780065694
368	0.0037035648690984663
369	0.0037034428380848966
370	0.003703314450879639
371	0.003703179368515
372	0.0037030372504987643
373	0.0037028877589530833
374	0.0037027305636523453
375	0.0037025653480383274
376	0.003702391816281434
377	0.0037022097014871927
378	0.0037020187749990047
379	0.0037018188568852853
380	0.00370160982744707
381	0.003701391639682976
382	0.003701164332480007
383	0.0037009280442130634
384	0.0037006830263724188
385	0.0037004296567242417
386	0.0037001684513622768
387	0.0036999000750162275
388	0.003699625348810561
389	0.003699345254713564
390	0.00369906093589725
391	0.003698773692256701
392	0.0036984849705322155
393	0.003698196348573178
394	0.003697909513591305
395	0.003697626234465012
396	0.0036973483285560205
397	0.0036970776237746426
398	0.003696815916963637
399	0.0036965649300419482
400	0.00369632626551493
401	0.0036961013631806364
402	0.0036958914599711954
403	0.0036956975547857785
404	0.003695520380139543
405	0.003695360382080354
406	0.0036952177095946346
407	0.0036950922141681048
408	0.003694983459732916
409	0.0036948907426030122
410	0.003694813120489535
411	0.003694749449186629
412	0.0036946984250825
413	0.0036946586313552007
414	0.0036946285856394945
415	0.0036946067868583454
416	0.003694591759161185
417	0.00369458209120623
418	0.003694576469348252
419	0.0036945737038318943
420	0.003694572747501004
421	0.003694572707008909
422	0.003694572846955889
423	0.003694572587612132
424	0.003694571497241854
425	0.0036945692801173768
426	0.0036945657614055067
427	0.00369456087004506
428	0.003694554620717206
429	0.003694547095815495
430	0.003694538428167283
431	0.003694528785114925
432	0.0036945183543413114
433	0.003694507331703353
434	0.0036944959111511275
435	0.0036944842767557906
436	0.0036944725967060065
437	0.003694461019130856
438	0.0036944496695490332
439	0.0036944386496908016
440	0.0036944280374952903
441	0.003694417888023555
442	0.003694408235108371
443	0.003694399093520908
444	0.003694390461473282
445	0.0036943823233490654
446	0.0036943746524598017
447	0.0036943674137776533
448	0.003694360566519503
449	0.0036943540665163002
450	0.0036943478683246376
451	0.0036943419270155436
452	0.003694336199674352
453	0.003694330646527795
454	0.003694325231799316
455	0.0036943199242330943
456	0.003694314697354096
457	0.0036943095295007026
458	0.00369430440366039
459	0.0036942993071508996
460	0.0036942942311928772
461	0.003694289170412094
462	0.003694284122301254
463	0.003694279086678314
464	0.0036942740651598645
465	0.0036942690606792407
466	0.003694264077040787
467	0.003694259118537712
468	0.0036942541896378862
469	0.003694249294717705
470	0.003694244437866274
471	0.0036942396227309304
472	0.0036942348524280797
473	0.003694230129478576
474	0.003694225455792488
475	0.003694220832668988
476	0.003694216260836495
477	0.0036942117404873158
478	0.003694207271350003
479	0.0036942028527471894
480	0.0036941984836743815
481	0.0036941941628617653
482	0.003694189888851377
483	0.003694185660056282
484	0.003694181474826316
485	0.003694177331489892
486	0.003694173228403382
487	0.0036941691639848866
488	0.003694165136738709
489	0.0036941611452749193
490	0.0036941571883275974
491	0.0036941532647488465
492	0.0036941493735158483
493	0.003694145513726769
494	0.0036941416845938787
495	0.00369413788543055
496	0.003694134115639826
497	0.003694130374707305
498	0.0036941266621833904
499	0.003694122977676891
500	0.0036941193208336154
501	0.003694115691338289
502	0.003694112088898871
503	0.0036941085132372437
504	0.0036941049640802407
505	0.0036941014411661526
506	0.0036940979442220273
507	0.00369409447297446
508	0.0036940910271409918
509	0.0036940876064275275
510	0.003694084210529595
511	0.0036940808391389855
512	0.00369407749192625
513	0.003694074168565522
514	0.003694070868715698
515	0.0036940675920361125
516	0.003694064338181472
517	0.003694061106805039
518	0.003694057897564648
519	0.0036940547101175693
520	0.0036940515441299584
521	0.003694048399271986
522	0.00369404527521904
523	0.0036940421716598866
524	0.0036940390882884986
525	0.003694036024808757
526	0.0036940329809319575
527	0.003694029956379627
528	0.003694026950883126
529	0.003694023964176611
530	0.0036940209960051665
531	0.003694018046122483
532	0.003694015114285426
533	0.0036940122002582076
534	0.00369400930380742
535	0.003694006424707837
536	0.003694003562738058
537	0.0036940007176788827
538	0.0036939978893208896
539	0.0036939950774448325
540	0.0036939922818492467
541	0.003693989502329087
542	0.003693986738681012
543	0.0036939839907090153
544	0.0036939812582165617
545	0.0036939785410114766
546	0.0036939758389030923
547	0.0036939731517061803
548	0.0036939704792367358
549	0.0036939678213113074
550	0.003693965177757
551	0.0036939625483927694
552	0.0036939599330527055
553	0.0036939573315646103
554	0.0036939547437609623
555	0.0036939521694822606
556	0.0036939496085667874
557	0.0036939470608567068
558	0.003693944526196541
559	0.00369394200443569
560	0.0036939394954275794
561	0.003693936999021008
562	0.0036939345150751135
563	0.0036939320434480802
564	0.0036939295839990135
565	0.003693927136595655
566	0.0036939247011009094
567	0.003693922277384313
568	0.003693919865315828
569	0.003693917464769044
570	0.003693915075616919
571	0.003693912697738332
572	0.003693910331012013
573	0.0036939079753195896
574	0.003693905630542023
575	0.0036939032965664096
576	0.003693900973278787
577	0.0036938986605684157
578	0.0036938963583270762
579	0.00369389406644368
580	0.0036938917848158906
581	0.003693889513337356
582	0.0036938872519089953
583	0.0036938850004268964
584	0.003693882758792792
585	0.0036938805269099203
586	0.0036938783046815086
587	0.0036938760920141684
588	0.003693873888815199
589	0.003693871694994387
590	0.003693869510458624
591	0.003693867335123993
592	0.003693865168901664
593	0.0036938630117052435
594	0.0036938608634524556
595	0.003693858724060988
596	0.003693856593446503
597	0.003693854471532066
598	0.0036938523582385288
599	0.0036938502534867284
600	0.003693848157199713
601	0.0036938460693072897
602	0.003693843989731424
603	0.0036938419183980397
604	0.003693839855239262
605	0.003693837800184151
606	0.0036938357531615205
607	0.0036938337141052824
608	0.0036938316829444578
609	0.0036938296596170355
610	0.003693827644057102
611	0.003693825636197182
612	0.0036938236359787607
613	0.0036938216433368663
614	0.0036938196582100586
615	0.0036938176805399302
616	0.0036938157102646327
617	0.0036938137473290786
618	0.0036938117916714116
619	0.0036938098432381878
620	0.003693807901969889
621	0.003693805967816801
622	0.0036938040407212725
623	0.003693802120631086
624	0.0036938002074917123
625	0.0036937983012521715
626	0.0036937964018623664
627	0.0036937945092709503
628	0.0036937926234294274
629	0.0036937907442871226
630	0.0036937888717958668
631	0.0036937870059120972
632	0.0036937851465868943
633	0.0036937832937691865
634	0.003693781447420477
635	0.0036937796074922122
636	0.0036937777739410836
637	0.0036937759467242206
638	0.0036937741257975203
639	0.0036937723111192555
640	0.003693770502647928
641	0.0036937687003428194
642	0.0036937669041614907
643	0.003693765114065089
644	0.0036937633300158364
645	0.0036937615519715685
646	0.0036937597798955835
647	0.003693758013750369
648	0.0036937562534965955
649	0.003693754499101888
650	0.003693752750525298
651	0.0036937510077321963
652	0.003693749270689173
653	0.0036937475393586465
654	0.0036937458137088815
655	0.0036937440937025515
656	0.0036937423793102914
657	0.0036937406704942582
658	0.0036937389672253643
659	0.0036937372694703955
660	0.0036937355771973377
661	0.003693733890375069
662	0.0036937322089718094
663	0.0036937305329578342
664	0.003693728862302185
665	0.0036937271969769403
666	0.0036937255369509942
667	0.003693723882195133
668	0.0036937222326813204
669	0.0036937205883805844
670	0.003693718949265571
671	0.003693717315307933
672	0.0036937156864804417
673	0.0036937140627575906
674	0.0036937124441119382
675	0.0036937108305157896
676	0.0036937092219433785
677	0.003693707618371644
678	0.0036937060197720474
679	0.003693704426123213
680	0.0036937028373953077
681	0.0036937012535667706
682	0.003693699674613977
683	0.0036936981005119968
684	0.0036936965312387134
685	0.003693694966768763
686	0.003693693407080938
687	0.0036936918521492997
688	0.0036936903019532804
689	0.0036936887564731516
690	0.0036936872156825735
691	0.0036936856795619427
692	0.003693684148088172
693	0.003693682621242283
694	0.003693681099002628
695	0.00369367958134598
696	0.003693678068254615
697	0.003693676559705885
698	0.0036936750556824187
699	0.003693673556161719
700	0.003693672061124976
701	0.003693670570552005
702	0.003693669084425605
703	0.003693667602725192
704	0.003693666125429917
705	0.0036936646525260117
706	0.003693663183990191
707	0.003693661719804685
708	0.003693660259955176
709	0.003693658804420665
710	0.0036936573531848303
711	0.00369365590622687
712	0.0036936544635313
713	0.0036936530250850984
714	0.0036936515908665988
715	0.003693650160858812
716	0.003693648735045251
717	0.0036936473134104404
718	0.003693645895940478
719	0.0036936444826143828
720	0.0036936430734184665
721	0.0036936416683365607
722	0.0036936402673545545
723	0.0036936388704535486
724	0.003693637477620652
725	0.0036936360888385165
726	0.003693634704094498
727	0.0036936333233739556
728	0.003693631946658689
729	0.0036936305739352707
730	0.0036936292051883554
731	0.0036936278404076043
732	0.0036936264795745894
733	0.003693625122676178
734	0.003693623769697729
735	0.0036936224206268135
736	0.0036936210754475395
737	0.0036936197341492865
738	0.0036936183967149444
739	0.0036936170631342623
740	0.0036936157333920397
741	0.00369361440747637
742	0.0036936130853733357
743	0.003693611767068385
744	0.003693610452550314
745	0.0036936091418074616
746	0.003693607834825062
747	0.003693606531591272
748	0.003693605232092951
749	0.003693603936320821
750	0.003693602644258586
751	0.0036936013558971307
752	0.003693600071221859
753	0.0036935987902221444
754	0.0036935975128884603
755	0.0036935962392045684
756	0.0036935949691612804
757	0.003693593702748215
758	0.0036935924399495827
759	0.0036935911807600835
760	0.003693589925163342
761	0.0036935886731508773
762	0.0036935874247103293
763	0.0036935861798324285
764	0.0036935849385014785
765	0.003693583700712831
766	0.003693582466451315
767	0.00369358123570871
768	0.0036935800084725657
769	0.0036935787847353577
770	0.003693577564481341
771	0.0036935763477059422
772	0.0036935751343945963
773	0.0036935739245393014
774	0.003693572718129402
775	0.0036935715151533086
776	0.003693570315603698
777	0.0036935691194693704
778	0.0036935679267395415
779	0.0036935667374056493
780	0.003693565551457776
781	0.003693564368883986
782	0.0036935631896781685
783	0.0036935620138297365
784	0.003693560841328121
785	0.003693559672164442
786	0.003693558506330203
787	0.003693557343815151
788	0.0036935561846086523
789	0.003693555028703442
790	0.0036935538760892086
791	0.0036935527267597957
792	0.003693551580704086
793	0.0036935504379130442
794	0.003693549298376739
795	0.003693548162087956
796	0.0036935470290372792
797	0.0036935458992173346
798	0.0036935447726174474
799	0.0036935436492303185
800	0.0036935425290482143
801	0.0036935414120594775
802	0.0036935402982581095
803	0.0036935391876347532
804	0.0036935380801832217
805	0.0036935369758921044
806	0.0036935358747548475
807	0.0036935347767627956
808	0.003693533681909362
809	0.003693532590183038
810	0.003693531501579615
811	0.0036935304160869396
812	0.003693529333701326
813	0.0036935282544114934
814	0.0036935271782118305
815	0.00369352610509202
816	0.0036935250350468235
817	0.0036935239680672737
818	0.0036935229041461515
819	0.003693521843274739
820	0.0036935207854476688
821	0.003693519730655417
822	0.0036935186788902424
823	0.003693517630145107
824	0.0036935165844139443
825	0.003693515541686043
826	0.0036935145019572203
827	0.003693513465216974
828	0.0036935124314630675
829	0.0036935114006837275
830	0.003693510372872185
831	0.003693509348022845
832	0.0036935083261280355
833	0.003693507307179348
834	0.0036935062911717872
835	0.0036935052780970147
836	0.003693504267947988
837	0.003693503260717804
838	0.003693502256399559
839	0.003693501254985772
840	0.003693500256470585
841	0.0036934992608457845
842	0.0036934982681071744
843	0.003693497278245049
844	0.0036934962912543385
845	0.003693495307127634
846	0.0036934943258573206
847	0.003693493347438034
848	0.0036934923718618486
849	0.0036934913991241267
850	0.0036934904292172453
851	0.003693489462134116
852	0.0036934884978675605
853	0.003693487536414052
854	0.0036934865777631825
855	0.003693485621911096
856	0.0036934846688524495
857	0.0036934837185763573
858	0.00369348277107994
859	0.0036934818263571765
860	0.003693480884399599
861	0.003693479945201173
862	0.0036934790087573303
863	0.003693478075061256
864	0.003693477144104028
865	0.003693476215883429
866	0.0036934752903901337
867	0.0036934743676204944
868	0.0036934734475664545
869	0.003693472530222074
870	0.0036934716155823484
871	0.0036934707036408968
872	0.003693469794392031
873	0.003693468887828482
874	0.00369346798394417
875	0.003693467082734081
876	0.003693466184193108
877	0.0036934652883115846
878	0.003693464395088114
879	0.0036934635045144737
880	0.0036934626165853733
881	0.003693461731292907
882	0.0036934608486346157
883	0.0036934599686017674
884	0.003693459091190465
885	0.003693458216394277
886	0.0036934573442076826
887	0.003693456474623983
888	0.003693455607638904
889	0.003693454743244712
890	0.0036934538814368057
891	0.0036934530222109915
892	0.003693452165559606
893	0.003693451311476409
894	0.0036934504599578795
895	0.003693449610998405
896	0.00369344876459004
897	0.003693447920729065
898	0.00369344707940908
899	0.0036934462406246257
900	0.0036934454043706932
901	0.003693444570642256
902	0.0036934437394318194
903	0.003693442910736554
904	0.003693442084548703
905	0.0036934412608623274
906	0.0036934404396749606
907	0.003693439620978114
908	0.003693438804768733
909	0.0036934379910409758
910	0.003693437179787938
911	0.0036934363710061134
912	0.0036934355646880434
913	0.0036934347608292696
914	0.00369343395942544
915	0.003693433160470087
916	0.003693432363959342
917	0.0036934315698868964
918	0.0036934307782461864
919	0.003693429989034443
920	0.0036934292022453505
921	0.003693428417872166
922	0.0036934276359116454
923	0.003693426856357722
924	0.003693426079205589
925	0.0036934253044491726
926	0.003693424532084344
927	0.003693423762104738
928	0.003693422994506707
929	0.003693422229284755
930	0.0036934214664330117
931	0.003693420705945772
932	0.003693419947819558
933	0.0036934191920486494
934	0.0036934184386269737
935	0.003693417687550943
936	0.0036934169388141416
937	0.003693416192411699
938	0.003693415448340587
939	0.003693414706592812
940	0.0036934139671658834
941	0.0036934132300526857
942	0.003693412495248506
943	0.0036934117627488673
944	0.0036934110325511256
945	0.003693410304644838
946	0.003693409579028419
947	0.003693408855698722
948	0.0036934081346470865
949	0.003693407415869968
950	0.0036934066993634996
951	0.003693405985121109
952	0.003693405273138779
953	0.0036934045634108795
954	0.003693403855933055
955	0.0036934031507000675
956	0.003693402447707414
957	0.0036934017469510178
958	0.0036934010484244158
959	0.003693400352122625
960	0.003693399658042128
961	0.003693398966176923
962	0.0036933982765219274
963	0.003693397589074351
964	0.003693396903827632
965	0.0036933962207785307
966	0.003693395539917689
967	0.003693394861245688
968	0.003693394184755845
969	0.0036933935104414006
970	0.0036933928383015083
971	0.0036933921683272985
972	0.0036933915005159515
973	0.0036933908348627704
974	0.0036933901713633644
975	0.003693389510011842
976	0.0036933888508042232
977	0.003693388193735614
978	0.0036933875388007573
979	0.0036933868859947744
980	0.003693386235314926
981	0.0036933855867544376
982	0.003693384940309113
983	0.0036933842959729784
984	0.0036933836537436314
985	0.0036933830136149804
986	0.003693382375583135
987	0.0036933817396433144
988	0.003693381105789083
989	0.0036933804740191946
990	0.003693379844325384
991	0.0036933792167056397
992	0.003693378591153077
993	0.00369337796766484
994	0.003693377346234829
995	0.003693376726860143
996	0.0036933761095332605
997	0.0036933754942536203
998	0.0036933748810125053
999	0.003693374269808199
1000	0.003693373660634069
1001	0.0036933730534870124
1002	0.003693372448363056
1003	0.0036933718452555626
1004	0.0036933712441609545
1005	0.0036933706450737844
1006	0.0036933700479903258
1007	0.0036933694529050196
1008	0.0036933688598159244
1009	0.0036933682687147074
1010	0.0036933676795988303
1011	0.0036933670924629704
1012	0.0036933665073048297
1013	0.0036933659241170052
1014	0.0036933653428965632
1015	0.0036933647636378537
1016	0.00369336418633669
1017	0.0036933636109898913
1018	0.003693363037589721
1019	0.003693362466135364
1020	0.003693361896620446
1021	0.003693361329040283
1022	0.003693360763391109
1023	0.0036933601996675934
1024	0.0036933596378655427
1025	0.0036933590779804574
1026	0.003693358520007636
1027	0.0036933579639423482
1028	0.0036933574097814214
1029	0.0036933568575180623
1030	0.003693356307150381
1031	0.0036933557586722662
1032	0.0036933552120796123
1033	0.003693354667368212
1034	0.0036933541245329615
1035	0.003693353583569936
1036	0.0036933530444753352
1037	0.0036933525072425748
1038	0.0036933519718685254
1039	0.0036933514383488807
1040	0.003693350906680431
1041	0.0036933503768543452
1042	0.0036933498488707474
1043	0.0036933493227227646
1044	0.003693348798407473
1045	0.0036933482759175943
1046	0.0036933477552539774
1047	0.0036933472364063745
1048	0.0036933467193738046
1049	0.0036933462041517815
1050	0.0036933456907338943
1051	0.0036933451791176936
1052	0.003693344669297529
1053	0.0036933441612699057
1054	0.0036933436550295995
1055	0.0036933431505721476
1056	0.0036933426478938146
1057	0.003693342146991124
1058	0.00369334164785626
1059	0.003693341150489593
1060	0.00369334065488285
1061	0.0036933401610332035
1062	0.003693339668934519
1063	0.0036933391785871905
1064	0.00369333868998164
1065	0.0036933382031154277
1066	0.0036933377179855526
1067	0.003693337234584934
1068	0.003693336752911582
1069	0.0036933362729586984
1070	0.0036933357947253696
1071	0.003693335318203101
1072	0.0036933348433913606
1073	0.0036933343702853713
1074	0.0036933338988770466
1075	0.003693333429166738
1076	0.003693332961147443
1077	0.0036933324948144838
1078	0.0036933320301654436
1079	0.00369333156719435
1080	0.003693331105899104
1081	0.003693330646271111
1082	0.003693330188310186
1083	0.0036933297320116388
1084	0.003693329277367864
1085	0.00369332882437799
1086	0.003693328373036661
1087	0.003693327923339764
1088	0.0036933274752834772
1089	0.003693327028861594
1090	0.003693326584070963
1091	0.0036933261409073164
1092	0.003693325699366673
1093	0.0036933252594446
1094	0.0036933248211364687
1095	0.0036933243844381692
1096	0.0036933239493461166
1097	0.0036933235158542756
1098	0.0036933230839621555
1099	0.003693322653661413
1100	0.0036933222249486124
1101	0.0036933217978209988
1102	0.003693321372273041
1103	0.0036933209483009043
1104	0.0036933205259007612
1105	0.0036933201050689014
1106	0.0036933196857997026
1107	0.0036933192680893177
1108	0.003693318851935244
1109	0.0036933184373306254
1110	0.0036933180242709205
1111	0.00369331761275523
1112	0.003693317202776112
1113	0.003693316794331868
1114	0.0036933163874176573
1115	0.0036933159820273774
1116	0.003693315578159389
1117	0.003693315175807967
1118	0.0036933147749694255
1119	0.0036933143756397164
1120	0.0036933139778140773
1121	0.003693313581487905
1122	0.003693313186659938
1123	0.003693312793323728
1124	0.003693312401474894
1125	0.003693312011109222
1126	0.0036933116222233574
1127	0.003693311234812863
1128	0.003693310848872531
1129	0.0036933104644009014
1130	0.003693310081390894
1131	0.0036933096998410767
1132	0.003693309319745289
1133	0.003693308941099459
1134	0.003693308563901595
1135	0.0036933081881455635
1136	0.003693307813827246
1137	0.003693307440942298
1138	0.0036933070694894106
1139	0.0036933066994608195
1140	0.003693306330855066
1141	0.0036933059636670785
1142	0.0036933055978916364
1143	0.003693305233526345
1144	0.0036933048705656583
1145	0.0036933045090093227
1146	0.003693304148848265
1147	0.0036933037900806855
1148	0.0036933034327021738
1149	0.003693303076709605
1150	0.0036933027220967503
1151	0.0036933023688628386
1152	0.0036933020170007223
1153	0.003693301666508453
1154	0.003693301317380112
1155	0.0036933009696143624
1156	0.003693300623204427
1157	0.003693300278146757
1158	0.0036932999344401712
1159	0.003693299592076659
1160	0.003693299251054676
1161	0.00369329891136953
1162	0.0036932985730171765
1163	0.003693298235994375
1164	0.003693297900296209
1165	0.0036932975659183707
1166	0.0036932972328595605
1167	0.0036932969011109085
1168	0.0036932965706727144
1169	0.003693296241538675
1170	0.003693295913706919
1171	0.0036932955871718234
1172	0.0036932952619303863
1173	0.0036932949379778895
1174	0.003693294615310049
1175	0.0036932942939256683
1176	0.003693293973817126
1177	0.003693293654982068
1178	0.0036932933374181536
1179	0.003693293021120738
1180	0.003693292706082615
1181	0.0036932923923023585
1182	0.0036932920797779012
1183	0.0036932917685021777
1184	0.0036932914584740448
1185	0.0036932911496879535
1186	0.003693290842139984
1187	0.003693290535826144
1188	0.003693290230744729
1189	0.003693289926888001
1190	0.0036932896242565347
1191	0.0036932893228426413
1192	0.003693289022646413
1193	0.0036932887236604374
1194	0.003693288425880279
1195	0.003693288129304396
1196	0.003693287833930678
1197	0.003693287539753601
1198	0.0036932872467681822
1199	0.0036932869549699534
1200	0.0036932866643581263
1201	0.0036932863749270556
1202	0.003693286086672497
1203	0.0036932857995916587
1204	0.003693285513680162
1205	0.0036932852289355118
1206	0.0036932849453526796
1207	0.003693284662928822
1208	0.0036932843816587973
1209	0.0036932841015400123
1210	0.0036932838225682708
1211	0.0036932835447399002
1212	0.0036932832680509416
1213	0.003693282992499218
1214	0.0036932827180801153
1215	0.003693282444787167
1216	0.003693282172620596
1217	0.0036932819015750183
1218	0.0036932816316465815
1219	0.0036932813628325306
1220	0.003693281095126932
1221	0.0036932808285290992
1222	0.003693280563034443
1223	0.003693280298637215
1224	0.0036932800353366366
1225	0.0036932797731277682
1226	0.0036932795120065763
1227	0.0036932792519698407
1228	0.003693278993014024
1229	0.003693278735135369
1230	0.003693278478330679
1231	0.003693278222595045
1232	0.003693277967926499
1233	0.0036932777143214674
1234	0.00369327746177486
1235	0.0036932772102839678
1236	0.003693276959844203
1237	0.0036932767104542455
1238	0.003693276462108561
1239	0.0036932762148025825
1240	0.0036932759685375524
1241	0.0036932757233036403
1242	0.0036932754791010615
1243	0.0036932752359271764
1244	0.003693274993776504
1245	0.0036932747526434127
1246	0.0036932745125294684
1247	0.0036932742734281476
1248	0.0036932740353360465
1249	0.003693273798249368
1250	0.0036932735621646655
1251	0.0036932733270796164
1252	0.0036932730929917874
1253	0.0036932728598944534
1254	0.003693272627784957
1255	0.0036932723966619447
1256	0.003693272166520876
1257	0.003693271937357171
1258	0.0036932717091679263
1259	0.003693271481951484
1260	0.0036932712557018886
1261	0.003693271030416984
1262	0.003693270806094089
1263	0.003693270582728498
1264	0.0036932703603167697
1265	0.003693270138855516
1266	0.003693269918342991
1267	0.003693269698773553
1268	0.0036932694801459823
1269	0.0036932692624564514
1270	0.0036932690456989623
1271	0.003693268829874129
1272	0.0036932686149764773
1273	0.0036932684010019872
1274	0.003693268187947103
1275	0.0036932679758122514
1276	0.0036932677645897206
1277	0.0036932675542793586
1278	0.0036932673448758285
1279	0.003693267136375619
1280	0.0036932669287770116
1281	0.0036932667220771994
1282	0.003693266516271149
1283	0.003693266311356016
1284	0.0036932661073284852
1285	0.0036932659041865124
1286	0.003693265701925394
1287	0.0036932655005408018
1288	0.003693265300032238
1289	0.003693265100397675
1290	0.0036932649016288783
1291	0.0036932647037267734
1292	0.003693264506684684
1293	0.0036932643105030325
1294	0.0036932641151776967
1295	0.003693263920704071
1296	0.003693263727079386
1297	0.0036932635343019113
1298	0.0036932633423666086
1299	0.003693263151272345
1300	0.003693262961014866
1301	0.003693262771588572
1302	0.0036932625829971095
1303	0.0036932623952291715
1304	0.0036932622082873133
1305	0.0036932620221664892
1306	0.003693261836863233
1307	0.003693261652374576
1308	0.00369326146869844
1309	0.0036932612858320514
1310	0.0036932611037696047
1311	0.003693260922511769
1312	0.003693260742051809
1313	0.003693260562391795
1314	0.0036932603835218066
1315	0.0036932602054431545
1316	0.0036932600281529204
1317	0.0036932598516472796
1318	0.0036932596759216268
1319	0.003693259500977348
1320	0.0036932593268062907
1321	0.00369325915340891
1322	0.0036932589807800297
1323	0.0036932588089201735
1324	0.003693258637821144
1325	0.003693258467483848
1326	0.003693258297904203
1327	0.0036932581290808697
1328	0.003693257961008268
1329	0.0036932577936839347
1330	0.0036932576271068484
1331	0.0036932574612728655
1332	0.0036932572961795532
1333	0.003693257131822325
1334	0.0036932569682020483
1335	0.0036932568053107944
1336	0.003693256643149196
1337	0.0036932564817130963
1338	0.003693256321001212
1339	0.003693256161009205
1340	0.0036932560017340138
1341	0.003693255843172784
1342	0.003693255685325396
1343	0.0036932555281860195
1344	0.0036932553717528007
1345	0.0036932552160223123
1346	0.0036932550609924115
1347	0.003693254906660258
1348	0.0036932547530230146
1349	0.003693254600079571
1350	0.003693254447823155
1351	0.003693254296255468
1352	0.003693254145371426
1353	0.0036932539951668618
1354	0.0036932538456418626
1355	0.003693253696793125
1356	0.0036932535486168747
1357	0.003693253401112433
1358	0.003693253254274288
1359	0.003693253108101478
1360	0.003693252962591992
1361	0.003693252817740424
1362	0.003693252673546317
1363	0.0036932525300059516
1364	0.0036932523871193073
1365	0.0036932522448790807
1366	0.0036932521032859043
1367	0.003693251962336564
1368	0.0036932518220287305
1369	0.0036932516823598173
1370	0.0036932515433265155
1371	0.003693251404925914
1372	0.0036932512671582723
1373	0.003693251130017075
1374	0.003693250993501137
1375	0.003693250857607932
1376	0.003693250722335461
1377	0.0036932505876817747
1378	0.00369325045364293
1379	0.0036932503202151802
1380	0.003693250187400652
1381	0.0036932500551922105
1382	0.003693249923588276
1383	0.00369324979258963
1384	0.003693249662189755
1385	0.003693249532387292
1386	0.003693249403181108
1387	0.003693249274567643
1388	0.0036932491465436375
1389	0.0036932490191083616
1390	0.00369324889225948
1391	0.003693248765991519
1392	0.003693248640305315
1393	0.0036932485151954524
1394	0.0036932483906643456
1395	0.003693248266705158
1396	0.003693248143315962
1397	0.003693248020496211
1398	0.0036932478982428085
1399	0.0036932477765533878
1400	0.0036932476554244753
1401	0.003693247534854294
1402	0.0036932474148409834
1403	0.003693247295383318
1404	0.0036932471764767423
1405	0.003693247058120527
1406	0.003693246940309502
1407	0.003693246823045202
1408	0.0036932467063220476
1409	0.0036932465901414096
1410	0.003693246474497991
1411	0.0036932463593895583
1412	0.0036932462448154508
1413	0.0036932461307728716
1414	0.003693246017257946
1415	0.0036932459042722052
1416	0.00369324579180788
1417	0.003693245679868533
1418	0.003693245568447628
1419	0.0036932454575431006
1420	0.0036932453471566953
1421	0.0036932452372816123
1422	0.00369324512791824
1423	0.003693245019066392
1424	0.00369324491071733
1425	0.0036932448028731226
1426	0.00369324469553368
1427	0.0036932445886921905
1428	0.003693244482351804
1429	0.003693244376504
1430	0.0036932442711520765
1431	0.0036932441662901154
1432	0.0036932440619192723
1433	0.003693243958034581
1434	0.0036932438546349697
1435	0.003693243751717977
1436	0.0036932436492839336
1437	0.0036932435473272397
1438	0.0036932434458485847
1439	0.003693243344843643
1440	0.0036932432443104912
1441	0.003693243144250654
1442	0.0036932430446570603
1443	0.003693242945531026
1444	0.0036932428468695374
1445	0.0036932427486684894
1446	0.0036932426509298944
1447	0.003693242553648936
1448	0.003693242456824953
1449	0.00369324236045504
1450	0.0036932422645366406
1451	0.0036932421690687093
1452	0.003693242074050326
1453	0.003693241979477894
1454	0.003693241885348585
1455	0.003693241791663167
1456	0.0036932416984178287
1457	0.0036932416056105455
1458	0.0036932415132409726
1459	0.0036932414213044825
1460	0.00369324132980083
1461	0.0036932412387292958
1462	0.0036932411480855966
1463	0.0036932410578715664
1464	0.0036932409680792153
1465	0.0036932408787115093
1466	0.0036932407897642045
1467	0.0036932407012368945
1468	0.0036932406131285475
1469	0.00369324052543343
1470	0.0036932404381535195
1471	0.0036932403512843384
1472	0.0036932402648269264
1473	0.0036932401787768843
1474	0.003693240093135067
1475	0.0036932400078946576
1476	0.0036932399230597502
1477	0.0036932398386248775
1478	0.0036932397545879803
1479	0.0036932396709499033
1480	0.0036932395877072206
1481	0.0036932395048582863
1482	0.0036932394224027877
1483	0.0036932393403354517
1484	0.0036932392586586033
1485	0.003693239177366501
1486	0.0036932390964624726
1487	0.0036932390159377416
1488	0.0036932389357968026
1489	0.003693238856035698
1490	0.003693238776652001
1491	0.0036932386976460192
1492	0.0036932386190126763
1493	0.0036932385407532718
1494	0.00369323846286633
1495	0.003693238385347049
1496	0.00369323830819701
1497	0.0036932382314131635
1498	0.003693238154993718
1499	0.003693238078936447
1500	0.003693238003242184
1501	0.0036932379279063536
1502	0.0036932378529271333
1503	0.003693237778306715
1504	0.003693237704039251
1505	0.003693237630125796
1506	0.0036932375565611776
1507	0.003693237483350368
1508	0.003693237410486493
1509	0.0036932373379686156
1510	0.003693237265795255
1511	0.0036932371939675805
1512	0.0036932371224796183
1513	0.003693237051332207
1514	0.003693236980525032
1515	0.0036932369100536626
1516	0.0036932368399183154
1517	0.0036932367701172876
1518	0.003693236700648973
1519	0.003693236631511059
1520	0.0036932365627036024
1521	0.003693236494222441
1522	0.0036932364260698395
1523	0.003693236358238936
1524	0.0036932362907362024
1525	0.0036932362235517343
1526	0.003693236156689807
1527	0.003693236090145837
1528	0.003693236023919237
1529	0.0036932359580074407
1530	0.003693235892410918
1531	0.0036932358271287934
1532	0.0036932357621589393
1533	0.0036932356974964547
1534	0.003693235633145554
1535	0.003693235569100125
1536	0.0036932355053610052
1537	0.0036932354419271568
1538	0.003693235378796323
1539	0.0036932353159665784
1540	0.0036932352534358873
1541	0.003693235191206357
1542	0.0036932351292717643
1543	0.003693235067634417
1544	0.0036932350062923456
1545	0.003693234945244038
1546	0.0036932348844850183
1547	0.0036932348240187687
1548	0.00369323476384081
1549	0.003693234703951442
1550	0.0036932346443467627
1551	0.0036932345850286545
1552	0.00369323452599486
1553	0.0036932344672426995
1554	0.003693234408771573
1555	0.003693234350580062
1556	0.003693234292668812
1557	0.003693234235031786
1558	0.0036932341776727343
1559	0.003693234120587946
1560	0.0036932340637777566
1561	0.0036932340072365647
1562	0.003693233950968881
1563	0.003693233894968958
1564	0.0036932338392383452
1565	0.0036932337837738555
1566	0.003693233728575555
1567	0.003693233673640055
1568	0.0036932336189713358
1569	0.0036932335645614277
1570	0.0036932335104134764
1571	0.0036932334565253997
1572	0.0036932334028939463
1573	0.003693233349521508
1574	0.0036932332964027823
1575	0.0036932332435404584
1576	0.003693233190929116
1577	0.003693233138572357
1578	0.0036932330864654075
1579	0.003693233034609597
1580	0.003693232983000905
1581	0.003693232931639687
1582	0.0036932328805257828
1583	0.00369323282965656
1584	0.003693232779030992
1585	0.003693232728648863
1586	0.0036932326785077
1587	0.0036932326286070486
1588	0.0036932325789450398
1589	0.003693232529523058
1590	0.0036932324803349605
1591	0.0036932324313866853
1592	0.0036932323826717652
1593	0.0036932323341907396
1594	0.003693232285940639
1595	0.003693232237922762
1596	0.003693232190135721
1597	0.0036932321425775004
1598	0.003693232095247994
1599	0.003693232048145765
1600	0.0036932320012692537
1601	0.003693231954618125
1602	0.0036932319081908684
1603	0.0036932318619863225
1604	0.0036932318160020792
1605	0.0036932317702398935
1606	0.0036932317246963415
1607	0.003693231679371827
1608	0.003693231634264417
1609	0.00369323158937516
1610	0.0036932315447007306
1611	0.0036932315002383225
1612	0.0036932314559920635
1613	0.003693231411957
1614	0.0036932313681344543
1615	0.0036932313245214444
1616	0.0036932312811182974
1617	0.003693231237921554
1618	0.0036932311949337314
1619	0.003693231152152975
1620	0.0036932311095766515
1621	0.0036932310672043262
1622	0.003693231025035276
1623	0.003693230983068554
1624	0.003693230941304616
1625	0.0036932308997402923
1626	0.003693230858375851
1627	0.0036932308172091255
1628	0.0036932307762408897
1629	0.003693230735468074
1630	0.003693230694892331
1631	0.0036932306545105703
1632	0.0036932306143228925
1633	0.0036932305743274966
1634	0.0036932305345251885
1635	0.003693230494913423
1636	0.0036932304554919628
1637	0.003693230416259926
1638	0.003693230377215128
1639	0.003693230338357853
1640	0.003693230299688618
1641	0.0036932302612032487
1642	0.003693230222902932
1643	0.003693230184788056
1644	0.0036932301468543755
1645	0.0036932301091032165
1646	0.003693230071533646
1647	0.0036932300341434446
1648	0.003693229996933224
1649	0.0036932299599025287
1650	0.0036932299230475153
1651	0.003693229886371583
1652	0.0036932298498708457
1653	0.003693229813546
1654	0.0036932297773938894
1655	0.003693229741415455
1656	0.003693229705609613
1657	0.0036932296699757343
1658	0.0036932296345143566
1659	0.0036932295992210557
1660	0.003693229564098237
1661	0.0036932295291427827
1662	0.0036932294943568256
1663	0.0036932294597358355
1664	0.0036932294252826304
1665	0.0036932293909938477
1666	0.003693229356870525
1667	0.003693229322907992
1668	0.0036932292891121584
1669	0.0036932292554770355
1670	0.003693229222003108
1671	0.0036932291886901717
1672	0.003693229155534771
1673	0.0036932291225396955
1674	0.003693229089703167
1675	0.0036932290570246998
1676	0.003693229024502747
1677	0.0036932289921361404
1678	0.0036932289599254163
1679	0.003693228927868163
1680	0.003693228895964697
1681	0.0036932288642162
1682	0.0036932288326170532
1683	0.003693228801172096
1684	0.0036932287698760633
1685	0.0036932287387305583
1686	0.00369322870773309
1687	0.0036932286768877375
1688	0.003693228646186491
1689	0.003693228615634533
1690	0.003693228585229187
1691	0.003693228554968761
1692	0.0036932285248525215
1693	0.0036932284948816897
1694	0.0036932284650546517
1695	0.003693228435369269
1696	0.003693228405828348
1697	0.003693228376429317
1698	0.0036932283471683264
1699	0.0036932283180481423
1700	0.0036932282890680965
1701	0.0036932282602269726
1702	0.0036932282315245745
1703	0.0036932282029578578
1704	0.003693228174529984
1705	0.0036932281462380857
1706	0.0036932281180810417
1707	0.0036932280900593565
1708	0.0036932280621716756
1709	0.003693228034417537
1710	0.003693228006796492
1711	0.0036932279793077927
1712	0.0036932279519488057
1713	0.0036932279247235485
1714	0.0036932278976284667
1715	0.003693227870661036
1716	0.003693227843823613
1717	0.00369322781711578
1718	0.003693227790535746
1719	0.003693227764082537
1720	0.003693227737755103
1721	0.003693227711554398
1722	0.0036932276854785284
1723	0.0036932276595294383
1724	0.0036932276337024042
1725	0.0036932276080006194
1726	0.003693227582420182
1727	0.0036932275569625025
1728	0.0036932275316272235
1729	0.0036932275064133734
1730	0.0036932274813198914
1731	0.0036932274563466713
1732	0.003693227431492344
1733	0.0036932274067571526
1734	0.003693227382140578
1735	0.0036932273576420057
1736	0.0036932273332603875
1737	0.003693227308996328
1738	0.003693227284846413
1739	0.003693227260812891
1740	0.003693227236894781
1741	0.0036932272130909614
1742	0.0036932271894004483
1743	0.00369322716582356
1744	0.0036932271423597025
1745	0.0036932271190082784
1746	0.0036932270957679763
1747	0.003693227072638197
1748	0.0036932270496193523
1749	0.0036932270267122846
1750	0.003693227003912382
1751	0.0036932269812221343
1752	0.003693226958640175
1753	0.0036932269361677453
1754	0.0036932269138024
1755	0.003693226891541589
1756	0.0036932268693906575
1757	0.0036932268473433005
1758	0.0036932268254018224
1759	0.003693226803565732
1760	0.0036932267818327305
1761	0.0036932267602064004
1762	0.0036932267386798998
1763	0.003693226717258546
1764	0.003693226695939511
1765	0.003693226674720699
1766	0.003693226653605745
1767	0.0036932266325894665
1768	0.0036932266116745925
1769	0.003693226590860588
1770	0.0036932265701444984
1771	0.0036932265495271087
1772	0.0036932265290102006
1773	0.0036932265085895324
1774	0.0036932264882669113
1775	0.0036932264680429447
1776	0.003693226447913517
1777	0.0036932264278794476
1778	0.003693226407943907
1779	0.003693226388103062
1780	0.003693226368355856
1781	0.0036932263487033626
1782	0.0036932263291443866
1783	0.0036932263096794604
1784	0.003693226290307011
1785	0.003693226271026531
1786	0.0036932262518392044
1787	0.003693226232744414
1788	0.0036932262137378126
1789	0.0036932261948243355
1790	0.0036932261760013697
1791	0.003693226157266938
1792	0.003693226138622658
1793	0.003693226120066299
1794	0.0036932261016009507
1795	0.003693226083223403
1796	0.0036932260649324227
1797	0.003693226046728761
1798	0.0036932260286122944
1799	0.003693226010582777
1800	0.0036932259926391077
1801	0.003693225974780982
1802	0.0036932259570073254
1803	0.0036932259393214683
1804	0.003693225921716506
1805	0.003693225904196687
1806	0.003693225886761217
1807	0.0036932258694086853
1808	0.003693225852139769
1809	0.0036932258349518256
1810	0.0036932258178472357
1811	0.0036932258008221313
1812	0.0036932257838818657
1813	0.0036932257670205127
1814	0.003693225750239232
1815	0.0036932257335389345
1816	0.0036932257169167444
1817	0.003693225700376178
1818	0.003693225683914179
1819	0.0036932256675306138
1820	0.003693225651224703
1821	0.0036932256349969505
1822	0.0036932256188463176
1823	0.0036932256027736544
1824	0.0036932255867775056
1825	0.0036932255708578667
1826	0.0036932255550129224
1827	0.0036932255392442275
1828	0.003693225523550428
1829	0.0036932255079316183
1830	0.003693225492389946
1831	0.0036932254769190894
1832	0.0036932254615244233
1833	0.0036932254462031817
1834	0.003693225430952715
1835	0.003693225415777746
1836	0.0036932254006747044
1837	0.0036932253856435176
1838	0.003693225370682815
1839	0.0036932253557940766
1840	0.003693225340978863
1841	0.0036932253262325736
1842	0.00369322531155638
1843	0.0036932252969505337
1844	0.003693225282415287
1845	0.0036932252679495216
1846	0.0036932252535515062
1847	0.003693225239222471
1848	0.0036932252249620772
1849	0.003693225210770569
1850	0.003693225196647682
1851	0.00369322518259085
1852	0.003693225168600438
1853	0.0036932251546779723
1854	0.003693225140821938
1855	0.003693225127031661
1856	0.0036932251133078835
1857	0.00369322509964877
1858	0.003693225086055699
1859	0.003693225072528362
1860	0.0036932250590644587
1861	0.0036932250456657616
1862	0.003693225032330394
1863	0.003693225019058767
1864	0.003693225005850212
1865	0.0036932249927054657
1866	0.003693224979624112
1867	0.0036932249666046992
1868	0.0036932249536473912
1869	0.0036932249407526014
1870	0.0036932249279188548
1871	0.0036932249151470364
1872	0.003693224902435225
1873	0.003693224889785573
1874	0.003693224877195812
1875	0.0036932248646661865
1876	0.0036932248521963024
1877	0.0036932248397863526
1878	0.0036932248274354484
1879	0.003693224815144119
1880	0.0036932248029120534
1881	0.0036932247907383794
1882	0.0036932247786224553
1883	0.003693224766564397
1884	0.0036932247545645364
1885	0.0036932247426221115
1886	0.003693224730734754
1887	0.0036932247189068977
1888	0.0036932247071356666
1889	0.0036932246954194522
1890	0.0036932246837592967
1891	0.0036932246721557644
1892	0.0036932246606072435
1893	0.0036932246491145435
1894	0.003693224637677563
1895	0.0036932246262936777
1896	0.0036932246149656736
1897	0.0036932246036917474
1898	0.0036932245924718925
1899	0.003693224581305322
1900	0.0036932245701922365
1901	0.003693224559132417
1902	0.003693224548125984
1903	0.00369322453717254
1904	0.0036932245262717932
1905	0.0036932245154208897
1906	0.00369322450462517
1907	0.003693224493878864
1908	0.0036932244831863505
1909	0.0036932244725444317
1910	0.003693224461951812
1911	0.00369322445141085
1912	0.0036932244409238896
1913	0.003693224430482494
1914	0.0036932244200919484
1915	0.0036932244097531578
1916	0.003693224399462925
1917	0.0036932243892225216
1918	0.003693224379030928
1919	0.003693224368889011
1920	0.003693224358795164
1921	0.0036932243487493048
1922	0.0036932243387524212
1923	0.003693224328803811
1924	0.0036932243189025556
1925	0.0036932243090494875
1926	0.0036932242992430047
1927	0.0036932242894836074
1928	0.0036932242797719375
1929	0.00369322427010563
1930	0.003693224260488474
1931	0.0036932242509139742
1932	0.0036932242413879515
1933	0.003693224231906876
1934	0.003693224222472177
1935	0.0036932242130822018
1936	0.003693224203736977
1937	0.003693224194437073
1938	0.003693224185184159
1939	0.003693224175973348
1940	0.0036932241668082536
1941	0.0036932241576891874
1942	0.003693224148614586
1943	0.003693224139589826
1944	0.003693224130614628
1945	0.0036932241217017443
1946	0.003693224112867157
1947	0.003693224104149491
1948	0.0036932240956270928
1949	0.0036932240874730507
1950	0.0036932240800444886
1951	0.0036932240741062165
1952	0.003693224071296213
1953	0.003693224075131429
1954	0.0036932240931477553
1955	0.003693224141420837
1956	0.003693224253598029
1957	0.003693224496532147
1958	0.0036932249880946345
1959	0.0036932258706644395
1960	0.0036932271011559815
1961	0.003693227943324668
1962	0.0036932271258527556
1963	0.003693224959103548
1964	0.003693223970444577
1965	0.0036932250426580035
1966	0.003693226005642707
1967	0.003693225143669279
1968	0.0036932239777810426
1969	0.0036932243879626483
1970	0.0036932251807920004
1971	0.00369322468304265
1972	0.003693223916356356
1973	0.0036932242605262
1974	0.0036932247202472773
1975	0.003693224262379514
1976	0.0036932238657867507
1977	0.003693224221802349
1978	0.0036932243841105434
1979	0.0036932239802104183
1980	0.0036932238723781435
1981	0.003693224160167207
1982	0.0036932241122396674
1983	0.003693223834306664
1984	0.003693223895862901
1985	0.0036932240551484216
1986	0.0036932239150027093
1987	0.0036932237829559937
1988	0.0036932238948425636
1989	0.0036932239324344077
1990	0.003693223795708196
1991	0.0036932237720089197
1992	0.003693223858651954
1993	0.003693223823280392
1994	0.003693223735285331
1995	0.0036932237628652955
1996	0.003693223801046538
1997	0.003693223743664348
1998	0.0036932237058750874
1999	0.003693223740917871
2000	0.0036932237405349977
2001	0.0036932236916873617
2002	0.003693223685559308
2003	0.0036932237076825313
2004	0.003693223688185177
2005	0.0036932236573692574
2006	0.0036932236636973313
2007	0.003693223670022951
2008	0.0036932236466572436
2009	0.0036932236311244667
2010	0.0036932236380210473
2011	0.0036932236334113744
2012	0.003693223613676924
2013	0.003693223607079376
2014	0.003693223609919709
2015	0.003693223600188661
2016	0.0036932235858344624
2017	0.003693223582855345
2018	0.0036932235813488114
2019	0.0036932235704874965
2020	0.003693223560517906
2021	0.0036932235580868686
2022	0.003693223553575949
2023	0.003693223543493865
2024	0.00369322353626805
2025	0.003693223533135809
2026	0.003693223527065759
2027	0.0036932235182977045
2028	0.0036932235124671527
2029	0.003693223508423169
2030	0.0036932235018020923
2031	0.0036932234942259673
2032	0.0036932234889653255
2033	0.0036932234842124065
2034	0.0036932234775916162
2035	0.0036932234708917894
2036	0.0036932234657845293
2037	0.003693223460607316
2038	0.0036932234542169534
2039	0.0036932234480964786
2040	0.0036932234429904376
2041	0.003693223437617512
2042	0.003693223431513685
2043	0.0036932234257600425
2044	0.0036932234206234213
2045	0.003693223415207585
2046	0.0036932234093717915
2047	0.0036932234038557143
2048	0.003693223398709421
2049	0.003693223393334822
2050	0.003693223387730425
2051	0.0036932233823813113
2052	0.003693223377257549
2053	0.0036932233719711447
2054	0.003693223366566337
2055	0.003693223361356199
2056	0.0036932233562971353
2057	0.003693223351142256
2058	0.003693223345942879
2059	0.003693223340909333
2060	0.0036932233360126585
2061	0.0036932233311176973
2062	0.0036932233262899784
2063	0.003693223321717802
2064	0.003693223317455743
2065	0.0036932233135404794
2066	0.003693223310214582
2067	0.003693223307922968
2068	0.003693223307218221
2069	0.0036932233089690862
2070	0.0036932233146789086
2071	0.0036932233267901364
2072	0.003693223349022545
2073	0.003693223386913631
2074	0.0036932234482441656
2075	0.0036932235421584
2076	0.0036932236752584627
2077	0.00369322384120623
2078	0.0036932240040696996
2079	0.0036932240869622657
2080	0.0036932240025379665
2081	0.0036932237388455245
2082	0.0036932234224039
2083	0.0036932232371564154
2084	0.003693223263388942
2085	0.0036932234206055216
2086	0.003693223549141346
2087	0.003693223533687652
2088	0.0036932233882755686
2089	0.003693223238239097
2090	0.0036932232219778474
2091	0.0036932232019377047
2092	0.0036932250642237397
2093	0.0036938188256439076
2094	0.003870677779239555
2095	0.0049032258521760404
2096	0.004537227015752676
2097	0.00439044266391785
2098	0.004306788335443492
2099	0.004249064440268164
2100	0.004205175892844781
2101	0.004169335173736801
2102	0.004138020259343793
2103	0.004108628454071752
2104	0.004078798527258069
2105	0.0040461155339795805
2106	0.0040085047059028565
2107	0.003965527417198403
2108	0.003918564046919786
2109	0.0038681662143957157
2110	0.0038149188543355026
2111	0.003764292610251087
2112	0.0037272945322466295
2113	0.003710942207518599
2114	0.0037073926638185677
2115	0.0037065449455716357
2116	0.0037059246613612307
2117	0.003705414805757024
2118	0.003704989222152468
2119	0.0037046264693106987
2120	0.003704312234996649
2121	0.0037040360960429353
2122	0.003703790245034761
2123	0.003703568738756318
2124	0.0037033669910500524
2125	0.0037031814230644405
2126	0.0037030092157380595
2127	0.0037028481308360095
2128	0.0037026963791654544
2129	0.003702552522007593
2130	0.0037024153963939946
2131	0.003702284057808595
2132	0.00370215773580616
2133	0.0037020357993506514
2134	0.00370191772955331
2135	0.0037018030980796772
2136	0.0037016915499660944
2137	0.003701582789880788
2138	0.0037014765710854706
2139	0.003701372686551542
2140	0.0037012709617736104
2141	0.003701171248936142
2142	0.0037010734221902867
