0	0.00022804679746806042
1	0.0002231010040846973
2	0.00021924366357954053
3	0.00021581118167287832
4	0.0002124136582286663
5	0.0002088984139686681
6	0.00020512951909694804
7	0.00020095964429708775
8	0.00019626723253295605
9	0.00019100242745411918
10	0.00018518972137760884
11	0.00017889946860723285
12	0.00017222295494508729
13	0.0001652615416767912
14	0.00015812339635136728
15	0.0001509119821718677
16	0.00014372009503513914
17	0.00013663851829198454
18	0.00012976046605886422
19	0.00012317007841254003
20	0.00011692871153228005
21	0.00011106670696231593
22	0.00010558854217174731
23	0.00010048669906590687
24	9.57558445014143e-05
25	9.140064404915091e-05
26	8.743234048644976e-05
27	8.385501621946206e-05
28	8.065177277078642e-05
29	7.778089991859356e-05
30	7.518535645282375e-05
31	7.280717392852517e-05
32	7.05985746590112e-05
33	6.852859077138035e-05
34	6.658448191207323e-05
35	6.476744397376385e-05
36	6.30850746090891e-05
37	6.154404577307823e-05
38	6.0144797631686204e-05
39	5.887975943655416e-05
40	5.773666968820798e-05
41	5.670394441497192e-05
42	5.5773393497543966e-05
43	5.493981486067304e-05
44	5.419964313271257e-05
45	5.354885034346913e-05
46	5.297987650357834e-05
47	5.248017287171565e-05
48	5.2034202231053406e-05
49	5.162699888747505e-05
50	5.1246865966418585e-05
51	5.0886460785734025e-05
52	5.0541889606895517e-05
53	5.021050037895342e-05
54	4.9888902828317044e-05
55	4.957175670497257e-05
56	4.925174236950194e-05
57	4.892134456207579e-05
58	4.8575225985484694e-05
59	4.821123364014754e-05
60	4.783002135654913e-05
61	4.743412980389793e-05
62	4.702671937184579e-05
63	4.661043989842984e-05
64	4.618716184866979e-05
65	4.575843745171915e-05
66	4.5326188679941604e-05
67	4.489320013769325e-05
68	4.446299041203559e-05
69	4.4039220379332557e-05
70	4.362512985212606e-05
71	4.322307833745251e-05
72	4.283437300191029e-05
73	4.2459635345471066e-05
74	4.20993043412769e-05
75	4.175380905789147e-05
76	4.142345709396939e-05
77	4.1108181969571674e-05
78	4.080732341628573e-05
79	4.051967047681219e-05
80	4.0243757532032167e-05
81	3.997825574030814e-05
82	3.9722275810172813e-05
83	3.947537442437159e-05
84	3.923732873766893e-05
85	3.9007941900240415e-05
86	3.878696385266353e-05
87	3.8574118880046866e-05
88	3.8369217808623166e-05
89	3.817221973116774e-05
90	3.798316344441725e-05
91	3.780203461980332e-05
92	3.7628664121073943e-05
93	3.746273604230925e-05
94	3.730388822752093e-05
95	3.715180322700719e-05
96	3.700624480745879e-05
97	3.6867032696779174e-05
98	3.6733967773335295e-05
99	3.660678513153951e-05
100	3.648517598883864e-05
101	3.6368839992087864e-05
102	3.6257525771637506e-05
103	3.615103220421542e-05
104	3.6049177268920625e-05
105	3.5951770124866976e-05
106	3.5858605578881537e-05
107	3.576948724876762e-05
108	3.568426076927265e-05
109	3.560281978539738e-05
110	3.5525084397168985e-05
111	3.545097451548282e-05
112	3.53803930589028e-05
113	3.531322961048137e-05
114	3.524937694661098e-05
115	3.5188743058806145e-05
116	3.513124983307444e-05
117	3.5076820237821634e-05
118	3.502536877466939e-05
119	3.497680308864363e-05
120	3.493103036953237e-05
121	3.4887963397418624e-05
122	3.484752065284222e-05
123	3.48096195168716e-05
124	3.477417048838603e-05
125	3.4741077299738494e-05
126	3.471024211426342e-05
127	3.4681570525323344e-05
128	3.4654971944308915e-05
129	3.46303568694948e-05
130	3.4607633452313196e-05
131	3.4586706574936707e-05
132	3.456748081764655e-05
133	3.4549863544256167e-05
134	3.4533765521938255e-05
135	3.4519099311771696e-05
136	3.450577723934505e-05
137	3.449371106075639e-05
138	3.4482813327942355e-05
139	3.447299938340434e-05
140	3.446418822024166e-05
141	3.445630167172224e-05
142	3.444926364762464e-05
143	3.4443000296372534e-05
144	3.443744107040982e-05
145	3.443252001401758e-05
146	3.442817623441446e-05
147	3.4424353465892875e-05
148	3.442099930674556e-05
149	3.441806494974757e-05
150	3.441550540899155e-05
151	3.4413279646949644e-05
152	3.441135040772208e-05
153	3.440968369615543e-05
154	3.4408248274223825e-05
155	3.440701556480822e-05
156	3.440595981891687e-05
157	3.44050582047742e-05
158	3.440429056329499e-05
159	3.440363899544164e-05
160	3.440308749673699e-05
161	3.440262178680053e-05
162	3.440222932274013e-05
163	3.440189923077477e-05
164	3.4401622083334326e-05
165	3.440138962978757e-05
166	3.440119461472939e-05
167	3.44010307325501e-05
168	3.440089262434348e-05
169	3.440077582541617e-05
170	3.440067660225604e-05
171	3.440059178021184e-05
172	3.440051865104424e-05
173	3.440045494185202e-05
174	3.4400398801354125e-05
175	3.440034874296455e-05
176	3.4400303552592516e-05
177	3.440026221060536e-05
178	3.440022386768996e-05
179	3.440018785234477e-05
180	3.4400153662342876e-05
181	3.440012093349343e-05
182	3.440008939525118e-05
183	3.44000588453957e-05
184	3.440002915249981e-05
185	3.440000026150903e-05
186	3.43999721825692e-05
187	3.4399944961549595e-05
188	3.439991865678322e-05
189	3.439989332718062e-05
190	3.439986903649207e-05
191	3.439984585425214e-05
192	3.439982384794456e-05
193	3.439980307107543e-05
194	3.439978356033078e-05
195	3.43997653393816e-05
196	3.439974842323075e-05
197	3.4399732818735504e-05
198	3.439971851899004e-05
199	3.4399705499384526e-05
200	3.439969371977296e-05
201	3.4399683129937336e-05
202	3.4399673673875806e-05
203	3.4399665288372787e-05
204	3.43996579029745e-05
205	3.439965144077966e-05
206	3.439964582254156e-05
207	3.439964096966968e-05
208	3.439963680602478e-05
209	3.439963325605791e-05
210	3.4399630245853336e-05
211	3.4399627703917416e-05
212	3.439962556537738e-05
213	3.439962377076919e-05
214	3.439962226669268e-05
215	3.439962100452193e-05
216	3.439961994002378e-05
217	3.439961903469179e-05
218	3.439961825534275e-05
219	3.4399617574154786e-05
220	3.4399616967301596e-05
221	3.43996164150175e-05
222	3.439961590117638e-05
223	3.4399615414218996e-05
224	3.439961494552203e-05
225	3.4399614489471866e-05
226	3.439961404218656e-05
227	3.439961360170445e-05
228	3.4399613167781124e-05
229	3.439961274160771e-05
230	3.439961232468189e-05
231	3.4399611919084706e-05
232	3.4399611526984034e-05
233	3.439961115045706e-05
234	3.439961079189891e-05
235	3.4399610453609964e-05
236	3.439961013690043e-05
237	3.439960984297115e-05
238	3.43996095727825e-05
239	3.439960932673216e-05
240	3.4399609104873724e-05
241	3.439960890701337e-05
242	3.439960873239538e-05
243	3.439960857996217e-05
244	3.439960844847733e-05
245	3.4399608336843465e-05
246	3.4399608243023406e-05
247	3.4399608165703846e-05
248	3.439960810296961e-05
249	3.4399608053120245e-05
250	3.4399608014538755e-05
251	3.439960798568391e-05
252	3.4399607964844863e-05
253	3.439960795068275e-05
254	3.439960794162522e-05
255	3.439960793686392e-05
256	3.439960793501164e-05
257	3.4399607935324925e-05
258	3.439960793688322e-05
259	3.4399607939265065e-05
260	3.4399607941702426e-05
261	3.439960794403328e-05
262	3.4399607945871203e-05
263	3.439960794697247e-05
264	3.439960794734948e-05
265	3.439960794680112e-05
266	3.43996079453997e-05
267	3.4399607943238036e-05
268	3.43996079402787e-05
269	3.439960793674267e-05
270	3.4399607932475486e-05
271	3.439960792793242e-05
272	3.4399607922990194e-05
273	3.439960791775884e-05
274	3.439960791259634e-05
275	3.439960790746908e-05
276	3.43996079022112e-05
277	3.43996078972406e-05
278	3.439960789249552e-05
279	3.439960788789108e-05
280	3.439960788384708e-05
281	3.439960787986722e-05
282	3.4399607876273474e-05
283	3.43996078732168e-05
284	3.439960787021628e-05
285	3.439960786776383e-05
286	3.439960786564577e-05
287	3.439960786360317e-05
288	3.439960786202754e-05
289	3.4399607860797444e-05
290	3.43996078595904e-05
291	3.439960785869695e-05
292	3.439960785790822e-05
293	3.439960785732668e-05
294	3.4399607856973185e-05
295	3.439960785656482e-05
296	3.4399607856260044e-05
297	3.439960785608486e-05
298	3.439960785590317e-05
299	3.439960785598069e-05
300	3.439960785589615e-05
301	3.4399607855826594e-05
302	3.439960785574454e-05
303	3.4399607855886835e-05
304	3.439960785582636e-05
305	3.439960785598204e-05
306	3.439960785601101e-05
307	3.439960785599722e-05
308	3.4399607855968726e-05
309	3.439960785607558e-05
310	3.4399607856034855e-05
311	3.439960785598717e-05
312	3.4399607856020496e-05
313	3.4399607855981194e-05
314	3.439960785606896e-05
315	3.439960785598867e-05
316	3.439960785601685e-05
317	3.4399607856013984e-05
318	3.439960785586289e-05
319	3.439960785592377e-05
320	3.4399607855784045e-05
321	3.439960785579659e-05
322	3.4399607855655405e-05
323	3.439960785574921e-05
324	3.439960785566844e-05
325	3.439960785561028e-05
326	3.439960785563022e-05
327	3.439960785561204e-05
328	3.439960785559212e-05
329	3.439960785557483e-05
330	3.439960785548579e-05
331	3.439960785548377e-05
332	3.439960785540918e-05
333	3.439960785557645e-05
334	3.4399607855451554e-05
335	3.43996078555282e-05
336	3.43996078553488e-05
337	3.4399607855388596e-05
338	3.439960785544673e-05
339	3.439960785533601e-05
340	3.43996078554054e-05
341	3.4399607855396836e-05
342	3.439960785536553e-05
343	3.439960785538662e-05
344	3.439960785536824e-05
345	3.439960785543282e-05
346	3.439960785536446e-05
347	3.439960785539807e-05
348	3.4399607855295104e-05
349	3.439960785538144e-05
350	3.43996078553013e-05
351	3.439960785531119e-05
352	3.4399607855332035e-05
353	3.439960785546512e-05
354	3.439960785538963e-05
355	3.439960785542927e-05
356	3.439960785539092e-05
357	3.439960785535609e-05
358	3.439960785533796e-05
359	3.439960785539011e-05
360	3.4399607855408864e-05
361	3.439960785536658e-05
362	3.4399607855366485e-05
363	3.439960785545402e-05
364	3.439960785545247e-05
365	3.4399607855368674e-05
366	3.439960785542652e-05
367	3.4399607855371066e-05
368	3.439960785535405e-05
369	3.439960785542117e-05
370	3.439960785536523e-05
371	3.4399607855416386e-05
372	3.4399607855354166e-05
373	3.439960785541769e-05
374	3.439960785535713e-05
375	3.4399607855279505e-05
376	3.439960785534141e-05
377	3.439960785530699e-05
378	3.439960785539466e-05
379	3.43996078553272e-05
380	3.439960785530381e-05
381	3.4399607855339604e-05
382	3.439960785528428e-05
383	3.439960785540896e-05
384	3.439960785545219e-05
385	3.439960785534776e-05
386	3.4399607855385906e-05
387	3.439960785538277e-05
388	3.4399607855338655e-05
389	3.4399607855367176e-05
390	3.43996078554608e-05
391	3.439960785530256e-05
392	3.439960785539516e-05
393	3.439960785548571e-05
394	3.4399607855366946e-05
395	3.439960785543457e-05
396	3.4399607855261745e-05
397	3.4399607855358774e-05
398	3.439960785547007e-05
399	3.4399607855393895e-05
400	3.439960785542362e-05
401	3.439960785536827e-05
402	3.4399607855404026e-05
403	3.4399607855376365e-05
404	3.4399607855473306e-05
405	3.4399607855301806e-05
406	3.439960785539382e-05
407	3.439960785533505e-05
408	3.439960785536673e-05
409	3.439960785538577e-05
410	3.439960785545519e-05
411	3.439960785538502e-05
412	3.4399607855361376e-05
413	3.43996078553667e-05
414	3.4399607855445456e-05
415	3.439960785545573e-05
416	3.439960785532641e-05
417	3.439960785542428e-05
418	3.439960785547394e-05
419	3.439960785534524e-05
420	3.439960785538349e-05
421	3.4399607855421746e-05
422	3.4399607855419584e-05
423	3.439960785539657e-05
424	3.4399607855424144e-05
425	3.439960785534457e-05
426	3.43996078553745e-05
427	3.439960785539697e-05
428	3.4399607855398185e-05
429	3.439960785537684e-05
430	3.439960785525714e-05
431	3.439960785533829e-05
432	3.439960785541862e-05
433	3.4399607855390426e-05
434	3.439960785539329e-05
435	3.439960785545059e-05
436	3.439960785540247e-05
437	3.439960785539861e-05
438	3.439960785544107e-05
439	3.439960785539361e-05
440	3.43996078554194e-05
441	3.43996078554104e-05
442	3.439960785537366e-05
443	3.439960785532551e-05
444	3.439960785533874e-05
445	3.439960785536014e-05
446	3.439960785538794e-05
447	3.4399607855310385e-05
448	3.439960785540367e-05
449	3.439960785540766e-05
450	3.4399607855395305e-05
451	3.439960785534674e-05
452	3.439960785547025e-05
453	3.43996078553477e-05
454	3.439960785547832e-05
455	3.439960785535759e-05
456	3.4399607855414156e-05
457	3.439960785535556e-05
458	3.439960785537207e-05
459	3.4399607855373465e-05
460	3.4399607855346184e-05
461	3.4399607855405456e-05
462	3.4399607855442996e-05
463	3.4399607855346367e-05
464	3.4399607855346326e-05
465	3.439960785530372e-05
466	3.4399607855427085e-05
467	3.4399607855315324e-05
468	3.4399607855338025e-05
469	3.439960785544049e-05
470	3.4399607855371554e-05
471	3.439960785534976e-05
472	3.439960785545611e-05
473	3.439960785538758e-05
474	3.439960785532523e-05
475	3.43996078554048e-05
476	3.4399607855353576e-05
477	3.4399607855367265e-05
478	3.439960785534653e-05
479	3.439960785532384e-05
480	3.439960785545389e-05
481	3.439960785528469e-05
