  0.000000    0.77494324910811   -0.12644833472272    0.00000000000000    0.00000000000000    0.00000000000000  
  0.010000    0.77495186521559   -0.12648457628076    0.00884361389373    0.00465000914694   -0.00004354591410  
  0.020000    0.77497769154714   -0.12659316330753    0.01768449888662    0.00930294579185   -0.00017419291911  
  0.030000    0.77502066215278   -0.12677368372493    0.02651992995170    0.01396172054468   -0.00039196859790  
  0.040000    0.77508066719157   -0.12702545360962    0.03534718978683    0.01862921033158   -0.00069691823905  
  0.050000    0.77515755304509   -0.12734752148041    0.04416357262036    0.02330824178273   -0.00108910381842  
  0.060000    0.77525112247633   -0.12773867425492    0.05296638794893    0.02800157489429   -0.00156860258484  
  0.070000    0.77536113483393   -0.12819744483052    0.06175296418596    0.03271188705268   -0.00213550526130  
  0.080000    0.77548730630176   -0.12872212123203    0.07052065219968    0.03744175750713   -0.00278991387614  
  0.090000    0.77562931019381   -0.12931075725693    0.07926682872070    0.04219365237351   -0.00353193924174  
  0.100000    0.77578677729426   -0.12996118453766    0.08798889959998    0.04696991024833   -0.00436169810088  
  0.110000    0.77595929624278   -0.13067102592995    0.09668430289958    0.05177272850832   -0.00527930996386  
  0.120000    0.77614641396490   -0.13143771012607    0.10535051179947    0.05660415036564   -0.00628489366151  
  0.130000    0.77634763614735   -0.13225848738317    0.11398503730563    0.06146605274424   -0.00737856364198  
  0.140000    0.77656242775821   -0.13313044624847    0.12258543074596    0.06636013503687   -0.00856042604073  
  0.150000    0.77679021361177   -0.13405053115579    0.13114928604235    0.07128790879680   -0.00983057455521  
  0.160000    0.77703037897786   -0.13501556076200    0.13967424174901    0.07625068841143   -0.01118908615712  
  0.170000    0.77728227023538   -0.13602224688639    0.14815798284915    0.08124958279922   -0.01263601667636  
  0.180000    0.77754519556980   -0.13706721391232    0.15659824230380    0.08628548816377   -0.01417139629162  
  0.190000    0.77781842571426   -0.13814701850713    0.16499280234883    0.09135908183268   -0.01579522496357  
  0.200000    0.77810119473396   -0.13925816951500    0.17333949553794    0.09647081720123   -0.01750746784639  
  0.210000    0.77839270085325   -0.14039714787620    0.18163620553159    0.10162091979403   -0.01930805071404  
  0.220000    0.77869210732513   -0.14156042642739    0.18988086763382    0.10680938445055   -0.02119685543691  
  0.230000    0.77899854334241   -0.14274448943862    0.19807146908068    0.11203597363341   -0.02317371554441  
  0.240000    0.77931110498996   -0.14394585174600    0.20620604908634    0.11730021685113   -0.02523841190784  
  0.250000    0.77962885623743   -0.14516107734275    0.21428269865425    0.12260141118039   -0.02739066857707  
  0.260000    0.77995082997150   -0.14638679729622    0.22229956016308    0.12793862286584   -0.02963014880302  
  0.270000    0.78027602906694   -0.14761972686473    0.23025482673856    0.13331068996955   -0.03195645127650  
  0.280000    0.78060342749540   -0.14885668169493    0.23814674142384    0.13871622603545   -0.03436910661177  
  0.290000    0.78093197147105   -0.15009459298837    0.24597359616296    0.14415362472890   -0.03686757410151  
  0.300000    0.78126058063183   -0.15133052153469    0.25373373061279    0.14962106540560   -0.03945123876733  
  0.310000    0.78158814925515   -0.15256167051850    0.26142553080041    0.15511651955946   -0.04211940872749  
  0.320000    0.78191354750681   -0.15378539701718    0.26904742764389    0.16063775809416   -0.04487131290110  
  0.330000    0.78223562272160   -0.15499922211771    0.27659789535519    0.16618235935925   -0.04770609906493  
  0.340000    0.78255320071430   -0.15620083959206    0.28407544974485    0.17174771788803   -0.05062283227656  
  0.350000    0.78286508711935   -0.15738812308239    0.29147864644861    0.17733105377132   -0.05362049367418  
  0.360000    0.78317006875769   -0.15855913175957    0.29880607909642    0.18292942259885   -0.05669797966056  
  0.370000    0.78346691502893   -0.15971211443073    0.30605637744470    0.18853972589793   -0.05985410147585  
  0.380000    0.78375437932705   -0.16084551208418    0.31322820549258    0.19415872199779   -0.06308758516030  
  0.390000    0.78403120047783   -0.16195795887236    0.32032025960283    0.19978303724712   -0.06639707190550  
  0.400000    0.78429610419593   -0.16304828154607    0.32733126664778    0.20540917751194   -0.06978111878940  
  0.410000    0.78454780455960   -0.16411549736545    0.33425998220013    0.21103353988159   -0.07323819988766  
  0.420000    0.78478500550101   -0.16515881052489    0.34110518878773    0.21665242451099   -0.07676670775089  
  0.430000    0.78500640230987   -0.16617760714095    0.34786569423087    0.22226204652915   -0.08036495523477  
  0.440000    0.78521068314828   -0.16717144886332    0.35454033007935    0.22785854794546   -0.08403117766760  
  0.450000    0.78539653057442   -0.16814006517929    0.36112795016559    0.23343800948789   -0.08776353533704  
  0.460000    0.78556262307279   -0.16908334449230    0.36762742928891    0.23899646230983   -0.09156011627612  
  0.470000    0.78570763658876   -0.17000132406411    0.37403766204456    0.24452989950573   -0.09541893932630  
  0.480000    0.78583024606483   -0.17089417891871    0.38035756180959    0.25003428737929   -0.09933795745355  
  0.490000    0.78592912697641   -0.17176220981344    0.38658605989625    0.25550557641180   -0.10331506129209  
  0.500000    0.78600295686466   -0.17260583038943    0.39272210488178    0.26093971188277   -0.10734808288896  
  0.510000    0.78605041686383   -0.17342555361926    0.39876466212165    0.26633264409922   -0.11143479962159  
  0.520000    0.78607019322094   -0.17422197767413    0.40471271345186    0.27168033819526   -0.11557293825979  
  0.530000    0.78606097880519   -0.17499577133659    0.41056525708359    0.27697878346796   -0.11976017914298  
  0.540000    0.78602147460479   -0.17574765908748    0.41632130769210    0.28222400222116   -0.12399416044333  
  0.550000    0.78595039120895   -0.17647840599693    0.42197989669970    0.28741205809364   -0.12827248248526  
  0.560000    0.78584645027257   -0.17718880254993    0.42754007275072    0.29253906385361   -0.13259271209243  
  0.570000    0.78570838596151   -0.17787964953612    0.43300090237485    0.29760118864630   -0.13695238693326  
  0.580000    0.78553494637612   -0.17855174313180    0.43836147083317    0.30259466468708   -0.14134901983755  
  0.590000    0.78532489495091   -0.17920586029920    0.44362088313967    0.30751579339705   -0.14578010305696  
  0.600000    0.78507701182839   -0.17984274462442    0.44877826524938    0.31236095098328   -0.15024311244408  
  0.610000    0.78479009520488   -0.18046309271050    0.45383276540259    0.31712659347064   -0.15473551152572  
  0.620000    0.78446296264656   -0.18106754123656    0.45878355561345    0.32180926119623   -0.15925475544805  
  0.630000    0.78409445237378   -0.18165665478711    0.46362983328949    0.32640558278219   -0.16379829477276  
  0.640000    0.78368342451204   -0.18223091454840    0.46837082296783    0.33091227860618   -0.16836357910572  
  0.650000    0.78322876230785   -0.18279070796063    0.47300577815248    0.33532616379254   -0.17294806054129  
  0.660000    0.78272937330805   -0.18333631940570    0.47753398323628    0.33964415075055   -0.17754919690819  
  0.670000    0.78218419050116   -0.18386792200111    0.48195475549029    0.34386325128873   -0.18216445480471  
  0.680000    0.78159217341936   -0.18438557056052    0.48626744710270    0.34798057833696   -0.18679131241363  
  0.690000    0.78095230920002   -0.18488919577123    0.49047144724904    0.35199334730993   -0.19142726208984  
  0.700000    0.78026361360561   -0.18537859962809    0.49456618417486    0.35589887714731   -0.19606981271574  
  0.710000    0.77952513200114   -0.18585345215243    0.49855112727231    0.35969459106702   -0.20071649182228  
  0.720000    0.77873594028810   -0.18631328941383    0.50242578913164    0.36337801706895   -0.20536484747582  
  0.730000    0.77789514579442   -0.18675751286087    0.50618972754917    0.36694678822650   -0.21001244993345  
  0.740000    0.77700188811965   -0.18718538995658    0.50984254747352    0.37039864280364   -0.21465689307157  
  0.750000    0.77605533993500   -0.18759605610288    0.51338390287214    0.37373142423413   -0.21929579559508  
  0.760000    0.77505470773781   -0.18798851782794    0.51681349850145    0.37694308099917   -0.22392680203626  
  0.770000    0.77399923256024   -0.18836165719960    0.52013109156384    0.38003166643793   -0.22854758355478  
  0.780000    0.77288819063199   -0.18871423741864    0.52333649323666    0.38299533852406   -0.23315583855180  
  0.790000    0.77172089399706   -0.18904490953532    0.52642957005852    0.38583235963904   -0.23774929311307  
  0.800000    0.77049669108466   -0.18935222022451    0.52941024516014    0.38854109637104   -0.24232570129719  
  0.810000    0.76921496723432   -0.18963462054579    0.53227849932770    0.39112001936514   -0.24688284528663  
  0.820000    0.76787514517558   -0.18989047560762    0.53503437188849    0.39356770324793   -0.25141853542016  
  0.830000    0.76647668546259   -0.19011807504754    0.53767796140971    0.39588282664649   -0.25593061012616  
  0.840000    0.76501908686404   -0.19031564423458    0.54020942620318    0.39806417231828   -0.26041693577701  
  0.850000    0.76350188670890   -0.19048135609463    0.54262898463010    0.40011062740499   -0.26487540648519  
  0.860000    0.76192466118874   -0.19061334345523    0.54493691520166    0.40202118382010   -0.26930394386169  
  0.870000    0.76028702561699   -0.19070971180279    0.54713355647288    0.40379493877588   -0.27370049675769  
  0.880000    0.75858863464616   -0.19076855234294    0.54921930672911    0.40543109545221   -0.27806304100990  
  0.890000    0.75682918244357   -0.19078795525300    0.55119462346561    0.40692896380572   -0.28238957920946  
  0.900000    0.75500840282651   -0.19076602301498    0.55306002266306    0.40828796151433   -0.28667814051396  
  0.910000    0.75312606935769   -0.19070088371806    0.55481607786269    0.40950761504853   -0.29092678052067  
  0.920000    0.75118199540171   -0.19059070422074    0.55646341904698    0.41058756085759   -0.29513358121849  
  0.930000    0.74917603414375   -0.19043370306495    0.55800273133292    0.41152754665542   -0.29929665103460  
  0.940000    0.74710807857109   -0.19022816303781    0.55943475348636    0.41232743278790   -0.30341412499025  
  0.950000    0.74497806141863   -0.18997244328048    0.56076027626753    0.41298719366074   -0.30748416497877  
  0.960000    0.74278595507926   -0.18966499084858    0.56198014061876    0.41350691920412   -0.31150496017697  
  0.970000    0.74053177148004   -0.18930435163385    0.56309523570678    0.41388681634845   -0.31547472759915  
  0.980000    0.73821556192515   -0.18888918056364    0.56410649683304    0.41412721048332   -0.31939171280130  
  0.990000    0.73583741690654   -0.18841825100091    0.56501490322613    0.41422854687023   -0.32325419074061  
  1.000000    0.73339746588324   -0.18789046327587    0.56582147573144    0.41419139197843   -0.32706046679367  
  1.010000    0.73089587703018   -0.18730485228765    0.56652727441387    0.41401643471205   -0.33080887793435  
  1.020000    0.72833285695740   -0.18666059412322    0.56713339608941    0.41370448749655   -0.33449779407042  
  1.030000    0.72570865040061   -0.18595701164978    0.56764097180256    0.41325648719184   -0.33812561953554  
  1.040000    0.72302353988380   -0.18519357904553    0.56805116426593    0.41267349580004   -0.34169079473151  
  1.050000    0.72027784535485   -0.18436992524337    0.56836516527914    0.41195670093617   -0.34519179791321  
  1.060000    0.71747192379472   -0.18348583627153    0.56858419314347    0.41110741603112   -0.34862714710696  
  1.070000    0.71460616880120   -0.18254125648433    0.56870949008903    0.41012708023747   -0.35199540215107  
  1.080000    0.71168101014767   -0.18153628868613    0.56874231973027    0.40901725801054   -0.35529516684535  
  1.090000    0.70869691331779   -0.18047119316026    0.56868396456568    0.40777963833884   -0.35852509119503  
  1.100000    0.70565437901659   -0.17934638562450    0.56853572353663    0.40641603360059   -0.36168387373272  
  1.110000    0.70255394265858   -0.17816243414281    0.56829890965945    0.40492837802555   -0.36477026390083  
  1.120000    0.69939617383356   -0.17692005503194    0.56797484774426    0.40331872574406   -0.36778306447563  
  1.130000    0.69618167575056   -0.17562010780930    0.56756487221291    0.40158924840875   -0.37072113401321  
  1.140000    0.69291108466052   -0.17426358923615    0.56707032502724    0.39974223237731   -0.37358338929655  
  1.150000    0.68958506925809   -0.17285162651691    0.56649255373797    0.39778007544832   -0.37636880776272  
  1.160000    0.68620433006316   -0.17138546972205    0.56583290966299    0.39570528314607   -0.37907642988831  
  1.170000    0.68276959878237   -0.16986648350741    0.56509274620284    0.39352046455363   -0.38170536151147  
  1.180000    0.67928163765128   -0.16829613820794    0.56427341729948    0.39122832769771   -0.38425477606864  
  1.190000    0.67574123875738   -0.16667600038805    0.56337627604347    0.38883167449239   -0.38672391672452  
  1.200000    0.67214922334445   -0.16500772293425    0.56240267343280    0.38633339525301   -0.38911209837399  
  1.210000    0.66850644109872   -0.16329303477839    0.56135395728573    0.38373646279502   -0.39141870949576  
  1.220000    0.66481376941711   -0.16153373034171    0.56023147130810    0.38104392613675   -0.39364321383798  
  1.230000    0.66107211265797   -0.15973165879095    0.55903655431441    0.37825890382841   -0.39578515191729  
  1.240000    0.65728240137482   -0.15788871319804    0.55777053960066    0.37538457693334   -0.39784414231408  
  1.250000    0.65344559153340   -0.15600681969422    0.55643475446538    0.37242418169087   -0.39981988274793  
  1.260000    0.64956266371239   -0.15408792670815    0.55503051987422    0.36938100189322   -0.40171215091905  
  1.270000    0.64563462228846   -0.15213399437547    0.55355915026208    0.36625836101183   -0.40352080510279  
  1.280000    0.64166249460586   -0.15014698420411    0.55202195346574    0.36305961411108   -0.40524578448680  
  1.290000    0.63764733013113   -0.14812884907650    0.55042023077880    0.35978813958988   -0.40688710924154  
  1.300000    0.63359019959355   -0.14608152366497    0.54875527711974    0.35644733079330   -0.40844488031769  
  1.310000    0.62949219411159   -0.14400691533231    0.54702838130329    0.35304058753840   -0.40991927896540  
  1.320000    0.62535442430617   -0.14190689558343    0.54524082640403    0.34957130759968   -0.41131056597302  
  1.330000    0.62117801940124   -0.13978329212851    0.54339389020111    0.34604287820032   -0.41261908062477  
  1.340000    0.61696412631230   -0.13763788161119    0.54148884569184    0.34245866755630   -0.41384523937925  
  1.350000    0.61271390872345   -0.13547238304872    0.53952696166200    0.33882201652042   -0.41498953427270  
  1.360000    0.60842854615391   -0.13328845202364    0.53750950330001    0.33513623037316   -0.41605253105329  
  1.370000    0.60410923301449   -0.13108767565927    0.53543773284227    0.33140457080673   -0.41703486705451  
  1.380000    0.59975717765493   -0.12887156840333    0.53331291023665    0.32763024814777   -0.41793724881817  
  1.390000    0.59537360140294   -0.12664156863662    0.53113629381141    0.32381641386265   -0.41876044947921  
  1.400000    0.59095973759573   -0.12439903611549    0.52890914093693    0.31996615338776   -0.41950530592636  
  1.410000    0.58651683060500   -0.12214525024931    0.52663270866797    0.31608247932523   -0.42017271575464  
  1.420000    0.58204613485624   -0.11988140920625    0.52430825435462    0.31216832504176   -0.42076363402708  
  1.430000    0.57754891384343   -0.11760862983320    0.52193703621059    0.30822653870606   -0.42127906986449  
  1.440000    0.57302643913999   -0.11532794836843    0.51952031382835    0.30425987779693   -0.42172008288361  
  1.450000    0.56847998940715   -0.11304032191829    0.51705934863102    0.30027100411110   -0.42208777950477  
  1.460000    0.56391084940073   -0.11074663066298    0.51455540425208    0.29626247929637   -0.42238330915128  
  1.470000    0.55932030897742   -0.10844768074984    0.51200974683471    0.29223676093177   -0.42260786036355  
  1.480000    0.55470966210166   -0.10614420782683    0.50942364524355    0.28819619917275   -0.42276265685125  
  1.490000    0.55008020585427   -0.10383688116397    0.50679837118280    0.28414303397548   -0.42284895350746  
  1.500000    0.54543323944402   -0.10152630830525    0.50413519921550    0.28007939290989   -0.42286803240857  
  1.510000    0.54077006322314   -0.09921304018978    0.50143540668024    0.27600728956737   -0.42282119882377  
  1.520000    0.53609197770806   -0.09689757667732    0.49870027350237    0.27192862256441   -0.42270977725772  
  1.530000    0.53140028260655   -0.09458037241060    0.49593108189817    0.26784517513952   -0.42253510754947  
  1.540000    0.52669627585227   -0.09226184294439    0.49312911597153    0.26375861533656   -0.42229854104992  
  1.550000    0.52198125264812   -0.08994237107020    0.49029566120396    0.25967049676336   -0.42200143689942  
  1.560000    0.51725650451929   -0.08762231326426    0.48743200383960    0.25558225991076   -0.42164515842597  
  1.570000    0.51252331837731   -0.08530200618681    0.48453943016851    0.25149523401302   -0.42123106968331  
  1.580000    0.50778297559613   -0.08298177316080    0.48161922571201    0.24741063942739   -0.42076053214689  
  1.590000    0.50303675110142   -0.08066193055987    0.47867267431550    0.24332959050653   -0.42023490158401  
  1.600000    0.49828591247396   -0.07834279403692    0.47570105715446    0.23925309893479   -0.41965552511316  
  1.610000    0.49353171906840   -0.07602468452752    0.47270565166098    0.23518207749598   -0.41902373846539  
  1.620000    0.48877542114819   -0.07370793396538    0.46968773037828    0.23111734423793   -0.41834086345923  
  1.630000    0.48401825903776   -0.07139289065072    0.46664855975204    0.22705962699632   -0.41760820569837  
  1.640000    0.47926146229283   -0.06907992421684    0.46358939886753    0.22300956823871   -0.41682705249946  
  1.650000    0.47450624888975   -0.06676943014482    0.46051149814238    0.21896773018743   -0.41599867105564  
  1.660000    0.46975382443470   -0.06446183378121    0.45741609798524    0.21493460017913   -0.41512430683895  
  1.670000    0.46500538139351   -0.06215759381963    0.45430442743077    0.21091059621733   -0.41420518224320  
  1.680000    0.46026209834289   -0.05985720521242    0.45117770276189    0.20689607267396   -0.41324249546655  
  1.690000    0.45552513924378   -0.05756120148503    0.44803712613021    0.20289132609553   -0.41223741963121  
  1.700000    0.45079565273731   -0.05527015643212    0.44488388418561    0.19889660106949   -0.41119110213578  
  1.710000    0.44607477146415   -0.05298468518053    0.44171914672590    0.19491209610706   -0.41010466423394  
  1.720000    0.44136361140765   -0.05070544461121    0.43854406537734    0.19093796949933   -0.40897920083122  
  1.730000    0.43666327126131   -0.04843313313842    0.43535977231641    0.18697434510483   -0.40781578049020  
  1.740000    0.43197483182089   -0.04616848985137    0.43216737904298    0.18302131802809   -0.40661544563283  
  1.750000    0.42729935540175   -0.04391229302945    0.42896797521449    0.17907896015051   -0.40537921292709  
  1.760000    0.42263788528143   -0.04166535804901    0.42576262755005    0.17514732547702   -0.40410807384400  
  1.770000    0.41799144516808   -0.03942853470514    0.42255237881312    0.17122645526436   -0.40280299537003  
  1.780000    0.41336103869461   -0.03720270397797    0.41933824688010    0.16731638289938   -0.40146492085853  
  1.790000    0.40874764893899   -0.03498877427838    0.41612122390205    0.16341713849861   -0.40009477100364  
  1.800000    0.40415223797066   -0.03278767721296    0.41290227556532    0.15952875320339   -0.39869344491902  
  1.810000    0.39957574642320   -0.03060036291275    0.40968234045631    0.15565126314813   -0.39726182130345  
  1.820000    0.39501909309327   -0.02842779497441    0.40646232953455    0.15178471308250   -0.39580075967530  
  1.830000    0.39048317456575   -0.02627094506612    0.40324312571721    0.14792915963178   -0.39431110165732  
  1.840000    0.38596886486515   -0.02413078725373    0.40002558357735    0.14408467418325   -0.39279367229377  
  1.850000    0.38147701513307   -0.02200829210490    0.39681052915693    0.14025134539005   -0.39124928138189  
  1.860000    0.37700845333170   -0.01990442063153    0.39359875989483    0.13642928128723   -0.38967872480019  
  1.870000    0.37256398397316   -0.01782011813152    0.39039104466902    0.13261861101875   -0.38808278581670  
  1.880000    0.36814438787451   -0.01575630799226    0.38718812395090    0.12881948617715   -0.38646223636096  
  1.890000    0.36375042193821   -0.01371388551792    0.38399071006908    0.12503208176144   -0.38481783824463  
  1.900000    0.35938281895787   -0.01169371184271    0.38079948757873    0.12125659676179   -0.38315034431632  
  1.910000    0.35504228744902   -0.00969660799080    0.37761511373187    0.11749325438282   -0.38146049953768  
  1.920000    0.35072951150456   -0.00772334914231    0.37443821904310    0.11374230192030   -0.37974904196895  
  1.930000    0.34644515067481   -0.00577465916245    0.37126940794429    0.11000401030877   -0.37801670365338  
  1.940000    0.34218983987162   -0.00385120544832    0.36810925952145    0.10627867336024   -0.37626421139171  
  1.950000    0.33796418929656   -0.00195359414459    0.36495832832589    0.10256660671624   -0.37449228739901  
  1.960000    0.33376878439251   -0.00008236577565    0.36181714525153    0.09886814653792   -0.37270164983806  
  1.970000    0.32960418581874    0.00176200866234    0.35868621846959    0.09518364796025   -0.37089301322488  
  1.980000    0.32547092944887    0.00357913111041    0.35556603441156    0.09151348333820   -0.36906708870360  
  1.990000    0.32136952639152    0.00536867932287    0.35245705879103    0.08785804031377   -0.36722458418963  
  2.000000    0.31730046303329    0.00713040918136    0.34935973765469    0.08421771973387   -0.36536620438147  
  2.010000    0.31326420110384    0.00886415642336    0.34627449845277    0.08059293344929   -0.36349265064334  
  2.020000    0.30926117776261    0.01056983776741    0.34320175111915    0.07698410202573   -0.36160462076192  
  2.030000    0.30529180570693    0.01224745142254    0.34014188915139    0.07339165239745   -0.35970280858246  
  2.040000    0.30135647330122    0.01389707697583    0.33709529068122    0.06981601549398   -0.35778790353046  
  2.050000    0.29745554472690    0.01551887465748    0.33406231952601    0.06625762386973   -0.35586059002658  
  2.060000    0.29358936015270    0.01711308398869    0.33104332621252    0.06271690936531   -0.35392154680381  
  2.070000    0.28975823592503    0.01868002182371    0.32803864896413    0.05919430082829   -0.35197144613658  
  2.080000    0.28596246477813    0.02022007980252    0.32504861464379    0.05569022191980   -0.35001095299293  
  2.090000    0.28220231606353    0.02173372123656    0.32207353964501    0.05220508903140   -0.34804072412132  
  2.100000    0.27847803599860    0.02322147745493    0.31911373072419    0.04873930933524   -0.34606140708457  
  2.110000    0.27478984793380    0.02468394364320    0.31616948576822    0.04529327898795   -0.34407363925383  
  2.120000    0.27113795263821    0.02612177421204    0.31324109449187    0.04186738150681   -0.34207804677603  
  2.130000    0.26752252860299    0.02753567773673    0.31032883906052    0.03846198633430   -0.34007524352830  
  2.140000    0.26394373236243    0.02892641151252    0.30743299463449    0.03507744760440   -0.33806583007316  
  2.150000    0.26040169883211    0.03029477577428    0.30455382983205    0.03171410312170   -0.33605039262816  
  2.160000    0.25689654166375    0.03164160763174    0.30169160710925    0.02837227356137   -0.33402950206330  
  2.170000    0.25342835361642    0.03296777477397    0.29884658305531    0.02505226189578   -0.33200371293948  
  2.180000    0.24999720694341    0.03427416899883    0.29601900860365    0.02175435305017   -0.32997356260058  
  2.190000    0.24660315379458    0.03556169962411    0.29320912915893    0.01847881378771   -0.32793957033105  
  2.200000    0.24324622663335    0.03683128683853    0.29041718464200    0.01522589282123   -0.32590223659053  
  2.210000    0.23992643866812    0.03808385505028    0.28764340945495    0.01199582114633   -0.32386204233561  
  2.220000    0.23664378429724    0.03932032629124    0.28488803236955    0.00878881258820   -0.32181944843835  
  2.230000    0.23339823956716    0.04054161373367    0.28215127634318    0.00560506455191   -0.31977489520985  
  2.240000    0.23018976264307    0.04174861537518    0.27943335826690    0.00244475896389   -0.31772880203608  
  2.250000    0.22701829429128    0.04294220794575    0.27673448865106   -0.00069193660999   -0.31568156713192  
  2.260000    0.22388375837281    0.04412324108827    0.27405487125458   -0.00380486768612   -0.31363356741819  
  2.270000    0.22078606234733    0.04529253186139    0.27139470266429   -0.00689389144269   -0.31158515852486  
  2.280000    0.21772509778680    0.04645085960998    0.26875417183160   -0.00995887517671   -0.30953667492267  
  2.290000    0.21470074089795    0.04759896124511    0.26613345957376   -0.01299969465937   -0.30748843018354  
  2.300000    0.21171285305277    0.04873752697119    0.26353273804751   -0.01601623241161   -0.30544071736923  
  2.310000    0.20876128132633    0.04986719649387    0.26095217020329   -0.01900837592252   -0.30339380954593  
  2.320000    0.20584585904080    0.05098855573726    0.25839190922786   -0.02197601583389   -0.30134796042147  
  2.330000    0.20296640631493    0.05210213409452    0.25585209798388   -0.02491904411411   -0.29930340510025  
  2.340000    0.20012273061810    0.05320840223062    0.25333286845445   -0.02783735224520   -0.29726036094998  
  2.350000    0.19731462732778    0.05430777045085    0.25083434120089   -0.03073082944584   -0.29521902857297  
  2.360000    0.19454188028964    0.05540058764339    0.24835662484152   -0.03359936095343   -0.29317959287362  
  2.370000    0.19180426237924    0.05648714079897    0.24589981555933   -0.03644282638692   -0.29114222421295  
  2.380000    0.18910153606417    0.05756765510500    0.24346399664578   -0.03926109821151   -0.28910707963973  
  2.390000    0.18643345396587    0.05864229460680    0.24104923808766   -0.04205404032510   -0.28707430418738  
  2.400000    0.18379975941984    0.05971116342274    0.23865559620354   -0.04482150678480   -0.28504403222473  
  2.410000    0.18120018703332    0.06077430749549    0.23628311333569   -0.04756334069032   -0.28301638884846  
  2.420000    0.17863446323952    0.06183171685681    0.23393181760286   -0.05027937323939   -0.28099149130445  
  2.430000    0.17610230684702    0.06288332837816    0.23160172271848   -0.05296942296831   -0.27896945042498  
  2.440000    0.17360342958375    0.06392902897593    0.22929282787844   -0.05563329518860   -0.27695037206862  
  2.450000    0.17113753663419    0.06496865923536    0.22700511772156   -0.05827078162887   -0.27493435854949  
  2.460000    0.16870432716892    0.06600201741413    0.22473856236531   -0.06088166028840   -0.27292151004277  
  2.470000    0.16630349486556    0.06702886378309    0.22249311751851   -0.06346569550685   -0.27091192595362  
  2.480000    0.16393472842012    0.06804892525898    0.22026872467188   -0.06602263825209   -0.26890570623682  
  2.490000    0.16159771204779    0.06906190028143    0.21806531136658   -0.06855222662568   -0.26690295265519  
  2.500000    0.15929212597238    0.07006746388496    0.21588279154007   -0.07105418658341   -0.26490376996528  
  2.510000    0.15701764690341    0.07106527291493    0.21372106594780   -0.07352823286557   -0.26290826701969  
  2.520000    0.15477394850023    0.07205497133572    0.21158002265840   -0.07597407012981   -0.26091655777608  
  2.530000    0.15256070182218    0.07303619557897    0.20945953761950   -0.07839139427680   -0.25892876220396  
  2.540000    0.15037757576430    0.07400857987962    0.20735947529039   -0.08077989395726   -0.25694500708132  
  2.550000    0.14822423747778    0.07497176154826    0.20527968933707   -0.08313925224648   -0.25496542667440  
  2.560000    0.14610035277457    0.07592538612926    0.20322002338480   -0.08546914847102   -0.25299016329471  
  2.570000    0.14400558651571    0.07686911239561    0.20118031182236   -0.08776926017038   -0.25101936772920  
  2.580000    0.14193960298274    0.07780261713356    0.19916038065207   -0.09003926517502   -0.24905319954010  
  2.590000    0.13990206623190    0.07872559967221    0.19716004837886   -0.09227884378076   -0.24709182723281  
  2.600000    0.13789264043081    0.07963778611658    0.19517912693141   -0.09448768099859   -0.24513542829109  
  2.610000    0.13591099017712    0.08053893324521    0.19321742260819   -0.09666546885792   -0.24318418908045  
  2.620000    0.13395678079926    0.08142883203741    0.19127473704060   -0.09881190874064   -0.24123830462163  
  2.630000    0.13202967863890    0.08230731079892    0.18935086816572   -0.10092671372317   -0.23929797823761  
  2.640000    0.13012935131516    0.08317423785869    0.18744561120071   -0.10300961090308   -0.23736342107862  
  2.650000    0.12825546797054    0.08402952381432    0.18555875961103   -0.10506034368728   -0.23543485153093  
  2.660000    0.12640769949878    0.08487312330760    0.18369010606471   -0.10707867401875   -0.23351249451626  
  2.670000    0.12458571875457    0.08570503631679    0.18183944336501   -0.10906438451963   -0.23159658068970  
  2.680000    0.12278920074555    0.08652530895685    0.18000656535394   -0.11101728052872   -0.22968734554513  
  2.690000    0.12101782280678    0.08733403378354    0.17819126777963   -0.11293719201297   -0.22778502843769  
  2.700000    0.11927126475805    0.08813134960240    0.17639334912055   -0.11482397533315   -0.22588987153414  
  2.710000    0.11754920904442    0.08891744078821    0.17461261136025   -0.11667751484563   -0.22400211870202  
  2.720000    0.11585134086058    0.08969253612526    0.17284886070671   -0.11849772432352   -0.22212201434954  
  2.730000    0.11417734825938    0.09045690718341    0.17110190825088   -0.12028454818216   -0.22024980222842  
  2.740000    0.11252692224523    0.09121086624931    0.16937157055946   -0.12203796249575   -0.21838572421209  
  2.750000    0.11089975685305    0.09195476383620    0.16765767019796   -0.12375797579407   -0.21653001906195  
  2.760000    0.10929554921327    0.09268898579982    0.16596003618032   -0.12544462962997   -0.21468292119463  
  2.770000    0.10771399960376    0.09341395009144    0.16427850434233   -0.12709799891084   -0.21284465946261  
  2.780000    0.10615481148935    0.09413010318250    0.16261291763667   -0.12871819198923   -0.21101545596104  
  2.790000    0.10461769154974    0.09483791619816    0.16096312634833   -0.13030535051031   -0.20919552487270  
  2.800000    0.10310234969665    0.09553788079972    0.15932898822965   -0.13185964901581   -0.20738507136289  
  2.810000    0.10160849908086    0.09623050485809    0.15771036855512   -0.13338129430691   -0.20558429053546  
  2.820000    0.10013585609027    0.09691630796215    0.15610714009691   -0.13487052457020   -0.20379336646052  
  2.830000    0.09868414033948    0.09759581680726    0.15451918302264   -0.13632760827365   -0.20201247128348  
  2.840000    0.09725307465203    0.09826956051009    0.15294638471771   -0.13775284284123   -0.20024176442438  
  2.850000    0.09584238503598    0.09893806589620    0.15138863953531   -0.13914655311727   -0.19848139187548  
  2.860000    0.09445180065364    0.09960185280704    0.14984584847763   -0.14050908963326   -0.19673148560398  
  2.870000    0.09308105378646    0.10026142947230    0.14831791881272   -0.14184082669198   -0.19499216306573  
  2.880000    0.09172987979565    0.10091728799293    0.14680476363167   -0.14314216028529   -0.19326352683467  
  2.890000    0.09039801707951    0.10156989997845    0.14530630135175   -0.14441350586356   -0.19154566435150  
  2.900000    0.08908520702807    0.10221971238088    0.14382245517111   -0.14565529597605   -0.18983864779385  
  2.910000    0.08779119397591    0.10286714356485    0.14235315248148   -0.14686797780274   -0.18814253406919  
  2.920000    0.08651572515376    0.10351257965161    0.14089832424538   -0.14805201059912   -0.18645736493015  
  2.930000    0.08525855063952    0.10415637117130    0.13945790434489   -0.14920786307596   -0.18478316721110  
  2.940000    0.08401942330938    0.10479883005470    0.13803182890881   -0.15033601073720   -0.18311995318319  
  2.950000    0.08279809878957    0.10544022699256    0.13662003562576   -0.15143693319860   -0.18146772102434  
  2.960000    0.08159433540927    0.10608078918635    0.13522246305037   -0.15251111151082   -0.17982645539920  
  2.970000    0.08040789415513    0.10672069851084    0.13383904990982   -0.15355902550964   -0.17819612814309  
  2.980000    0.07923853862783    0.10736009010442    0.13246973441819   -0.15458115121636   -0.17657669904312  
  2.990000    0.07808603500107    0.10799905139902    0.13111445360552   -0.15557795831041   -0.17496811670848  
  3.000000    0.07695015198327    0.10863762159721    0.12977314266850   -0.15654990769569   -0.17337031952119  
  3.010000    0.07583066078231    0.10927579159937    0.12844573434960   -0.15749744918116   -0.17178323665787  
  3.020000    0.07472733507336    0.10991350437987    0.12713215835056   -0.15842101929491   -0.17020678917231  
  3.030000    0.07363995097020    0.11055065580640    0.12583234078646   -0.15932103924982   -0.16864089112813  
  3.040000    0.07256828699990    0.11118709589265    0.12454620368560   -0.16019791307724   -0.16708545077046  
  3.050000    0.07151212408106    0.11182263047019    0.12327366454014   -0.16105202594351   -0.16554037172499  
  3.060000    0.07047124550554    0.11245702326140    0.12201463591190   -0.16188374266251   -0.16400555421288  
  3.070000    0.06944543692370    0.11308999833170    0.12076902509704   -0.16269340641522   -0.16248089626960  
  3.080000    0.06843448633297    0.11372124289545    0.11953673385287   -0.16348133768567   -0.16096629495595  
  3.090000    0.06743818406978    0.11435041044674    0.11831765818921   -0.16424783342011   -0.15946164754965  
  3.100000    0.06645632280445    0.11497712418337    0.11711168822618   -0.16499316641466   -0.15796685270618  
  3.110000    0.06548869753906    0.11560098068947    0.11591870811955   -0.16571758493397   -0.15648181157772  
  3.120000    0.06453510560795    0.11622155383991    0.11473859605414   -0.16642131256162   -0.15500642887983  
  3.130000    0.06359534668060    0.11683839888773    0.11357122430509   -0.16710454828080   -0.15354061389579  
  3.140000    0.06266922276655    0.11745105669419    0.11241645936591   -0.16776746678124   -0.15208428140954  
  3.150000    0.06175653822222    0.11805905805987    0.11127416214201   -0.16841021898702   -0.15063735255841  
  3.160000    0.06085709975908    0.11866192811447    0.11014418820723   -0.16903293279702   -0.14919975559836  
  3.170000    0.05997071645297    0.11925919072268    0.10902638812062   -0.16963571402849   -0.14777142657473  
  3.180000    0.05909719975419    0.11985037286327    0.10792060780005   -0.17021864755204   -0.14635230989297  
  3.190000    0.05823636349796    0.12043500893950    0.10682668894860   -0.17078179860469   -0.14494235878449  
  3.200000    0.05738802391501    0.12101264497929    0.10574446952923   -0.17132521426618   -0.14354153566417  
  3.210000    0.05655199964175    0.12158284268535    0.10467378428279   -0.17184892508216   -0.14214981237691  
  3.220000    0.05572811172989    0.12214518329673    0.10361446528388   -0.17235294681672   -0.14076717033191  
  3.230000    0.05491618365506    0.12269927122559    0.10256634252900   -0.17283728231565   -0.13939360052448  
  3.240000    0.05411604132404    0.12324473743510    0.10152924455075   -0.17330192346090   -0.13802910344619  
  3.250000    0.05332751308051    0.12378124252739    0.10050299905201   -0.17374685319610   -0.13667368888545  
  3.260000    0.05255042970880    0.12430847951295    0.09948743355347   -0.17417204760233   -0.13532737562159  
  3.270000    0.05178462443554    0.12482617623682    0.09848237604815   -0.17457747800341   -0.13399019101669  
  3.280000    0.05102993292890    0.12533409743960    0.09748765565619   -0.17496311307942   -0.13266217051025  
  3.290000    0.05028619329521    0.12583204643569    0.09650310327344   -0.17532892096774   -0.13134335702284  
  3.300000    0.04955324607288    0.12631986639448    0.09552855220738   -0.17567487133102   -0.13003380027578  
  3.310000    0.04883093422330    0.12679744121449    0.09456383879402   -0.17600093737189   -0.12873355603466  
  3.320000    0.04811910311878    0.12726469598419    0.09360880298979   -0.17630709777544   -0.12744268528524  
  3.330000    0.04741760052733    0.12772159702771    0.09266328893250   -0.17659333856069   -0.12616125335079  
  3.340000    0.04672627659426    0.12816815153720    0.09172714546606   -0.17685965482411   -0.12488932896087  
  3.350000    0.04604498382068    0.12860440679818    0.09080022662372   -0.17710605235886   -0.12362698328132  
  3.360000    0.04537357703873    0.12903044901766    0.08988239206529   -0.17733254913523   -0.12237428891630  
  3.370000    0.04471191338378    0.12944640176921    0.08897350746416   -0.17753917662920   -0.12113131889276  
  3.380000    0.04405985226359    0.12985242407222    0.08807344484055   -0.17772598098749   -0.11989814563848  
  3.390000    0.04341725532455    0.13024870812676    0.08718208283768   -0.17789302401947   -0.11867483996417  
  3.400000    0.04278398641519    0.13063547672819    0.08629930693875   -0.17804038400807   -0.11746147006058  
  3.410000    0.04215991154706    0.13101298038899    0.08542500962242   -0.17816815633359   -0.11625810052107  
  3.420000    0.04154489885324    0.13138149419808    0.08455909045584   -0.17827645390647   -0.11506479139962  
  3.430000    0.04093881854476    0.13174131445009    0.08370145612440   -0.17836540740685   -0.11388159731441  
  3.440000    0.04034154286495    0.13209275507945    0.08285202039831   -0.17843516533084   -0.11270856660576  
  3.450000    0.03975294604232    0.13243614393578    0.08201070403659   -0.17848589384537   -0.11154574055744  
  3.460000    0.03917290424187    0.13277181893849    0.08117743462964   -0.17851777645540   -0.11039315268897  
  3.470000    0.03860129551551    0.13310012414967    0.08035214638244   -0.17853101348915   -0.10925082812629  
  3.480000    0.03803799975154    0.13342140580469    0.07953477984066   -0.17852582140869   -0.10811878305695  
  3.490000    0.03748289862375    0.13373600834068    0.07872528156270   -0.17850243195535   -0.10699702427531  
  3.500000    0.03693587554032    0.13404427046239    0.07792360374127   -0.17846109114042   -0.10588554882216  
  3.510000    0.03639681559287    0.13434652128486    0.07712970377843   -0.17840205809365   -0.10478434372229  
  3.520000    0.03586560550599    0.13464307659114    0.07634354381865   -0.17832560378306   -0.10369338582235  
  3.530000    0.03534213358755    0.13493423524220    0.07556509024466   -0.17823200962101   -0.10261264173044  
  3.540000    0.03482628967996    0.13522027577448    0.07479431314132   -0.17812156597229   -0.10154206785779  
  3.550000    0.03431796511294    0.13550145321849    0.07403118573307   -0.17799457058123   -0.10048161056177  
  3.560000    0.03381705265779    0.13577799616976    0.07327568380068   -0.17785132693502   -0.09943120638853  
  3.570000    0.03332344648350    0.13605010414070    0.07252778508312   -0.17769214258157   -0.09839078241241  
  3.580000    0.03283704211508    0.13631794521905    0.07178746867084   -0.17751732742001   -0.09736025666846  
  3.590000    0.03235773639406    0.13658165405569    0.07105471439624   -0.17732719198243   -0.09633953867337  
  3.600000    0.03188542744158    0.13684133020109    0.07032950222777   -0.17712204572536   -0.09532853002906  
  3.610000    0.03142001462410    0.13709703680618    0.06961181167337   -0.17690219534908   -0.09432712510280  
  3.620000    0.03096139852191    0.13734879969996    0.06890162119948   -0.17666794316268   -0.09333521177640  
  3.630000    0.03050948090054    0.13759660685223    0.06819890767109   -0.17641958551211   -0.09235267225676  
  3.640000    0.03006416468516    0.13784040822608    0.06750364581851   -0.17615741128751   -0.09137938393938  
  3.650000    0.02962535393802    0.13808011602111    0.06681580773595   -0.17588170052552   -0.09041522031560  
  3.660000    0.02919295383894    0.13831560530401    0.06613536241683   -0.17559272312087   -0.08946005191454  
  3.670000    0.02876687066881    0.13854671501994    0.06546227533025   -0.17529073766058   -0.08851374726970  
  3.680000    0.02834701179620    0.13877324937404    0.06479650804275   -0.17497599039247   -0.08757617390050  
  3.690000    0.02793328566680    0.13899497956878    0.06413801788870   -0.17464871433850   -0.08664719929864  
  3.700000    0.02752560179580    0.13921164587963    0.06348675769268   -0.17430912856169   -0.08572669190920  
  3.710000    0.02712387076295    0.13942296004801    0.06284267554616   -0.17395743759375   -0.08481452209652  
  3.720000    0.02672800421021    0.13962860796754    0.06220571464042   -0.17359383102891   -0.08391056308509  
  3.730000    0.02633791484186    0.13982825263680    0.06157581315734   -0.17321848328765   -0.08301469186596  
  3.740000    0.02595351642679    0.14002153734910    0.06095290421858   -0.17283155355208   -0.08212679005944  
  3.750000    0.02557472380284    0.14020808908767    0.06033691589352   -0.17243318587323   -0.08124674472563  
  3.760000    0.02520145288289    0.14038752209274    0.05972777126560   -0.17202350944835   -0.08037444911455  
  3.770000    0.02483362066254    0.14055944156503    0.05912538855595   -0.17160263906482   -0.07950980334846  
  3.780000    0.02447114522904    0.14072344746955    0.05852968130294   -0.17117067570539   -0.07865271502975  
  3.790000    0.02411394577129    0.14087913840190    0.05794055859542   -0.17072770730785   -0.07780309976821  
  3.800000    0.02376194259054    0.14102611547948    0.05735792535713   -0.17027380967070   -0.07696088162289  
  3.810000    0.02341505711160    0.14116398621927    0.05678168267904   -0.16980904749464   -0.07612599345398  
  3.820000    0.02307321189422    0.14129236836445    0.05621172819612   -0.16933347554866   -0.07529837718174  
  3.830000    0.02273633064443    0.14141089362239    0.05564795650442   -0.16884713994805   -0.07447798394988  
  3.840000    0.02240433822547    0.14151921127777    0.05509025961412   -0.16835007953034   -0.07366477419209  
  3.850000    0.02207716066810    0.14161699164556    0.05453852743369   -0.16784232731466   -0.07285871760147  
  3.860000    0.02175472518009    0.14170392933057    0.05399264828013   -0.16732391202865   -0.07205979300326  
  3.870000    0.02143696015450    0.14177974626197    0.05345250941006   -0.16679485968671   -0.07126798813259  
  3.880000    0.02112379517662    0.14184419447346    0.05291799756599   -0.16625519520281   -0.07048329931968  
  3.890000    0.02081516102939    0.14189705860248    0.05238899953234   -0.16570494402065   -0.06970573108611  
  3.900000    0.02051098969694    0.14193815808452    0.05186540269531   -0.16514413374395   -0.06893529565632  
  3.910000    0.02021121436625    0.14196734902148    0.05134709560105   -0.16457279574952   -0.06817201238971  
  3.920000    0.01991576942669    0.14198452570659    0.05083396850630   -0.16399096676607   -0.06741590713915  
  3.930000    0.01962459046727    0.14198962179140    0.05032591391600   -0.16339869040215   -0.06666701154275  
  3.940000    0.01933761427163    0.14198261108414    0.04982282710243   -0.16279601860692   -0.06592536225624  
  3.950000    0.01905477881048    0.14196350797229    0.04932460660053   -0.16218301304841   -0.06519100013371  
  3.960000    0.01877602323169    0.14193236746571    0.04883115467463   -0.16155974639466   -0.06446396936539  
  3.970000    0.01850128784770    0.14188928486072    0.04834237775173   -0.16092630348421   -0.06374431658109  
  3.980000    0.01823051412060    0.14183439502885    0.04785818681712   -0.16028278237347   -0.06303208992858  
  3.990000    0.01796364464455    0.14176787133789    0.04737849776838   -0.15962929524987   -0.06232733813624  
  4.000000    0.01770062312584    0.14168992421636    0.04690323172431   -0.15896596920102   -0.06163010956940  
  4.010000    0.01744139436061    0.14160079937583    0.04643231528574   -0.15829294683157   -0.06094045129000  
  4.020000    0.01718590421022    0.14150077570914    0.04596568074566   -0.15761038672115   -0.06025840812902  
  4.030000    0.01693409957457    0.14139016288534    0.04550326624672   -0.15691846371823   -0.05958402178084  
  4.040000    0.01668592836338    0.14126929866535    0.04504501588468   -0.15621736906641   -0.05891732992881  
  4.050000    0.01644133946569    0.14113854596487    0.04459087975669   -0.15550731036170   -0.05825836541046  
  4.060000    0.01620028271767    0.14099828969354    0.04414081395427   -0.15478851134052   -0.05760715543084  
  4.070000    0.01596270886907    0.14084893340144    0.04369478050105   -0.15406121150037   -0.05696372083161  
  4.080000    0.01572856954845    0.14069089576591    0.04325274723606   -0.15332566555651   -0.05632807542311  
  4.090000    0.01549781722739    0.14052460695309    0.04281468764387   -0.15258214273982   -0.05570022538584  
  4.100000    0.01527040518409    0.14035050488967    0.04238058063337   -0.15183092594253   -0.05508016874730  
  4.110000    0.01504628746633    0.14016903148138    0.04195041026764   -0.15107231072006   -0.05446789493892  
  4.120000    0.01482541885438    0.13998062881503    0.04152416544759   -0.15030660415870   -0.05386338443761  
  4.130000    0.01460775482386    0.13978573538087    0.04110183955276   -0.14953412362025   -0.05326660849493  
  4.140000    0.01439325150893    0.13958478235213    0.04068343004295   -0.14875519537573   -0.05267752895650  
  4.150000    0.01418186566606    0.13937818995776    0.04026893802475   -0.14797015314184   -0.05209609817316  
  4.160000    0.01397355463859    0.13916636398319    0.03985836778745   -0.14717933653428   -0.05152225900429  
  4.170000    0.01376827632237    0.13894969243327    0.03945172631295   -0.14638308945339   -0.05095594491323  
  4.180000    0.01356598913274    0.13872854238908    0.03904902276478   -0.14558175841780   -0.05039708015330  
  4.190000    0.01336665197297    0.13850325708905    0.03865026796128   -0.14477569086258   -0.04984558004237  
  4.200000    0.01317022420449    0.13827415326223    0.03825547383832   -0.14396523341872   -0.04930135132295  
  4.210000    0.01297666561904    0.13804151873907    0.03786465290688   -0.14315073019060   -0.04876429260387  
  4.220000    0.01278593641288    0.13780561036240    0.03747781771103   -0.14233252104875   -0.04823429487889  
  4.230000    0.01259799716341    0.13756665221832    0.03709498029166   -0.14151093995430   -0.04771124211682  
  4.240000    0.01241280880797    0.13732483420354    0.03671615166122   -0.14068631333183   -0.04719501191703  
  4.250000    0.01223033262536    0.13708031094228    0.03634134129494   -0.13985895850640   -0.04668547622351  
  4.260000    0.01205053021981    0.13683320106267    0.03597055664322   -0.13902918222010   -0.04618250209038  
  4.270000    0.01187336350774    0.13658358683883    0.03560380267027   -0.13819727924257   -0.04568595249077  
  4.280000    0.01169879470707    0.13633151420126    0.03524108142339   -0.13736353108903   -0.04519568716117  
  4.290000    0.01152678632941    0.13607699311475    0.03488239163713   -0.13652820485819   -0.04471156347259  
  4.300000    0.01135730117483    0.13581999831913    0.03452772837617   -0.13569155220137   -0.04423343731977  
  4.310000    0.01119030232933    0.13556047042499    0.03417708272038   -0.13485380843260   -0.04376116401969  
  4.320000    0.01102575316494    0.13529831735268    0.03383044149497   -0.13401519178820   -0.04329459921040  
  4.330000    0.01086361734231    0.13503341609988    0.03348778704846   -0.13317590284290   -0.04283359974123  
  4.340000    0.01070385881571    0.13476561481969    0.03314909708036   -0.13233612408781   -0.04237802454577  
  4.350000    0.01054644184028    0.13449473518810    0.03281434452009   -0.13149601967403   -0.04192773548897  
  4.360000    0.01039133098141    0.13422057503713    0.03248349745840   -0.13065573532407   -0.04148259818010  
  4.370000    0.01023849112612    0.13394291122711    0.03215651913149   -0.12981539841146   -0.04104248274394  
  4.380000    0.01008788749607    0.13366150272950    0.03183336795799   -0.12897511820739   -0.04060726454251  
  4.390000    0.00993948566225    0.13337609388942    0.03151399762819   -0.12813498629137   -0.04017682484073  
  4.400000    0.00979325156093    0.13308641783549    0.03119835724441   -0.12729507712156   -0.03975105140964  
  4.410000    0.00964915151066    0.13279220000313    0.03088639151087   -0.12645544875844   -0.03932983906160  
  4.420000    0.00950715223025    0.13249316173635    0.03057804097109   -0.12561614373438   -0.03891309011262  
  4.430000    0.00936722085726    0.13218902393243    0.03027324229011   -0.12477719005993   -0.03850071476765  
  4.440000    0.00922932496684    0.13187951069344    0.02997192857856   -0.12393860235639   -0.03809263142554  
  4.450000    0.00909343259073    0.13156435294851    0.02967402975525   -0.12310038310312   -0.03768876690114  
  4.460000    0.00895951223611    0.13124329201110    0.02937947294431   -0.12226252398668   -0.03728905656291  
  4.470000    0.00882753290394    0.13091608303632    0.02908818290287   -0.12142500733806   -0.03689344438519  
  4.480000    0.00869746410679    0.13058249834407    0.02880008247477   -0.12058780764339   -0.03650188291531  
  4.490000    0.00856927588573    0.13024233057538    0.02851509306563   -0.11975089311280   -0.03611433315626  
  4.500000    0.00844293882605    0.12989539565087    0.02823313513441   -0.11891422729151   -0.03573076436695  
  4.510000    0.00831842407174    0.12954153550224    0.02795412869638   -0.11807777069688   -0.03535115378235  
  4.520000    0.00819570333841    0.12918062054989    0.02767799383237   -0.11724148246494   -0.03497548625721  
  4.530000    0.00807474892449    0.12881255190234    0.02740465119909   -0.11640532198985   -0.03460375383715  
  4.540000    0.00795553372057    0.12843726325587    0.02713402253538   -0.11556925053975   -0.03423595526226  
  4.550000    0.00783803121668    0.12805472247553    0.02686603115914   -0.11473323283291   -0.03387209540851  
  4.560000    0.00772221550749    0.12766493284221    0.02660060245005   -0.11389723855842   -0.03351218467311  
  4.570000    0.00760806129519    0.12726793395323    0.02633766431306   -0.11306124382614   -0.03315623831044  
  4.580000    0.00749554389007    0.12686380226773    0.02607714761813   -0.11222523253158   -0.03280427572569  
  4.590000    0.00738463920874    0.12645265129133    0.02581898661166   -0.11138919762221   -0.03245631973347  
  4.600000    0.00727532376984    0.12603463139816    0.02556311929558   -0.11055314225255   -0.03211239578946  
  4.610000    0.00716757468746    0.12560992929198    0.02530948777029   -0.10971708081672   -0.03177253120282  
  4.620000    0.00706136966202    0.12517876711136    0.02505803853805   -0.10888103984832   -0.03143675433770  
  4.630000    0.00695668696887    0.12474140118773    0.02480872276374   -0.10804505877888   -0.03110509381190  
  4.640000    0.00685350544457    0.12429812046812    0.02456149649059   -0.10720919054748   -0.03077757770108  
  4.650000    0.00675180447092    0.12384924461801    0.02431632080863   -0.10637350205574   -0.03045423275633  
  4.660000    0.00665156395698    0.12339512182246    0.02407316197420   -0.10553807446397   -0.03013508364323  
  4.670000    0.00655276431902    0.12293612630702    0.02383199147965   -0.10470300332573   -0.02982015220994  
  4.680000    0.00645538645872    0.12247265560224    0.02359278607226   -0.10386839855978   -0.02950945679155  
  4.690000    0.00635941173975    0.12200512757843    0.02335552772257   -0.10303438426016   -0.02920301155772  
  4.700000    0.00626482196281    0.12153397727931    0.02312020354236   -0.10220109834645   -0.02890082590988  
  4.710000    0.00617159933951    0.12105965358523    0.02288680565323   -0.10136869205817   -0.02860290393388  
  4.720000    0.00607972646515    0.12058261573827    0.02265533100720   -0.10053732929871   -0.02830924391339  
  4.730000    0.00598918629074    0.12010332976289    0.02242578116130   -0.09970718583567   -0.02801983790859  
  4.740000    0.00589996209437    0.11962226481680    0.02219816200826   -0.09887844836600   -0.02773467140412  
  4.750000    0.00581203745236    0.11913988950719    0.02197248346641   -0.09805131345554   -0.02745372302945  
  4.760000    0.00572539621015    0.11865666820825    0.02174875913173   -0.09722598636403   -0.02717696435408  
  4.770000    0.00564002245353    0.11817305741529    0.02152700589575   -0.09640267976757   -0.02690435975927  
  4.780000    0.00555590048008    0.11768950217086    0.02130724353318   -0.09558161239171   -0.02663586638709  
  4.790000    0.00547301477140    0.11720643259737    0.02108949426345   -0.09476300756899   -0.02637143416695  
  4.800000    0.00539134996610    0.11672426056966    0.02087378229066   -0.09394709173586   -0.02611100591874  
  4.810000    0.00531089083393    0.11624337655956    0.02066013332659   -0.09313409288409   -0.02585451753126  
  4.820000    0.00523162225124    0.11576414668302    0.02044857410160   -0.09232423898253   -0.02560189821351  
  4.830000    0.00515352917784    0.11528690997801    0.02023913186837   -0.09151775638522   -0.02535307081591  
  4.840000    0.00507659663576    0.11481197593960    0.02003183390350   -0.09071486824190   -0.02510795221780  
  4.850000    0.00500080968963    0.11433962233568    0.01982670701195   -0.08991579292714   -0.02486645377676  
  4.860000    0.00492615342931    0.11387009332443    0.01962377703935   -0.08912074250387   -0.02462848183491  
  4.870000    0.00485261295455    0.11340359789133    0.01942306839708   -0.08832992123690   -0.02439393827658  
  4.880000    0.00478017336193    0.11294030862076    0.01922460360475   -0.08754352417134   -0.02416272113139  
  4.890000    0.00470881973424    0.11248036081376    0.01902840285488   -0.08676173579033   -0.02393472521632  
  4.900000    0.00463853713216    0.11202385196005    0.01883448360386   -0.08598472876554   -0.02370984280990  
  4.910000    0.00456931058857    0.11157084156933    0.01864286019346   -0.08521266281295   -0.02348796435153  
  4.920000    0.00450112510523    0.11112135136298    0.01845354350657   -0.08444568366555   -0.02326897915852  
  4.930000    0.00443396565200    0.11067536582405    0.01826654066046   -0.08368392217306   -0.02305277615346  
  4.940000    0.00436781716857    0.11023283309984    0.01808185474078   -0.08292749353785   -0.02283924459443  
  4.950000    0.00430266456852    0.10979366624785    0.01789948457875   -0.08217649669452   -0.02262827480048  
  4.960000    0.00423849274578    0.10935774481286    0.01771942457369   -0.08143101383948   -0.02241975886503  
  4.970000    0.00417528658332    0.10892491671922    0.01754166456272   -0.08069111011507   -0.02221359134996  
  4.980000    0.00411303096399    0.10849500045976    0.01736618973867   -0.07995683345136   -0.02200966995333  
  4.990000    0.00405171078328    0.10806778755976    0.01719298061705   -0.07922821456717   -0.02180789614410  
  5.000000    0.00399131096396    0.10764304529148    0.01702201305229   -0.07850526713014   -0.02160817575746  
  5.010000    0.00393181647243    0.10722051961278    0.01685325830295   -0.07778798807428   -0.02141041954504  
  5.020000    0.00387321233636    0.10679993830074    0.01668668314517   -0.07707635807156   -0.02121454367441  
  5.030000    0.00381548366382    0.10638101424967    0.01652225003307   -0.07637034215295   -0.02102047017323  
  5.040000    0.00375861566325    0.10596344890094    0.01635991730448   -0.07566989047236   -0.02082812731376  
  5.050000    0.00370259366435    0.10554693577122    0.01619963942973   -0.07497493920593   -0.02063744993405  
  5.060000    0.00364740313956    0.10513116404427    0.01604136730092   -0.07428541157743   -0.02044837969302  
  5.070000    0.00359302972580    0.10471582219130    0.01588504855870   -0.07360121899954   -0.02026086525715  
  5.080000    0.00353945924645    0.10430060158422    0.01573062795318   -0.07292226231941   -0.02007486241718  
  5.090000    0.00348667773299    0.10388520006653    0.01557804773511   -0.07224843315601   -0.01989033413424  
  5.100000    0.00343467144647    0.10346932544675    0.01542724807363   -0.07157961531576   -0.01970725051509  
  5.110000    0.00338342689823    0.10305269888022    0.01527816749585   -0.07091568627233   -0.01952558871744  
  5.120000    0.00333293086979    0.10263505810610    0.01513074334425   -0.07025651869555   -0.01934533278649  
  5.130000    0.00328317043170    0.10221616050785    0.01498491224683   -0.06960198201430   -0.01916647342491  
  5.140000    0.00323413296113    0.10179578596721    0.01484061059549   -0.06895194399762   -0.01898900769907  
  5.150000    0.00318580615787    0.10137373948367    0.01469777502757   -0.06830627233817   -0.01881293868475  
  5.160000    0.00313817805886    0.10094985353380    0.01455634290586   -0.06766483622222   -0.01863827505664  
  5.170000    0.00309123705069    0.10052399014717    0.01441625279203   -0.06702750787058   -0.01846503062582  
  5.180000    0.00304497188030    0.10009604267856    0.01427744490879   -0.06639416403489   -0.01829322383069  
  5.190000    0.00299937166348    0.09966593725909    0.01413986158603   -0.06576468743450   -0.01812287718660  
  5.200000    0.00295442589120    0.09923363391175    0.01400344768657   -0.06513896811957   -0.01795401670027  
  5.210000    0.00291012443364    0.09879912732064    0.01386815100697   -0.06451690474682   -0.01778667125519  
  5.220000    0.00286645754192    0.09836244724600    0.01373392264969   -0.06389840575524   -0.01762087197457  
  5.230000    0.00282341584732    0.09792365858107    0.01360071736253   -0.06328339043020   -0.01745665156856  
  5.240000    0.00278099035826    0.09748286104988    0.01346849384222   -0.06267178984527   -0.01729404367257  
  5.250000    0.00273917245476    0.09704018854913    0.01333721499889   -0.06206354767267   -0.01713308218359  
  5.260000    0.00269795388061    0.09659580814017    0.01320684817893   -0.06145862085419   -0.01697380060147  
  5.270000    0.00265732673317    0.09614991870094    0.01307736534398   -0.06085698012617   -0.01681623138189  
  5.280000    0.00261728345107    0.09570274925107    0.01294874320420   -0.06025861039346   -0.01666040530770  
  5.290000    0.00257781679965    0.09525455696618    0.01282096330465   -0.05966351094865   -0.01650635088503  
  5.300000    0.00253891985451    0.09480562490092    0.01269401206383   -0.05907169553486   -0.01635409377031  
  5.310000    0.00250058598315    0.09435625944278    0.01256788076403   -0.05848319225136   -0.01620365623406  
  5.320000    0.00246280882499    0.09390678752167    0.01244256549377   -0.05789804330347   -0.01605505666662  
  5.330000    0.00242558226974    0.09345755360229    0.01231806704275   -0.05731630459919   -0.01590830913094  
  5.340000    0.00238890043467    0.09300891648898    0.01219439075055   -0.05673804519716   -0.01576342296669  
  5.350000    0.00235275764057    0.09256124597397    0.01207154631060   -0.05616334661134   -0.01562040244962  
  5.360000    0.00231714838691    0.09211491936212    0.01194954753145   -0.05559230198001   -0.01547924650928  
  5.370000    0.00228206732639    0.09167031790603    0.01182841205780   -0.05502501510729   -0.01533994850789  
  5.380000    0.00224750923898    0.09122782318648    0.01170816105403   -0.05446159938732   -0.01520249608225  
  5.390000    0.00221346900579    0.09078781347385    0.01158881885373   -0.05390217662196   -0.01506687104996  
  5.400000    0.00217994158309    0.09035066010615    0.01147041257841   -0.05334687574409   -0.01493304938073  
  5.410000    0.00214692197647    0.08991672391928    0.01135297172967   -0.05279583145971   -0.01480100123258  
  5.420000    0.00211440521572    0.08948635176480    0.01123652775867   -0.05224918282249   -0.01467069105237  
  5.430000    0.00208238633033    0.08905987314943    0.01112111361741   -0.05170707175544   -0.01454207773915  
  5.440000    0.00205086032611    0.08863759702951    0.01100676329639   -0.05116964153464   -0.01441511486846  
  5.450000    0.00201982216295    0.08821980879221    0.01089351135320   -0.05063703525061   -0.01428975097476  
  5.460000    0.00198926673408    0.08780676745336    0.01078139243701   -0.05010939426277   -0.01416592988894  
  5.470000    0.00195918884687    0.08739870309978    0.01067044081358   -0.04958685666292   -0.01404359112696  
  5.480000    0.00192958320552    0.08699581460168    0.01056068989572   -0.04906955576322   -0.01392267032553  
  5.490000    0.00190044439562    0.08659826761804    0.01045217178389   -0.04855761862406   -0.01380309971973  
  5.500000    0.00187176687091    0.08620619291498    0.01034491682160   -0.04805116463693   -0.01368480865780  
  5.510000    0.00184354494216    0.08581968501435    0.01023895317008   -0.04755030417646   -0.01356772414722  
  5.520000    0.00181577276849    0.08543880118629    0.01013430640652   -0.04705513733564   -0.01345177142640  
  5.530000    0.00178844435094    0.08506356079639    0.01003099914994   -0.04656575275684   -0.01333687455591  
  5.540000    0.00176155352869    0.08469394501449    0.00992905071843   -0.04608222657075   -0.01322295702291  
  5.550000    0.00173509397756    0.08432989688876    0.00982847682126   -0.04560462145398   -0.01310994235251  
  5.560000    0.00170905921117    0.08397132178511    0.00972928928888   -0.04513298581492   -0.01299775471958  
  5.570000    0.00168344258449    0.08361808818839    0.00963149584363   -0.04466735311639   -0.01288631955473  
  5.580000    0.00165823729985    0.08327002885826    0.00953509991327   -0.04420774134183   -0.01277556413805  
  5.590000    0.00163343641527    0.08292694232940    0.00944010048951   -0.04375415261074   -0.01266541817458  
  5.600000    0.00160903285517    0.08258859474196    0.00934649203254   -0.04330657294737   -0.01255581434557  
  5.610000    0.00158501942315    0.08225472198530    0.00925426442294   -0.04286497220506   -0.01244668882983  
  5.620000    0.00156138881682    0.08192503213463    0.00916340296103   -0.04242930414736   -0.01233798178996  
  5.630000    0.00153813364459    0.08159920815769    0.00907388841398   -0.04199950668509   -0.01222963781857  
  5.640000    0.00151524644405    0.08127691086548    0.00898569710996   -0.04157550226727   -0.01212160633983  
  5.650000    0.00149271970199    0.08095778207895    0.00889880107847   -0.04115719842210   -0.01201384196263  
  5.660000    0.00147054587566    0.08064144798136    0.00881316823537   -0.04074448844280   -0.01190630478169  
  5.670000    0.00144871741516    0.08032752262400    0.00872876261077   -0.04033725221150   -0.01179896062373  
  5.680000    0.00142722678674    0.08001561155157    0.00864554461734   -0.03993535715321   -0.01169178123650  
  5.690000    0.00140606649664    0.07970531551225    0.00856347135651   -0.03953865931030   -0.01158474441877  
  5.700000    0.00138522911548    0.07939623421648    0.00848249695921   -0.03914700452704   -0.01147783409030  
  5.710000    0.00136470730266    0.07908797010816    0.00840257295793   -0.03876022973235   -0.01137104030132  
  5.720000    0.00134449383073    0.07878013211156    0.00832364868607   -0.03837816430806   -0.01126435918155  
  5.730000    0.00132458160941    0.07847233931745    0.00824567170081   -0.03800063152921   -0.01115779282967  
  5.740000    0.00130496370900    0.07816422457262    0.00816858822493   -0.03762745006188   -0.01105134914465  
  5.750000    0.00128563338297    0.07785543793756    0.00809234360333   -0.03725843550389   -0.01094504160080  
  5.760000    0.00126658408946    0.07754564997861    0.00801688276948   -0.03689340195286   -0.01083888896925  
  5.770000    0.00124780951154    0.07723455486197    0.00794215071708   -0.03653216358614   -0.01073291498887  
  5.780000    0.00122930357592    0.07692187321944    0.00786809297226   -0.03617453623681   -0.01062714799043  
  5.790000    0.00121106047001    0.07660735475714    0.00779465606138   -0.03582033895014   -0.01052162047785  
  5.800000    0.00119307465707    0.07629078058170    0.00772178796979   -0.03546939550484   -0.01041636867125  
  5.810000    0.00117534088933    0.07597196522043    0.00764943858686   -0.03512153588418   -0.01031143201671  
  5.820000    0.00115785421895    0.07565075831530    0.00757756013271   -0.03477659768204   -0.01020685266782  
  5.830000    0.00114061000669    0.07532704597347    0.00750610756244   -0.03443442743007   -0.01010267494466  
  5.840000    0.00112360392811    0.07500075176062    0.00743503894363   -0.03409488183271   -0.00999894477589  
  5.850000    0.00110683197739    0.07467183732645    0.00736431580330   -0.03375782889755   -0.00989570912970  
  5.860000    0.00109029046856    0.07434030265563    0.00729390344082   -0.03342314895001   -0.00979301543979  
  5.870000    0.00107397603418    0.07400618594077    0.00722377120360   -0.03309073552209   -0.00969091103210  
  5.880000    0.00105788562149    0.07366956307788    0.00715389272268   -0.03276049610625   -0.00958944255838  
  5.890000    0.00104201648600    0.07333054678836    0.00708424610587   -0.03243235276709   -0.00948865544251  
  5.900000    0.00102636618261    0.07298928537515    0.00701481408641   -0.03210624260449   -0.00938859334497  
  5.910000    0.00101093255426    0.07264596112432    0.00694558412568   -0.03178211806381   -0.00928929765132  
  5.920000    0.00099571371837    0.07230078836685    0.00687654846882   -0.03145994708993   -0.00919080698955  
  5.930000    0.00098070805096    0.07195401121867    0.00680770415265   -0.03113971312360   -0.00909315678133  
  5.940000    0.00096591416878    0.07160590102002    0.00673905296589   -0.03082141494029   -0.00899637883169  
  5.950000    0.00095133090947    0.07125675349869    0.00667060136195   -0.03050506633292   -0.00890050096110  
  5.960000    0.00093695731010    0.07090688568364    0.00660236032506   -0.03019069564194   -0.00880554668359  
  5.970000    0.00092279258409    0.07055663259890    0.00653434519127   -0.02987834513734   -0.00871153493418  
  5.980000    0.00090883609685    0.07020634376906    0.00646657542592   -0.02956807025872   -0.00861847984794  
  5.990000    0.00089508734033    0.06985637957013    0.00639907435978   -0.02925993872126   -0.00852639059301  
  6.000000    0.00088154590676    0.06950710746089    0.00633186888664   -0.02895402949647   -0.00843527125886  
  6.010000    0.00086821146168    0.06915889813123    0.00626498912524   -0.02865043167786   -0.00834512080075  
  6.020000    0.00085508371675    0.06881212160473    0.00619846804893   -0.02834924324319   -0.00825593304070  
  6.030000    0.00084216240239    0.06846714333351    0.00613234108684   -0.02805056972553   -0.00816769672459  
  6.040000    0.00082944724055    0.06812432032341    0.00606664570054   -0.02775452280657   -0.00808039563472  
  6.050000    0.00081693791801    0.06778399732745    0.00600142094034   -0.02746121884639   -0.00799400875610  
  6.060000    0.00080463406025    0.06744650314496    0.00593670698591   -0.02717077736450   -0.00790851049464  
  6.070000    0.00079253520634    0.06711214706290    0.00587254467556   -0.02688331948735   -0.00782387094472  
  6.080000    0.00078064078491    0.06678121547457    0.00580897502921   -0.02659896637817   -0.00774005620295  
  6.090000    0.00076895009155    0.06645396870936    0.00574603876959   -0.02631783766478   -0.00765702872469  
  6.100000    0.00075746226790    0.06613063810524    0.00568377584672   -0.02604004988143   -0.00757474771941  
  6.110000    0.00074617628243    0.06581142335351    0.00562222497037   -0.02576571494036   -0.00749316958044  
  6.120000    0.00073509091330    0.06549649014268    0.00556142315524   -0.02549493864854   -0.00741224834457  
  6.130000    0.00072420473342    0.06518596812552    0.00550140528343   -0.02522781928467   -0.00733193617632  
  6.140000    0.00071351609775    0.06487994923068    0.00544220368877   -0.02496444625094   -0.00725218387191  
  6.150000    0.00070302313311    0.06457848633627    0.00538384776705   -0.02470489881312   -0.00717294137730  
  6.160000    0.00069272373049    0.06428159232023    0.00532636361625   -0.02444924494206   -0.00709415831489  
  6.170000    0.00068261554003    0.06398923949794    0.00526977371041   -0.02419754026824   -0.00701578451328  
  6.180000    0.00067269596864    0.06370135945446    0.00521409661044   -0.02394982716015   -0.00693777053443  
  6.190000    0.00066296218033    0.06341784327444    0.00515934671481   -0.02370613393616   -0.00686006819267  
  6.200000    0.00065341109929    0.06313854216948    0.00510553405285   -0.02346647421784   -0.00678263106011  
  6.210000    0.00064403941553    0.06286326849829    0.00505266412258   -0.02323084643159   -0.00670541495324  
  6.220000    0.00063484359332    0.06259179717173    0.00500073777492   -0.02299923346394   -0.00662837839539  
  6.230000    0.00062581988202    0.06232386743066    0.00494975114550   -0.02277160247412   -0.00655148305059  
  6.240000    0.00061696432949    0.06205918498113    0.00489969563470   -0.02254790486628   -0.00647469412402  
  6.250000    0.00060827279771    0.06179742446773    0.00485055793643   -0.02232807642175   -0.00639798072517  
  6.260000    0.00059974098065    0.06153823226285    0.00480232011513   -0.02211203759048   -0.00632131618979  
  6.270000    0.00059136442416    0.06128122954612    0.00475495973060   -0.02189969393899   -0.00624467835750  
  6.280000    0.00058313854760    0.06102601564576    0.00470845000916   -0.02169093675062   -0.00616804980218  
  6.290000    0.00057505866714    0.06077217161055    0.00466276005980   -0.02148564377246   -0.00609141801289  
  6.300000    0.00056712002046    0.06051926397908    0.00461785513291   -0.02128368010157   -0.00601477552348  
  6.310000    0.00055931779249    0.06026684871079    0.00457369691928   -0.02108489920219   -0.00593811998972  
  6.320000    0.00055164714222    0.06001447524154    0.00453024388631   -0.02088914404368   -0.00586145421328  
  6.330000    0.00054410322993    0.05976169062506    0.00448745164808   -0.02069624834825   -0.00578478611236  
  6.340000    0.00053668124503    0.05950804372090    0.00444527336566   -0.02050603793617   -0.00570812863954  
  6.350000    0.00052937643375    0.05925308938848    0.00440366017367   -0.02031833215509   -0.00563149964764  
  6.360000    0.00052218412684    0.05899639264686    0.00436256162878   -0.02013294537944   -0.00555492170541  
  6.370000    0.00051509976676    0.05873753276000    0.00432192617568   -0.01994968856491   -0.00547842186476  
  6.380000    0.00050811893409    0.05847610720758    0.00428170162590   -0.01976837084269   -0.00540203138236  
  6.390000    0.00050123737306    0.05821173550266    0.00424183564453   -0.01958880113754   -0.00532578539851  
  6.400000    0.00049445101573    0.05794406281848    0.00420227624016   -0.01941078979337   -0.00524972257664  
  6.410000    0.00048775600479    0.05767276338857    0.00416297225282   -0.01923415019041   -0.00517388470752  
  6.420000    0.00048114871458    0.05739754364614    0.00412387383528   -0.01905870033734   -0.00509831628219  
  6.430000    0.00047462577018    0.05711814507121    0.00408493292251   -0.01888426442273   -0.00502306403818  
  6.440000    0.00046818406437    0.05683434671652    0.00404610368487   -0.01871067430991   -0.00494817648390  
  6.450000    0.00046182077234    0.05654596738614    0.00400734296011   -0.01853777096028   -0.00487370340606  
  6.460000    0.00045553336381    0.05625286744404    0.00396861065993   -0.01836540577066   -0.00479969536535  
  6.470000    0.00044931961267    0.05595495023312    0.00392987014694   -0.01819344181089   -0.00472620318571  
  6.480000    0.00044317760386    0.05565216308893    0.00389108857801   -0.01802175494934   -0.00465327744233  
  6.490000    0.00043710573742    0.05534449793623    0.00385223721054   -0.01785023485448   -0.00458096795384  
  6.500000    0.00043110272974    0.05503199146004    0.00381329166850   -0.01767878586236   -0.00450932328392  
  6.510000    0.00042516761192    0.05471472484747    0.00377423216530   -0.01750732770086   -0.00443839025740  
  6.520000    0.00041929972518    0.05439282310008    0.00373504368126   -0.01733579606316   -0.00436821349583  
  6.530000    0.00041349871352    0.05406645392107    0.00369571609363   -0.01716414302421   -0.00429883497732  
  6.540000    0.00040776451344    0.05373582618546    0.00365624425785   -0.01699233729567   -0.00423029362507  
  6.550000    0.00040209734105    0.05340118800541    0.00361662803890   -0.01682036431627   -0.00416262492881  
  6.560000    0.00039649767647    0.05306282440698    0.00357687229243   -0.01664822617624   -0.00409586060284  
  6.570000    0.00039096624576    0.05272105463810    0.00353698679558   -0.01647594137615   -0.00403002828421  
  6.580000    0.00038550400053    0.05237622913147    0.00349698612813   -0.01630354442194   -0.00396515127400  
  6.590000    0.00038011209542    0.05202872614923    0.00345688950490   -0.01613108525994   -0.00390124832406  
  6.600000    0.00037479186354    0.05167894813959    0.00341672056096   -0.01595862855679   -0.00383833347153  
  6.610000    0.00036954479023    0.05132731783859    0.00337650709171   -0.01578625283128   -0.00377641592237  
  6.620000    0.00036437248537    0.05097427415244    0.00333628075019   -0.01561404944603   -0.00371549998517  
  6.630000    0.00035927665438    0.05062026785865    0.00329607670457   -0.01544212146894   -0.00365558505550  
  6.640000    0.00035425906825    0.05026575716566    0.00325593325908   -0.01527058241520   -0.00359666565095  
  6.650000    0.00034932153294    0.04991120317251    0.00321589144206   -0.01509955488214   -0.00353873149619  
  6.660000    0.00034446585831    0.04955706527130    0.00317599456523   -0.01492916909015   -0.00348176765691  
  6.670000    0.00033969382698    0.04920379653576    0.00313628775830   -0.01475956134410   -0.00342575472118  
  6.680000    0.00033500716337    0.04885183913992    0.00309681748364   -0.01459087243015   -0.00337066902595  
  6.690000    0.00033040750317    0.04850161985067    0.00305763103587   -0.01442324596395   -0.00331648292638  
  6.700000    0.00032589636369    0.04815354563760    0.00301877603103   -0.01425682670652   -0.00326316510472  
  6.710000    0.00032147511514    0.04780799944280    0.00298029989078   -0.01409175886452   -0.00321068091560  
  6.720000    0.00031714495333    0.04746533615174    0.00294224932646   -0.01392818439181   -0.00315899276375  
  6.730000    0.00031290687400    0.04712587880519    0.00290466982835   -0.01376624130942   -0.00310806051026  
  6.740000    0.00030876164893    0.04678991508964    0.00286760516524   -0.01360606206066   -0.00305784190283  
  6.750000    0.00030470980421    0.04645769414161    0.00283109689927   -0.01344777191806   -0.00300829302549  
  6.760000    0.00030075160082    0.04612942369833    0.00279518392103   -0.01329148745820   -0.00295936876296  
  6.770000    0.00029688701775    0.04580526762442    0.00275990200969   -0.01313731512004   -0.00291102327475  
  6.780000    0.00029311573777    0.04548534384058    0.00272528342251   -0.01298534986146   -0.00286321047391  
  6.790000    0.00028943713611    0.04516972267699    0.00269135651817   -0.01283567392784   -0.00281588450547  
  6.800000    0.00028585027207    0.04485842567008    0.00265814541758   -0.01268835574555   -0.00276900021943  
  6.810000    0.00028235388376    0.04455142481732    0.00262566970596   -0.01254344895198   -0.00272251363344  
  6.820000    0.00027894638595    0.04424864230068    0.00259394417919   -0.01240099157234   -0.00267638238034  
  6.830000    0.00027562587112    0.04394995068472    0.00256297863727   -0.01226100535226   -0.00263056613581  
  6.840000    0.00027239011376    0.04365517359131    0.00253277772700   -0.01212349525352   -0.00258502702178  
  6.850000    0.00026923657778    0.04336408684817    0.00250334083592   -0.01198844911890   -0.00253972998151  
  6.860000    0.00026616242715    0.04307642010421    0.00247466203860   -0.01185583751018   -0.00249464312229  
  6.870000    0.00026316453953    0.04279185890013    0.00244673009620   -0.01172561372202   -0.00244973802253  
  6.880000    0.00026023952292    0.04251004717846    0.00241952850947   -0.01159771397240   -0.00240498999993  
  6.890000    0.00025738373508    0.04223059021304    0.00239303562503   -0.01147205776876   -0.00236037833816  
  6.900000    0.00025459330563    0.04195305793381    0.00236722479404   -0.01134854844718   -0.00231588646982  
  6.910000    0.00025186416066    0.04167698861908    0.00234206458208   -0.01122707388032   -0.00227150211385  
  6.920000    0.00024919204954    0.04140189292361    0.00231751902825   -0.01110750734804   -0.00222721736615  
  6.930000    0.00024657257382    0.04112725820788    0.00229354795137   -0.01098970856307   -0.00218302874271  
  6.940000    0.00024400121779    0.04085255313033    0.00227010730035   -0.01087352484259   -0.00213893717484  
  6.950000    0.00024147338069    0.04057723246232    0.00224714954561   -0.01075879241499   -0.00209494795684  
  6.960000    0.00023898441000    0.04030074208246    0.00222462410778   -0.01064533784995   -0.00205107064682  
  6.970000    0.00023652963567    0.04002252410579    0.00220247781976   -0.01053297959827   -0.00200731892190  
  6.980000    0.00023410440498    0.03974202210092    0.00218065541775   -0.01042152962739   -0.00196371038953  
  6.990000    0.00023170411757    0.03945868634779    0.00215910005646   -0.01031079513689   -0.00192026635705  
  7.000000    0.00022932426051    0.03917197908752    0.00213775384369   -0.01020058033785   -0.00187701156221  
  7.010000    0.00022696044295    0.03888137971566    0.00211655838903   -0.01009068827909   -0.00183397386752  
  7.020000    0.00022460842998    0.03858638987052    0.00209545536146   -0.00998092270270   -0.00179118392204  
  7.030000    0.00022226417558    0.03828653836851    0.00207438705029   -0.00987108991113   -0.00174867479405  
  7.040000    0.00021992385412    0.03798138593969    0.00205329692401   -0.00976100062755   -0.00170648157894  
  7.050000    0.00021758389020    0.03767052971829    0.00203213018163   -0.00965047183160   -0.00166464098647  
  7.060000    0.00021524098662    0.03735360744451    0.00201083429091   -0.00953932855236   -0.00162319091178  
  7.070000    0.00021289215002    0.03703030133662    0.00198935950818   -0.00942740560104   -0.00158216999509  
  7.080000    0.00021053471408    0.03670034159493    0.00196765937462   -0.00931454922619   -0.00154161717459  
  7.090000    0.00020816635999    0.03636350950201    0.00194569118390   -0.00920061867486   -0.00150157123756  
  7.100000    0.00020578513399    0.03601964008743    0.00192341641645   -0.00908548764422   -0.00146207037437  
  7.110000    0.00020338946171    0.03566862432860    0.00190080113597   -0.00896904560866   -0.00142315174035  
  7.120000    0.00020097815933    0.03531041086349    0.00187781634399   -0.00885119900906   -0.00138485103015  
  7.130000    0.00019855044122    0.03494500719511    0.00185443828878   -0.00873187229172   -0.00134720206910  
  7.140000    0.00019610592407    0.03457248037233    0.00183064872539   -0.00861100878594   -0.00131023642608  
  7.150000    0.00019364462746    0.03419295713580    0.00180643512376   -0.00848857141101   -0.00127398305192  
  7.160000    0.00019116697075    0.03380662352300    0.00178179082282   -0.00836454320434   -0.00123846794734  
  7.170000    0.00018867376629    0.03341372393078    0.00175671512848   -0.00823892766486   -0.00120371386375  
  7.180000    0.00018616620912    0.03301455963899    0.00173121335432   -0.00811174890686   -0.00116974004035  
  7.190000    0.00018364586296    0.03260948680352    0.00170529680408   -0.00798305162176   -0.00113656198014  
  7.200000    0.00018111464286    0.03219891393173    0.00167898269594   -0.00785290084667   -0.00110419126735  
  7.210000    0.00017857479442    0.03178329885837    0.00165229402861   -0.00772138154082   -0.00107263542807  
  7.220000    0.00017602886987    0.03136314524430    0.00162525939040   -0.00758859797247   -0.00104189783575  
  7.230000    0.00017347970109    0.03093899862503    0.00159791271251   -0.00745467292075   -0.00101197766241  
  7.240000    0.00017093036989    0.03051144204012    0.00157029296864   -0.00731974669890   -0.00098286987603  
  7.250000    0.00016838417571    0.03008109127856    0.00154244382336   -0.00718397600675   -0.00095456528440  
  7.260000    0.00016584460104    0.02964858977889    0.00151441323226   -0.00704753262212   -0.00092705062454  
  7.270000    0.00016331527485    0.02921460322618    0.00148625299734   -0.00691060194237   -0.00090030869709  
  7.280000    0.00016079993432    0.02877981389096    0.00145801828161   -0.00677338138876   -0.00087431854398  
  7.290000    0.00015830238521    0.02834491475780    0.00142976708720   -0.00663607868761   -0.00084905566758  
  7.300000    0.00015582646119    0.02791060349350    0.00140155970165   -0.00649891004349   -0.00082449228892  
  7.310000    0.00015337598255    0.02747757630654    0.00137345811747   -0.00636209822074   -0.00080059764228  
  7.320000    0.00015095471451    0.02704652175092    0.00134552543024   -0.00622587055057   -0.00077733830286  
  7.330000    0.00014856632569    0.02661811452804    0.00131782522081   -0.00609045688177   -0.00075467854419  
  7.340000    0.00014621434693    0.02619300934118    0.00129042092729   -0.00595608749352   -0.00073258072132  
  7.350000    0.00014390213095    0.02577183485647    0.00126337521271   -0.00582299098947   -0.00071100567563  
  7.360000    0.00014163281309    0.02535518782413    0.00123674933419   -0.00569139219233   -0.00068991315720  
  7.370000    0.00013940927371    0.02494362741217    0.00121060251968   -0.00556151005818   -0.00066926225978  
  7.380000    0.00013723410225    0.02453766980370    0.00118499135802   -0.00543355562995   -0.00064901186409  
  7.390000    0.00013510956366    0.02413778310624    0.00115996920812   -0.00530773004864   -0.00062912108436  
  7.400000    0.00013303756723    0.02374438261910    0.00113558563302   -0.00518422264099   -0.00060954971353  
  7.410000    0.00013101963820    0.02335782650147    0.00111188586393   -0.00506320910082   -0.00059025866211  
  7.420000    0.00012905689249    0.02297841187982    0.00108891029970   -0.00494484978108   -0.00057121038599  
  7.430000    0.00012715001464    0.02260637142846    0.00106669404608   -0.00482928811171   -0.00055236929852  
  7.440000    0.00012529923924    0.02224187045137    0.00104526649947   -0.00471664915764   -0.00053370216232  
  7.450000    0.00012350433603    0.02188500448653    0.00102465097858   -0.00460703832885   -0.00051517845629  
  7.460000    0.00012176459863    0.02153579744573    0.00100486440743   -0.00450054025281   -0.00049677071380  
  7.470000    0.00012007883710    0.02119420029238    0.00098591705205   -0.00439721781688   -0.00047845482796  
  7.480000    0.00011844537410    0.02086009024761    0.00096781231242   -0.00429711138501   -0.00046021032030  
  7.490000    0.00011686204472    0.02053327049901    0.00095054657032   -0.00420023818993   -0.00044202056940  
  7.500000    0.00011532619947    0.02021347036743    0.00093410909229   -0.00410659189714   -0.00042387299631  
  7.510000    0.00011383471017    0.01990034586341    0.00091848198569   -0.00401614233210   -0.00040575920411  
  7.520000    0.00011238397813    0.01959348053597    0.00090364020382   -0.00392883535568   -0.00038767506897  
  7.530000    0.00011096994371    0.01929238648252    0.00088955159420   -0.00384459286582   -0.00036962078115  
  7.540000    0.00010958809629    0.01899650534838    0.00087617698161   -0.00376331289477   -0.00035160083446  
  7.550000    0.00010823348323    0.01870520910020    0.00086347027467   -0.00368486976231   -0.00033362396381  
  7.560000    0.00010690071617    0.01841780030981    0.00085137858192   -0.00360911423536   -0.00031570303166  
  7.570000    0.00010558397267    0.01813351163908    0.00083984232002   -0.00353587363446   -0.00029785486526  
  7.580000    0.00010427699095    0.01785150417618    0.00082879529389   -0.00346495181913   -0.00028010004878  
  7.590000    0.00010297305527    0.01757086424987    0.00081816472620   -0.00339612897765   -0.00026246267651  
  7.600000    0.00010166496944    0.01729059835111    0.00080787121216   -0.00332916114548   -0.00024497007591  
  7.610000    0.00010034501626    0.01700962583635    0.00079782857664   -0.00326377938282   -0.00022765251271  
  7.620000    0.00009900490121    0.01672676919136    0.00078794361397   -0.00319968855831   -0.00021054289304  
  7.630000    0.00009763567971    0.01644074181787    0.00077811569864   -0.00313656571738   -0.00019367648069  
  7.640000    0.00009622766934    0.01615013358554    0.00076823626849   -0.00307405806375   -0.00017709064977  
  7.650000    0.00009477035032    0.01585339478492    0.00075818820100   -0.00301178065314   -0.00016082469348  
  7.660000    0.00009325226134    0.01554881962898    0.00074784513074   -0.00294931399377   -0.00014491970825  
  7.670000    0.00009166090131    0.01523453107615    0.00073707078998   -0.00288620186549   -0.00012941856727  
  7.680000    0.00008998265269    0.01490846946175    0.00072571849571   -0.00282194980721   -0.00011436598865  
  7.690000    0.00008820274675    0.01456838817877    0.00071363095180   -0.00275602487075   -0.00009980868951  
  7.700000    0.00008630529597    0.01421186036626    0.00070064058140   -0.00268785738521   -0.00008579559946  
  7.710000    0.00008427342279    0.01383630113888    0.00068657064599   -0.00261684559968   -0.00007237808431  
  7.720000    0.00008208951643    0.01343901019338    0.00067123743606   -0.00254236414822   -0.00005961010689  
  7.730000    0.00007973564885    0.01301723950696    0.00065445382588   -0.00246377727989   -0.00004754822774  
  7.740000    0.00007719417725    0.01256829014860    0.00063603446001   -0.00238045768697   -0.00003625132924  
  7.750000    0.00007444855167    0.01208964082520    0.00061580277444   -0.00229181151845   -0.00002577993606  
  7.760000    0.00007148433284    0.01157910859358    0.00059359994211   -0.00219730976159   -0.00001619500858  
  7.770000    0.00006829040596    0.01103503917692    0.00056929566829   -0.00209652560616   -0.00000755610767  
  7.780000    0.00006486035257    0.01045652062405    0.00054280054917   -0.00198917668708    0.00000008112693  
  7.790000    0.00006119391508    0.00984360985912    0.00051407945639   -0.00187517026928    0.00000666817624  
  7.800000    0.00005729846020    0.00919755734213    0.00048316514166   -0.00175464856093    0.00001216742501  
  7.810000    0.00005319032078    0.00852101107352    0.00045017099589   -0.00162803051072    0.00001655633297  
  7.820000    0.00004889587466    0.00781817809947    0.00041530168125   -0.00149604577529    0.00001983169576  
  7.830000    0.00004445220777    0.00709492011697    0.00037886022175   -0.00135975616137    0.00002201360307  
  7.840000    0.00003990721086    0.00635876030805    0.00034125012542   -0.00122055987298    0.00002314863385  
  7.850000    0.00003531897815    0.00561878159162    0.00030297125155   -0.00108017442666    0.00002331180284  
  7.860000    0.00003075441264    0.00488540228626    0.00026460844806   -0.00094059519139    0.00002260680163  
  7.870000    0.00002628699740    0.00417002364214    0.00022681246768   -0.00080402815920    0.00002116417057  
  7.880000    0.00002199376151    0.00348455438183    0.00019027330518   -0.00067279767745    0.00001913719415  
  7.890000    0.00001795154826    0.00284082947710    0.00015568683532   -0.00054923231814    0.00001669552400  
  7.900000    0.00001423277435    0.00224995274574    0.00012371640342   -0.00043553459470    0.00001401678122  
  7.910000    0.00001090094359    0.00172160411627    0.00009495174334   -0.00033364258403    0.00001127664659  
  7.920000    0.00000800623677    0.00126336114082    0.00006986817800   -0.00024509337121    0.00000863818042  
  7.930000    0.00000558153265    0.00088008920335    0.00004878940832   -0.00017089932245    0.00000624128933  
  7.940000    0.00000363921619    0.00057345484308    0.00003185724636   -0.00011144828691    0.00000419334420  
  7.950000    0.00000216909579    0.00034161113917    0.00001901135764   -0.00006643780075    0.00000256193158  
  7.960000    0.00000113768072    0.00017909323839    0.00000998144296   -0.00003485121966    0.00000137057978  
  7.970000    0.00000048896927    0.00007694656992    0.00000429335268   -0.00001498057586    0.00000059804989  
  7.980000    0.00000014677458    0.00002309142330    0.00000128946834   -0.00000449711528    0.00000018144376  
  7.990000    0.00000001848166    0.00000290720846    0.00000016242315   -0.00000056629965    0.00000002299272  
  8.000000   -0.00000000000000    0.00000000000000   -0.00000000000000    0.00000000000000   -0.00000000000000  
