0	0.0016106240779430604
1	0.0014764889750139487
2	0.0013541602199770857
3	0.0012354885507437666
4	0.0011174069081098907
5	0.0010022010426945828
6	0.0008936363488907109
7	0.0007939161446040835
8	0.00070587791400684
9	0.0006313006402234371
10	0.0005695015953038911
11	0.0005187384662675867
12	0.0004771430351255209
13	0.00044282153491677524
14	0.0004140424743738394
15	0.00038957031997180805
16	0.00036857928551408596
17	0.0003504034518713038
18	0.00033446375565439817
19	0.00032032454713234364
20	0.0003077066049896489
21	0.0002964088845438144
22	0.00028622492613514564
23	0.0002769464228570766
24	0.0002684187249014911
25	0.0002605786570593504
26	0.00025344598715276153
27	0.0002470817644885497
28	0.00024152568794523542
29	0.00023674401972961998
30	0.00023263415012822383
31	0.0002290763466150706
32	0.0002259677648997596
33	0.00022321360758827865
34	0.0002207197815382696
35	0.00021841812162280884
36	0.00021629411846148299
37	0.00021438193219395227
38	0.0002127356916842528
39	0.00021140158863578771
40	0.00021039972394436176
41	0.00020971726854301524
42	0.00020931379540438372
43	0.00020913235468021361
44	0.00020910952631433458
45	0.0002091825494918993
46	0.0002092934967547232
47	0.000209392940866708
48	0.0002094448897150379
49	0.00020942864738657678
50	0.00020933555229352187
51	0.00020916671830147456
52	0.0002089333631951826
53	0.0002086534500703705
54	0.00020834534365874014
55	0.00020802523726485474
56	0.00020770752603432776
57	0.000207403849364513
58	0.00020712240668330407
59	0.0002068689968765864
60	0.00020664730241431412
61	0.00020645858607641556
62	0.00020630291732786065
63	0.000206180312724517
64	0.00020608954717137522
65	0.00020602632337721506
66	0.00020598359635018776
67	0.00020595407611399653
68	0.00020593239637014326
69	0.00020591503562527767
70	0.00020589924375739104
71	0.0002058831446531277
72	0.00020586640663280146
73	0.0002058498556457073
74	0.00020583448148190112
75	0.0002058208297812092
76	0.00020580876794751914
77	0.0002057976641654311
78	0.00020578686983851183
79	0.00020577585443619763
80	0.0002057641075535269
81	0.00020575141070068196
82	0.00020573811522856786
83	0.00020572490159218842
84	0.00020571240418393834
85	0.0002057011147049972
86	0.0002056913875049928
87	0.00020568332387255154
88	0.00020567664799560275
89	0.00020567083955629384
90	0.00020566546508525736
91	0.0002056603413450136
92	0.00020565547501628524
93	0.00020565098610183407
94	0.00020564702201109053
95	0.00020564367775091952
96	0.00020564101016174436
97	0.00020563903229046468
98	0.00020563765138142877
99	0.000205636706089288
100	0.00020563606452746132
101	0.0002056356448096558
102	0.0002056353839832695
103	0.00020563520921031278
104	0.0002056350280587829
105	0.00020563475147912549
106	0.0002056343184525205
107	0.0002056336957454313
108	0.0002056328669935197
109	0.00020563183478628647
110	0.00020563063793982417
111	0.00020562934690305487
112	0.00020562803952206682
113	0.00020562680046335344
114	0.00020562571732291593
115	0.000205624848711093
116	0.0002056242118585801
117	0.00020562379609215028
118	0.0002056235695627237
119	0.00020562348330514294
120	0.00020562348214364076
121	0.0002056235193234024
122	0.00020562356643863752
123	0.0002056236084914611
124	0.000205623633459337
125	0.00020562363129994848
126	0.0002056235997044884
127	0.00020562354501296406
128	0.00020562347536090693
129	0.00020562339723965943
130	0.0002056233169932327
131	0.00020562323797878926
132	0.0002056231589408608
133	0.00020562307773397642
134	0.00020562299350819206
135	0.00020562290784225182
136	0.00020562282545182262
137	0.00020562275197673726
138	0.00020562269131478933
139	0.00020562264433868717
140	0.00020562260910462669
141	0.00020562258248728026
142	0.00020562256192695278
143	0.00020562254599588943
144	0.00020562253359426557
145	0.00020562252359250134
146	0.0002056225152102902
147	0.00020562250789256956
148	0.00020562250140416816
149	0.00020562249591567143
150	0.0002056224917580922
151	0.00020562248942923318
152	0.00020562248897471896
153	0.00020562248935306843
154	0.00020562248907440912
155	0.0002056224870518005
156	0.0002056224827728464
157	0.00020562247620581385
158	0.00020562246778986452
159	0.0002056224582614076
160	0.00020562244837246834
161	0.00020562243886177917
162	0.00020562243043587943
163	0.0002056224236678953
164	0.00020562241888364918
165	0.00020562241606224307
166	0.0002056224149213286
167	0.00020562241497458484
168	0.00020562241560988806
169	0.00020562241635493204
170	0.00020562241697784676
171	0.0002056224173683268
172	0.00020562241746694584
173	0.00020562241728297928
174	0.00020562241688454997
175	0.00020562241635380078
176	0.0002056224157645984
177	0.0002056224151578652
178	0.00020562241454392605
179	0.00020562241390937526
180	0.00020562241322529847
181	0.00020562241249634218
182	0.00020562241177482827
183	0.00020562241113462193
184	0.0002056224106404451
185	0.00020562241031174026
186	0.00020562241011916034
187	0.00020562241000851767
188	0.00020562240992485473
189	0.00020562240983245766
190	0.0002056224097178092
191	0.00020562240958070207
192	0.00020562240943064556
193	0.00020562240928727077
194	0.00020562240916315613
195	0.00020562240906391526
196	0.0002056224089943081
197	0.00020562240895220183
198	0.00020562240892671088
199	0.0002056224089018748
200	0.00020562240886703648
201	0.00020562240881771767
202	0.00020562240875396303
203	0.00020562240867990218
204	0.00020562240860318902
205	0.00020562240853143883
206	0.00020562240847048972
207	0.00020562240842525136
208	0.00020562240839756615
209	0.00020562240838577182
210	0.00020562240838684117
211	0.0002056224083961985
212	0.00020562240840818932
213	0.00020562240841804117
214	0.00020562240842296798
215	0.00020562240842228544
216	0.00020562240841612758
217	0.00020562240840589732
218	0.0002056224083934559
219	0.00020562240838075437
220	0.00020562240836805037
221	0.0002056224083552773
222	0.0002056224083425284
223	0.00020562240833011617
224	0.00020562240831869668
225	0.00020562240830907015
226	0.00020562240830223559
227	0.00020562240829857822
228	0.00020562240829729274
229	0.00020562240829759363
230	0.00020562240829862267
231	0.0002056224082996373
232	0.00020562240829979364
233	0.0002056224082996297
234	0.00020562240829865487
235	0.00020562240829732014
236	0.0002056224082960734
237	0.0002056224082948339
238	0.00020562240829366356
239	0.00020562240829264492
240	0.0002056224082918882
241	0.00020562240829095365
242	0.00020562240829017443
243	0.00020562240828943872
244	0.00020562240828859228
245	0.00020562240828777374
246	0.00020562240828676521
247	0.00020562240828604343
248	0.00020562240828535778
249	0.00020562240828498783
250	0.0002056224082846842
251	0.0002056224082846322
252	0.00020562240828471084
253	0.0002056224082848204
254	0.00020562240828486298
255	0.00020562240828492093
256	0.00020562240828480376
257	0.0002056224082847588
258	0.00020562240828460947
259	0.0002056224082844255
260	0.0002056224082842696
261	0.000205622408284
262	0.00020562240828374156
263	0.0002056224082835427
264	0.0002056224082834664
265	0.00020562240828337437
266	0.0002056224082832953
267	0.00020562240828327292
268	0.000205622408283212
269	0.00020562240828327408
270	0.00020562240828324505
271	0.00020562240828325584
272	0.0002056224082832546
273	0.00020562240828322296
274	0.00020562240828328853
275	0.0002056224082832159
276	0.0002056224082832421
277	0.0002056224082831036
278	0.0002056224082830785
279	0.00020562240828309047
280	0.00020562240828317962
281	0.00020562240828306575
282	0.00020562240828307893
283	0.00020562240828311167
284	0.0002056224082830401
285	0.00020562240828306142
286	0.00020562240828299094
287	0.00020562240828310985
288	0.0002056224082830415
289	0.00020562240828296243
290	0.00020562240828294955
291	0.00020562240828303662
292	0.00020562240828304472
293	0.00020562240828293776
294	0.00020562240828306182
295	0.00020562240828300406
296	0.0002056224082830033
297	0.00020562240828308112
298	0.00020562240828300485
299	0.0002056224082830531
300	0.00020562240828306933
301	0.00020562240828298582
302	0.00020562240828296362
303	0.0002056224082830662
304	0.0002056224082830424
305	0.00020562240828292838
306	0.00020562240828297221
307	0.00020562240828289345
308	0.0002056224082829025
309	0.00020562240828303746
310	0.00020562240828296194
311	0.00020562240828300336
312	0.0002056224082830131
313	0.00020562240828298314
314	0.00020562240828305377
315	0.00020562240828300675
316	0.00020562240828296026
317	0.00020562240828302504
318	0.00020562240828288705
319	0.00020562240828292454
320	0.0002056224082829911
321	0.00020562240828301526
322	0.00020562240828304667
323	0.0002056224082830535
324	0.00020562240828288857
325	0.0002056224082830469
326	0.00020562240828301976
327	0.00020562240828293188
328	0.00020562240828300634
329	0.00020562240828303876
330	0.00020562240828292112
331	0.00020562240828300891
332	0.0002056224082830285
333	0.00020562240828298788
334	0.00020562240828303952
335	0.0002056224082829364
336	0.00020562240828298983
337	0.00020562240828288128
338	0.00020562240828298536
339	0.00020562240828301195
340	0.00020562240828296205
341	0.0002056224082829783
342	0.00020562240828301198
343	0.00020562240828300263
344	0.000205622408283056
345	0.00020562240828296476
346	0.0002056224082830183
347	0.00020562240828301068
348	0.00020562240828300745
349	0.0002056224082829946
350	0.00020562240828302908
351	0.00020562240828294804
352	0.00020562240828302545
353	0.00020562240828299214
354	0.0002056224082829858
355	0.0002056224082829835
356	0.000205622408283029
357	0.00020562240828301585
358	0.0002056224082829449
359	0.00020562240828293063
360	0.00020562240828295647
361	0.00020562240828300363
362	0.00020562240828295682
363	0.00020562240828291247
364	0.0002056224082830053
365	0.00020562240828302347
366	0.0002056224082829575
367	0.00020562240828300138
368	0.00020562240828298474
369	0.00020562240828297435
370	0.00020562240828291318
371	0.00020562240828297243
372	0.0002056224082829628
373	0.00020562240828301577
374	0.0002056224082829857
375	0.00020562240828294378
376	0.0002056224082830469
377	0.00020562240828297747
378	0.00020562240828302
379	0.00020562240828301808
380	0.00020562240828296278
381	0.00020562240828298138
382	0.00020562240828293017
383	0.00020562240828296088
384	0.00020562240828291256
385	0.00020562240828304288
386	0.00020562240828299395
387	0.00020562240828299054
388	0.00020562240828296059
