0	0.005668874777779902
1	0.00524749958123415
2	0.004886733427395289
3	0.004587934382345627
4	0.004354472360150797
5	0.004180133036109472
6	0.0040458610640327596
7	0.003935112745797599
8	0.0038380568419487254
9	0.0037491532057242895
10	0.003665869338096116
11	0.0035880576352310058
12	0.00351762099218066
13	0.003458209832383271
14	0.003414376834434423
15	0.003389354862795125
16	0.0033816014110299936
17	0.0033831052525567693
18	0.0033832930399961742
19	0.0033754617304779786
20	0.003358982463224805
21	0.003337226743105103
22	0.0033146401995157175
23	0.0032947254148460456
24	0.0032792260399075518
25	0.00326826032327337
26	0.003260940421970304
27	0.0032560280221225002
28	0.0032523780557912143
29	0.0032491398051495376
30	0.0032457935002928357
31	0.003242108585014258
32	0.0032380778301067037
33	0.0032338504300853813
34	0.0032296694592850762
35	0.003225812392825874
36	0.003222533137258522
37	0.003220007392650673
38	0.0032182885655088404
39	0.003217286452764864
40	0.00321678086097743
41	0.003216473350479807
42	0.0032160645750944007
43	0.0032153312085534402
44	0.0032141750460611034
45	0.0032126293285870775
46	0.0032108256774864194
47	0.0032089389197869347
48	0.003207131260132849
49	0.0032055126735444574
50	0.0032041250661419027
51	0.0032029481855681825
52	0.003201919101489342
53	0.0032009558782366892
54	0.003199978587612801
55	0.003198924209345302
56	0.003197754377473202
57	0.003196456403585371
58	0.0031950391563172254
59	0.0031935260389431533
60	0.003191947101687202
61	0.0031903316712031103
62	0.003188702544416072
63	0.00318707271157975
64	0.0031854450757541697
65	0.0031838147363122725
66	0.0031821728255735566
67	0.0031805108426239416
68	0.0031788244442290687
69	0.0031771156638955517
70	0.00317539300465295
71	0.0031736697090443042
72	0.0031719610307927902
73	0.003170281314418047
74	0.0031686415885950436
75	0.003167048275861228
76	0.0031655032059819993
77	0.0031640045876388987
78	0.003162548444091675
79	0.003161130154983549
80	0.00315974577852498
81	0.0031583928758477644
82	0.0031570708181047976
83	0.003155780727180913
84	0.003154525114492755
85	0.0031533072702812012
86	0.0031521305899074353
87	0.003150998005696012
88	0.0031499115863751577
89	0.003148872394310836
90	0.0031478806522120544
91	0.0031469360813945664
92	0.003146038238520943
93	0.00314518677830137
94	0.0031443815720589314
95	0.0031436226581723617
96	0.0031429101216035532
97	0.0031422439593551694
98	0.003141623923038271
99	0.003141049391620555
100	0.0031405193092672377
101	0.0031400321777056697
102	0.003139586132530659
103	0.003139179080992631
104	0.003138808827768321
105	0.003138473183500104
106	0.003138170050174157
107	0.0031378974675858066
108	0.0031376536379421646
109	0.0031374368994150086
110	0.0031372456371272506
111	0.00313707818266659
112	0.0031369327354653703
113	0.003136807342637228
114	0.00313669994037476
115	0.003136608412239167
116	0.0031365306537665064
117	0.0031364646318948835
118	0.003136408430951262
119	0.0031363602868562713
120	0.0031363185923762573
121	0.0031362818873319114
122	0.0031362488533098454
123	0.0031362183187073457
124	0.0031361892762473255
125	0.0031361608933568046
126	0.0031361325142379008
127	0.0031361036577644223
128	0.0031360740107160626
129	0.003136043417838356
130	0.0031360118609012355
131	0.0031359794332038783
132	0.003135946313970314
133	0.003135912742875886
134	0.0031358789945976147
135	0.0031358453512761284
136	0.0031358120813910037
137	0.0031357794280311687
138	0.00313574760538476
139	0.003135716798173858
140	0.003135687159531133
141	0.003135658809829202
142	0.0031356318362214864
143	0.0031356062935677274
144	0.0031355822048867335
145	0.0031355595623469112
146	0.0031355383304772907
147	0.0031355184507783746
148	0.0031354998471775325
149	0.0031354824305641596
150	0.003135466103558182
151	0.0031354507652558085
152	0.003135436315215053
153	0.003135422656120967
154	0.0031354096950700137
155	0.003135397344851461
156	0.003135385524842148
157	0.0031353741617659112
158	0.0031353631895823654
159	0.003135352549528565
160	0.0031353421902584402
161	0.003135332067910715
162	0.0031353221458319995
163	0.003135312393821608
164	0.0031353027875060564
165	0.003135293307529565
166	0.003135283938884132
167	0.0031352746699753143
168	0.0031352654919429286
169	0.003135256398162311
170	0.003135247383831856
171	0.0031352384455071492
172	0.0031352295806745443
173	0.0031352207873255435
174	0.0031352120636987083
175	0.003135203407960181
176	0.003135194817976212
177	0.0031351862911894253
178	0.003135177824591734
179	0.0031351694146200325
180	0.0031351610571698587
181	0.0031351527476012565
182	0.003135144480831439
183	0.003135136251522205
184	0.003135128054195154
185	0.0031351198834252358
186	0.0031351117340172124
187	0.003135103601095741
188	0.003135095480187722
189	0.003135087367188391
190	0.003135079258431323
191	0.003135071150670917
192	0.0031350630411183353
193	0.0031350549274403745
194	0.0031350468076979817
195	0.0031350386803731174
196	0.0031350305442824564
197	0.003135022398558969
198	0.0031350142425782064
199	0.0031350060759431963
200	0.0031349978984144223
201	0.003134989709882731
202	0.003134981510334912
203	0.0031349732998460587
204	0.00313496507854908
205	0.003134956846636969
206	0.003134948604294113
207	0.003134940351759228
208	0.0031349320892246884
209	0.003134923816895661
210	0.003134915534905973
211	0.0031349072433578934
212	0.0031348989423085373
213	0.0031348906317660327
214	0.0031348823117376425
215	0.0031348739821756913
216	0.0031348656430210376
217	0.0031348572942232135
218	0.003134848935711412
219	0.0031348405674112008
220	0.0031348321892627077
221	0.0031348238011934455
222	0.0031348154031520235
223	0.0031348069950903365
224	0.0031347985769548895
225	0.003134790148724812
226	0.003134781710377195
227	0.003134773261899789
228	0.003134764803297065
229	0.003134756334541595
230	0.0031347478556689053
231	0.0031347393666507056
232	0.003134730867501741
233	0.0031347223582243633
234	0.003134713838809883
235	0.0031347053092556244
236	0.003134696769569661
237	0.0031346882197379904
238	0.0031346796597503247
239	0.0031346710896042575
240	0.003134662509268451
241	0.003134653918740221
242	0.0031346453179775663
243	0.0031346367069662456
244	0.0031346280856675403
245	0.0031346194540528573
246	0.0031346108120800437
247	0.0031346021597099013
248	0.003134593496904931
249	0.003134584823625985
250	0.0031345761398261416
251	0.0031345674454631026
252	0.003134558740494434
253	0.0031345500248697693
254	0.003134541298553092
255	0.0031345325614880477
256	0.0031345238136335648
257	0.0031345150549570992
258	0.003134506285388501
259	0.0031344975048917586
260	0.00313448871341463
261	0.003134479910918308
262	0.0031344710973429477
263	0.003134462272644691
264	0.0031344534367716576
265	0.0031344445896710894
266	0.003134435731289158
267	0.0031344268615763095
268	0.00313441798045795
269	0.003134409087909305
270	0.0031344001838506503
271	0.003134391268230371
272	0.003134382340992166
273	0.0031343734020733882
274	0.003134364451404328
275	0.003134355488946084
276	0.003134346514614767
277	0.0031343375283563644
278	0.003134328530101067
279	0.0031343195197867167
280	0.00313431049733468
281	0.0031343014627003515
282	0.003134292415796671
283	0.0031342833565687284
284	0.003134274284942131
285	0.0031342652008350307
286	0.0031342561041894
287	0.0031342469949288626
288	0.0031342378729703776
289	0.003134228738260284
290	0.0031342195907033267
291	0.0031342104302281787
292	0.003134201256769914
293	0.0031341920702384622
294	0.0031341828705552205
295	0.0031341736576497633
296	0.0031341644314335873
297	0.0031341551918268756
298	0.003134145938752844
299	0.0031341366721223344
300	0.0031341273918518947
301	0.003134118097865008
302	0.0031341087900711028
303	0.0031340994683724515
304	0.0031340901326969593
305	0.003134080782955637
306	0.0031340714190534512
307	0.003134062040904379
308	0.003134052648414175
309	0.003134043241493849
310	0.0031340338200497165
311	0.0031340243839856397
312	0.0031340149332188287
313	0.003134005467644354
314	0.0031339959871785174
315	0.003133986491701597
316	0.0031339769811345552
317	0.0031339674553730263
318	0.0031339579143176846
319	0.0031339483578798244
320	0.003133938785936207
321	0.003133929198406062
322	0.0031339195951681957
323	0.0031339099761385977
324	0.0031339003411961965
325	0.0031338906902458343
326	0.003133881023174542
327	0.0031338713398836844
328	0.003133861640253446
329	0.0031338519241848827
330	0.0031338421915636547
331	0.0031338324422810443
332	0.003133822676222736
333	0.0031338128932774088
334	0.0031338030933265
335	0.003133793276264436
336	0.003133783441973409
337	0.0031337735903379607
338	0.0031337637212289736
339	0.0031337538345428415
340	0.003133743930152882
341	0.003133734007945548
342	0.0031337240677869094
343	0.003133714109561473
344	0.0031337041331501504
345	0.0031336941384295797
346	0.0031336841252634557
347	0.003133674093540438
348	0.0031336640431167905
349	0.0031336539738767866
350	0.003133643885685596
351	0.0031336337784129698
352	0.003133623651931669
353	0.0031336135061092074
354	0.0031336033408033586
355	0.0031335931558913992
356	0.0031335829512294418
357	0.0031335727266775548
358	0.00313356248210889
359	0.0031335522173848492
360	0.003133541932346264
361	0.003133531626870878
362	0.0031335213008071563
363	0.0031335109540174934
364	0.0031335005863622717
365	0.003133490197683973
366	0.003133479787840604
367	0.003133469356673771
368	0.003133458904065325
369	0.0031334484298290036
370	0.0031334379338312543
371	0.0031334274159177788
372	0.003133416875931757
373	0.0031334063137211862
374	0.0031333957291306033
375	0.003133385121994436
376	0.0031333744921696856
377	0.003133363839473283
378	0.003133353163759896
379	0.0031333424648693933
380	0.0031333317426349714
381	0.0031333209968783466
382	0.0031333102274544865
383	0.0031332994341819547
384	0.0031332886168933217
385	0.003133277775428444
386	0.0031332669096058043
387	0.0031332560192568444
388	0.0031332451042029117
389	0.003133234164277668
390	0.0031332231992931285
391	0.0031332122090790447
392	0.00313320119345845
393	0.0031331901522404938
394	0.003133179085253096
395	0.003133167992316073
396	0.003133156873233273
397	0.003133145727824993
398	0.003133134555912083
399	0.003133123357296074
400	0.003133112131786026
401	0.0031331008792015525
402	0.0031330895993404288
403	0.00313307829200849
404	0.0031330669570222465
405	0.003133055594178538
406	0.0031330442032706874
407	0.0031330327841196806
408	0.0031330213365114577
409	0.003133009860245315
410	0.0031329983551253646
411	0.0031329868209441915
412	0.003132975257501033
413	0.003132963664577568
414	0.0031329520419795375
415	0.003132940389486533
416	0.003132928706900181
417	0.003132916994000058
418	0.0031329052505824537
419	0.003132893476426775
420	0.0031328816713109007
421	0.003132869835038495
422	0.0031328579673728213
423	0.003132846068105097
424	0.003132834137018991
425	0.003132822173890702
426	0.003132810178503112
427	0.0031327981506215612
428	0.0031327860900232517
429	0.003132773996502242
430	0.0031327618698194326
431	0.003132749709746586
432	0.003132737516049331
433	0.003132725288522312
434	0.003132713026919424
435	0.0031327007310150462
436	0.0031326884005720085
437	0.003132676035366092
438	0.003132663635163656
439	0.003132651199725601
440	0.0031326387288319007
441	0.003132626222229239
442	0.0031326136796996154
443	0.0031326011009956472
444	0.0031325884858865987
445	0.003132575834133585
446	0.003132563145509384
447	0.00313255041976175
448	0.0031325376566581483
449	0.0031325248559638573
450	0.0031325120174446673
451	0.003132499140844274
452	0.003132486225950351
453	0.0031324732724953607
454	0.0031324602802695676
455	0.003132447249020178
456	0.0031324341785081743
457	0.003132421068500324
458	0.003132407918762011
459	0.0031323947290520858
460	0.003132381499117812
461	0.0031323682287457914
462	0.003132354917695599
463	0.0031323415657277414
464	0.0031323281726123122
465	0.003132314738108993
466	0.003132301261985203
467	0.0031322877440205336
468	0.00313227418397125
469	0.003132260581618167
470	0.0031322469367371015
471	0.003132233249088844
472	0.0031322195184501694
473	0.0031322057446105606
474	0.00313219192734697
475	0.003132178066416561
476	0.003132164161623793
477	0.0031321502127372594
478	0.003132136219569409
479	0.0031321221818868717
480	0.00313210809948779
481	0.003132093972156587
482	0.0031320797997080574
483	0.0031320655819300483
484	0.0031320513186249847
485	0.0031320370095890217
486	0.0031320226546488975
487	0.0031320082536071864
488	0.0031319938062822615
489	0.0031319793124892923
490	0.003131964772051209
491	0.003131950184792742
492	0.0031319355505483103
493	0.003131920869159574
494	0.0031319061404585084
495	0.0031318913642783682
496	0.003131876540489048
497	0.0031318616689271824
498	0.00313184674946276
499	0.0031318317819548328
500	0.0031318167662767052
501	0.003131801702296913
502	0.0031317865899002303
503	0.0031317714289805726
504	0.003131756219421197
505	0.003131740961127399
506	0.0031317256539978473
507	0.0031317102979569033
508	0.0031316948929145925
509	0.0031316794388097733
510	0.0031316639355571355
511	0.0031316483831238247
512	0.003131632781449614
513	0.003131617130481925
514	0.0031316014302066124
515	0.0031315856805772435
516	0.0031315698815862704
517	0.0031315540332307284
518	0.0031315381355155754
519	0.0031315221884306477
520	0.0031315061920185513
521	0.003131490146296475
522	0.0031314740513073403
523	0.0031314579071024346
524	0.0031314417137363313
525	0.0031314254712907874
526	0.003131409179836708
527	0.0031313928394816302
528	0.0031313764503084728
529	0.0031313600124486906
530	0.003131343526031767
531	0.0031313269911787756
532	0.0031313104080631098
533	0.003131293776833506
534	0.003131277097672592
535	0.0031312603707741604
536	0.003131243596329202
537	0.003131226774569818
538	0.0031312099057032453
539	0.0031311929899961
540	0.003131176027684453
541	0.0031311590190562324
542	0.0031311419643941536
543	0.0031311248639877085
544	0.0031311077181573658
545	0.003131090527233053
546	0.003131073291556836
547	0.0031310560114967676
548	0.003131038687419964
549	0.0031310213197120944
550	0.0031310039087975813
551	0.003130986455081012
552	0.003130968959008441
553	0.0031309514210374383
554	0.0031309338416384462
555	0.0031309162212873817
556	0.0031308985605033486
557	0.0031308808597991567
558	0.0031308631197195106
559	0.0031308453408113134
560	0.0031308275236461226
561	0.00313080966882259
562	0.0031307917769452876
563	0.003130773848630684
564	0.0031307558845079498
565	0.0031307378852612634
566	0.0031307198515537673
567	0.003130701784072012
568	0.003130683683537525
569	0.003130665550669558
570	0.0031306473862221483
571	0.0031306291909460335
572	0.0031306109656281467
573	0.0031305927110616824
574	0.00313057442806341
575	0.0031305561174727425
576	0.003130537780121046
577	0.0031305194168773135
578	0.0031305010286434352
579	0.0031304826162897154
580	0.003130464180752608
581	0.003130445722956362
582	0.003130427243839662
583	0.0031304087443810823
584	0.0031303902255550324
585	0.003130371688368949
586	0.003130353133798724
587	0.003130334562908901
588	0.0031303159767208755
589	0.003130297376281269
590	0.0031302787626845043
591	0.003130260137004373
592	0.003130241500321496
593	0.00313022285376726
594	0.003130204198450621
595	0.003130185535513853
596	0.0031301668661123795
597	0.00313014819139252
598	0.0031301295125311626
599	0.003130110830713857
600	0.003130092147123952
601	0.0031300734629700288
602	0.0031300547794640126
603	0.0031300360978266228
604	0.003130017419287883
605	0.003129998745085099
606	0.003129980076462013
607	0.003129961414676982
608	0.0031299427609790755
609	0.003129924116641487
610	0.00312990548292942
611	0.0031298868611197824
612	0.00312986825249005
613	0.003129849658324979
614	0.0031298310799129556
615	0.0031298125185372262
616	0.003129793975487585
617	0.0031297754520550353
618	0.003129756949535093
619	0.0031297384692176664
620	0.0031297200123842515
621	0.003129701580339387
622	0.003129683174362962
623	0.0031296647957386285
624	0.003129646445754937
625	0.003129628125672346
626	0.0031296098367830363
627	0.0031295915803443413
628	0.003129573357614338
629	0.0031295551698596108
630	0.003129537018327579
631	0.003129518904244208
632	0.0031295008288549937
633	0.003129482793377705
634	0.00312946479901977
635	0.0031294468469907234
636	0.003129428938486447
637	0.003129411074672517
638	0.0031293932567401654
639	0.003129375485819116
640	0.003129357763067734
641	0.0031293400896058284
642	0.003129322466560458
643	0.0031293048950226166
644	0.0031292873760725517
645	0.003129269910779911
646	0.003129252500195792
647	0.003129235145364848
648	0.003129217847288236
649	0.0031292006069773204
650	0.0031291834254230854
651	0.0031291663035647606
652	0.003129149242359061
653	0.0031291322427282942
654	0.0031291153055716487
655	0.003129098431789773
656	0.0031290816222270387
657	0.0031290648777403227
658	0.0031290481991496154
659	0.0031290315872493247
660	0.0031290150428337996
661	0.003128998566642423
662	0.0031289821594257103
663	0.003128965821882991
664	0.003128949554723383
665	0.003128933358608409
666	0.003128917234176027
667	0.0031289011820549175
668	0.003128885202857977
669	0.003128869297144576
670	0.003128853465482387
671	0.0031288377083989742
672	0.003128822026404259
673	0.003128806419990974
674	0.0031287908896161848
675	0.0031287754357194613
676	0.003128760058726247
677	0.003128744759023822
678	0.003128729536983033
679	0.0031287143929643857
680	0.0031286993272957165
681	0.003128684340264702
682	0.0031286694321775877
683	0.0031286546032939892
684	0.0031286398538386863
685	0.003128625184044444
686	0.00312861059409974
687	0.0031285960841952584
688	0.0031285816544737986
689	0.003128567305074532
690	0.0031285530361155676
691	0.003128538847691951
692	0.003128524739883745
693	0.0031285107127437223
694	0.0031284967663072895
695	0.003128482900599425
696	0.0031284691156186397
697	0.0031284554113535667
698	0.003128441787759962
699	0.003128428244799237
700	0.003128414782406077
701	0.003128401400473396
702	0.0031283880989257337
703	0.0031283748776268394
704	0.0031283617364611677
705	0.00312834867527023
706	0.003128335693905691
707	0.003128322792194311
708	0.0031283099699274883
709	0.003128297226924171
710	0.0031282845629549295
711	0.0031282719778039855
712	0.0031282594712206844
713	0.0031282470429684454
714	0.0031282346927831387
715	0.003128222420380423
716	0.003128210225498872
717	0.0031281981078557573
718	0.003128186067194894
719	0.003128174103318425
720	0.003128162216192333
721	0.0031281504062080495
722	0.0031281386748917804
723	0.003128127026725011
724	0.003128115473749429
725	0.0031281040473519033
726	0.003128092825712819
727	0.003128081983714829
728	0.003128071798371296
729	0.003128062215548654
730	0.003128051639620931
731	0.0031280383347973987
732	0.003128025387424975
733	0.0031280157885955288
734	0.0031280059667712266
735	0.0031279934771711003
736	0.0031279822838292982
737	0.003127972965729405
738	0.0031279617798821695
739	0.0031279503632555
740	0.003127940831440486
741	0.00312793035320979
742	0.003127919238809431
743	0.0031279095856062236
744	0.0031278994579401814
745	0.0031278887299307293
746	0.0031278790905889748
747	0.0031278691749289478
748	0.0031278588082076734
749	0.0031278492579603643
750	0.0031278395116407114
751	0.0031278294662169873
752	0.003127820039039134
753	0.003127810454821832
754	0.0031278006949264116
755	0.003127791405152876
756	0.003127781986731053
757	0.0031277724828556587
758	0.0031277633369051552
759	0.0031277540894366885
760	0.0031277448175751716
761	0.0031277358190603287
762	0.0031277267459211395
763	0.003127717686800348
764	0.0031277088382219756
765	0.0031276999402978585
766	0.0031276910786686807
767	0.003127682381810379
768	0.003127673657870921
769	0.003127664981808903
770	0.0031276564376744452
771	0.003127647884998305
772	0.0031276393851615404
773	0.003127630993951545
774	0.003127622608977022
775	0.0031276142779867
776	0.003127606039140696
777	0.0031275978178475113
778	0.003127589649755409
779	0.003127581562032561
780	0.003127573500323446
781	0.003127565490139156
782	0.0031275575517857764
783	0.0031275496456163055
784	0.003127541789044111
785	0.003127533997935447
786	0.0031275262433872655
787	0.0031275185365753563
788	0.0031275108903315255
789	0.003127503283662836
790	0.0031274957231008592
791	0.003127488219182131
792	0.0031274807568453227
793	0.003127473339221009
794	0.003127465975016141
795	0.0031274586536154704
796	0.003127451375803585
797	0.0031274441486675957
798	0.0031274369649809093
799	0.003127429823977735
800	0.0031274227312730195
801	0.003127415682219645
802	0.0031274086751044315
803	0.0031274017142514524
804	0.003127394796867963
805	0.0031273879208458754
806	0.003127381089274832
807	0.003127374300760679
808	0.003127367553093971
809	0.003127360848318549
810	0.003127354185952095
811	0.003127347563984622
812	0.0031273409835586015
813	0.003127334444773164
814	0.003127327945915009
815	0.0031273214874578538
816	0.003127315069761614
817	0.0031273086915204994
818	0.0031273023526945496
819	0.0031272960537110234
820	0.0031272897936557107
821	0.0031272835721698
822	0.0031272773896055656
823	0.003127271245399802
824	0.003127265139025645
825	0.0031272590706704555
826	0.003127253040045776
827	0.0031272470465899846
828	0.003127241090318685
829	0.0031272351710968068
830	0.0031272292884362814
831	0.0031272234421670705
832	0.0031272176322534235
833	0.0031272118582800204
834	0.0031272061200109382
835	0.0031272004173749338
836	0.003127194750079787
837	0.003127189117836905
838	0.00312718352053062
839	0.003127177957949729
840	0.0031271724298098788
841	0.003127166935936808
842	0.0031271614761772966
843	0.0031271560502615465
844	0.0031271506579866647
845	0.0031271452992038813
846	0.0031271399736917185
847	0.003127134681220455
848	0.0031271294216409827
849	0.0031271241947538856
850	0.0031271190003412247
851	0.003127113838223448
852	0.0031271087082384566
853	0.003127103610179988
854	0.0031270985438508286
855	0.0031270935090943913
856	0.0031270885057102043
857	0.0031270835335361707
858	0.003127078592374162
859	0.003127073682070627
860	0.0031270688024270647
861	0.0031270639532839204
862	0.0031270591344611013
863	0.0031270543457992254
864	0.003127049587120304
865	0.003127044858257974
866	0.0031270401590448955
867	0.003127035489325217
868	0.003127030848909791
869	0.0031270262376672945
870	0.003127021655413978
871	0.0031270171019999265
872	0.0031270125772599913
873	0.0031270080810412728
874	0.0031270036131855095
875	0.003126999173529764
876	0.003126994761932552
877	0.0031269903782355445
878	0.0031269860222776966
879	0.0031269816939198066
880	0.0031269773930075444
881	0.0031269731193953815
882	0.0031269688729250364
883	0.0031269646534587588
884	0.00312696046084522
885	0.0031269562949434756
886	0.0031269521556064267
887	0.0031269480426919316
888	0.0031269439560624173
889	0.0031269398955705843
890	0.003126935861072507
891	0.0031269318524408674
892	0.0031269278695273597
893	0.003126923912194799
894	0.00312691998030546
895	0.003126916073729151
896	0.003126912192326238
897	0.0031269083359626517
898	0.003126904504509736
899	0.0031269006978217554
900	0.003126896915778732
901	0.0031268931582411705
902	0.0031268894250893013
903	0.003126885716181189
904	0.003126882031395982
905	0.003126878370599252
906	0.0031268747336664787
907	0.0031268711204710206
908	0.0031268675308849573
909	0.0031268639647789535
910	0.003126860422039929
911	0.003126856902524011
912	0.0031268534061263753
913	0.0031268499327085607
914	0.003126846482165674
915	0.0031268430543579186
916	0.003126839649179124
917	0.003126836266490624
918	0.0031268329061887997
919	0.003126829568144517
920	0.003126826252245761
921	0.0031268229583667874
922	0.0031268196863949963
923	0.0031268164362153105
924	0.003126813207706269
925	0.003126810000751776
926	0.0031268068152374385
927	0.003126803651043153
928	0.0031268005080692823
929	0.0031267973861816276
930	0.003126794285279727
931	0.0031267912052508565
932	0.0031267881459756076
933	0.0031267851073474846
934	0.0031267820892515053
935	0.003126779091572095
936	0.0031267761142121896
937	0.0031267731570514866
938	0.003126770219986146
939	0.0031267673028911253
940	0.0031267644056833434
941	0.003126761528232397
942	0.003126758670445134
943	0.0031267558322021285
944	0.003126753013412209
945	0.0031267502139541077
946	0.003126747433723485
947	0.0031267446726220543
948	0.0031267419305379303
949	0.0031267392073726996
950	0.003126736503016577
951	0.0031267338173665156
952	0.003126731150319739
953	0.003126728501773761
954	0.0031267258716270742
955	0.003126723259774345
956	0.0031267206661152553
957	0.0031267180905514506
958	0.0031267155329763366
959	0.003126712993286252
960	0.0031267104713900437
961	0.0031267079671769577
962	0.003126705480569219
963	0.0031267030114503318
964	0.0031267005597159
965	0.0031266981252798727
966	0.0031266957080416788
967	0.003126693307902477
968	0.003126690924762507
969	0.0031266885585289656
970	0.0031266862091023965
971	0.003126683876384512
972	0.00312668156029086
973	0.0031266792607185533
974	0.00312667697756665
975	0.0031266747107471606
976	0.003126672460159096
977	0.0031266702257252213
978	0.0031266680073360844
979	0.003126665804909209
980	0.003126663618339379
981	0.0031266614475386188
982	0.0031266592924283545
983	0.003126657152899084
984	0.0031266550288653735
985	0.003126652920234199
986	0.0031266508269232945
987	0.0031266487488345153
988	0.003126646685874251
989	0.003126644637965636
990	0.0031266426050089503
991	0.0031266405869186872
992	0.003126638583602388
993	0.0031266365949795785
994	0.0031266346209596987
995	0.00312663266144883
996	0.0031266307163639534
997	0.0031266287856221574
998	0.003126626869133008
999	0.003126624966813373
1000	0.0031266230785710835
1001	0.0031266212043277943
1002	0.0031266193439906543
1003	0.003126617497478467
1004	0.003126615664710634
1005	0.0031266138456024187
1006	0.0031266120400580367
1007	0.0031266102480136566
1008	0.0031266084693664393
1009	0.003126606704051668
1010	0.0031266049519785566
1011	0.0031266032130574076
1012	0.003126601487212214
1013	0.003126599774368377
1014	0.0031265980744427657
1015	0.0031265963873443625
1016	0.0031265947130038373
1017	0.0031265930513290764
1018	0.003126591402251725
1019	0.0031265897656943273
1020	0.003126588141562208
1021	0.0031265865297921687
1022	0.003126584930302676
1023	0.003126583343007227
1024	0.0031265817678387247
1025	0.003126580204706938
1026	0.00312657865355392
1027	0.003126577114281522
1028	0.0031265755868264775
1029	0.003126574071109335
1030	0.0031265725670541894
1031	0.0031265710745885353
1032	0.00312656959363379
1033	0.003126568124111931
1034	0.0031265666659557167
1035	0.003126565219086433
1036	0.003126563783431819
1037	0.0031265623589243736
1038	0.0031265609454725653
1039	0.0031265595430232684
1040	0.0031265581514953347
1041	0.0031265567708167684
1042	0.003126555400926311
1043	0.00312655404172882
1044	0.0031265526931764298
1045	0.003126551355182404
1046	0.0031265500276895074
1047	0.0031265487106170416
1048	0.0031265474039070913
1049	0.003126546107470174
1050	0.0031265448212558847
1051	0.0031265435451846564
1052	0.0031265422791954167
1053	0.00312654102321132
1054	0.0031265397771764727
1055	0.003126538541010821
1056	0.0031265373146585965
1057	0.0031265360980435378
1058	0.003126534891097034
1059	0.003126533693769814
1060	0.0031265325059786886
1061	0.0031265313276599834
1062	0.003126530158750058
1063	0.0031265289991999163
1064	0.003126527848921342
1065	0.003126526707862664
1066	0.0031265255759512223
1067	0.003126524453138941
1068	0.003126523339345797
1069	0.0031265222345157853
1070	0.0031265211385852563
1071	0.0031265200514961505
1072	0.003126518973178049
1073	0.0031265179035718676
1074	0.0031265168426296945
1075	0.0031265157902698928
1076	0.0031265147464481515
1077	0.003126513711087863
1078	0.0031265126841380645
1079	0.003126511665546513
1080	0.0031265106552367024
1081	0.0031265096531621233
1082	0.003126508659269296
1083	0.003126507673473233
1084	0.0031265066957427328
1085	0.0031265057260087647
1086	0.003126504764211065
1087	0.003126503810301954
1088	0.0031265028642142173
1089	0.0031265019258970676
1090	0.0031265009952925866
1091	0.0031265000723478768
1092	0.003126499156999543
1093	0.0031264982491957805
1094	0.0031264973488846224
1095	0.0031264964560068927
1096	0.0031264955705124736
1097	0.00312649469234382
1098	0.003126493821443272
1099	0.0031264929577690483
1100	0.003126492101259164
1101	0.0031264912518580525
1102	0.0031264904095173436
1103	0.0031264895741875075
1104	0.0031264887458080275
1105	0.003126487924341344
1106	0.0031264871097170703
1107	0.0031264863018951594
1108	0.0031264855008269333
1109	0.003126484706461615
1110	0.00312648391873774
1111	0.003126483137611298
1112	0.003126482363039403
1113	0.0031264815949686516
1114	0.0031264808333489966
1115	0.003126480078129943
1116	0.0031264793292606614
1117	0.0031264785867009502
1118	0.0031264778503983055
1119	0.0031264771203042253
1120	0.0031264763963779092
1121	0.003126475678551609
1122	0.003126474966810259
1123	0.003126474261083969
1124	0.003126473561338534
1125	0.003126472867505201
1126	0.0031264721795792047
1127	0.0031264714974709434
1128	0.0031264708211742784
1129	0.0031264701506153103
1130	0.003126469485763801
1131	0.003126468826576923
1132	0.0031264681729909127
1133	0.0031264675249951133
1134	0.003126466882517101
1135	0.0031264662455275914
1136	0.0031264656139864257
1137	0.00312646498783106
1138	0.0031264643670519416
1139	0.003126463751580921
1140	0.003126463141381805
1141	0.0031264625364155535
1142	0.0031264619366407824
1143	0.003126461342018742
1144	0.0031264607525087708
1145	0.003126460168058671
1146	0.0031264595886487576
1147	0.0031264590142173762
1148	0.0031264584447481783
1149	0.0031264578801848157
1150	0.0031264573204850083
1151	0.0031264567656271447
1152	0.0031264562155542044
1153	0.0031264556702416918
1154	0.0031264551296448276
1155	0.003126454593729108
1156	0.003126454062456236
1157	0.003126453535784373
1158	0.0031264530136813325
1159	0.0031264524961120027
1160	0.003126451983033735
1161	0.0031264514744125376
1162	0.003126450970211427
1163	0.0031264504703944866
1164	0.0031264499749334615
1165	0.003126449483782726
1166	0.0031264489969116058
1167	0.003126448514295121
1168	0.0031264480358728663
1169	0.0031264475616410606
1170	0.003126447091545188
1171	0.003126446625557781
1172	0.0031264461636439033
1173	0.0031264457057722057
1174	0.0031264452519030976
1175	0.0031264448020191598
1176	0.0031264443560689147
1177	0.003126443914030436
1178	0.0031264434758759597
1179	0.0031264430415555663
1180	0.0031264426110518785
1181	0.003126442184333528
1182	0.0031264417613679255
1183	0.003126441342113174
1184	0.003126440926550875
1185	0.0031264405146511046
1186	0.0031264401063708595
1187	0.0031264397016937903
1188	0.0031264393005886143
1189	0.003126438903014869
1190	0.0031264385089641786
1191	0.0031264381183995376
1192	0.0031264377313134956
1193	0.0031264373477140096
1194	0.0031264369676644796
1195	0.0031264365913062577
1196	0.0031264362190705983
1197	0.003126435851918221
1198	0.0031264354921480644
1199	0.0031264351451201658
1200	0.0031264348232795825
1201	0.0031264345552641844
1202	0.0031264344045010433
1203	0.003126434499415312
1204	0.0031264350385313893
1205	0.003126436084439357
1206	0.0031264368504361683
1207	0.0031264356146021017
1208	0.0031264327887112436
1209	0.003126431772425781
1210	0.0031264330066403216
1211	0.0031264331266897777
1212	0.0031264312303337163
1213	0.003126430479468717
1214	0.003126431303175977
1215	0.0031264308512279813
1216	0.003126429475124178
1217	0.003126429502523611
1218	0.0031264297774758957
1219	0.003126428818337097
1220	0.0031264282332984887
1221	0.0031264284984638077
1222	0.0031264280490701985
1223	0.003126427294689882
1224	0.0031264273029756188
1225	0.003126427151360023
1226	0.0031264264829532922
1227	0.003126426255503799
1228	0.0031264262016664924
1229	0.0031264256977218715
1230	0.003126425333346842
1231	0.0031264252603415876
1232	0.003126424906223356
1233	0.0031264244969190073
1234	0.0031264243586735007
1235	0.0031264241065851704
1236	0.0031264237130514015
1237	0.0031264235072794417
1238	0.003126423307788311
1239	0.0031264229594939906
1240	0.0031264227050979013
1241	0.0031264225205034505
1242	0.0031264222236309456
1243	0.0031264219455004925
1244	0.0031264217533794217
1245	0.0031264215000178413
1246	0.003126421220104007
1247	0.003126421011805243
1248	0.0031264207879361473
1249	0.003126420521015361
1250	0.003126420297857852
1251	0.003126420089283425
1252	0.0031264198420907006
1253	0.003126419610878404
1254	0.0031264194069291597
1255	0.0031264191794760296
1256	0.003126418948388739
1257	0.003126418743382666
1258	0.003126418531522182
1259	0.0031264183071775834
1260	0.0031264181000501376
1261	0.0031264178982427873
1262	0.003126417684191677
1263	0.0031264174770085276
1264	0.003126417280535132
1265	0.003126417077231242
1266	0.003126416873218318
1267	0.0031264166794382703
1268	0.0031264164851684865
1269	0.003126416287066027
1270	0.003126416095463159
1271	0.003126415907782101
1272	0.0031264157169257085
1273	0.0031264155284659112
1274	0.0031264153453565238
1275	0.0031264151616111706
1276	0.003126414977696466
1277	0.0031264147981908833
1278	0.0031264146205119262
1279	0.003126414442133238
1280	0.003126414266273136
1281	0.003126414093469305
1282	0.003126413920829122
1283	0.003126413749202555
1284	0.0031264135804998667
1285	0.003126413413175621
1286	0.0031264132463118648
1287	0.00312641308153638
1288	0.0031264129188465924
1289	0.003126412756916541
1290	0.0031264125962512474
1291	0.003126412437701376
1292	0.0031264122804674226
1293	0.0031264121241674344
1294	0.0031264119695553674
1295	0.0031264118166347155
1296	0.0031264116647467125
1297	0.003126411514127143
1298	0.0031264113651722097
1299	0.0031264112175488916
1300	0.003126411071002354
1301	0.0031264109258844416
1302	0.003126410782241822
1303	0.0031264106397419678
1304	0.0031264104984491956
1305	0.0031264103585739735
1306	0.0031264102199748947
1307	0.003126410082498763
1308	0.003126409946297531
1309	0.0031264098114033474
1310	0.003126409677680478
1311	0.003126409545099305
1312	0.0031264094137675785
1313	0.0031264092836490085
1314	0.003126409154649987
1315	0.0031264090268030512
1316	0.0031264089001469294
1317	0.003126408774623424
1318	0.0031264086501989045
1319	0.00312640852689741
1320	0.0031264084047409185
1321	0.0031264082836584637
1322	0.003126408163649871
1323	0.0031264080447300133
1324	0.0031264079268987608
1325	0.0031264078100970622
1326	0.003126407694347945
1327	0.0031264075796433857
1328	0.0031264074659796905
1329	0.0031264073533172677
1330	0.003126407241668241
1331	0.0031264071310282363
1332	0.0031264070213760293
1333	0.003126406912704275
1334	0.0031264068050047725
1335	0.003126406698272379
1336	0.0031264065925037604
1337	0.003126406487665228
1338	0.003126406383777294
1339	0.0031264062808219802
1340	0.0031264061787701232
1341	0.003126406077644095
1342	0.003126405977409254
1343	0.003126405878086509
1344	0.0031264057796456394
1345	0.003126405682088739
1346	0.003126405585392043
1347	0.003126405489562125
1348	0.0031264053945881287
1349	0.003126405300454458
1350	0.0031264052071680046
1351	0.0031264051147117675
1352	0.0031264050230786376
1353	0.0031264049322626986
1354	0.0031264048422490385
1355	0.0031264047530427707
1356	0.0031264046646279397
1357	0.0031264045770014563
1358	0.003126404490144991
1359	0.0031264044040721565
1360	0.0031264043187575405
1361	0.0031264042341991793
1362	0.003126404150398036
1363	0.003126404067331679
1364	0.003126403985005763
1365	0.0031264039034106877
1366	0.003126403822535758
1367	0.003126403742378791
1368	0.0031264036629294815
1369	0.0031264035841834133
1370	0.0031264035061299702
1371	0.0031264034287756893
1372	0.0031264033520998673
1373	0.003126403276099256
1374	0.003126403200773308
1375	0.0031264031261052107
1376	0.003126403052105605
1377	0.0031264029787543366
1378	0.003126402906043858
1379	0.003126402833981083
1380	0.003126402762548431
1381	0.0031264026917405124
1382	0.00312640262156685
1383	0.0031264025519999817
1384	0.0031264024830453757
1385	0.003126402414698722
1386	0.0031264023469430025
1387	0.0031264022797833704
1388	0.0031264022132238473
1389	0.0031264021472406393
1390	0.003126402081827324
1391	0.003126402016996273
1392	0.003126401952729882
1393	0.0031264018890228692
1394	0.00312640182587316
1395	0.003126401763270983
1396	0.0031264017012198747
1397	0.0031264016397075114
1398	0.003126401578733624
1399	0.003126401518282645
1400	0.00312640145836133
1401	0.003126401398964357
1402	0.003126401340080513
1403	0.0031264012817091677
1404	0.0031264012238478313
1405	0.0031264011664816726
1406	0.0031264011096110854
1407	0.003126401053241466
1408	0.0031264009973495663
1409	0.0031264009419489777
1410	0.0031264008870272295
1411	0.0031264008325705317
1412	0.003126400778596431
1413	0.003126400725081789
1414	0.0031264006720246023
1415	0.0031264006194304116
1416	0.003126400567290251
1417	0.0031264005155882267
1418	0.0031264004643338714
1419	0.003126400413523041
1420	0.003126400363150279
1421	0.003126400313205928
1422	0.003126400263690748
1423	0.0031264002145945037
1424	0.0031264001659265183
1425	0.0031264001176630825
1426	0.0031264000698234574
1427	0.0031264000223895777
1428	0.0031263999753540993
1429	0.003126399928725618
1430	0.0031263998824890824
1431	0.003126399836649311
1432	0.0031263997911989898
1433	0.003126399746131461
1434	0.003126399701448022
1435	0.0031263996571470353
1436	0.003126399613214172
1437	0.003126399569659345
1438	0.003126399526468112
1439	0.003126399483645328
1440	0.003126399441184964
1441	0.0031263993990828377
1442	0.0031263993573255942
1443	0.0031263993159222512
1444	0.0031263992748730997
1445	0.0031263992341725943
1446	0.0031263991938081286
1447	0.0031263991537808164
1448	0.003126399114094227
1449	0.003126399074738339
1450	0.0031263990357073774
1451	0.003126398997006431
1452	0.0031263989586270435
1453	0.0031263989205668986
1454	0.0031263988828240325
1455	0.0031263988454005836
1456	0.0031263988082841252
1457	0.0031263987714739987
1458	0.003126398734967843
1459	0.0031263986987686517
1460	0.0031263986628721346
1461	0.00312639862726519
1462	0.003126398591953532
1463	0.0031263985569379804
1464	0.003126398522208292
1465	0.003126398487767907
1466	0.003126398453609348
1467	0.0031263984197315237
1468	0.0031263983861298987
1469	0.0031263983528068643
1470	0.0031263983197536253
1471	0.003126398286974013
1472	0.003126398254467757
1473	0.003126398222223695
1474	0.003126398190235163
1475	0.003126398158509392
1476	0.0031263981270503397
1477	0.003126398095840028
1478	0.003126398064886258
1479	0.0031263980341826427
1480	0.003126398003732312
1481	0.0031263979735258033
1482	0.0031263979435603765
1483	0.0031263979138392906
1484	0.0031263978843600803
1485	0.0031263978551203868
1486	0.003126397826103714
1487	0.003126397797330458
1488	0.003126397768788534
1489	0.0031263977404769206
1490	0.003126397712387997
1491	0.0031263976845264
1492	0.0031263976568860364
1493	0.003126397629469364
1494	0.003126397602266979
1495	0.0031263975752851385
1496	0.00312639754852021
1497	0.0031263975219612185
1498	0.003126397495615133
1499	0.003126397469477617
1500	0.003126397443548943
1501	0.0031263974178224766
1502	0.003126397392307728
1503	0.003126397366984982
1504	0.0031263973418629272
1505	0.0031263973169427715
1506	0.003126397292217467
1507	0.003126397267679061
1508	0.0031263972433412746
1509	0.0031263972191904223
1510	0.003126397195231009
1511	0.003126397171459863
1512	0.003126397147871968
1513	0.0031263971244625756
1514	0.0031263971012424445
1515	0.003126397078199249
1516	0.0031263970553406803
1517	0.00312639703264615
1518	0.0031263970101393307
1519	0.0031263969878015337
1520	0.003126396965639212
1521	0.0031263969436428913
1522	0.0031263969218184072
1523	0.0031263969001603617
1524	0.003126396878670509
1525	0.003126396857344247
1526	0.0031263968361831575
1527	0.0031263968151814744
1528	0.003126396794339447
1529	0.0031263967736563317
1530	0.0031263967531311595
1531	0.003126396732759471
1532	0.003126396712542633
1533	0.003126396692483464
1534	0.0031263966725753383
1535	0.003126396652813556
1536	0.003126396633207563
1537	0.0031263966137442993
1538	0.003126396594424554
1539	0.003126396575253836
1540	0.003126396556222862
1541	0.003126396537343477
1542	0.003126396518596685
1543	0.003126396499992975
1544	0.0031263964815297324
1545	0.0031263964632001163
1546	0.003126396445010053
1547	0.003126396426953664
1548	0.003126396409031113
1549	0.0031263963912400413
1550	0.003126396373582214
1551	0.003126396356050134
1552	0.0031263963386501227
1553	0.0031263963213817437
1554	0.0031263963042454453
1555	0.0031263962872230197
1556	0.0031263962703232074
1557	0.0031263962535555503
1558	0.0031263962369047116
1559	0.003126396220374126
1560	0.0031263962039728877
1561	0.00312639618768086
1562	0.0031263961715119583
1563	0.003126396155461516
1564	0.00312639613952933
1565	0.0031263961237011427
1566	0.0031263961079951033
1567	0.0031263960924008895
1568	0.0031263960769202835
1569	0.003126396061542932
1570	0.0031263960462829155
1571	0.003126396031134064
1572	0.003126396016086072
1573	0.0031263960011487647
1574	0.0031263959863159227
1575	0.0031263959715946694
1576	0.003126395956972561
1577	0.0031263959424557564
1578	0.003126395928035587
1579	0.003126395913724259
1580	0.0031263958995149535
1581	0.0031263958853968445
1582	0.0031263958713869736
1583	0.003126395857464599
1584	0.0031263958436488814
1585	0.0031263958299288944
1586	0.003126395816301969
1587	0.0031263958027725573
1588	0.003126395789337854
1589	0.003126395775986967
1590	0.0031263957627398076
1591	0.003126395749577526
1592	0.003126395736507139
1593	0.003126395723531202
1594	0.003126395710639604
1595	0.0031263956978408083
1596	0.0031263956851220924
1597	0.0031263956724989633
1598	0.0031263956599625127
1599	0.003126395647506313
1600	0.0031263956351325313
1601	0.0031263956228538762
1602	0.0031263956106472213
1603	0.0031263955985270696
1604	0.003126395586488807
1605	0.0031263955745361983
1606	0.0031263955626597536
1607	0.003126395550862268
1608	0.0031263955391435667
1609	0.0031263955275040558
1610	0.0031263955159435636
1611	0.0031263955044608244
1612	0.0031263954930589627
1613	0.003126395481728002
1614	0.0031263954704748493
1615	0.0031263954592917137
1616	0.0031263954481815944
1617	0.003126395437146286
1618	0.003126395426182276
1619	0.003126395415296304
1620	0.003126395404479218
1621	0.003126395393737594
1622	0.00312639538306152
1623	0.0031263953724530295
1624	0.0031263953619182125
1625	0.0031263953514487153
1626	0.003126395341047289
1627	0.0031263953307216854
1628	0.0031263953204536694
1629	0.0031263953102588695
1630	0.0031263953001229973
1631	0.003126395290049373
1632	0.003126395280049965
1633	0.0031263952701144726
1634	0.0031263952602371007
1635	0.0031263952504260364
1636	0.0031263952406790016
1637	0.003126395230993521
1638	0.003126395221368002
1639	0.0031263952118097604
1640	0.003126395202305159
1641	0.0031263951928591073
1642	0.0031263951834773537
1643	0.003126395174152672
1644	0.003126395164884609
1645	0.0031263951556808867
1646	0.003126395146524073
1647	0.003126395137438164
1648	0.003126395128401457
1649	0.0031263951194194987
1650	0.003126395110498628
1651	0.0031263951016295135
1652	0.00312639509281872
1653	0.003126395084060594
1654	0.0031263950753577957
1655	0.0031263950667090464
1656	0.00312639505811263
1657	0.00312639504956782
1658	0.0031263950410810645
1659	0.0031263950326369727
1660	0.0031263950242515796
1661	0.0031263950159111124
1662	0.003126395007629279
1663	0.003126394999396313
1664	0.0031263949912169655
1665	0.0031263949830767144
1666	0.0031263949749871832
1667	0.003126394966954986
1668	0.0031263949589601186
1669	0.0031263949510236203
1670	0.003126394943132314
1671	0.003126394935282876
1672	0.0031263949274875627
1673	0.003126394919734059
1674	0.003126394912031913
1675	0.003126394904371947
1676	0.00312639489675552
1677	0.003126394889191975
1678	0.003126394881675571
1679	0.0031263948742136067
1680	0.0031263948668042137
1681	0.0031263948594748856
1682	0.0031263948522515916
1683	0.003126394845219959
1684	0.0031263948385357857
1685	0.003126394832559633
1686	0.0031263948280547647
1687	0.00312639482670185
1688	0.00312639483219711
1689	0.0031263948525802584
1690	0.0031263949054346728
1691	0.0031263950281690367
1692	0.003126395296561218
1693	0.003126395844031226
1694	0.0031263968245247085
1695	0.003126398130574465
1696	0.0031263988204760377
1697	0.0031263975726740687
1698	0.003126395325612435
1699	0.0031263948807747615
1700	0.0031263962837198406
1701	0.0031263967763182285
1702	0.0031263954415197003
1703	0.0031263947284991453
1704	0.00312639562590379
1705	0.003126395970459312
1706	0.003126395033272673
1707	0.003126394755511244
1708	0.0031263954352348374
1709	0.0031263953810842142
1710	0.003126394728726459
1711	0.003126394854321425
1712	0.0031263952503583657
1713	0.0031263949351895597
1714	0.0031263946401724686
1715	0.0031263949259559003
1716	0.003126394995469424
1717	0.003126394676332221
1718	0.003126394683748345
1719	0.003126394887284777
1720	0.003126394753656182
1721	0.0031263945963028155
1722	0.0031263947256766275
1723	0.003126394762818681
1724	0.003126394606805768
1725	0.003126394606013614
1726	0.0031263947013193613
1727	0.003126394633770128
1728	0.0031263945559418466
1729	0.0031263946159525813
1730	0.003126394630099746
1731	0.0031263945522233202
1732	0.0031263945496264227
1733	0.0031263945926160775
1734	0.003126394557444365
1735	0.003126394517054076
1736	0.003126394542847092
1737	0.003126394547785897
1738	0.0031263945078083308
1739	0.00312639450256248
1740	0.0031263945210199436
1741	0.003126394502872157
1742	0.003126394479656397
1743	0.003126394488371884
1744	0.0031263944898572895
1745	0.0031263944684399554
1746	0.0031263944614184883
1747	0.00312639446810914
1748	0.003126394458578343
1749	0.0031263944438208744
1750	0.0031263944442120875
1751	0.003126394443904469
1752	0.0031263944317551163
1753	0.00312639442426058
1754	0.003126394425002245
1755	0.0031263944194617446
1756	0.0031263944094002136
1757	0.00312639440597184
1758	0.0031263944042798507
1759	0.00312639439679583
1760	0.003126394389758812
1761	0.0031263943873790145
1762	0.0031263943833849408
1763	0.0031263943761672113
1764	0.003126394371264483
1765	0.003126394368405837
1766	0.0031263943632008273
1767	0.0031263943570445066
1768	0.003126394353114382
1769	0.0031263943494396736
1770	0.003126394343973472
1771	0.0031263943388105996
1772	0.0031263943350869263
1773	0.003126394330833204
1774	0.003126394325593745
1775	0.003126394321077402
1776	0.0031263943172472755
1777	0.0031263943127356865
1778	0.003126394307869558
1779	0.0031263943036795193
1780	0.0031263942996932457
1781	0.003126394295164479
1782	0.0031263942906303616
1783	0.0031263942865776867
1784	0.003126394282490274
1785	0.0031263942780670223
1786	0.003126394273776538
1787	0.0031263942697852517
1788	0.003126394265673182
1789	0.0031263942613860172
1790	0.0031263942572659336
1791	0.0031263942533001667
1792	0.003126394249224471
1793	0.003126394245069329
1794	0.0031263942410648163
1795	0.0031263942371369587
1796	0.003126394233123189
1797	0.0031263942290945925
1798	0.0031263942251795484
1799	0.0031263942213064595
1800	0.003126394217364052
1801	0.0031263942134493626
1802	0.0031263942096013482
1803	0.003126394205780933
1804	0.003126394201929726
1805	0.0031263941980965593
1806	0.0031263941943256938
1807	0.0031263941905659365
1808	0.0031263941867932994
1809	0.003126394183044897
1810	0.0031263941793469078
1811	0.003126394175654171
1812	0.0031263941719581363
1813	0.003126394168292854
1814	0.0031263941646517152
1815	0.0031263941610327095
1816	0.0031263941574155925
1817	0.003126394153819709
1818	0.003126394150249869
1819	0.003126394146689964
1820	0.003126394143140585
1821	0.0031263941396171445
1822	0.0031263941361113685
1823	0.003126394132623476
1824	0.0031263941291456016
1825	0.0031263941256860547
1826	0.0031263941222493025
1827	0.0031263941188226876
1828	0.003126394115413403
1829	0.003126394112020683
1830	0.003126394108645673
1831	0.003126394105290788
1832	0.0031263941019373815
1833	0.0031263940986123056
1834	0.003126394095305446
1835	0.003126394092010836
1836	0.0031263940887230894
1837	0.0031263940854572457
1838	0.0031263940822078536
1839	0.003126394078974355
1840	0.0031263940757559655
1841	0.003126394072551027
1842	0.003126394069358494
1843	0.003126394066187232
1844	0.003126394063023492
1845	0.0031263940598878553
1846	0.0031263940567493927
1847	0.0031263940536374584
1848	0.003126394050538443
1849	0.0031263940474545015
1850	0.0031263940443812133
1851	0.0031263940413253123
1852	0.003126394038282375
1853	0.0031263940352492803
1854	0.003126394032239801
1855	0.003126394029234626
1856	0.003126394026244035
1857	0.003126394023274314
1858	0.003126394020310108
1859	0.0031263940173705674
1860	0.0031263940144405163
1861	0.003126394011525195
1862	0.003126394008616613
1863	0.0031263940057251237
1864	0.0031263940028461892
1865	0.0031263939999806633
1866	0.0031263939971327894
1867	0.0031263939942884067
1868	0.0031263939914676834
1869	0.00312639398865274
1870	0.003126393985856971
1871	0.003126393983066465
1872	0.0031263939802945967
1873	0.0031263939775372732
1874	0.0031263939747890835
1875	0.0031263939720471345
1876	0.0031263939693288857
1877	0.0031263939666132962
1878	0.0031263939639185456
1879	0.0031263939612335054
1880	0.0031263939585538117
1881	0.003126393955902677
1882	0.0031263939532459933
1883	0.0031263939506097124
1884	0.0031263939479834243
1885	0.0031263939453727943
1886	0.003126393942768919
1887	0.003126393940184688
1888	0.0031263939375995274
1889	0.0031263939350334234
1890	0.0031263939324845252
1891	0.00312639392993945
1892	0.003126393927408906
1893	0.00312639392488763
1894	0.0031263939223818635
1895	0.0031263939198880827
1896	0.0031263939173970835
1897	0.00312639391492542
1898	0.003126393912464486
1899	0.0031263939100110126
1900	0.0031263939075704683
1901	0.0031263939051360858
1902	0.003126393902719732
1903	0.0031263939003126923
1904	0.0031263938979111945
1905	0.0031263938955269775
1906	0.003126393893153184
1907	0.0031263938907869155
1908	0.0031263938884339877
1909	0.0031263938860888922
1910	0.0031263938837573376
1911	0.0031263938814367243
1912	0.003126393879121914
1913	0.003126393876824222
1914	0.003126393874529474
1915	0.0031263938722511844
1916	0.003126393869976439
1917	0.0031263938677182895
1918	0.0031263938654697253
1919	0.0031263938632288824
1920	0.0031263938609937597
1921	0.003126393858773719
1922	0.0031263938565689944
1923	0.0031263938543641943
1924	0.0031263938521811
1925	0.0031263938499946015
1926	0.003126393847827685
1927	0.0031263938456621418
1928	0.0031263938435110356
1929	0.0031263938413696813
1930	0.003126393839234375
1931	0.0031263938371122336
1932	0.003126393834999942
1933	0.0031263938329001697
1934	0.0031263938308063455
1935	0.003126393828716102
1936	0.0031263938266412527
1937	0.0031263938245736055
1938	0.0031263938225205646
1939	0.003126393820471295
1940	0.0031263938184267637
1941	0.003126393816397183
1942	0.0031263938143812767
1943	0.0031263938123697885
1944	0.0031263938103660207
1945	0.003126393808371541
1946	0.0031263938063867693
1947	0.003126393804407846
1948	0.003126393802440448
1949	0.0031263938004873096
1950	0.0031263937985316044
1951	0.003126393796591443
1952	0.00312639379466075
1953	0.003126393792735259
1954	0.0031263937908218107
1955	0.0031263937889142723
1956	0.0031263937870155594
1957	0.003126393785127068
1958	0.0031263937832409377
1959	0.0031263937813692873
1960	0.0031263937795063647
1961	0.0031263937776474424
1962	0.003126393775800773
1963	0.0031263937739596957
1964	0.0031263937721325904
1965	0.0031263937703052825
1966	0.0031263937684850914
1967	0.0031263937666824895
1968	0.0031263937648798317
1969	0.003126393763088973
1970	0.003126393761303698
1971	0.0031263937595279742
1972	0.0031263937577635592
1973	0.0031263937559997813
1974	0.003126393754251572
1975	0.003126393752502556
1976	0.0031263937507699947
1977	0.0031263937490418423
1978	0.0031263937473174673
1979	0.003126393745608964
1980	0.0031263937438981643
1981	0.003126393742202808
1982	0.0031263937405129685
1983	0.0031263937388292455
1984	0.0031263937371491675
1985	0.0031263937354833555
1986	0.0031263937338206578
1987	0.003126393732167779
1988	0.0031263937305241215
1989	0.003126393728887123
1990	0.0031263937272528013
1991	0.0031263937256272635
1992	0.003126393724012185
1993	0.003126393722400058
1994	0.0031263937208008937
1995	0.0031263937192031388
1996	0.003126393717611307
1997	0.0031263937160311483
1998	0.003126393714459496
1999	0.0031263937128897723
2000	0.0031263937113281976
2001	0.0031263937097741196
2002	0.003126393708226918
2003	0.003126393706686301
2004	0.0031263937051528063
2005	0.003126393703629299
2006	0.003126393702118053
2007	0.003126393700600298
2008	0.003126393699089561
2009	0.003126393697592459
2010	0.003126393696099027
2011	0.0031263936946144986
2012	0.003126393693137009
2013	0.0031263936916608526
2014	0.003126393690196942
2015	0.003126393688735923
2016	0.0031263936872829323
2017	0.003126393685836765
2018	0.0031263936843979813
2019	0.0031263936829610695
2020	0.003126393681534287
2021	0.00312639368011618
2022	0.0031263936786967246
2023	0.0031263936772916606
2024	0.0031263936758908505
2025	0.003126393674494931
2026	0.0031263936731063214
2027	0.003126393671713659
2028	0.0031263936703453273
2029	0.003126393668971752
2030	0.003126393667606293
2031	0.003126393666248852
2032	0.0031263936648971273
2033	0.003126393663549755
2034	0.0031263936622073687
2035	0.0031263936608750867
2036	0.0031263936595441483
2037	0.003126393658223504
2038	0.003126393656903105
2039	0.0031263936555949276
2040	0.003126393654291204
2041	0.003126393652989853
2042	0.0031263936516981524
2043	0.003126393650407312
2044	0.0031263936491265475
2045	0.003126393647853853
2046	0.003126393646581613
2047	0.003126393645319466
2048	0.0031263936440572133
2049	0.0031263936428077913
2050	0.003126393641562237
2051	0.0031263936403134163
2052	0.0031263936390761872
2053	0.0031263936378444594
2054	0.0031263936366177614
2055	0.003126393635402957
2056	0.0031263936341866636
2057	0.003126393632978461
2058	0.0031263936317755246
2059	0.0031263936305758857
2060	0.003126393629380706
2061	0.0031263936281963143
2062	0.0031263936270131327
2063	0.0031263936258378853
2064	0.0031263936246656377
2065	0.0031263936234978192
2066	0.0031263936223382433
2067	0.0031263936211835654
2068	0.003126393620031092
2069	0.0031263936188883163
2070	0.0031263936177514094
2071	0.0031263936166154808
2072	0.0031263936154836665
2073	0.003126393614361297
2074	0.0031263936132423335
2075	0.0031263936121237166
2076	0.0031263936110195296
2077	0.0031263936099102897
2078	0.003126393608812165
2079	0.0031263936077201666
2080	0.003126393606629728
2081	0.0031263936055482416
2082	0.0031263936044603692
2083	0.0031263936033946393
2084	0.003126393602314034
2085	0.0031263936012538712
2086	0.003126393600189549
2087	0.003126393599135769
2088	0.0031263935980905865
2089	0.003126393597045483
2090	0.0031263935960022526
2091	0.0031263935949674844
2092	0.003126393593927968
2093	0.0031263935929117916
2094	0.0031263935918839705
2095	0.0031263935908644423
2096	0.003126393589852385
2097	0.0031263935888431395
2098	0.0031263935878470357
2099	0.003126393586845253
2100	0.0031263935858467542
2101	0.0031263935848560346
2102	0.003126393583871782
2103	0.0031263935828929885
2104	0.003126393581915562
2105	0.003126393580945166
2106	0.0031263935799743995
2107	0.0031263935790180938
2108	0.003126393578053856
2109	0.0031263935770910606
2110	0.003126393576152473
2111	0.0031263935752072233
2112	0.0031263935742614868
2113	0.0031263935733290018
2114	0.0031263935723946446
2115	0.003126393571465888
2116	0.003126393570543311
2117	0.003126393569621081
2118	0.003126393568703539
2119	0.003126393567795619
2120	0.0031263935668903752
2121	0.003126393565984338
2122	0.0031263935650867633
2123	0.0031263935641892334
2124	0.0031263935633001226
2125	0.0031263935624149483
2126	0.0031263935615324047
2127	0.0031263935606530378
2128	0.003126393559780548
2129	0.0031263935589046234
2130	0.0031263935580412953
2131	0.0031263935571782934
2132	0.0031263935563237157
2133	0.003126393555470953
2134	0.0031263935546223622
2135	0.0031263935537711113
2136	0.003126393552928452
2137	0.0031263935520924433
2138	0.003126393551256655
2139	0.0031263935504228556
2140	0.0031263935496037122
2141	0.003126393548777741
2142	0.0031263935479604503
2143	0.003126393547138925
2144	0.0031263935463372357
2145	0.003126393545526309
2146	0.00312639354471663
2147	0.0031263935439236204
2148	0.003126393543123559
2149	0.003126393542328733
2150	0.003126393541541517
2151	0.003126393540759699
2152	0.0031263935399668723
2153	0.0031263935391973676
2154	0.003126393538421236
2155	0.00312639353765026
2156	0.003126393536886236
2157	0.0031263935361141894
2158	0.0031263935353616386
2159	0.0031263935346073093
2160	0.003126393533856868
2161	0.003126393533112913
2162	0.0031263935323783847
2163	0.0031263935316678568
2164	0.0031263935309857084
2165	0.0031263935303617865
2166	0.0031263935298642197
2167	0.003126393529609593
2168	0.0031263935298740603
2169	0.0031263935312116744
2170	0.0031263935347945644
2171	0.003126393543116894
2172	0.003126393561454047
2173	0.0031263936009547225
2174	0.0031263936849336912
2175	0.0031263938605594864
2176	0.0031263942161598637
2177	0.0031263948869050544
2178	0.003126395966562953
2179	0.0031263971609008234
2180	0.003126397387551553
2181	0.0031263957836339977
2182	0.0031263938347258846
2183	0.0031263938037320847
2184	0.0031263951326740173
2185	0.0031263954264772803
2186	0.0031263942115071983
2187	0.003126393577016726
2188	0.003126394297970519
2189	0.0031263946971674754
2190	0.0031263940182246464
2191	0.0031263936101013886
2192	0.0031263940361117033
2193	0.003126394204886286
2194	0.003126393786998215
2195	0.0031263936522131115
2196	0.0031263939039231064
2197	0.003126393878567642
2198	0.0031263936472646593
2199	0.003126393682191091
2200	0.0031263937901300186
2201	0.0031263936738148332
2202	0.0031263935891049583
2203	0.0031263936839122475
2204	0.003126393685105631
2205	0.0031263935630565206
2206	0.003126393572274735
2207	0.0031263936575213922
2208	0.0031263936024361256
2209	0.003126393515465676
2210	0.003126393565462858
2211	0.0031263936168515524
2212	0.0031263935482140925
2213	0.00312639350148262
2214	0.0031263935554559728
2215	0.003126393575927401
2216	0.00312639351831477
2217	0.003126393500426788
2218	0.0031263935411645818
2219	0.003126393542899314
2220	0.0031263935041723626
2221	0.0031263935016364935
2222	0.0031263935258132435
2223	0.0031263935195431046
2224	0.0031263934980219708
2225	0.0031263935013664647
2226	0.0031263935122533603
2227	0.0031263935043808534
2228	0.003126393494898655
2229	0.0031263934992549073
2230	0.003126393501749221
2231	0.0031263934949243614
2232	0.003126393492405287
2233	0.0031263934959831975
2234	0.0031263934942383402
2235	0.0031263934890348685
2236	0.0031263934897203752
2237	0.003126393492246107
2238	0.0031263934890281343
2239	0.003126393485208323
2240	0.0031263934868391565
2241	0.0031263934884933875
2242	0.0031263934853132964
2243	0.003126393482503119
2244	0.003126393483949235
2245	0.003126393484972417
2246	0.003126393482446923
2247	0.0031263934803741704
2248	0.003126393481246174
2249	0.0031263934817633886
2250	0.0031263934799757712
2251	0.003126393478498276
2252	0.0031263934788074307
2253	0.003126393478909726
2254	0.0031263934776987485
2255	0.003126393476681811
2256	0.0031263934766145173
2257	0.00312639347639956
2258	0.003126393475529245
2259	0.003126393474839121
2260	0.0031263934746047035
2261	0.003126393474182812
2262	0.003126393473461903
2263	0.0031263934729634756
2264	0.0031263934726790967
2265	0.0031263934721841974
2266	0.003126393471522647
2267	0.0031263934710836065
2268	0.003126393470802345
2269	0.003126393470310676
2270	0.003126393469693107
2271	0.003126393469246046
2272	0.0031263934689467975
2273	0.0031263934685078713
2274	0.0031263934679394622
2275	0.003126393467474183
2276	0.003126393467141681
2277	0.003126393466742668
2278	0.0031263934662362856
2279	0.003126393465771732
2280	0.003126393465398719
2281	0.0031263934650067812
2282	0.0031263934645567888
2283	0.0031263934641098364
2284	0.0031263934637128293
2285	0.0031263934633236085
2286	0.003126393462901963
2287	0.0031263934624785354
2288	0.003126393462078753
2289	0.003126393461682775
2290	0.003126393461274409
2291	0.0031263934608754124
2292	0.0031263934604811323
2293	0.003126393460092914
2294	0.0031263934596962297
2295	0.0031263934593007588
2296	0.003126393458914148
2297	0.003126393458538431
2298	0.0031263934581496396
2299	0.0031263934577591156
2300	0.003126393457380543
2301	0.003126393457009872
2302	0.0031263934566395624
2303	0.003126393456256363
2304	0.0031263934558801005
2305	0.0031263934555139025
2306	0.0031263934551481764
2307	0.003126393454780447
2308	0.0031263934544132023
2309	0.003126393454050757
2310	0.0031263934536913214
2311	0.003126393453336298
2312	0.0031263934529764783
2313	0.0031263934526189058
2314	0.003126393452267966
2315	0.003126393451915638
2316	0.003126393451560825
2317	0.0031263934512134376
2318	0.00312639345086943
2319	0.003126393450528292
2320	0.003126393450184836
2321	0.003126393449840409
2322	0.0031263934495050537
2323	0.003126393449171671
2324	0.0031263934488325873
2325	0.0031263934484998777
2326	0.003126393448167968
2327	0.003126393447837054
2328	0.003126393447506862
2329	0.0031263934471823756
2330	0.003126393446854528
2331	0.003126393446527819
2332	0.003126393446212949
2333	0.0031263934458852266
2334	0.0031263934455648956
2335	0.003126393445253611
2336	0.0031263934449390555
2337	0.003126393444622145
2338	0.0031263934443084103
2339	0.0031263934439993033
2340	0.003126393443692468
2341	0.003126393443382818
2342	0.003126393443080177
2343	0.003126393442782013
2344	0.0031263934424761108
2345	0.0031263934421728668
2346	0.0031263934418704576
2347	0.003126393441578012
2348	0.003126393441284826
2349	0.00312639344098652
2350	0.0031263934406958213
2351	0.003126393440403266
2352	0.0031263934401109233
2353	0.0031263934398228933
2354	0.0031263934395330617
2355	0.0031263934392494895
2356	0.0031263934389621564
2357	0.0031263934386796823
2358	0.003126393438402926
2359	0.0031263934381242104
2360	0.003126393437854547
2361	0.003126393437565484
2362	0.0031263934372925445
2363	0.003126393437022278
2364	0.0031263934367477516
2365	0.0031263934364765835
2366	0.003126393436209124
2367	0.0031263934359392303
2368	0.00312639343567798
2369	0.0031263934354112508
2370	0.0031263934351438644
2371	0.0031263934348852735
2372	0.003126393434619331
2373	0.0031263934343618064
2374	0.0031263934341062964
2375	0.0031263934338509746
2376	0.0031263934335936613
2377	0.003126393433339324
2378	0.003126393433091225
2379	0.0031263934328344812
2380	0.0031263934325882576
2381	0.0031263934323377536
2382	0.0031263934320867777
2383	0.0031263934318455557
2384	0.003126393431602397
2385	0.003126393431358003
2386	0.0031263934311134937
2387	0.0031263934308734557
2388	0.0031263934306359938
2389	0.003126393430392356
2390	0.0031263934301638974
2391	0.003126393429927857
2392	0.0031263934296900052
2393	0.003126393429456502
2394	0.00312639342923112
2395	0.0031263934289925705
2396	0.003126393428769682
2397	0.003126393428536852
2398	0.00312639342830883
2399	0.003126393428088435
2400	0.00312639342786113
2401	0.0031263934276391215
2402	0.0031263934274183315
2403	0.0031263934271931492
2404	0.0031263934269742753
2405	0.003126393426758916
2406	0.0031263934265432472
2407	0.003126393426329216
2408	0.0031263934261134257
2409	0.003126393425896408
2410	0.003126393425687201
2411	0.003126393425477682
2412	0.0031263934252692706
2413	0.0031263934250567926
2414	0.0031263934248438323
2415	0.003126393424642472
2416	0.003126393424434545
2417	0.003126393424223226
2418	0.0031263934240251656
2419	0.003126393423824168
2420	0.0031263934236215284
2421	0.0031263934234211886
2422	0.0031263934232210544
2423	0.003126393423025576
2424	0.0031263934228257656
2425	0.0031263934226346676
2426	0.0031263934224389535
2427	0.0031263934222487983
2428	0.003126393422047951
2429	0.003126393421859872
2430	0.003126393421670328
2431	0.003126393421485513
2432	0.003126393421291852
2433	0.0031263934211080454
2434	0.0031263934209176895
2435	0.003126393420734566
2436	0.0031263934205475632
2437	0.0031263934203703933
2438	0.003126393420185127
2439	0.0031263934200020877
2440	0.0031263934198253952
2441	0.003126393419645659
2442	0.0031263934194608804
2443	0.0031263934192851043
2444	0.003126393419118782
2445	0.00312639341893427
2446	0.0031263934187632358
2447	0.0031263934185912085
2448	0.0031263934184188615
2449	0.003126393418241823
2450	0.0031263934180703603
2451	0.0031263934179035875
2452	0.0031263934177393105
2453	0.0031263934175706073
2454	0.0031263934174052153
2455	0.0031263934172376154
2456	0.003126393417077021
2457	0.0031263934169103664
2458	0.0031263934167432192
2459	0.0031263934165837123
2460	0.0031263934164231194
2461	0.00312639341626389
2462	0.0031263934161047243
2463	0.003126393415950745
2464	0.0031263934157890676
2465	0.0031263934156350185
2466	0.0031263934154738453
2467	0.003126393415319237
2468	0.0031263934151656548
2469	0.0031263934150155097
2470	0.0031263934148621675
2471	0.0031263934147123845
2472	0.003126393414559146
2473	0.0031263934144097026
2474	0.0031263934142610863
2475	0.0031263934141095963
2476	0.003126393413965172
2477	0.003126393413825855
2478	0.0031263934136728172
2479	0.0031263934135307586
2480	0.0031263934133849264
2481	0.003126393413243164
2482	0.0031263934131017016
2483	0.0031263934129595805
2484	0.0031263934128204834
2485	0.0031263934126777924
2486	0.0031263934125365807
2487	0.0031263934124005906
2488	0.003126393412257477
2489	0.0031263934121291644
2490	0.003126393411991424
2491	0.0031263934118527163
2492	0.0031263934117225856
2493	0.0031263934115848087
2494	0.003126393411458885
2495	0.003126393411324241
2496	0.0031263934111907072
2497	0.0031263934110657386
2498	0.0031263934109314155
2499	0.003126393410805362
2500	0.0031263934106791616
2501	0.003126393410550501
2502	0.0031263934104236333
2503	0.003126393410295841
2504	0.0031263934101681875
2505	0.0031263934100428984
2506	0.00312639340992105
2507	0.003126393409794639
2508	0.0031263934096746404
2509	0.0031263934095515354
2510	0.0031263934094292057
2511	0.003126393409312848
2512	0.003126393409195444
2513	0.003126393409076103
2514	0.0031263934089567165
2515	0.003126393408840255
2516	0.003126393408719898
2517	0.003126393408603204
2518	0.003126393408490386
2519	0.0031263934083722825
2520	0.003126393408259918
2521	0.003126393408149595
2522	0.0031263934080317693
2523	0.003126393407926533
2524	0.003126393407811381
2525	0.0031263934076989175
2526	0.003126393407592745
2527	0.0031263934074816525
2528	0.00312639340737263
2529	0.0031263934072647583
2530	0.003126393407158829
2531	0.003126393407055443
2532	0.0031263934069588185
2533	0.003126393406859247
2534	0.003126393406778492
2535	0.0031263934067180155
2536	0.0031263934066840023
2537	0.003126393406724255
2538	0.0031263934068781972
2539	0.003126393407264184
2540	0.003126393408076151
2541	0.003126393409721294
2542	0.0031263934129328896
2543	0.003126393419204101
2544	0.003126393431378642
2545	0.0031263934550101423
2546	0.003126393500876984
2547	0.0031263935895364833
2548	0.0031263937592459767
2549	0.003126394075528105
2550	0.0031263946348762768
2551	0.0031263955170751077
2552	0.003126396627597702
2553	0.0031263974298622963
2554	0.0031263971877322624
2555	0.003126395995677076
2556	0.003126395039618073
2557	0.003126394867245297
2558	0.003126394837113186
2559	0.003126394441379932
2560	0.003126394078161146
2561	0.0031263943217148984
2562	0.003126394752945803
2563	0.003126394503515498
2564	0.0031263937679887775
2565	0.003126393547010794
2566	0.003126394035293654
2567	0.003126394346628102
2568	0.0031263939459351005
2569	0.003126393452504584
2570	0.003126393555010676
2571	0.0031263939426922262
2572	0.0031263939301511773
2573	0.0031263935572586666
2574	0.0031263934117055363
2575	0.003126393630129131
2576	0.003126393773506379
2577	0.0031263936081033575
2578	0.003126393421431729
2579	0.0031263934775921623
2580	0.0031263936157483042
2581	0.003126393586053635
2582	0.0031263934515285315
2583	0.003126393424104517
2584	0.0031263935065376724
2585	0.003126393534135229
2586	0.003126393464782713
2587	0.0031263934162297016
