  0.000000   -0.38812578186826    0.08050743071158    0.00000000000000    0.00000000000000    0.00000000000000  
  0.010000   -0.38817258095937    0.08043846603479   -0.00528488382372   -0.00314172288384    0.00003084535816  
  0.020000   -0.38831292726142    0.08023155307855   -0.01057177590159   -0.00628826987870    0.00012465571690  
  0.030000   -0.38854666797053    0.07988663563920   -0.01586266371522   -0.00944444768438    0.00028524064024  
  0.040000   -0.38887354877947    0.07940362195198   -0.02115949336350   -0.01261502824413    0.00051890522656  
  0.050000   -0.38929321442466    0.07878238753570   -0.02646414927597   -0.01580473153106    0.00083438426862  
  0.060000   -0.38980520944826    0.07802277914054   -0.03177843440787   -0.01901820853106    0.00124275091873  
  0.070000   -0.39040897917182    0.07712461976465   -0.03710405107162   -0.02226002448644    0.00175730069079  
  0.080000   -0.39110387087657    0.07608771469598   -0.04244258255351   -0.02553464246296    0.00239341185595  
  0.090000   -0.39188913518506    0.07491185852661   -0.04779547565855   -0.02884640730158    0.00316838350322  
  0.100000   -0.39276392763735    0.07359684307848   -0.05316402431829   -0.03219953001411    0.00410125274019  
  0.110000   -0.39372731045438    0.07214246617148   -0.05854935438794   -0.03559807268003    0.00521259269889  
  0.120000   -0.39477825448029    0.07054854115714   -0.06395240974919   -0.03904593389937    0.00652429318671  
  0.130000   -0.39591564129468    0.06881490713472   -0.06937393982450   -0.04254683485351    0.00805932598063  
  0.140000   -0.39713826548489    0.06694143976015   -0.07481448859681   -0.04610430602343    0.00984149690299  
  0.150000   -0.39844483706804    0.06492806255298   -0.08027438521655   -0.04972167461120    0.01189518693759  
  0.160000   -0.39983398405187    0.06277475860204   -0.08575373626473   -0.05340205270783    0.01424508474528  
  0.170000   -0.40130425512267    0.06048158256648   -0.09125241972709   -0.05714832624644    0.01691591301683  
  0.180000   -0.40285412244874    0.05804867286642   -0.09677008072087   -0.06096314477669    0.01993215115760  
  0.190000   -0.40448198458676    0.05547626395490   -0.10230612900093   -0.06484891209215    0.02331775683281  
  0.200000   -0.40618616947882    0.05276469856218   -0.10785973825790   -0.06880777773865    0.02709588891334  
  0.210000   -0.40796493752728    0.04991443980296   -0.11342984720635   -0.07284162942761    0.03128863435058  
  0.220000   -0.40981648473463    0.04692608303778   -0.11901516244660   -0.07695208637427    0.03591674147427  
  0.230000   -0.41173894589568    0.04380036738166   -0.12461416306957   -0.08114049357663    0.04099936215067  
  0.240000   -0.41373039782912    0.04053818675530   -0.13022510695997   -0.08540791704700    0.04655380515943  
  0.250000   -0.41578886263607    0.03714060037750   -0.13584603873997   -0.08975514000350    0.05259530304792  
  0.260000   -0.41791231097300    0.03360884260197   -0.14147479928199   -0.09418266002550    0.05913679460172  
  0.270000   -0.42009866532720    0.02994433200603   -0.14710903670748   -0.09869068717204    0.06618872493069  
  0.280000   -0.42234580328281    0.02614867964518   -0.15274621877665   -0.10327914305934    0.07375886501339  
  0.290000   -0.42465156076647    0.02222369639325   -0.15838364656340   -0.10794766088863    0.08185215236952  
  0.300000   -0.42701373526151    0.01817139929545   -0.16401846930005   -0.11269558641271    0.09047055434190  
  0.310000   -0.42943008898074    0.01399401686902   -0.16964770026758   -0.11752197982529    0.09961295526900  
  0.320000   -0.43189835198820    0.00969399329440   -0.17526823359950   -0.12242561855419    0.10927506861699  
  0.330000   -0.43441622526095    0.00527399144869   -0.18087686186071   -0.12740500093589    0.11944937491935  
  0.340000   -0.43698138368273    0.00073689474198   -0.18647029425765   -0.13245835074596    0.13012508614353  
  0.350000   -0.43959147896220   -0.00391419227340   -0.19204517533169   -0.13758362255686    0.14128813687148  
  0.360000   -0.44224414246898   -0.00867594454107   -0.19759810398495   -0.14277850789199    0.15292120244422  
  0.370000   -0.44493698798173   -0.01354481839685   -0.20312565268624   -0.14804044214214    0.16500374398407  
  0.380000   -0.44766761434336   -0.01851705472399   -0.20862438670434   -0.15336661220849    0.17751207997254  
  0.390000   -0.45043360801912   -0.02358868335825   -0.21409088321714   -0.15875396483402    0.19041948382988  
  0.400000   -0.45323254555434   -0.02875552872438   -0.21952175014705   -0.16419921558340    0.20369630671608  
  0.410000   -0.45606199592937   -0.03401321667549   -0.22491364457710   -0.16969885842996    0.21731012455421  
  0.420000   -0.45891952281009   -0.03935718249809   -0.23026329060643   -0.17524917590676    0.23122590806823  
  0.430000   -0.46180268669323   -0.04478268003613   -0.23556749651003   -0.18084624977790    0.24540621442934  
  0.440000   -0.46470904694646   -0.05028479187902   -0.24082317107450   -0.18648597218517    0.25981139892102  
  0.450000   -0.46763616374408   -0.05585844055058   -0.24602733898959   -0.19216405722449    0.27439984486299  
  0.460000   -0.47058159989987   -0.06149840062805   -0.25117715518438   -0.19787605290626    0.28912820988135  
  0.470000   -0.47354292259925   -0.06719931171361   -0.25626991800663   -0.20361735345344    0.30395168647636  
  0.480000   -0.47651770503373   -0.07295569217424   -0.26130308115472   -0.20938321189124    0.31882427472271  
  0.490000   -0.47950352794104   -0.07876195356037   -0.26627426428264   -0.21516875288248    0.33369906484002  
  0.500000   -0.48249798105520   -0.08461241560870   -0.27118126221065   -0.22096898576317    0.34852852729489  
  0.510000   -0.48549866447088   -0.09050132173049   -0.27602205268653   -0.22677881773329    0.36326480804054  
  0.520000   -0.48850318992728   -0.09642285488345   -0.28079480265492   -0.23259306715869    0.37786002646641  
  0.530000   -0.49150918201680   -0.10237115372263   -0.28549787300568   -0.23840647694083    0.39226657361794  
  0.540000   -0.49451427932428   -0.10834032892437   -0.29012982178481   -0.24421372791227    0.40643740825698  
  0.550000   -0.49751613550287   -0.11432447957634   -0.29468940586503   -0.25000945221681    0.42032634836415  
  0.560000   -0.50051242029265   -0.12031770952704   -0.29917558108604   -0.25578824663486    0.43388835573733  
  0.570000   -0.50350082048835   -0.12631414358875   -0.30358750088733   -0.26154468581555    0.44707981141354  
  0.580000   -0.50647904086258   -0.13230794349020   -0.30792451346888   -0.26727333537922    0.45985877973416  
  0.590000   -0.50944480505095   -0.13829332347726   -0.31218615752752   -0.27296876485488    0.47218525898536  
  0.600000   -0.51239585640545   -0.14426456546384   -0.31637215662777   -0.27862556041943    0.48402141667490  
  0.610000   -0.51532995882218   -0.15021603363912   -0.32048241227747   -0.28423833740687    0.49533180765219  
  0.620000   -0.51824489754970   -0.15614218844209   -0.32451699578840   -0.28980175255749    0.50608357343954  
  0.630000   -0.52113847998353   -0.16203759982028   -0.32847613901174   -0.29531051597879    0.51624662131646  
  0.640000   -0.52400853645250   -0.16789695969523   -0.33236022404648   -0.30075940279193    0.52579378188485  
  0.650000   -0.52685292100197   -0.17371509356461   -0.33616977202699   -0.30614326443877    0.53470094403904  
  0.660000   -0.52966951217894   -0.17948697117777   -0.33990543110196   -0.31145703962692    0.54294716646822  
  0.670000   -0.53245621382308   -0.18520771622946   -0.34356796372304   -0.31669576489150    0.55051476502945  
  0.680000   -0.53521095586792   -0.19087261502452   -0.34715823336543   -0.32185458475441    0.55738937554331  
  0.690000   -0.53793169515542   -0.19647712407474   -0.35067719080648   -0.32692876146322    0.56355999178129  
  0.700000   -0.54061641626687   -0.20201687659800   -0.35412586009016   -0.33191368429385    0.56901897863050  
  0.710000   -0.54326313237256   -0.20748768789822   -0.35750532430639   -0.33680487840255    0.57376206063637  
  0.720000   -0.54586988610195   -0.21288555961404   -0.36081671131425   -0.34159801321415    0.57778828633546  
  0.730000   -0.54843475043572   -0.21820668283283   -0.36406117953645   -0.34628891033548    0.58109996899574  
  0.740000   -0.55095582962026   -0.22344744007562   -0.36723990395046   -0.35087355098375    0.58370260458013  
  0.750000   -0.55343126010492   -0.22860440616728   -0.37035406239777   -0.35534808292146    0.58560476793775  
  0.760000   -0.55585921150149   -0.23367434801479   -0.37340482232859   -0.35970882689052    0.58681798840519  
  0.770000   -0.55823788756508   -0.23865422332491   -0.37639332809350   -0.36395228253956    0.58735660616548  
  0.780000   -0.56056552719477   -0.24354117830020   -0.37932068888709   -0.36807513383966    0.58723761086402  
  0.790000   -0.56284040545230   -0.24833254436018   -0.38218796744154   -0.37207425398477    0.58648046411682  
  0.800000   -0.56506083459609   -0.25302583394119   -0.38499616955946   -0.37594670977420    0.58510690766630  
  0.810000   -0.56722516512803   -0.25761873543533   -0.38774623456691   -0.37968976547562    0.58314075904275  
  0.820000   -0.56933178684941   -0.26210910733464   -0.39043902675778   -0.38330088616801    0.58060769667364  
  0.830000   -0.57137912992261   -0.26649497165210   -0.39307532789056   -0.38677774056482    0.57753503644910  
  0.840000   -0.57336566593441   -0.27077450669574   -0.39565583078835   -0.39011820331855    0.57395150179836  
  0.850000   -0.57528990895669   -0.27494603927603   -0.39818113408185   -0.39332035680899    0.56988698935893  
  0.860000   -0.57715041660007   -0.27900803643026   -0.40065173812422   -0.39638249241786    0.56537233232829  
  0.870000   -0.57894579105559   -0.28295909674983   -0.40306804209524   -0.39930311129375    0.56043906357590  
  0.880000   -0.58067468011990   -0.28679794139848   -0.40543034230125   -0.40208092461174    0.55511918056262  
  0.890000   -0.58233577819868   -0.29052340491013   -0.40773883166595   -0.40471485333314    0.54944491406512  
  0.900000   -0.58392782728362   -0.29413442585575   -0.40999360039630   -0.40720402747145    0.54344850263576  
  0.910000   -0.58544961789770   -0.29763003746763   -0.41219463779684   -0.40954778487119    0.53716197464342  
  0.920000   -0.58689999000412   -0.30100935830858   -0.41434183519561   -0.41174566950758    0.53061693964045  
  0.930000   -0.58827783387388   -0.30427158307146   -0.41643498993480   -0.41379742931517    0.52384439068495  
  0.940000   -0.58958209090742   -0.30741597359157   -0.41847381036986   -0.41570301355481    0.51687451911800  
  0.950000   -0.59081175440590   -0.31044185015140   -0.42045792181228   -0.41746256972896    0.50973654315342  
  0.960000   -0.59196587028781   -0.31334858315294   -0.42238687334282   -0.41907644005605    0.50245855148472  
  0.970000   -0.59304353774701   -0.31613558522826   -0.42426014541525   -0.42054515751575    0.49506736295142  
  0.980000   -0.59404390984865   -0.31880230385383   -0.42607715816363   -0.42186944147747    0.48758840313690  
  0.990000   -0.59496619405950   -0.32134821452848   -0.42783728032101   -0.42305019292570    0.48004559859366  
  1.000000   -0.59580965270997   -0.32377281456865   -0.42953983865268   -0.42408848929618    0.47246128921158  
  1.010000   -0.59657360338526   -0.32607561756813   -0.43118412780327   -0.42498557893842    0.46485615906179  
  1.020000   -0.59725741924349   -0.32825614856255   -0.43276942045455   -0.42574287522042    0.45724918586513  
  1.030000   -0.59786052925931   -0.33031393993191   -0.43429497768889   -0.42636195029264    0.44965760905160  
  1.040000   -0.59838241839173   -0.33224852806694   -0.43576005945261   -0.42684452852933    0.44209691619758  
  1.050000   -0.59882262767539   -0.33405945081767   -0.43716393501406   -0.42719247966594    0.43458084745224  
  1.060000   -0.59918075423519   -0.33574624573506   -0.43850589331207   -0.42740781165255    0.42712141739560  
  1.070000   -0.59945645122432   -0.33730844910898   -0.43978525309321   -0.42749266324391    0.41972895360967  
  1.080000   -0.59964942768643   -0.33874559579824   -0.44100137273898   -0.42744929634798    0.41241215109158  
  1.090000   -0.59975944834313   -0.34005721984126   -0.44215365968866   -0.42728008815518    0.40517814149690  
  1.100000   -0.59978633330816   -0.34124285582829   -0.44324157936795   -0.42698752307203    0.39803257607134  
  1.110000   -0.59972995773047   -0.34230204100982   -0.44426466353984   -0.42657418448314    0.39097972101286  
  1.120000   -0.59959025136834   -0.34323431810851   -0.44522251800018   -0.42604274636660    0.38402256390394  
  1.130000   -0.59936719809740   -0.34403923879620   -0.44611482954783   -0.42539596478844    0.37716292976598  
  1.140000   -0.59906083535563   -0.34471636779148   -0.44694137216694   -0.42463666930240    0.37040160521622  
  1.150000   -0.59867125352855   -0.34526528752786   -0.44770201236712   -0.42376775428192    0.36373846915192  
  1.160000   -0.59819859527845   -0.34568560333781   -0.44839671363616   -0.42279217021170    0.35717262834695  
  1.170000   -0.59764305482147   -0.34597694909355   -0.44902553996866   -0.42171291496664    0.35070255632414  
  1.180000   -0.59700487715653   -0.34613899324158   -0.44958865844368   -0.42053302510617    0.34432623386060  
  1.190000   -0.59628435725043   -0.34617144516499   -0.45008634083353   -0.41925556721229    0.33804128949460  
  1.200000   -0.59548183918348   -0.34607406180462   -0.45051896423583   -0.41788362929962    0.33184513842992  
  1.210000   -0.59459771525995   -0.34584665446882   -0.45088701073010   -0.41642031232596    0.32573511827712  
  1.220000   -0.59363242508798   -0.34548909575965   -0.45119106606991   -0.41486872183127    0.31970862012977  
  1.230000   -0.59258645463319   -0.34500132654320   -0.45143181743063   -0.41323195973333    0.31376321354737  
  1.240000   -0.59146033525051   -0.34438336289156   -0.45161005024195   -0.41151311630720    0.30789676410362  
  1.250000   -0.59025464269838   -0.34363530292461   -0.45172664414279   -0.40971526237579    0.30210754225856  
  1.260000   -0.58896999613959   -0.34275733348130   -0.45178256810460   -0.40784144173757    0.29639432242479  
  1.270000   -0.58760705713263   -0.34174973655178   -0.45177887477648   -0.40589466385689    0.29075647121961  
  1.280000   -0.58616652861735   -0.34061289540447   -0.45171669411273   -0.40387789684164    0.28519402402581  
  1.290000   -0.58464915389840   -0.33934730034507   -0.45159722634991   -0.40179406073125    0.27970774912258  
  1.300000   -0.58305571562976   -0.33795355404834   -0.45142173440607   -0.39964602111758    0.27429919879234  
  1.310000   -0.58138703480321   -0.33643237640725   -0.45119153578001   -0.39743658311927    0.26897074695882  
  1.320000   -0.57964396974341   -0.33478460884912   -0.45090799403233   -0.39516848572897    0.26372561306412  
  1.330000   -0.57782741511181   -0.33301121807278   -0.45057250993362   -0.39284439655106    0.25856787204632  
  1.340000   -0.57593830092135   -0.33111329916671   -0.45018651236766   -0.39046690694604    0.25350245043294  
  1.350000   -0.57397759156334   -0.32909207807309   -0.44975144907885   -0.38803852759552    0.24853510871804  
  1.360000   -0.57194628484789   -0.32694891336924   -0.44926877735432   -0.38556168450022    0.24367241033961  
  1.370000   -0.56984541105837   -0.32468529734335   -0.44873995473064   -0.38303871542111    0.23892167771823  
  1.380000   -0.56767603202048   -0.32230285634828   -0.44816642981441   -0.38047186677188    0.23429093595653  
  1.390000   -0.56543924018573   -0.31980335042280   -0.44754963330389   -0.37786329096873    0.22978884492962  
  1.400000   -0.56313615772909   -0.31718867217669   -0.44689096929651   -0.37521504424120    0.22542462061897  
  1.410000   -0.56076793565986   -0.31446084494185   -0.44619180696335   -0.37252908490571    0.22120794665432  
  1.420000   -0.55833575294480   -0.31162202019811   -0.44545347266771   -0.36980727210096    0.21714887712956  
  1.430000   -0.55584081564196   -0.30867447428839   -0.44467724259985   -0.36705136498233    0.21325773184793  
  1.440000   -0.55328435604346   -0.30562060444381   -0.44386433599450   -0.36426302236996    0.20954498522827  
  1.450000   -0.55066763182516   -0.30246292414489   -0.44301590899154   -0.36144380284298    0.20602115016759  
  1.460000   -0.54799192520098   -0.29920405785046   -0.44213304919360   -0.35859516527028    0.20269665820397  
  1.470000   -0.54525854207927   -0.29584673513086   -0.44121677096701   -0.35571846976585    0.19958173735901  
  1.480000   -0.54246881121852   -0.29239378424667   -0.44026801152533   -0.35281497905477    0.19668628905894  
  1.490000   -0.53962408337958   -0.28884812521839   -0.43928762782642   -0.34988586023384    0.19401976553897  
  1.500000   -0.53672573047138   -0.28521276243645   -0.43827639430612   -0.34693218690890    0.19159104912623  
  1.510000   -0.53377514468709   -0.28149077686397   -0.43723500146337   -0.34395494168924    0.18940833477264  
  1.520000   -0.53077373762766   -0.27768531788786   -0.43616405530314   -0.34095501901748    0.18747901717134  
  1.530000   -0.52772293940962   -0.27379959487576   -0.43506407763519   -0.33793322831208    0.18580958373818  
  1.540000   -0.52462419775407   -0.26983686849850   -0.43393550721858   -0.33489029739802    0.18440551467542  
  1.550000   -0.52147897705410   -0.26580044187864   -0.43277870173353   -0.33182687619991    0.18327119125737  
  1.560000   -0.51828875741752   -0.26169365162652   -0.43159394055452   -0.32874354067090    0.18240981338909  
  1.570000   -0.51505503368250   -0.25751985882542   -0.43038142829091   -0.32564079692945    0.18182332739025  
  1.580000   -0.51177931440364   -0.25328244002692   -0.42914129905415   -0.32251908557576    0.18151236484765  
  1.590000   -0.50846312080610   -0.24898477831669   -0.42787362140399   -0.31937878615861    0.18147619326297  
  1.600000   -0.50510798570614   -0.24463025450950   -0.42657840391988   -0.31622022176333    0.18171267909850  
  1.610000   -0.50171545239618   -0.24022223853029   -0.42525560133805   -0.31304366369126    0.18221826369404  
  1.620000   -0.49828707349332   -0.23576408103588   -0.42390512118966   -0.30984933620111    0.18298795239407  
  1.630000   -0.49482440975027   -0.23125910532871   -0.42252683087137   -0.30663742128285    0.18401531708735  
  1.640000   -0.49132902882826   -0.22671059961129   -0.42112056507546   -0.30340806343508    0.18529251222270  
  1.650000   -0.48780250403164   -0.22212180962586   -0.41968613350415   -0.30016137441756    0.18681030422560  
  1.660000   -0.48424641300473   -0.21749593172022   -0.41822332879037   -0.29689743795111    0.18855811410334  
  1.670000   -0.48066233639132   -0.21283610637630   -0.41673193454574   -0.29361631433829    0.19052407289114  
  1.680000   -0.47705185645824   -0.20814541223336   -0.41521173345603   -0.29031804497915    0.19269508946113  
  1.690000   -0.47341655568446   -0.20342686063343   -0.41366251534423   -0.28700265675776    0.19505693009045  
  1.700000   -0.46975801531775   -0.19868339071120   -0.41208408512260   -0.28367016627668    0.19759430906594  
  1.710000   -0.46607781390147   -0.19391786504613   -0.41047627055628   -0.28032058391782    0.20029098949146  
  1.720000   -0.46237752577421   -0.18913306588894   -0.40883892976373   -0.27695391771033    0.20312989336161  
  1.730000   -0.45865871954578   -0.18433169197016   -0.40717195838222   -0.27357017698739    0.20609321987320  
  1.740000   -0.45492295655302   -0.17951635589285   -0.40547529633036   -0.27016937581624    0.20916257086363  
  1.750000   -0.45117178929966   -0.17468958210702   -0.40374893410385   -0.26675153618727    0.21231908219533  
  1.760000   -0.44740675988458   -0.16985380545822   -0.40199291854600   -0.26331669095050    0.21554355984686  
  1.770000   -0.44362939842311   -0.16501137029817   -0.40020735803949   -0.25986488648963    0.21881661942601  
  1.780000   -0.43984122146648   -0.16016453014088   -0.39839242707234   -0.25639618512607    0.22211882778754  
  1.790000   -0.43604373042464   -0.15531544784329   -0.39654837013702   -0.25291066724759    0.22543084541917  
  1.800000   -0.43223840999784   -0.15046619628572   -0.39467550492848   -0.24940843315839    0.22873356825375  
  1.810000   -0.42842672662273   -0.14561875952373   -0.39277422481402   -0.24588960464950    0.23200826757335  
  1.820000   -0.42461012693864   -0.14077503437952   -0.39084500055484   -0.24235432629074    0.23523672669212  
  1.830000   -0.42079003627996   -0.13593683243826   -0.38888838126669   -0.23880276644730    0.23840137313881  
  1.840000   -0.41696785720048   -0.13110588241221   -0.38690499461435   -0.23523511802638    0.24148540510707  
  1.850000   -0.41314496803562   -0.12628383283315   -0.38489554624198   -0.23165159896092    0.24447291099993  
  1.860000   -0.40932272150834   -0.12147225503211   -0.38286081844905   -0.22805245243965    0.24734898096585  
  1.870000   -0.40550244338462   -0.11667264636409   -0.38080166812821   -0.22443794689431    0.25009980940445  
  1.880000   -0.40168543118392   -0.11188643363452   -0.37871902398902   -0.22080837575647    0.25271278751108  
  1.890000   -0.39787295295026   -0.10711497668379   -0.37661388309761   -0.21716405699795    0.25517658502916  
  1.900000   -0.39406624608903   -0.10235957208646   -0.37448730676913   -0.21350533247042    0.25748122048680  
  1.910000   -0.39026651627451   -0.09762145692175   -0.37234041585541   -0.20983256706058    0.25961811930867  
  1.920000   -0.38647493643263   -0.09290181257328   -0.37017438547613   -0.20614614767875    0.26158015931378  
  1.930000   -0.38269264580349   -0.08820176851689   -0.36799043924637   -0.20244648209938    0.26336170323416  
  1.940000   -0.37892074908732   -0.08352240605719   -0.36578984305819   -0.19873399767285    0.26495861801663  
  1.950000   -0.37516031567747   -0.07886476197563   -0.36357389847751   -0.19500913992839    0.26636828079866  
  1.960000   -0.37141237898361   -0.07422983205483   -0.36134393582090   -0.19127237108837    0.26758957157909  
  1.970000   -0.36767793584748   -0.06961857444704   -0.35910130697934   -0.18752416851435    0.26862285273266  
  1.980000   -0.36395794605355   -0.06503191285701   -0.35684737805808   -0.18376502310551    0.26946993564407  
  1.990000   -0.36025333193602   -0.06047073951322   -0.35458352190281   -0.17999543766943    0.27013403486040  
  2.000000   -0.35656497808336   -0.05593591790427   -0.35231111058288   -0.17621592528559    0.27061971027884  
  2.010000   -0.35289373114085   -0.05142828526120   -0.35003150790232   -0.17242700768059    0.27093279800009  
  2.020000   -0.34924039971116   -0.04694865476975   -0.34774606200832   -0.16862921363429    0.27108033058305  
  2.030000   -0.34560575435256   -0.04249781750073   -0.34545609816552   -0.16482307743457    0.27107044753500  
  2.040000   -0.34199052767348   -0.03807654405013   -0.34316291176222   -0.16100913739776    0.27091229696048  
  2.050000   -0.33839541452207   -0.03368558588445   -0.34086776161188   -0.15718793447073    0.27061592937179  
  2.060000   -0.33482107226855   -0.02932567639074   -0.33857186360986   -0.15336001092923    0.27019218473337  
  2.070000   -0.33126812117770   -0.02499753163422   -0.33627638480138   -0.14952590918581    0.26965257387040  
  2.080000   -0.32773714486860   -0.02070185083014   -0.33398243791253   -0.14568617071928    0.26900915541890  
  2.090000   -0.32422869085783   -0.01643931653988   -0.33169107639079   -0.14184133513599    0.26827440952943  
  2.100000   -0.32074327118236   -0.01221059460479   -0.32940328999662   -0.13799193937178    0.26746110955879  
  2.110000   -0.31728136309767   -0.00801633383391   -0.32712000098182   -0.13413851704169    0.26658219299482  
  2.120000   -0.31384340984637   -0.00385716546507   -0.32484206088443   -0.13028159794282    0.26565063285712  
  2.130000   -0.31042982149222    0.00026629757908   -0.32257024796366   -0.12642170771409    0.26467931080183  
  2.140000   -0.30704097581419    0.00435346161584   -0.32030526529217   -0.12255936765489    0.26368089313277  
  2.150000   -0.30367721925496    0.00840375328214   -0.31804773951617   -0.11869509470277    0.26266771088250  
  2.160000   -0.30033886791792    0.01241662074140   -0.31579822028763   -0.11482940156878    0.26165164507765  
  2.170000   -0.29702620860674    0.01639153498859   -0.31355718036611   -0.11096279702731    0.26064401824283  
  2.180000   -0.29373949990132    0.02032799122361   -0.31132501638135   -0.10709578635569    0.25965549312709  
  2.190000   -0.29047897326385    0.02422551026253   -0.30910205024149   -0.10322887191708    0.25869597955753  
  2.200000   -0.28724483416878    0.02808363995584   -0.30688853116555   -0.09936255387913    0.25777455023691  
  2.210000   -0.28403726325039    0.03190195658331   -0.30468463831312   -0.09549733105893    0.25689936620659  
  2.220000   -0.28085641746173    0.03568006619517   -0.30249048397862   -0.09163370188386    0.25607761259468  
  2.230000   -0.27770243123886    0.03941760587053   -0.30030611731214   -0.08777216545677    0.25531544516175  
  2.240000   -0.27457541766436    0.04311424486478   -0.29813152852447   -0.08391322271253    0.25461794804522  
  2.250000   -0.27147546962433    0.04676968561960   -0.29596665352936   -0.08005737765251    0.25398910298881  
  2.260000   -0.26840266095329    0.05038366461058   -0.29381137897235   -0.07620513864240    0.25343177022691  
  2.270000   -0.26535704756166    0.05395595300987   -0.29166554759226   -0.07235701975819    0.25294768107628  
  2.280000   -0.26233866854074    0.05748635714351   -0.28952896385870   -0.06851354216490    0.25253744217042  
  2.290000   -0.25934754724047    0.06097471872551   -0.28740139982687   -0.06467523551182    0.25220055115681  
  2.300000   -0.25638369231569    0.06442091485384   -0.28528260114935   -0.06084263932828    0.25193542356403  
  2.310000   -0.25344709873672    0.06782485775603   -0.28317229318364   -0.05701630440361    0.25173943043737  
  2.320000   -0.25053774876081    0.07118649427563   -0.28107018713411   -0.05319679413508    0.25160894623711  
  2.330000   -0.24765561286124    0.07450580509344   -0.27897598616687   -0.04938468582816    0.25153940639598  
  2.340000   -0.24480065061119    0.07778280368122   -0.27688939143756   -0.04558057193328    0.25152537384061  
  2.350000   -0.24197281152024    0.08101753498841   -0.27481010797303   -0.04178506120438    0.25156061369876  
  2.360000   -0.23917203582148    0.08421007386598   -0.27273785035028   -0.03799877976484    0.25163817533869  
  2.370000   -0.23639825520785    0.08736052323479   -0.27067234811845   -0.03422237206729    0.25175048082154  
  2.380000   -0.23365139351680    0.09046901200870   -0.26861335091292   -0.03045650173464    0.25188941879148  
  2.390000   -0.23093136736255    0.09353569278628   -0.26656063321396   -0.02670185227099    0.25204644278266  
  2.400000   -0.22823808671613    0.09656073932750   -0.26451399870667   -0.02295912763168    0.25221267288708  
  2.410000   -0.22557145543327    0.09954434383459   -0.26247328420323   -0.01922905264345    0.25237899970347  
  2.420000   -0.22293137173106    0.10248671405930   -0.26043836309316   -0.01551237326676    0.25253618947413  
  2.430000   -0.22031772861444    0.10538807026036   -0.25840914829274   -0.01180985669355    0.25267498931532  
  2.440000   -0.21773041425396    0.10824864203795   -0.25638559466962   -0.00812229127545    0.25278623145573  
  2.450000   -0.21516931231689    0.11106866507301   -0.25436770092444   -0.00445048627856    0.25286093541820  
  2.460000   -0.21263430225353    0.11384837780138   -0.25235551091697   -0.00079527146266    0.25289040711054  
  2.470000   -0.21012525954151    0.11658801805366   -0.25034911442981    0.00284250351607    0.25286633383267  
  2.480000   -0.20764205589050    0.11928781969271   -0.24834864736853    0.00646196987785    0.25278087425817  
  2.490000   -0.20518455941058    0.12194800928131   -0.24635429140307    0.01006224066576    0.25262674250840  
  2.500000   -0.20275263474718    0.12456880281263   -0.24436627306037    0.01364241186191    0.25239728550606  
  2.510000   -0.20034614318598    0.12715040253635   -0.24238486228413    0.01720156366852    0.25208655287125  
  2.520000   -0.19796494273128    0.12969299391237   -0.24041037048266    0.02073876194738    0.25168935870655  
  2.530000   -0.19560888816118    0.13219674272383   -0.23844314809072    0.02425305981005    0.25120133470649  
  2.540000   -0.19327783106332    0.13466179237951   -0.23648358167624    0.02774349934991    0.25061897412144  
  2.550000   -0.19097161985463    0.13708826143471   -0.23453209062675    0.03120911350603    0.24993966620389  
  2.560000   -0.18869009978870    0.13947624135768   -0.23258912345488    0.03464892804767    0.24916172086671  
  2.570000   -0.18643311295427    0.14182579456676   -0.23065515376531    0.03806196366765    0.24828438338594  
  2.580000   -0.18420049826824    0.14413695276105   -0.22873067592891    0.04144723817139    0.24730783908503  
  2.590000   -0.18199209146657    0.14640971556500   -0.22681620051254    0.04480376874842    0.24623320804130  
  2.600000   -0.17980772509604    0.14864404950431   -0.22491224951477    0.04813057431186    0.24506252995804  
  2.610000   -0.17764722851006    0.15083988732788   -0.22301935145956    0.05142667789148    0.24379873944615  
  2.620000   -0.17551042787114    0.15299712768705   -0.22113803640095    0.05469110906524    0.24244563205636  
  2.630000   -0.17339714616258    0.15511563518046   -0.21926883089238    0.05792290641408    0.24100782149569  
  2.640000   -0.17130720321174    0.15719524076919   -0.21741225297389    0.06112111998475    0.23949068854968  
  2.650000   -0.16924041572682    0.15923574256360   -0.21556880723038    0.06428481374529    0.23790032231337  
  2.660000   -0.16719659734902    0.16123690697960   -0.21373897997251    0.06741306801818    0.23624345440867  
  2.670000   -0.16517555872133    0.16319847025894   -0.21192323459037    0.07050498187623    0.23452738693307  
  2.680000   -0.16317710757540    0.16512014034406   -0.21012200712811    0.07355967548680    0.23275991494351  
  2.690000   -0.16120104883702    0.16700159909536   -0.20833570212464    0.07657629239057    0.23094924432932  
  2.700000   -0.15924718475105    0.16884250483483   -0.20656468876300    0.07955400170132    0.22910390596942  
  2.710000   -0.15731531502580    0.17064249519724   -0.20480929736715    0.08249200021438    0.22723266710020  
  2.720000   -0.15540523699693    0.17240119026681   -0.20306981628127    0.08538951441192    0.22534444084214  
  2.730000   -0.15351674581051    0.17411819597463   -0.20134648916250    0.08824580235410    0.22344819484500  
  2.740000   -0.15164963462452    0.17579310772944   -0.19963951271353    0.09106015544646    0.22155286001310  
  2.750000   -0.14980369482795    0.17742551425203   -0.19794903487691    0.09383190007442    0.21966724026373  
  2.760000   -0.14797871627626    0.17901500158148   -0.19627515350789    0.09656039909731    0.21779992425384  
  2.770000   -0.14617448754189    0.18056115721957   -0.19461791553780    0.09924505319523    0.21595919998233  
  2.780000   -0.14439079617802    0.18206357437834   -0.19297731663458    0.10188530206343    0.21415297313855  
  2.790000   -0.14262742899397    0.18352185629452   -0.19135330136241    0.10448062544967    0.21238869002207  
  2.800000   -0.14088417234000    0.18493562057377   -0.18974576383665    0.10703054403188    0.21067326580476  
  2.810000   -0.13916081239959    0.18630450352709   -0.18815454886585    0.10953462013396    0.20901301884495  
  2.820000   -0.13745713548669    0.18762816446182   -0.18657945356720    0.11199245827925    0.20741361169533  
  2.830000   -0.13577292834577    0.18890628988963   -0.18502022943728    0.11440370558214    0.20587999937121  
  2.840000   -0.13410797845213    0.19013859761463   -0.18347658485532    0.11676805197953    0.20441638536661  
  2.850000   -0.13246207430999    0.19132484066552   -0.18194818799191    0.11908523030485    0.20302618582071  
  2.860000   -0.13083500574592    0.19246481103707   -0.18043467009199    0.12135501620855    0.20171200214974  
  2.870000   -0.12922656419504    0.19355834320760   -0.17893562909754    0.12357722792983    0.20047560236863  
  2.880000   -0.12763654297775    0.19460531740126   -0.17745063357193    0.12575172592542    0.19931791123448  
  2.890000   -0.12606473756440    0.19560566256575   -0.17597922688488    0.12787841236204    0.19823900925111  
  2.900000   -0.12451094582584    0.19655935903887   -0.17452093161494    0.12995723047983    0.19723814048103  
  2.910000   -0.12297496826758    0.19746644087983   -0.17307525412400    0.13198816383504    0.19631372901978  
  2.920000   -0.12145660824566    0.19832699784412   -0.17164168925707    0.13397123543052    0.19546340389824  
  2.930000   -0.11995567216240    0.19914117698398   -0.17021972511935    0.13590650674331    0.19468403209199  
  2.940000   -0.11847196964031    0.19990918385965   -0.16880884788231    0.13779407665893    0.19397175923476  
  2.950000   -0.11700531367284    0.20063128335016   -0.16740854657021    0.13963408032238    0.19332205755497  
  2.960000   -0.11555552075067    0.20130780005575   -0.16601831777908    0.14142668791595    0.19272978048265  
  2.970000   -0.11412241096267    0.20193911828776   -0.16463767028101    0.14317210337424    0.19218922330791  
  2.980000   -0.11270580807067    0.20252568164534   -0.16326612946814    0.14487056304666    0.19169418921333  
  2.990000   -0.11130553955761    0.20306799218215   -0.16190324159244    0.14652233431773    0.19123805995113  
  3.000000   -0.10992143664886    0.20356660916946   -0.16054857775978    0.14812771419527    0.19081387039229  
  3.010000   -0.10855333430672    0.20402214746611   -0.15920173763946    0.14968702787633    0.19041438613981  
  3.020000   -0.10720107119834    0.20443527550876   -0.15786235285341    0.15120062730045    0.19003218337154  
  3.030000   -0.10586448963770    0.20480671293943   -0.15653009001278    0.15266888969944    0.18965973006044  
  3.040000   -0.10454343550230    0.20513722789045   -0.15520465337331    0.15409221615219    0.18928946771151  
  3.050000   -0.10323775812570    0.20542763394985   -0.15388578708494    0.15547103015278    0.18891389275480  
  3.060000   -0.10194731016712    0.20567878683295   -0.15257327701530    0.15680577619936    0.18852563674352  
  3.070000   -0.10067194745958    0.20589158078852   -0.15126695213118    0.15809691841068    0.18811754452423  
  3.080000   -0.09941152883821    0.20606694477005   -0.14996668542666    0.15934493917639    0.18768274957287  
  3.090000   -0.09816591595072    0.20620583840453   -0.14867239439122    0.16055033784672    0.18721474572555  
  3.100000   -0.09693497305187    0.20630924779294   -0.14738404101577    0.16171362946603    0.18670745457544  
  3.110000   -0.09571856678425    0.20637818117798   -0.14610163133942    0.16283534355433    0.18615528785775  
  3.120000   -0.09451656594766    0.20641366451528   -0.14482521454425    0.16391602293982    0.18555320420130  
  3.130000   -0.09332884125937    0.20641673698548   -0.14355488161002    0.16495622264484    0.18489675968840  
  3.140000   -0.09215526510789    0.20638844648435   -0.14229076354515    0.16595650882678    0.18418215173313  
  3.150000   -0.09099571130259    0.20632984512857   -0.14103302921441    0.16691745777487    0.18340625586150  
  3.160000   -0.08985005482192    0.20624198481390   -0.13978188278793    0.16783965496282    0.18256665505370  
  3.170000   -0.08871817156265    0.20612591286234   -0.13853756083965    0.16872369415678    0.18166166138902  
  3.180000   -0.08759993809261    0.20598266779323   -0.13730032912695    0.16957017657729    0.18069032981625  
  3.190000   -0.08649523140959    0.20581327525226   -0.13607047908611    0.17037971011332    0.17965246395617  
  3.200000   -0.08540392870862    0.20561874413057   -0.13484832408105    0.17115290858595    0.17854861392658  
  3.210000   -0.08432590716005    0.20540006290406   -0.13363419544503    0.17189039105855    0.17738006626450  
  3.220000   -0.08326104370054    0.20515819622079   -0.13242843835714    0.17259278119017    0.17614882610222  
  3.230000   -0.08220921483907    0.20489408176201   -0.13123140759642    0.17326070662814    0.17485759183418  
  3.240000   -0.08117029647980    0.20460862739940   -0.13004346321798    0.17389479843567    0.17350972258934  
  3.250000   -0.08014416376350    0.20430270866832   -0.12886496619569    0.17449569055006    0.17210919889674  
  3.260000   -0.07913069092913    0.20397716657372   -0.12769627407639    0.17506401926675    0.17066057700133  
  3.270000   -0.07812975119674    0.20363280574215   -0.12653773668995    0.17560042274447    0.16916893735099  
  3.280000   -0.07714121667285    0.20327039292991   -0.12538969195904    0.17610554052664    0.16763982783343  
  3.290000   -0.07616495827920    0.20289065589400   -0.12425246185093    0.17658001307408    0.16607920239349  
  3.300000   -0.07520084570534    0.20249428262903   -0.12312634851231    0.17702448130440    0.16449335570599  
  3.310000   -0.07424874738559    0.20208192096981   -0.12201163062566    0.17743958613333    0.16288885461649  
  3.320000   -0.07330853050033    0.20165417855584   -0.12090856002371    0.17782596801372    0.16127246709228  
  3.330000   -0.07238006100165    0.20121162315046   -0.11981735859530    0.17818426646783    0.15965108944724  
  3.340000   -0.07146320366284    0.20075478330432   -0.11873821551316    0.17851511960939    0.15803167261816  
  3.350000   -0.07055782215118    0.20028414934930   -0.11767128481045    0.17881916365167    0.15642114827520  
  3.360000   -0.06966377912320    0.19980017470632   -0.11661668332943    0.17909703239883    0.15482635554644  
  3.370000   -0.06878093634125    0.19930327748732   -0.11557448906156    0.17934935671767    0.15325396912542  
  3.380000   -0.06790915481025    0.19879384236914   -0.11454473989430    0.17957676398794    0.15171042951132  
  3.390000   -0.06704829493291    0.19827222271475   -0.11352743277582    0.17977987752943    0.15020187610507  
  3.400000   -0.06619821668202    0.19773874291468   -0.11252252330416    0.17995931600505    0.14873408384990  
  3.410000   -0.06535877978774    0.19719370092017   -0.11152992574346    0.18011569279906    0.14731240406418  
  3.420000   -0.06452984393807    0.19663737093730   -0.11054951346515    0.18024961537091    0.14594171006611  
  3.430000   -0.06371126899030    0.19607000625074   -0.10958111980789    0.18036168458501    0.14462634813628  
  3.440000   -0.06290291519130    0.19549184214400   -0.10862453934565    0.18045249401772    0.14337009430483  
  3.450000   -0.06210464340427    0.19490309888319   -0.10767952954944    0.18052262924336    0.14217611738584  
  3.460000   -0.06131631533972    0.19430398473022   -0.10674581282383    0.18057266710131    0.14104694861358  
  3.470000   -0.06053779378808    0.19369469895193   -0.10582307889625    0.18060317494701    0.13998445816380  
  3.480000   -0.05976894285184    0.19307543479166   -0.10491098753294    0.18061470989008    0.13898983876928  
  3.490000   -0.05900962817450    0.19244638237046   -0.10400917155265    0.18060781802315    0.13806359656291  
  3.500000   -0.05825971716424    0.19180773148628   -0.10311724010611    0.18058303364531    0.13720554920517  
  3.510000   -0.05751907920982    0.19115967428047   -0.10223478218661    0.18054087848477    0.13641483127557  
  3.520000   -0.05678758588667    0.19050240774287   -0.10136137033514    0.18048186092503    0.13568990683150  
  3.530000   -0.05606511115088    0.18983613602829   -0.10049656450122    0.18040647523977    0.13502858896323  
  3.540000   -0.05535153151928    0.18916107255958   -0.09963991601969    0.18031520084126    0.13442806610087  
  3.550000   -0.05464672623358    0.18847744189456   -0.09879097166224    0.18020850154768    0.13388493475972  
  3.560000   -0.05395057740713    0.18778548133704   -0.09794927772210    0.18008682487447    0.13339523834415  
  3.570000   -0.05326297015251    0.18708544227463   -0.09711438409013    0.17995060135503    0.13295451156881  
  3.580000   -0.05258379268892    0.18637759122902   -0.09628584828077    0.17980024389610    0.13255782999912  
  3.590000   -0.05191293642807    0.18566221060765   -0.09546323936692    0.17963614717272    0.13219986416175  
  3.600000   -0.05125029603782    0.18493959914876   -0.09464614178412    0.17945868706797    0.13187493763111  
  3.610000   -0.05059576948277    0.18421007205493   -0.09383415896559    0.17926822016212    0.13157708845872  
  3.620000   -0.04994925804150    0.18347396081384   -0.09302691677194    0.17906508327562    0.13130013328111  
  3.630000   -0.04931066630024    0.18273161270793   -0.09222406668119    0.17884959307020    0.13103773341701  
  3.640000   -0.04867990212289    0.18198339001813   -0.09142528870767    0.17862204571187    0.13078346224737  
  3.650000   -0.04805687659789    0.18122966893004   -0.09063029402110    0.17838271659909    0.13053087316241  
  3.660000   -0.04744150396214    0.18047083815401   -0.08983882724016    0.17813186015923    0.13027356735721  
  3.670000   -0.04683370150310    0.17970729727356   -0.08905066837874    0.17786970971566    0.13000526076339  
  3.680000   -0.04623338943959    0.17893945483960   -0.08826563442617    0.17759647742749    0.12971984941699  
  3.690000   -0.04564049078282    0.17816772623051   -0.08748358054681    0.17731235430355    0.12941147258292  
  3.700000   -0.04505493117875    0.17739253130057   -0.08670440088833    0.17701751029120    0.12907457298371  
  3.710000   -0.04447663873350    0.17661429184165   -0.08592802899191    0.17671209444073    0.12870395351422  
  3.720000   -0.04390554382339    0.17583342888510   -0.08515443780177    0.17639623514484    0.12829482986411  
  3.730000   -0.04334157889154    0.17505035987223   -0.08438363927553    0.17607004045265    0.12784287851631  
  3.740000   -0.04278467823298    0.17426549572382   -0.08361568360086    0.17573359845684    0.12734427964101  
  3.750000   -0.04223477777044    0.17347923783964   -0.08285065802804    0.17538697775226    0.12679575446112  
  3.760000   -0.04169181482287    0.17269197506032   -0.08208868533178    0.17503022796343    0.12619459672553  
  3.770000   -0.04115572786917    0.17190408062431   -0.08132992191951    0.17466338033841    0.12553869799064  
  3.780000   -0.04062645630916    0.17111590915262   -0.08057455560670    0.17428644840550    0.12482656647728  
  3.790000   -0.04010394022439    0.17032779369450   -0.07982280308333    0.17389942868918    0.12405733933908  
  3.800000   -0.03958812014092    0.16954004286632   -0.07907490709854    0.17350230148130    0.12323078824875  
  3.810000   -0.03907893679645    0.16875293811529   -0.07833113339319    0.17309503166280    0.12234731827951  
  3.820000   -0.03857633091412    0.16796673113882   -0.07759176741275    0.17267756957145    0.12140796012970  
  3.830000   -0.03808024298502    0.16718164148865   -0.07685711083488    0.17224985191059    0.12041435580861  
  3.840000   -0.03759061306167    0.16639785438744   -0.07612747794781    0.17181180269345    0.11936873796967  
  3.850000   -0.03710738056432    0.16561551878361   -0.07540319191714    0.17136333421796    0.11827390314351  
  3.860000   -0.03663048410209    0.16483474566789   -0.07468458097968    0.17090434806637    0.11713317918591  
  3.870000   -0.03615986131045    0.16405560667271   -0.07397197460328    0.17043473612429    0.11595038731540  
  3.880000   -0.03569544870682    0.16327813297304   -0.07326569965230    0.16995438161355    0.11472979917027  
  3.890000   -0.03523718156547    0.16250231450436   -0.07256607659759    0.16946316013346    0.11347608936494  
  3.900000   -0.03478499381299    0.16172809951048   -0.07187341580978    0.16896094070511    0.11219428407080  
  3.910000   -0.03433881794526    0.16095539443095   -0.07118801397328    0.16844758681353    0.11088970618569  
  3.920000   -0.03389858496667    0.16018406413445   -0.07051015065739    0.16792295744266    0.10956791768933  
  3.930000   -0.03346422435221    0.15941393250141   -0.06984008507871    0.16738690809839    0.10823465980874  
  3.940000   -0.03303566403258    0.15864478335581   -0.06917805308751    0.16683929181528    0.10689579163725  
  3.950000   -0.03261283040250    0.15787636174256   -0.06852426440796    0.16627996014272    0.10555722786409  
  3.960000   -0.03219564835210    0.15710837554411   -0.06787890015938    0.16570876410677    0.10422487627732  
  3.970000   -0.03178404132089    0.15634049742591   -0.06724211068308    0.16512555514429    0.10290457570180  
  3.980000   -0.03137793137381    0.15557236709812   -0.06661401369564    0.16453018600639    0.10160203502621  
  3.990000   -0.03097723929854    0.15480359387703   -0.06599469278658    0.16392251162858    0.10032277395775  
  4.000000   -0.03058188472289    0.15403375952759   -0.06538419627433    0.16330238996543    0.09907206612225  
  4.010000   -0.03019178625131    0.15326242136510   -0.06478253643105    0.16266968278826    0.09785488509884  
  4.020000   -0.02980686161881    0.15248911559192   -0.06418968908281    0.16202425644437    0.09667585394478  
  4.030000   -0.02942702786094    0.15171336084281   -0.06360559358798    0.16136598257717    0.09553919872610  
  4.040000   -0.02905220149793    0.15093466191019   -0.06303015319261    0.16069473880682    0.09444870652466  
  4.050000   -0.02868229873119    0.15015251361923   -0.06246323575777    0.16001040937142    0.09340768834262  
  4.060000   -0.02831723565015    0.14936640482066   -0.06190467485020    0.15931288572920    0.09241894727135  
  4.070000   -0.02795692844728    0.14857582246863   -0.06135427118375    0.15860206712270    0.09148475223413  
  4.080000   -0.02760129363927    0.14778025574936   -0.06081179439554    0.15787786110591    0.09060681755152  
  4.090000   -0.02725024829187    0.14697920022635   -0.06027698513753    0.15714018403616    0.08978628851544  
  4.100000   -0.02690371024635    0.14617216196724   -0.05974955746092    0.15638896153231    0.08902373309318  
  4.110000   -0.02656159834518    0.14535866161767   -0.05922920146790    0.15562412890155    0.08831913981730  
  4.120000   -0.02622383265470    0.14453823838774   -0.05871558620262    0.15484563153689    0.08767192185152  
  4.130000   -0.02589033468238    0.14371045391761   -0.05820836275093    0.15405342528789    0.08708092715697  
  4.140000   -0.02556102758675    0.14287489598941   -0.05770716751623    0.15324747680706    0.08654445461940  
  4.150000   -0.02523583637761    0.14203118205435   -0.05721162563741    0.15242776387468    0.08606027593497  
  4.160000   -0.02491468810465    0.14117896254519   -0.05672135451310    0.15159427570455    0.08562566299240  
  4.170000   -0.02459751203253    0.14031792394630   -0.05623596739573    0.15074701323340    0.08523742043221  
  4.180000   -0.02428423980059    0.13944779159563   -0.05575507701827    0.14988598939637    0.08489192301030  
  4.190000   -0.02397480556576    0.13856833219519   -0.05527829921628    0.14901122939111    0.08458515734407  
  4.200000   -0.02366914612688    0.13767935600935   -0.05480525650792    0.14812277093263    0.08431276757463  
  4.210000   -0.02336720102957    0.13678071873295   -0.05433558159537    0.14722066450109    0.08407010443952  
  4.220000   -0.02306891265015    0.13587232301412   -0.05386892075180    0.14630497358418    0.08385227721628  
  4.230000   -0.02277422625814    0.13495411961990   -0.05340493705947    0.14537577491580    0.08365420796952  
  4.240000   -0.02248309005634    0.13402610823573   -0.05294331346601    0.14443315871203    0.08347068751224  
  4.250000   -0.02219545519829    0.13308833789333   -0.05248375562804    0.14347722890552    0.08329643247661  
  4.260000   -0.02191127578271    0.13214090702459   -0.05202599451340    0.14250810337861    0.08312614288060  
  4.270000   -0.02163050882511    0.13118396314257   -0.05156978873604    0.14152591419531    0.08295455957435  
  4.280000   -0.02135311420667    0.13021770215383   -0.05111492660020    0.14053080783208    0.08277652095424  
  4.290000   -0.02107905460086    0.12924236730969   -0.05066122783360    0.13952294540645    0.08258701834330  
  4.300000   -0.02080829537853    0.12825824780708   -0.05020854499282    0.13850250290256    0.08238124945342  
  4.310000   -0.02054080449238    0.12726567705277   -0.04975676452719    0.13746967139210    0.08215466936795  
  4.320000   -0.02027655234175    0.12626503060761   -0.04930580749109    0.13642465724870    0.08190303851212  
  4.330000   -0.02001551161917    0.12525672383028   -0.04885562989850    0.13536768235359    0.08162246711312  
  4.340000   -0.01975765714009    0.12424120924248   -0.04840622271675    0.13429898428977    0.08130945569130  
  4.350000   -0.01950296565735    0.12321897363990   -0.04795761150076    0.13321881652175    0.08096093116815  
  4.360000   -0.01925141566224    0.12219053497554   -0.04750985567233    0.13212744855765    0.08057427822519  
  4.370000   -0.01900298717400    0.12115643904355   -0.04706304745270    0.13102516608989    0.08014736560003  
  4.380000   -0.01875766151981    0.12011725599372   -0.04661731046043    0.12991227111088    0.07967856706112  
  4.390000   -0.01851542110740    0.11907357670769   -0.04617279798969    0.12878908199947    0.07916677686049  
  4.400000   -0.01827624919234    0.11802600906928   -0.04572969098754    0.12765593357426    0.07861141952333  
  4.410000   -0.01804012964248    0.11697517416181   -0.04528819575167    0.12651317710925    0.07801245389420  
  4.420000   -0.01780704670148    0.11592170242587   -0.04484854137310    0.12536118030772    0.07737037142129  
  4.430000   -0.01757698475398    0.11486622981099   -0.04441097695055    0.12420032723000    0.07668618872123  
  4.440000   -0.01734992809451    0.11380939395446   -0.04397576860591    0.12303101817082    0.07596143452811  
  4.450000   -0.01712586070241    0.11275183041998   -0.04354319633178    0.12185366948225    0.07519813118937  
  4.460000   -0.01690476602478    0.11169416902816   -0.04311355070413    0.12066871333827    0.07439877092887  
  4.470000   -0.01668662676983    0.11063703030940   -0.04268712949401    0.11947659743722    0.07356628715218  
  4.480000   -0.01647142471218    0.10958102210878   -0.04226423421353    0.11827778463885    0.07270402112082  
  4.490000   -0.01625914051238    0.10852673637041   -0.04184516663186    0.11707275253285    0.07181568437019  
  4.500000   -0.01604975355203    0.10747474612707   -0.04143022529706    0.11586199293624    0.07090531728982  
  4.510000   -0.01584324178626    0.10642560271872   -0.04101970209967    0.11464601131743    0.06997724432373  
  4.520000   -0.01563958161483    0.10537983326115   -0.04061387891325    0.11342532614525    0.06903602628285  
  4.530000   -0.01543874777318    0.10433793838330   -0.04021302434647    0.11220046816185    0.06808641029031  
  4.540000   -0.01524071324424    0.10330039024933   -0.03981739063972    0.11097197957880    0.06713327790372  
  4.550000   -0.01504544919201    0.10226763087842   -0.03942721073829    0.10974041319649    0.06618159197554  
  4.560000   -0.01485292491740    0.10124007077260   -0.03904269557148    0.10850633144750    0.06523634282429  
  4.570000   -0.01466310783662    0.10021808785944   -0.03866403156575    0.10727030536521    0.06430249429421  
  4.580000   -0.01447596348242    0.09920202675398   -0.03829137841668    0.10603291347974    0.06338493028007  
  4.590000   -0.01429145552799    0.09819219834046   -0.03792486714250    0.10479474064379    0.06248840228677  
  4.600000   -0.01410954583324    0.09718887967195   -0.03756459843864    0.10355637679183    0.06161747857991  
  4.610000   -0.01393019451301    0.09619231418253   -0.03721064134970    0.10231841563667    0.06077649546482  
  4.620000   -0.01375336002631    0.09520271220389   -0.03686303227204    0.10108145330804    0.05996951120660  
  4.630000   -0.01357899928585    0.09422025177517   -0.03652177429677    0.09984608693862    0.05920026307373  
  4.640000   -0.01340706778656    0.09324507973243   -0.03618683689916    0.09861291320350    0.05847212795286  
  4.650000   -0.01323751975187    0.09227731306111   -0.03585815597739    0.09738252681953    0.05778808694245  
  4.660000   -0.01307030829611    0.09131704049282   -0.03553563423954    0.09615551901175    0.05715069428930  
  4.670000   -0.01290538560164    0.09036432432528   -0.03521914193434    0.09493247595458    0.05656205098428  
  4.680000   -0.01274270310853    0.08941920244247   -0.03490851791773    0.09371397719568    0.05602378328268  
  4.690000   -0.01258221171522    0.08848169051013   -0.03460357104371    0.09250059407110    0.05553702636136  
  4.700000   -0.01242386198788    0.08755178432029   -0.03430408186480    0.09129288812044    0.05510241326933  
  4.710000   -0.01226760437648    0.08662946225737   -0.03400980462405    0.09009140951116    0.05472006927118  
  4.720000   -0.01211338943534    0.08571468785729   -0.03372046951797    0.08889669548126    0.05438961162541  
  4.730000   -0.01196116804588    0.08480741243048   -0.03343578520651    0.08770926880976    0.05411015478112  
  4.740000   -0.01181089163947    0.08390757771929   -0.03315544154414    0.08652963632446    0.05388032091935  
  4.750000   -0.01166251241794    0.08301511856025   -0.03287911250359    0.08535828745638    0.05369825570820  
  4.760000   -0.01151598356967    0.08212996552174   -0.03260645926211    0.08419569285022    0.05356164908598  
  4.770000   -0.01137125947900    0.08125204748835   -0.03233713341806    0.08304230303997    0.05346776083379  
  4.780000   -0.01122829592689    0.08038129416390   -0.03207078030500    0.08189854719858    0.05341345064841  
  4.790000   -0.01108705028074    0.07951763846609   -0.03180704236879    0.08076483197020    0.05339521237969  
  4.800000   -0.01094748167149    0.07866101878741   -0.03154556257321    0.07964154039306    0.05340921205316  
  4.810000   -0.01080955115623    0.07781138109813   -0.03128598779884    0.07852903092073    0.05345132925969  
  4.820000   -0.01067322186458    0.07696868086944   -0.03102797220064    0.07742763654875    0.05351720145954  
  4.830000   -0.01053845912741    0.07613288479652   -0.03077118048938    0.07633766405298    0.05360227071838  
  4.840000   -0.01040523058659    0.07530397230387   -0.03051529110377    0.07525939334562    0.05370183236885  
  4.850000   -0.01027350628457    0.07448193681749   -0.03025999924046    0.07419307695360    0.05381108507223  
  4.860000   -0.01014325873291    0.07366678679110   -0.03000501971126    0.07313893962380    0.05392518174155  
  4.870000   -0.01001446295902    0.07285854647625   -0.02975008959820    0.07209717805826    0.05403928078022  
  4.880000   -0.00988709653064    0.07205725642918   -0.02949497067958    0.07106796078186    0.05414859708859  
  4.890000   -0.00976113955762    0.07126297374986   -0.02923945160223    0.07005142814406    0.05424845229507  
  4.900000   -0.00963657467119    0.07047577205164   -0.02898334977798    0.06904769245526    0.05433432367865  
  4.910000   -0.00951338698057    0.06969574116309   -0.02872651298512    0.06805683825735    0.05440189126509  
  4.920000   -0.00939156400759    0.06892298656598   -0.02846882065880    0.06707892272732    0.05444708260045  
  4.930000   -0.00927109559972    0.06815762857681   -0.02821018485731    0.06611397621140    0.05446611473177  
  4.940000   -0.00915197382239    0.06739980128146   -0.02795055089463    0.06516200288668    0.05445553295618  
  4.950000   -0.00903419283161    0.06664965123571   -0.02768989763320    0.06422298154596    0.05441224593540  
  4.960000   -0.00891774872817    0.06590733594657   -0.02742823743402    0.06329686650077    0.05433355681276  
  4.970000   -0.00880263939470    0.06517302215168   -0.02716561576504    0.06238358859659    0.05421719001363  
  4.980000   -0.00868886431724    0.06444688391674   -0.02690211047204    0.06148305633351    0.05406131345710  
  4.990000   -0.00857642439298    0.06372910057209   -0.02663783071987    0.06059515708473    0.05386455595667  
  5.000000   -0.00846532172619    0.06301985451220   -0.02637291561506    0.05971975840463    0.05362601963961  
  5.010000   -0.00835555941407    0.06231932888260   -0.02610753252427    0.05885670941742    0.05334528726842  
  5.020000   -0.00824714132484    0.06162770518055   -0.02584187510603    0.05800584227684    0.05302242440243  
  5.030000   -0.00814007187006    0.06094516079659   -0.02557616107620    0.05716697368684    0.05265797639310  
  5.040000   -0.00803435577358    0.06027186652470   -0.02531062973016    0.05633990647264    0.05225296026123  
  5.050000   -0.00792999783920    0.05960798406938   -0.02504553924755    0.05552443119141    0.05180885155939  
  5.060000   -0.00782700271942    0.05895366357819   -0.02478116380707    0.05472032777134    0.05132756637551  
  5.070000   -0.00772537468754    0.05830904122785   -0.02451779054130    0.05392736716783    0.05081143868544  
  5.080000   -0.00762511741538    0.05767423689184   -0.02425571636276    0.05314531302531    0.05026319331082  
  5.090000   -0.00752623375871    0.05704935191659   -0.02399524469387    0.05237392333337    0.04968591478535  
  5.100000   -0.00742872555262    0.05643446703236   -0.02373668213443    0.05161295206578    0.04908301247473  
  5.110000   -0.00733259341877    0.05582964042359   -0.02348033510082    0.05086215079139    0.04845818233499  
  5.120000   -0.00723783658654    0.05523490598214   -0.02322650647141    0.05012127024600    0.04781536572847  
  5.130000   -0.00714445272971    0.05465027176477   -0.02297549227269    0.04939006185468    0.04715870574701  
  5.140000   -0.00705243782041    0.05407571867450   -0.02272757843989    0.04866827919468    0.04649250151716  
  5.150000   -0.00696178600179    0.05351119938316   -0.02248303768545    0.04795567938922    0.04582116098257  
  5.160000   -0.00687248948063    0.05295663750991   -0.02224212650744    0.04725202442353    0.04514915267340  
  5.170000   -0.00678453844104    0.05241192706830   -0.02200508236841    0.04655708237475    0.04448095698212  
  5.180000   -0.00669792098012    0.05187693219131   -0.02177212107364    0.04587062854848    0.04382101746886  
  5.190000   -0.00661262306624    0.05135148714148   -0.02154343437567    0.04519244651509    0.04317369271763  
  5.200000   -0.00652862852033    0.05083539660995   -0.02131918782944    0.04452232904033    0.04254320925755  
  5.210000   -0.00644591902055    0.05032843630552   -0.02109951892013    0.04386007890515    0.04193361605028  
  5.220000   -0.00636447413015    0.04983035383190   -0.02088453548274    0.04320550961103    0.04134874102693  
  5.230000   -0.00628427134847    0.04934086984816   -0.02067431442955    0.04255844596775    0.04079215013433  
  5.240000   -0.00620528618444    0.04885967950479   -0.02046890079847    0.04191872456176    0.04026710932268  
  5.250000   -0.00612749225200    0.04838645414455   -0.02026830713194    0.04128619410417    0.03977654987380  
  5.260000   -0.00605086138660    0.04792084325494   -0.02007251319271    0.04066071565846    0.03932303743273  
  5.270000   -0.00597536378142    0.04746247665600   -0.01988146601937    0.04004216274909    0.03890874506449  
  5.280000   -0.00590096814237    0.04701096690519   -0.01969508032095    0.03943042135286    0.03853543061438  
  5.290000   -0.00582764185996    0.04656591189822   -0.01951323920662    0.03882538977626    0.03820441860309  
  5.300000   -0.00575535119679    0.04612689764313   -0.01933579524279    0.03822697842265    0.03791658683895  
  5.310000   -0.00568406148850    0.04569350118245   -0.01916257182699    0.03763510945413    0.03767235787887  
  5.320000   -0.00561373735638    0.04526529363699   -0.01899336486412    0.03704971635383    0.03747169541697  
  5.330000   -0.00554434292959    0.04484184334331   -0.01882794472817    0.03647074339496    0.03731410562737  
  5.340000   -0.00547584207473    0.04442271905561   -0.01866605848900    0.03589814502390    0.03719864343417  
  5.350000   -0.00540819863045    0.04400749318198   -0.01850743238160    0.03533188516513    0.03712392362933  
  5.360000   -0.00534137664501    0.04359574502454   -0.01835177449218    0.03477193645635    0.03708813670711  
  5.370000   -0.00527534061418    0.04318706399241   -0.01819877763394    0.03421827942271    0.03708906923379  
  5.380000   -0.00521005571727    0.04278105275669   -0.01804812238258    0.03367090159949    0.03712412852320  
  5.390000   -0.00514548804889    0.04237733031691   -0.01789948024074    0.03312979661271    0.03719037134290  
  5.400000   -0.00508160484419    0.04197553494892   -0.01775251689874    0.03259496322773    0.03728453633341  
  5.410000   -0.00501837469516    0.04157532700522   -0.01760689555813    0.03206640437565    0.03740307978384  
  5.420000   -0.00495576775606    0.04117639153993   -0.01746228028400    0.03154412616765    0.03754221437199  
  5.430000   -0.00489375593561    0.04077844073203   -0.01731833935153    0.03102813690722    0.03769795044614  
  5.440000   -0.00483231307422    0.04038121608222   -0.01717474855242    0.03051844611016    0.03786613939949  
  5.450000   -0.00477141510436    0.03998449036089   -0.01703119442718    0.03001506354208    0.03804251866649  
  5.460000   -0.00471104019229    0.03958806928674   -0.01688737738999    0.02951799828246    0.03822275785419  
  5.470000   -0.00465116885995    0.03919179291824   -0.01674301471393    0.02902725782461    0.03840250551027  
  5.480000   -0.00459178408534    0.03879553674237   -0.01659784334586    0.02854284721952    0.03857743602376  
  5.490000   -0.00453287138063    0.03839921244846   -0.01645162252174    0.02806476827193    0.03874329615384  
  5.500000   -0.00447441884698    0.03800276837727   -0.01630413615544    0.02759301879557    0.03889595068727  
  5.510000   -0.00441641720531    0.03760618963882   -0.01615519497630    0.02712759193444    0.03903142673503  
  5.520000   -0.00435885980285    0.03720949789560   -0.01600463839305    0.02666847555576    0.03914595619429  
  5.530000   -0.00430174259506    0.03681275081086   -0.01585233606489    0.02621565171982    0.03923601592254  
  5.540000   -0.00424506410304    0.03641604116478   -0.01569818916301    0.02576909623099    0.03929836519560  
  5.550000   -0.00418882534675    0.03601949564479   -0.01554213130948    0.02532877827310    0.03933008005148  
  5.560000   -0.00413302975458    0.03562327331915   -0.01538412918318    0.02489466013190    0.03932858415585  
  5.570000   -0.00407768304990    0.03522756380611   -0.01522418278639    0.02446669700609    0.03929167586277  
  5.580000   -0.00402279311573    0.03483258515398   -0.01506232536863    0.02404483690755    0.03921755118583  
  5.590000   -0.00396836983863    0.03443858145005   -0.01489862300817    0.02362902065071    0.03910482243870  
  5.600000   -0.00391442493327    0.03404582017939   -0.01473317385490    0.02321918192975    0.03895253235144  
  5.610000   -0.00386097174922    0.03365458935653   -0.01456610704194    0.02281524748181    0.03876016351701  
  5.620000   -0.00380802506184    0.03326519445588   -0.01439758127641    0.02241713733316    0.03852764307338  
  5.630000   -0.00375560084906    0.03287795516819   -0.01422778312357    0.02202476512485    0.03825534257717  
  5.640000   -0.00370371605631    0.03249320201282   -0.01405692500107    0.02163803851322    0.03794407307694  
  5.650000   -0.00365238835168    0.03211127283651   -0.01388524290368    0.02125685964025    0.03759507544506  
  5.660000   -0.00360163587365    0.03173250923110   -0.01371299388101    0.02088112566775    0.03721000607843  
  5.670000   -0.00355147697391    0.03135725290316   -0.01354045329391    0.02051072936907    0.03679091812731  
  5.680000   -0.00350192995747    0.03098584202954   -0.01336791187691    0.02014555977130    0.03634023845964  
  5.690000   -0.00345301282284    0.03061860763283   -0.01319567263668    0.01978550284051    0.03586074061322  
  5.700000   -0.00340474300460    0.03025587001102   -0.01302404761766    0.01943044220212    0.03535551403142  
  5.710000   -0.00335713712091    0.02989793525509   -0.01285335456790    0.01908025988850    0.03482792991699  
  5.720000   -0.00331021072844    0.02954509188769   -0.01268391353889    0.01873483710516    0.03428160407480  
  5.730000   -0.00326397808706    0.02919760765534   -0.01251604345398    0.01839405500721    0.03372035714621  
  5.740000   -0.00321845193671    0.02885572650485   -0.01235005868053    0.01805779547754    0.03314817266500  
  5.750000   -0.00317364328852    0.02851966577360   -0.01218626564067    0.01772594189818    0.03256915338826  
  5.760000   -0.00312956123242    0.02818961362110   -0.01202495949560    0.01739837990649    0.03198747637317  
  5.770000   -0.00308621276307    0.02786572672733   -0.01186642093728    0.01707499812805    0.03140734728414  
  5.780000   -0.00304360262595    0.02754812828092   -0.01171091312067    0.01675568887830    0.03083295442225  
  5.790000   -0.00300173318509    0.02723690627763   -0.01155867876812    0.01644034882551    0.03026842297180  
  5.800000   -0.00296060431405    0.02693211214682   -0.01140993747602    0.01612887960803    0.02971776995601  
  5.810000   -0.00292021331107    0.02663375972061   -0.01126488325162    0.01582118839919    0.02918486038608  
  5.820000   -0.00288055483951    0.02634182455723   -0.01112368230578    0.01551718841400    0.02867336507466  
  5.830000   -0.00284162089426    0.02605624362694   -0.01098647112498    0.01521679935229    0.02818672056674  
  5.840000   -0.00280340079455    0.02577691536536   -0.01085335484293    0.01491994777362    0.02772809161828  
  5.850000   -0.00276588120343    0.02550370009586   -0.01072440592927    0.01462656740013    0.02730033662504  
  5.860000   -0.00272904617384    0.02523642081891   -0.01059966320968    0.01433659934424    0.02690597637284  
  5.870000   -0.00269287722109    0.02497486436316   -0.01047913122839    0.01404999225873    0.02654716644443  
  5.880000   -0.00265735342104    0.02471878288944   -0.01036277996066    0.01376670240793    0.02622567357916  
  5.890000   -0.00262245153339    0.02446789573544   -0.01025054487921    0.01348669365918    0.02594285623918  
  5.900000   -0.00258814614891    0.02422189158581   -0.01014232737517    0.01320993739492    0.02569964959112  
  5.910000   -0.00255440985943    0.02398043094903   -0.01003799553032    0.01293641234625    0.02549655506449  
  5.920000   -0.00252121344903    0.02374314891972   -0.00993738523418    0.01266610435006    0.02533363459973  
  5.930000   -0.00248852610490    0.02350965820192   -0.00984030163553    0.01239900603219    0.02521050964831  
  5.940000   -0.00245631564576    0.02327955236667   -0.00974652091506    0.01213511642016    0.02512636493653  
  5.950000   -0.00242454876596    0.02305240931462   -0.00965579236223    0.01187444048969    0.02507995695416  
  5.960000   -0.00239319129296    0.02282779491249   -0.00956784073632    0.01161698864986    0.02506962707815  
  5.970000   -0.00236220845582    0.02260526677017   -0.00948236888907    0.01136277617246    0.02509331919256  
  5.980000   -0.00233156516228    0.02238437812421   -0.00939906062301    0.01111182257162    0.02514860161750  
  5.990000   -0.00230122628178    0.02216468179164   -0.00931758375784    0.01086415094053    0.02523269311422  
  6.000000   -0.00227115693184    0.02194573415783   -0.00923759337447    0.01061978725213    0.02534249268975  
  6.010000   -0.00224132276504    0.02172709916108   -0.00915873520465    0.01037875963150    0.02547461288377  
  6.020000   -0.00221169025396    0.02150835223674   -0.00908064913274    0.01014109760767    0.02562541618352  
  6.030000   -0.00218222697136    0.02128908418382   -0.00900297277457    0.00990683135290    0.02579105417872  
  6.040000   -0.00215290186282    0.02106890491726   -0.00892534509782    0.00967599091756    0.02596750903938  
  6.050000   -0.00212368550933    0.02084744707033   -0.00884741004752    0.00944860546907    0.02615063687410  
  6.060000   -0.00209455037724    0.02062436941241   -0.00876882014022    0.00922470254289    0.02633621250658  
  6.070000   -0.00206547105315    0.02039936004915   -0.00868923999066    0.00900430731388    0.02651997519236  
  6.080000   -0.00203642446126    0.02017213937371   -0.00860834973507    0.00878744189583    0.02669767478761  
  6.090000   -0.00200739006131    0.01994246274002   -0.00852584831642    0.00857412467698    0.02686511787658  
  6.100000   -0.00197835002481    0.01971012283117   -0.00844145659795    0.00836436969869    0.02701821336450  
  6.110000   -0.00194928938790    0.01947495169902   -0.00835492027300    0.00815818608428    0.02715301704770  
  6.120000   -0.00192019617924    0.01923682245361   -0.00826601254113    0.00795557752441    0.02726577468342  
  6.130000   -0.00189106152144    0.01899565058450   -0.00817453652260    0.00775654182474    0.02735296309716  
  6.140000   -0.00186187970496    0.01875139489900   -0.00808032738585    0.00756107052125    0.02741132888563  
  6.150000   -0.00183264823359    0.01850405806599   -0.00798325416537    0.00736914856758    0.02743792429861  
  6.160000   -0.00180336784081    0.01825368675748   -0.00788322125035    0.00718075409831    0.02743013991225  
  6.170000   -0.00177404247666    0.01800037138370   -0.00778016952756    0.00699585827115    0.02738573374010  
  6.180000   -0.00174467926506    0.01774424542107   -0.00767407716547    0.00681442519024    0.02730285646516  
  6.190000   -0.00171528843162    0.01748548433651   -0.00756496002994    0.00663641191208    0.02718007251708  
  6.200000   -0.00168588320256    0.01722430411476   -0.00745287172548    0.00646176853450    0.02701637676216  
  6.210000   -0.00165647967526    0.01696095939938   -0.00733790325979    0.00629043836843    0.02681120661972  
  6.220000   -0.00162709666147    0.01669574126163   -0.00722018233285    0.00612235819129    0.02656444946657  
  6.230000   -0.00159775550446    0.01642897461471   -0.00709987225575    0.00595745858007    0.02627644524074  
  6.240000   -0.00156847987147    0.01616101529453   -0.00697717050786    0.00579566432112    0.02594798420614  
  6.250000   -0.00153929552322    0.01589224683089   -0.00685230694477    0.00563689489306    0.02558029989063  
  6.260000   -0.00151023006242    0.01562307693629   -0.00672554167267    0.00548106501847    0.02517505726101  
  6.270000   -0.00148131266335    0.01535393374208   -0.00659716260836    0.00532808527906    0.02473433624839  
  6.280000   -0.00145257378484    0.01508526181421   -0.00646748274719    0.00517786278852    0.02426061078666  
  6.290000   -0.00142404486912    0.01481751798299   -0.00633683716404    0.00503030191665    0.02375672357399  
  6.300000   -0.00139575802919    0.01455116702315   -0.00620557977532    0.00488530505760    0.02322585681260  
  6.310000   -0.00136774572733    0.01428667722205   -0.00607407989242    0.00474277343470    0.02267149922464  
  6.320000   -0.00134004044777    0.01402451587527   -0.00594271859900    0.00460260793393    0.02209740968158  
  6.330000   -0.00131267436622    0.01376514474924   -0.00581188498659    0.00446470995766    0.02150757782022  
  6.340000   -0.00128567901931    0.01350901555174   -0.00568197228427    0.00432898228997    0.02090618205122  
  6.350000   -0.00125908497695    0.01325656545068   -0.00555337391964    0.00419532996484    0.02029754539319  
  6.360000   -0.00123292152035    0.01300821268160   -0.00542647954865    0.00406366112814    0.01968608958957  
  6.370000   -0.00120721632890    0.01276435228380   -0.00530167109285    0.00393388788462    0.01907628798370  
  6.380000   -0.00118199517847    0.01252535200382   -0.00517931882221    0.00380592712081    0.01847261764150  
  6.390000   -0.00115728165413    0.01229154840372   -0.00505977752156    0.00367970129517    0.01787951121954  
  6.400000   -0.00113309687964    0.01206324320993   -0.00494338277799    0.00355513918686    0.01730130907995  
  6.410000   -0.00110945926646    0.01184069993605   -0.00483044742516    0.00343217659483    0.01674221215128  
  6.420000   -0.00108638428428    0.01162414081036   -0.00472125817950    0.00331075697926    0.01620623602745  
  6.430000   -0.00106388425523    0.01141374403589   -0.00461607250054    0.00319083203773    0.01569716678394  
  6.440000   -0.00104196817354    0.01120964140681   -0.00451511570597    0.00307236220890    0.01521851897230  
  6.450000   -0.00102064155199    0.01101191630085   -0.00441857836874    0.00295531709702    0.01477349623069  
  6.460000   -0.00099990629613    0.01082060206189   -0.00432661402007    0.00283967581065    0.01436495491855  
  6.470000   -0.00097976060687    0.01063568078111   -0.00423933717856    0.00272542720993    0.01399537114922  
  6.480000   -0.00096019891134    0.01045708247694   -0.00415682172055    0.00261257005647    0.01366681155286  
  6.490000   -0.00094121182115    0.01028468466566   -0.00407909960164    0.00250111306087    0.01338090805478  
  6.500000   -0.00092278611644    0.01011831230271   -0.00400615993245    0.00239107482263    0.01313883689891  
  6.510000   -0.00090490475284    0.00995773806203   -0.00393794840436    0.00228248365817    0.01294130208270  
  6.520000   -0.00088754688750    0.00980268290395   -0.00387436705156    0.00217537731266    0.01278852329521  
  6.530000   -0.00087068791826    0.00965281686349   -0.00381527432510    0.00206980255258    0.01268022836409  
  6.540000   -0.00085429952903    0.00950775996797   -0.00376048544255    0.00196581463679    0.01261565011617  
  6.550000   -0.00083834973165    0.00936708316824   -0.00370977296202    0.00186347666605    0.01259352743928  
  6.560000   -0.00082280289314    0.00923030914013   -0.00366286751423    0.00176285881402    0.01261211019761  
  6.570000   -0.00080761973476    0.00909691278565   -0.00361945860918    0.00166403744656    0.01266916750051  
  6.580000   -0.00079275728781    0.00896632123870   -0.00357919541756    0.00156709414277    0.01276199865762  
  6.590000   -0.00077816878970    0.00883791316263   -0.00354168741236    0.00147211463852    0.01288744597973  
  6.600000   -0.00076380350435    0.00871101712261   -0.00350650474635    0.00137918772323    0.01304190841927  
  6.610000   -0.00074960645231    0.00858490883314   -0.00347317823940    0.00128840413181    0.01322135491004  
  6.620000   -0.00073551804075    0.00845880712871   -0.00344119886181    0.00119985548616    0.01342133619579  
  6.630000   -0.00072147359108    0.00833186859583   -0.00341001663085    0.00111363335236    0.01363699397708  
  6.640000   -0.00070740277379    0.00820318094687   -0.00337903889434    0.00102982848944    0.01386306641001  
  6.650000   -0.00069322897691    0.00807175542127   -0.00334762806416    0.00094853037051    0.01409388942155  
  6.660000   -0.00067886865651    0.00793651877194   -0.00331509898811    0.00086982705431    0.01432339402508  
  6.670000   -0.00066423074408    0.00779630573434   -0.00328071631398    0.00079380547110    0.01454510087807  
  6.680000   -0.00064921621680    0.00764985327053   -0.00324369240180    0.00072055215916    0.01475211474393  
  6.690000   -0.00063371796900    0.00749579830698   -0.00320318657086    0.00065015444403    0.01493712328143  
  6.700000   -0.00061762115444    0.00733268110300   -0.00315830670916    0.00058270199201    0.01509240660000  
  6.710000   -0.00060080419444    0.00715895673871   -0.00310811449753    0.00051828859437    0.01520986611872  
  6.720000   -0.00058314066051    0.00697301742550   -0.00305163567124    0.00045701395416    0.01528108318549  
  6.730000   -0.00056450223604    0.00677322833266   -0.00298787681228    0.00039898516214    0.01529741929529  
  6.740000   -0.00054476293265    0.00655797930381   -0.00291585008465    0.00034431747515    0.01525017015933  
  6.750000   -0.00052380467738    0.00632575412520   -0.00283460704247    0.00029313396278    0.01513078485618  
  6.760000   -0.00050152429346    0.00607521784895   -0.00274328211521    0.00024556358400    0.01493115840484  
  6.770000   -0.00047784176800    0.00580532105156   -0.00264114558410    0.00020173730852    0.01464400101808  
  6.780000   -0.00045270954052    0.00551541786302   -0.00252766481538    0.00016178201924    0.01426327990937  
  6.790000   -0.00042612236354    0.00520539224846   -0.00240257125777    0.00012581212648    0.01378472003569  
  6.800000   -0.00039812709785    0.00487578455165   -0.00226592933361    0.00009391908410    0.01320633913574  
  6.810000   -0.00036883162973    0.00452790798587   -0.00211820199457    0.00006615930602    0.01252898086167  
  6.820000   -0.00033841196115    0.00416394290388   -0.00196030655037    0.00004254130591    0.01175679908256  
  6.830000   -0.00030711645280    0.00378699564921   -0.00179365361410    0.00002301318369    0.01089763822798  
  6.840000   -0.00027526621964    0.00340110891924   -0.00162016184190    0.00000745181089    0.00996325061340  
  6.850000   -0.00024325080847    0.00301121212694   -0.00144224175076   -0.00000434482559    0.00896929367822  
  6.860000   -0.00021151853759    0.00262300337582   -0.00126274338537   -0.00001266071598    0.00793505916778  
  6.870000   -0.00018056124570    0.00224275933562   -0.00108486498991   -0.00001785919334    0.00688290297640  
  6.880000   -0.00015089366327    0.00187707529041   -0.00091202302128   -0.00002037384245    0.00583736814769  
  6.890000   -0.00012302814786    0.00153254447796   -0.00074768758981   -0.00002069282175    0.00482402281731  
  6.900000   -0.00009744606708    0.00121539290741   -0.00059519138383   -0.00001933718063    0.00386806702208  
  6.910000   -0.00007456760820    0.00093109235086   -0.00045752388808   -0.00001683450203    0.00299279375719  
  6.920000   -0.00005472217856    0.00068397931990   -0.00033712576348   -0.00001368988696    0.00221801641246  
  6.930000   -0.00003812177784    0.00047691078096   -0.00023570015289   -0.00001035682436    0.00155859275704  
  6.940000   -0.00002483972457    0.00031098752281   -0.00015405804193   -0.00000721076640    0.00102318158601  
  6.950000   -0.00001479688186    0.00018537312778   -0.00009201340989   -0.00000452819391    0.00061335980962  
  6.960000   -0.00000775705224    0.00009723042916   -0.00004834073166   -0.00000247358188    0.00032320463180  
  6.970000   -0.00000333253086    0.00004178855976   -0.00002080263861   -0.00000109598257    0.00013940892387  
  6.980000   -0.00000099997821    0.00001254297468   -0.00000624963451   -0.00000033599928    0.00004195123723  
  6.990000   -0.00000012588039    0.00000157922532   -0.00000078728881   -0.00000004283512    0.00000528998324  
  7.000000   -0.00000000000000    0.00000000000000    0.00000000000000    0.00000000000000   -0.00000000000000  
