0	0.023147760304294693
1	0.0212693666015494
2	0.019713282996701022
3	0.018519443667335152
4	0.017709933541346125
5	0.017181760630568144
6	0.01673923768649156
7	0.01630063537853966
8	0.015882970910925078
9	0.015515300252081385
10	0.015213384605718031
11	0.014979657872614915
12	0.014807476890850433
13	0.01468549048894558
14	0.014600866675608887
15	0.014541382263260004
16	0.014496727018055362
17	0.014458630546786167
18	0.01442051177701897
19	0.014377426945884956
20	0.014326213946134472
21	0.01426532901437245
22	0.014194318013915581
23	0.01411329632367666
24	0.014022653671656747
25	0.013922916167755109
26	0.013814618450954084
27	0.013698174156687552
28	0.013573811893663896
29	0.013441592660424847
30	0.013301451836673422
31	0.013153223558062449
32	0.012996678227330997
33	0.012831625440662745
34	0.012658090044469732
35	0.012476507277451133
36	0.012287853766849405
37	0.012093654502631493
38	0.0118958574884318
39	0.011696634943977335
40	0.01149825062996937
41	0.011303024521296482
42	0.011113218140898311
43	0.010930800542384054
44	0.010757303330721921
45	0.010593900374360182
46	0.010441391958276902
47	0.010299970094285979
48	0.010169206771700452
49	0.010048397127106408
50	0.009936797903205029
51	0.00983363180210368
52	0.009738148163401211
53	0.00964976655832876
54	0.009568063560109466
55	0.009492678719119916
56	0.009423304591983993
57	0.009359653613087326
58	0.00930132646687393
59	0.009247736985726285
60	0.009198168439000664
61	0.009151872597252097
62	0.009108191940109409
63	0.009066710115266916
64	0.009027328920620158
65	0.008990209502274757
66	0.00895565437918523
67	0.008923995723878708
68	0.008895491575662422
69	0.008870265212902097
70	0.008848317430393412
71	0.008829557948946342
72	0.008813810210252264
73	0.008800817787457211
74	0.008790267988511201
75	0.00878181142141112
76	0.008775087279935541
77	0.008769769961945822
78	0.00876560451814661
79	0.008762403614719156
80	0.008760027299442334
81	0.008758364298547844
82	0.008757309685568041
83	0.008756747629543508
84	0.008756554047664932
85	0.008756607939598012
86	0.00875679592294111
87	0.008757015616764775
88	0.008757183032961946
89	0.00875723696350506
90	0.008757140015726708
91	0.008756881659178522
92	0.008756478869529958
93	0.008755968725538141
94	0.00875539758205882
95	0.008754811818923526
96	0.008754249739916866
97	0.008753736198858717
98	0.008753282332241404
99	0.008752887990079049
100	0.008752544476211956
101	0.008752238491839669
102	0.00875195671548097
103	0.008751689074500798
104	0.00875143080707184
105	0.00875118316921586
106	0.008750951499954241
107	0.008750741771981976
108	0.008750558046907731
109	0.008750401150748289
110	0.008750268443731762
111	0.008750155162777442
112	0.008750056238249601
113	0.008749967124522699
114	0.008749884136763149
115	0.008749804862762113
116	0.008749728204673861
117	0.008749654272620349
118	0.00874958444762184
119	0.008749520933395987
120	0.008749465718249543
121	0.008749419806950643
122	0.008749382920806974
123	0.008749353505786372
124	0.008749329250130932
125	0.008749307854948036
126	0.00874928749238719
127	0.00874926698171761
128	0.008749245846648039
129	0.008749224168328773
130	0.00874920235460523
131	0.008749180968754816
132	0.008749160529802487
133	0.008749141334811564
134	0.008749123430863549
135	0.008749106676457133
136	0.008749090851121827
137	0.008749075803733982
138	0.008749061528003246
139	0.00874904814696042
140	0.008749035881201324
141	0.008749024990186007
142	0.008749015695381262
143	0.00874900813161869
144	0.008749002300230409
145	0.008748998035032957
146	0.008748995039852991
147	0.00874899296749713
148	0.008748991496539809
149	0.00874899040102233
150	0.008748989569418632
151	0.00874898896138737
152	0.008748988560798381
153	0.008748988346808855
154	0.00874898827887532
155	0.00874898830655086
156	0.008748988383549238
157	0.008748988465526832
158	0.008748988508471056
159	0.008748988473021174
160	0.008748988329186474
161	0.008748988065864109
162	0.008748987695904166
163	0.008748987248380078
164	0.00874898675755787
165	0.008748986253145545
166	0.008748985753584987
167	0.00874898526696756
168	0.00874898479515804
169	0.008748984337527885
170	0.008748983895301723
171	0.008748983473525483
172	0.00874898308059701
173	0.008748982727012222
174	0.008748982421706044
175	0.008748982168715785
176	0.008748981966901584
177	0.008748981810632042
178	0.008748981691610442
179	0.00874898160132971
180	0.008748981531826721
181	0.008748981476188899
182	0.008748981429530296
183	0.008748981389024685
184	0.008748981353623375
185	0.008748981323237313
186	0.00874898129707956
187	0.008748981272985427
188	0.008748981247985843
189	0.008748981219302246
190	0.00874898118553198
191	0.00874898114704663
192	0.008748981105381559
193	0.008748981062553556
194	0.008748981020493192
195	0.008748980980776151
196	0.008748980944624866
197	0.008748980912810629
198	0.008748980885580189
199	0.008748980862716154
200	0.008748980843674026
201	0.008748980827870186
202	0.008748980814869191
203	0.008748980804390703
204	0.008748980796277468
205	0.008748980790386088
206	0.008748980786497489
207	0.008748980784306049
208	0.00874898078338904
209	0.008748980783256841
210	0.008748980783466982
211	0.008748980783688628
212	0.00874898078376272
213	0.008748980783681847
214	0.008748980783502289
215	0.008748980783290908
216	0.00874898078308363
217	0.008748980782873372
218	0.00874898078261669
219	0.008748980782235292
220	0.008748980781640424
221	0.008748980780769664
222	0.008748980779617055
223	0.008748980778246044
224	0.00874898077675642
225	0.008748980775242353
226	0.008748980773771352
227	0.008748980772374095
228	0.0087489807710616
229	0.008748980769840918
230	0.008748980768719791
231	0.008748980767703368
232	0.008748980766800123
233	0.008748980766016984
234	0.008748980765363687
235	0.008748980764844962
236	0.008748980764457214
237	0.008748980764186409
238	0.008748980764008383
239	0.008748980763894545
240	0.008748980763819787
241	0.0087489807637625
242	0.008748980763708858
243	0.008748980763655368
244	0.008748980763602286
245	0.008748980763552747
246	0.008748980763508165
247	0.008748980763465452
248	0.008748980763420003
249	0.00874898076336927
250	0.008748980763310545
251	0.008748980763243932
252	0.008748980763172596
253	0.008748980763099781
254	0.008748980763031221
255	0.00874898076297023
256	0.008748980762921665
257	0.00874898076288398
258	0.00874898076285671
259	0.0087489807628372
260	0.008748980762822968
261	0.008748980762813234
262	0.008748980762806691
263	0.008748980762803268
264	0.008748980762802101
265	0.008748980762802266
266	0.008748980762803107
267	0.008748980762802781
268	0.00874898076280184
269	0.008748980762798918
270	0.008748980762793184
271	0.00874898076278615
272	0.00874898076277752
273	0.00874898076276751
274	0.00874898076275819
275	0.008748980762748644
276	0.008748980762739349
277	0.008748980762731486
278	0.008748980762723773
279	0.008748980762716973
280	0.008748980762710495
281	0.008748980762704753
282	0.008748980762700644
283	0.008748980762696798
284	0.00874898076269439
285	0.008748980762692595
286	0.008748980762692132
287	0.008748980762690399
288	0.008748980762690366
289	0.008748980762690636
290	0.00874898076268948
291	0.008748980762689585
292	0.008748980762689085
293	0.008748980762688967
294	0.008748980762689658
295	0.00874898076268893
296	0.00874898076268889
297	0.008748980762689275
298	0.00874898076268872
299	0.008748980762688503
300	0.00874898076268843
301	0.00874898076268837
302	0.008748980762687248
303	0.008748980762687136
304	0.008748980762687144
305	0.008748980762686882
306	0.008748980762686622
307	0.008748980762686202
308	0.008748980762685965
309	0.008748980762685597
310	0.008748980762685455
311	0.008748980762685455
312	0.008748980762685175
313	0.008748980762685224
314	0.00874898076268511
315	0.008748980762685153
316	0.00874898076268546
317	0.008748980762684863
318	0.008748980762685155
319	0.008748980762685172
320	0.00874898076268502
321	0.008748980762685082
322	0.008748980762684738
323	0.008748980762684846
324	0.008748980762684563
325	0.00874898076268466
326	0.008748980762684743
327	0.008748980762684848
328	0.008748980762684743
329	0.008748980762684678
330	0.008748980762684658
331	0.00874898076268488
332	0.008748980762684778
333	0.008748980762684877
334	0.008748980762684403
335	0.008748980762684443
336	0.008748980762684277
337	0.008748980762684738
338	0.008748980762684332
339	0.008748980762684726
340	0.008748980762684697
341	0.00874898076268479
342	0.00874898076268491
343	0.008748980762684773
344	0.008748980762684896
345	0.008748980762684495
346	0.00874898076268454
347	0.008748980762684579
348	0.008748980762684454
349	0.00874898076268414
350	0.008748980762684624
351	0.008748980762684525
352	0.008748980762684253
353	0.008748980762684693
354	0.008748980762684579
355	0.008748980762684783
356	0.008748980762684334
357	0.008748980762684601
358	0.008748980762684544
359	0.008748980762684832
360	0.008748980762684705
361	0.008748980762684273
362	0.008748980762684353
363	0.008748980762684678
364	0.008748980762684998
365	0.008748980762684344
366	0.008748980762684577
367	0.008748980762684436
368	0.008748980762684776
369	0.008748980762684912
370	0.008748980762684742
371	0.008748980762684613
372	0.00874898076268464
373	0.008748980762684776
374	0.008748980762684766
375	0.00874898076268479
376	0.00874898076268471
377	0.00874898076268483
378	0.008748980762684808
379	0.008748980762684743
380	0.008748980762684587
381	0.008748980762684768
382	0.008748980762684532
383	0.008748980762684195
384	0.008748980762684481
385	0.008748980762684318
386	0.008748980762684695
387	0.008748980762684508
388	0.008748980762685134
389	0.008748980762684813
390	0.008748980762684865
391	0.00874898076268468
392	0.00874898076268444
393	0.00874898076268472
394	0.008748980762684369
395	0.008748980762684419
396	0.008748980762684199
397	0.008748980762684596
398	0.008748980762684405
399	0.008748980762684488
400	0.008748980762684341
