  0.000000   -2.46920485013342   -1.88586184470376    0.67861445844325    0.00000000000000    0.00000000000000  
  0.010000   -2.46889028504729   -1.88556870568246    0.67848365524873   -0.02893404758305    0.03922250659313  
  0.020000   -2.46794688486422   -1.88468953329072    0.67809155086313   -0.05782697367001    0.07837116144079  
  0.030000   -2.46637553427727   -1.88322506089676    0.67743905880255   -0.08663784900182    0.11737248047547  
  0.040000   -2.46417770600036   -1.88117650862445    0.67652769468473   -0.11532612741574    0.15615371227737  
  0.050000   -2.46135545811236   -1.87854558013263    0.67535956592342   -0.14385183396048    0.19464319765036  
  0.060000   -2.45791143035093   -1.87533445813473    0.67393735741604   -0.17217574892326    0.23277072116359  
  0.070000   -2.45384883936760   -1.87154579868655    0.67226431333920   -0.20025958645851    0.27046785208559  
  0.080000   -2.44917147295959   -1.86718272427815    0.67034421519732   -0.22806616655207    0.30766827222607  
  0.090000   -2.44388368329639   -1.86224881577289    0.66818135629998   -0.25555957910950    0.34430808830998  
  0.100000   -2.43799037916274   -1.85674810324382    0.66578051287152   -0.28270533902152    0.38032612663759  
  0.110000   -2.43149701724231   -1.85068505576422    0.66314691202357   -0.30947053113345    0.41566420793161  
  0.120000   -2.42440959246934   -1.84406457021534    0.66028619684566   -0.33582394412791    0.45026740043766  
  0.130000   -2.41673462747842   -1.83689195918001    0.65720438889202   -0.36173619242051    0.48408424952458  
  0.140000   -2.40847916118474   -1.82917293799592    0.65390784836299   -0.38717982526582    0.51706698222657  
  0.150000   -2.39965073652996   -1.82091361104713    0.65040323229744   -0.41212942237485    0.54917168537606  
  0.160000   -2.39025738743088   -1.81212045737612    0.64669745110787   -0.43656167545446    0.58035845619486  
  0.170000   -2.38030762497001   -1.80280031570220    0.64279762380266   -0.46045545519311    0.61059152443770  
  0.180000   -2.36981042286935   -1.79296036893460    0.63871103224955   -0.48379186333449    0.63983934541617  
  0.190000   -2.35877520228985   -1.78260812827063    0.63444507484137   -0.50655426960044    0.66807466346977  
  0.200000   -2.34721181600093   -1.77175141697067    0.63000721992904   -0.52872833334583    0.69527454569163  
  0.210000   -2.33513053196526   -1.76039835390202    0.62540495938760   -0.55030200994957    0.72142038595837  
  0.220000   -2.32254201638530   -1.74855733694385    0.62064576267913   -0.57126554206721    0.74649787955413  
  0.230000   -2.30945731625866   -1.73623702634437    0.61573703177140   -0.59161143598971    0.77049696891484  
  0.240000   -2.29588784149015   -1.72344632811999    0.61068605726292   -0.61133442346982    0.79341176125046  
  0.250000   -2.28184534660845   -1.71019437758392    0.60549997605458   -0.63043140949053    0.81524041902575  
  0.260000   -2.26734191213582   -1.69649052308870    0.60018573089419   -0.64890140655847    0.83598502449448  
  0.270000   -2.25238992565884   -1.68234431006397    0.59475003210426   -0.66674545620801    0.85565141968401  
  0.280000   -2.23700206264830   -1.66776546542611    0.58919932178462   -0.68396653849850    0.87424902341685  
  0.290000   -2.22119126707548   -1.65276388243235    0.58353974076037   -0.70056947037628    0.89179062713039  
  0.300000   -2.20497073187172   -1.63734960604619    0.57777709852253   -0.71656079385458    0.90829217141467  
  0.310000   -2.18835387927733   -1.62153281887564    0.57191684638366   -0.73194865503741    0.92377250532897  
  0.320000   -2.17135434112459   -1.60532382773942    0.56596405404390   -0.74674267507723    0.93825313068091  
  0.330000   -2.15398593909889   -1.58873305091002    0.55992338973409   -0.76095381421006    0.95175793355422  
  0.340000   -2.13626266502035   -1.57177100607541    0.55379910407367   -0.77459423005608    0.96431290545449  
  0.350000   -2.11819866118711   -1.55444829905435    0.54759501774961   -0.78767713140699    0.97594585650320  
  0.360000   -2.09980820081966   -1.53677561329275    0.54131451309165   -0.80021662874477    0.98668612315111  
  0.370000   -2.08110566864429   -1.51876370016116    0.53496052958708   -0.81222758274837    0.99656427290014  
  0.380000   -2.06210554165150   -1.50042337006601    0.52853556334578   -0.82372545204671    1.00561180852014  
  0.390000   -2.04282237006381   -1.48176548437954    0.52204167049451   -0.83472614146670    1.01386087422182  
  0.400000   -2.02327075854521   -1.46280094818581    0.51548047444727   -0.84524585200550    1.02134396620180  
  0.410000   -2.00346534768275   -1.44354070383297    0.50885317696718   -0.85530093372578    1.02809364990878  
  0.420000   -1.98342079576857   -1.42399572527447    0.50216057290513   -0.86490774273275    1.03414228629372  
  0.430000   -1.96315176090891   -1.40417701317500    0.49540306847065   -0.87408250334174    1.03952176920137  
  0.440000   -1.94267288348433   -1.38409559075019    0.48858070286255   -0.88284117648655    1.04426327593711  
  0.450000   -1.92199876898366   -1.36376250030250    0.48169317306030   -0.89119933535102    1.04839703290302  
  0.460000   -1.90114397123198   -1.34318880041005    0.47473986155201   -0.89917204913161    1.05195209804139  
  0.470000   -1.88012297603109   -1.32238556371905    0.46771986675238   -0.90677377575597    1.05495616165468  
  0.480000   -1.85895018522886   -1.30136387528588    0.46063203584284   -0.91401826429403    1.05743536698910  
  0.490000   -1.83763990123231   -1.28013483140977    0.45347499974786   -0.92091846770409    1.05941415177691  
  0.500000   -1.81620631197708   -1.25870953889338    0.44624720994532   -0.92748646645729    1.06091511173123  
  0.510000   -1.79466347636434   -1.23709911466489    0.43894697679537   -0.93373340348156    1.06195888677961  
  0.520000   -1.77302531017485   -1.21531468569231    0.43157250906126   -0.93966943076053    1.06256407060934  
  0.530000   -1.75130557246778   -1.19336738911872    0.42412195428776   -0.94530366781602    1.06274714388183  
  0.540000   -1.72951785247085   -1.17126837254538    0.41659343969734   -0.95064417219449    1.06252243125632  
  0.550000   -1.70767555696685   -1.14902879438881    0.40898511326182   -0.95569792196988    1.06190208214694  
  0.560000   -1.68579189818028   -1.12665982423762    0.40129518460762   -0.96047081016845    1.06089607492420  
  0.570000   -1.66387988216669   -1.10417264313551    0.39352196541584   -0.96496765091636    1.05951224406325  
  0.580000   -1.64195229770646   -1.08157844371757    0.38566390898429   -0.96919219700884    1.05775632953954  
  0.590000   -1.62002170570339   -1.05888843012905    0.37771964862730   -0.97314716850132    1.05563204757893  
  0.600000   -1.59810042908813   -1.03611381765803    0.36968803460034   -0.97683429183003    1.05314118168603  
  0.610000   -1.57620054322527   -1.01326583201619    0.36156816925021   -0.98025434888079    1.05028369270267  
  0.620000   -1.55433386682269   -0.99035570820581    0.35335944010755   -0.98340723534365    1.04705784648990  
  0.630000   -1.53251195334090   -0.96739468891480    0.34506155065717   -0.98629202761542    1.04346035768286  
  0.640000   -1.51074608289987   -0.94439402238639    0.33667454854151   -0.98890705744511    1.03948654783921  
  0.650000   -1.48904725468042   -0.92136495971531    0.32819885097538   -0.99124999345775    1.03513051619035  
  0.660000   -1.46742617981702   -0.89831875152742    0.31963526717373   -0.99331792864105    1.03038532111048  
  0.670000   -1.44589327477852   -0.87526664400600    0.31098501761983   -0.99510747283743    1.02524317034260  
  0.680000   -1.42445865523339   -0.85221987423399    0.30224975002781   -0.99661484925103    1.01969561796392  
  0.690000   -1.40313213039593   -0.82918966482796    0.29343155188130   -0.99783599395592    1.01373376603533  
  0.700000   -1.38192319784975   -0.80618721784631    0.28453295945824   -0.99876665737753    1.00734846886127  
  0.710000   -1.36084103884511   -0.78322370796120    0.27555696328130   -0.99940250671543    1.00053053778767  
  0.720000   -1.33989451406649   -0.76031027489069    0.26650700996207   -0.99973922828003    0.99327094448596  
  0.730000   -1.31909215986725   -0.73745801509444    0.25738700043715   -0.99977262873090    0.98556102071046  
  0.740000   -1.29844218496777   -0.71467797274373    0.24820128462305   -0.99949873422762    0.97739265257418  
  0.750000   -1.27795246761425   -0.69198112998324    0.23895465254554   -0.99891388653670    0.96875846746344  
  0.760000   -1.25763055319493   -0.66937839650917    0.22965232202726   -0.99801483517903    0.95965201180391  
  0.770000   -1.23748365231078   -0.64688059849471    0.22029992304441   -0.99679882475140    0.95006791799863  
  0.780000   -1.21751863929803   -0.62449846690059    0.21090347888934   -0.99526367661174    0.94000205898133  
  0.790000   -1.19774205119953   -0.60224262521452    0.20146938430045   -0.99340786418139    0.92945168896457  
  0.800000   -1.17816008718232   -0.58012357666917    0.19200438074410   -0.99123058118703    0.91841556911014  
  0.810000   -1.15877860839866   -0.55815169099387    0.18251552905440   -0.98873180224011    0.90689407700802  
  0.820000   -1.13960313828762   -0.53633719076023    0.17301017965637   -0.98591233523134    0.89488929901780  
  0.830000   -1.12063886331444   -0.51469013738659    0.16349594061553   -0.98277386510188    0.88240510470142  
  0.840000   -1.10189063414452   -0.49322041687003    0.15398064377208   -0.97931898863969    0.86944720275649  
  0.850000   -1.08336296724871   -0.47193772531873    0.14447230923120   -0.97555124003903    0.85602317804417  
  0.860000   -1.06506004693640   -0.45085155435982    0.13497910849137   -0.97147510705198    0.84214250949180  
  0.870000   -1.04698572781239   -0.42997117650108    0.12550932650119   -0.96709603765217    0.82781656883757  
  0.880000   -1.02914353765332   -0.40930563052594    0.11607132294074   -0.96242043722252    0.81305860036959  
  0.890000   -1.01153668069864   -0.38886370700304    0.10667349302701   -0.95745565636860    0.79788368199432  
  0.900000   -0.99416804135095   -0.36865393399187    0.09732422814366   -0.95220996954785    0.78230866814628  
  0.910000   -0.97704018827959   -0.34868456302630    0.08803187659358   -0.94669254479011    0.76635211522201  
  0.920000   -0.96015537892085   -0.32896355545682    0.07880470476890   -0.94091340486736    0.75003419038392  
  0.930000   -0.94351556436741   -0.30949856923158    0.06965085902608   -0.93488338034800    0.73337656473276  
  0.940000   -0.92712239463880   -0.29029694619399    0.06057832854551   -0.92861405504424    0.71640229198999  
  0.950000   -0.91097722432394   -0.27136569997265    0.05159490944340   -0.92211770442833    0.69913567396097  
  0.960000   -0.89508111858578   -0.25271150453619    0.04270817039102   -0.91540722765464    0.68160211416711  
  0.970000   -0.87943485951713   -0.23434068348214    0.03392541998108   -0.90849607387912    0.66382796113729  
  0.980000   -0.86403895283618   -0.21625920012509    0.02525367606419   -0.90139816361522    0.64584034293613  
  0.990000   -0.84889363490866   -0.19847264844475    0.01669963725965   -0.89412780590515    0.62766699457836  
  1.000000   -0.83399888008307   -0.18098624494971    0.00826965682509   -0.88669961211776    0.60933608003305  
  1.010000   -0.81935440832420   -0.16380482150744   -0.00003028095231   -0.87912840720816    0.59087601056004  
  1.020000   -0.80495969312924   -0.14693281918543   -0.00819458170216   -0.87142913929060    0.57231526114173  
  1.030000   -0.79081396970962   -0.13037428314231   -0.01621805913772   -0.86361678838352    0.55368218677753  
  1.040000   -0.77691624342114   -0.11413285860173   -0.02409595034973   -0.85570627518524    0.53500484039504  
  1.050000   -0.76326529842350   -0.09821178793526   -0.03182392815860   -0.84771237073040    0.51631079410255  
  1.060000   -0.74985970654991   -0.08261390887413   -0.03939811048056   -0.83964960776010    0.49762696546105  
  1.070000   -0.73669783636625   -0.06734165386281   -0.04681506668849   -0.83153219461485    0.47897945039234  
  1.080000   -0.72377786239871   -0.05239705056079   -0.05407182097247   -0.82337393242695    0.46039336426270  
  1.090000   -0.71109777450791   -0.03778172349215   -0.06116585272936   -0.81518813635069    0.44189269259063  
  1.100000   -0.69865538738696   -0.02349689683582   -0.06809509403426   -0.80698756152235    0.42350015272302  
  1.110000   -0.68644835016029   -0.00954339834288   -0.07485792426954   -0.79878433439101    0.40523706770743  
  1.120000   -0.67447415605962    0.00407833563927   -0.08145316200884   -0.79058989000325    0.38712325346124  
  1.130000   -0.66273015215288    0.01736825406229   -0.08788005427438   -0.78241491576281    0.36917692020146  
  1.140000   -0.65121354910186    0.03032668402417   -0.09413826330485   -0.77426930211953    0.35141458895412  
  1.150000   -0.63992143092392    0.04295432260662   -0.10022785098958   -0.76616210057141    0.33385102381031  
  1.160000   -0.62885076473312    0.05525222774621   -0.10614926114051   -0.75810148929038    0.31649918043921  
  1.170000   -0.61799841043609    0.06722180818780   -0.11190329978838   -0.75009474660687    0.29937017120782  
  1.180000   -0.60736113035815    0.07886481257374   -0.11749111370219   -0.74214823251104    0.28247324709442  
  1.190000   -0.59693559877542    0.09018331772640   -0.12291416734190   -0.73426737825086    0.26581579641971  
  1.200000   -0.58671841132896    0.10117971618550   -0.12817421846308   -0.72645668402929    0.24940336025753  
  1.210000   -0.57670609429757    0.11185670306497   -0.13327329259925   -0.71871972472595    0.23323966422760  
  1.220000   -0.56689511370645    0.12221726229718   -0.13821365665229   -0.71105916349294    0.21732666621744  
  1.230000   -0.55728188424947    0.13226465233441   -0.14299779182401   -0.70347677300126    0.20166461943102  
  1.240000   -0.54786277800399    0.14200239137961   -0.14762836612281   -0.69597346404361    0.18625215001899  
  1.250000   -0.53863413291770    0.15143424221967   -0.15210820667764   -0.68854932113272    0.17108634841105  
  1.260000   -0.52959226104822    0.16056419673536   -0.15644027208830   -0.68120364467131    0.15616287334644  
  1.270000   -0.52073345653727    0.16939646016228   -0.16062762503574   -0.67393499921177    0.14147606748413  
  1.280000   -0.51205400330250    0.17793543517725   -0.16467340536873   -0.66674126727090    0.12701908337251  
  1.290000   -0.50355018243120    0.18618570588357   -0.16858080387433   -0.65961970811780    0.11278401846824  
  1.300000   -0.49521827926180    0.19415202176763   -0.17235303692897   -0.65256702091193    0.09876205781807  
  1.310000   -0.48705459014016    0.20183928169771   -0.17599332221460   -0.64557941153374    0.08494362295466  
  1.320000   -0.47905542883944    0.20925251803365   -0.17950485567110   -0.63865266242239    0.07131852551048  
  1.330000   -0.47121713263379    0.21639688091374   -0.18289078984069   -0.63178220471387    0.05787612402015  
  1.340000   -0.46353606801766    0.22327762278208   -0.18615421374471   -0.62496319195910    0.04460548236455  
  1.350000   -0.45600863606434    0.22990008321672   -0.18929813441568   -0.61819057469449    0.03149552830712  
  1.360000   -0.44863127741862    0.23626967411511   -0.19232546019009   -0.61145917513785    0.01853521058507  
  1.370000   -0.44140047692066    0.24239186528959   -0.19523898584890   -0.60476376128977    0.00571365304572  
  1.380000   -0.43431276785922    0.24827217052160   -0.19804137967392   -0.59809911973481   -0.00697969564021  
  1.390000   -0.42736473585453    0.25391613411895   -0.20073517246932   -0.59146012645771   -0.01955491810111  
  1.400000   -0.42055302237243    0.25932931801590   -0.20332274857819   -0.58484181501736   -0.03202149156637  
  1.410000   -0.41387432787310    0.26451728945121   -0.20580633890512   -0.57823944145439   -0.04438815961015  
  1.420000   -0.40732541459916    0.26948560925468   -0.20818801593716   -0.57164854534798   -0.05666281350637  
  1.430000   -0.40090310900953    0.27423982076761   -0.21046969073691   -0.56506500648128   -0.06885238426076  
  1.440000   -0.39460430386681    0.27878543941810   -0.21265311186389   -0.55848509662486   -0.08096274627253  
  1.450000   -0.38842595998724    0.28312794296699   -0.21473986616351   -0.55190552600064   -0.09299863345694  
  1.460000   -0.38236510766367    0.28727276243576   -0.21673138134664   -0.54532348404640   -0.10496356853126  
  1.470000   -0.37641884777316    0.29122527372275   -0.21862893026797   -0.53873667416116   -0.11685980603240  
  1.480000   -0.37058435258180    0.29499078990975   -0.22043363679724   -0.53214334217500   -0.12868828949535  
  1.490000   -0.36485886626061    0.29857455425644   -0.22214648316520   -0.52554229835124   -0.14044862308004  
  1.500000   -0.35923970512691    0.30198173387604   -0.22376831865440   -0.51893293279537   -0.15213905779041  
  1.510000   -0.35372425762665    0.30521741408159   -0.22529986949581   -0.51231522421146   -0.16375649228567  
  1.520000   -0.34830998407379    0.30828659338824   -0.22674174982325   -0.50568974201325   -0.17529648814142  
  1.530000   -0.34299441616315    0.31119417915395   -0.22809447353169   -0.49905764186305   -0.18675329927778  
  1.540000   -0.33777515627403    0.31394498383723   -0.22935846687991   -0.49242065477562   -0.19811991513584  
  1.550000   -0.33264987658174    0.31654372184814   -0.23053408167476   -0.48578106998682   -0.20938811705277  
  1.560000   -0.32761631799478    0.31899500696577   -0.23162160887263   -0.47914171184635   -0.22054854716116  
  1.570000   -0.32267228893529    0.32130335029349   -0.23262129243338   -0.47250591105052   -0.23159078902151  
  1.580000   -0.31781566398031    0.32347315872124   -0.23353334326353   -0.46587747058387   -0.24250345908852  
  1.590000   -0.31304438238159    0.32550873386229   -0.23435795308874   -0.45926062678697   -0.25327430801324  
  1.600000   -0.30835644648095    0.32741427143116   -0.23509530809993   -0.45266000601218   -0.26389033069534  
  1.610000   -0.30374992003822    0.32919386102801   -0.23574560222358   -0.44608057736753   -0.27433788392311  
  1.620000   -0.29922292648829    0.33085148629446   -0.23630904987410   -0.43952760208328   -0.28460281037424  
  1.630000   -0.29477364714295    0.33239102540560   -0.23678589805481   -0.43300658006314   -0.29467056769870  
  1.640000   -0.29040031935302    0.33381625186293   -0.23717643768396   -0.42652319420469   -0.30452636136573  
  1.650000   -0.28610123464523    0.33513083555331   -0.23748101403324   -0.42008325308941   -0.31415527993143  
  1.660000   -0.28187473684760    0.33633834403980   -0.23770003617771   -0.41369263265294   -0.32354243137126  
  1.670000   -0.27771922021629    0.33744224405112   -0.23783398536927   -0.40735721744976   -0.33267307912260  
  1.680000   -0.27363312757591    0.33844590313765   -0.23788342225877   -0.40108284212437   -0.34153277649720  
  1.690000   -0.26961494848436    0.33935259146336   -0.23784899290564   -0.39487523369237   -0.35010749815092  
  1.700000   -0.26566321743227    0.34016548370461   -0.23773143352867   -0.38873995522055   -0.35838376733819  
  1.710000   -0.26177651208602    0.34088766102869   -0.23753157396539   -0.38268235147503   -0.36634877773131  
  1.720000   -0.25795345158242    0.34152211312672   -0.23725033982273   -0.37670749708070   -0.37399050864860  
  1.730000   -0.25419269488187    0.34207174027795   -0.23688875331569   -0.37082014770437   -0.38129783261037  
  1.740000   -0.25049293918601    0.34253935542441   -0.23644793280532   -0.36502469473854   -0.38826061422686  
  1.750000   -0.24685291842454    0.34292768623731   -0.23592909106135   -0.35932512392223   -0.39486979951594  
  1.760000   -0.24327140181501    0.34323937715880   -0.23533353228811   -0.35372497829147   -0.40111749485136  
  1.770000   -0.23974719249845    0.34347699140527   -0.23466264796563   -0.34822732580428   -0.40699703485096  
  1.780000   -0.23627912625239    0.34364301292050   -0.23391791156970   -0.34283473193403   -0.41250303862986  
  1.790000   -0.23286607028229    0.34373984826942   -0.23310087224625   -0.33754923747228   -0.41763145396387  
  1.800000   -0.22950692209117    0.34376982846549   -0.23221314752575   -0.33237234172674   -0.42237958903135  
  1.810000   -0.22620060842652    0.34373521072707   -0.23125641517276   -0.32730499124351   -0.42674613152807  
  1.820000   -0.22294608430267    0.34363818015992   -0.23023240427401   -0.32234757412559   -0.43073115507616  
  1.830000   -0.21974233209638    0.34348085136543   -0.22914288567555   -0.31749991996205   -0.43433611297501  
  1.840000   -0.21658836071213    0.34326526997562   -0.22798966188518   -0.31276130532489   -0.43756381946672  
  1.850000   -0.21348320481367    0.34299341411803   -0.22677455656123   -0.30813046473476   -0.44041841881138  
  1.860000   -0.21042592411743    0.34266719581499   -0.22549940371175   -0.30360560694155   -0.44290534258568  
  1.870000   -0.20741560274305    0.34228846232307   -0.22416603673015   -0.29918443631347   -0.44503125573150  
  1.880000   -0.20445134861597    0.34185899742006   -0.22277627739394   -0.29486417907774   -0.44680399198871  
  1.890000   -0.20153229291666    0.34138052264744   -0.22133192495238   -0.29064161410915   -0.44823247944579  
  1.900000   -0.19865758957098    0.34085469851736   -0.21983474542683   -0.28651310791862   -0.44932665703432  
  1.910000   -0.19582641477570    0.34028312569376   -0.21828646124418   -0.28247465345465   -0.45009738287575  
  1.920000   -0.19303796655371    0.33966734615751   -0.21668874131915   -0.27852191229423   -0.45055633546218  
  1.930000   -0.19029146433276    0.33900884436595   -0.21504319169548   -0.27465025976945   -0.45071590871583  
  1.940000   -0.18758614854236    0.33830904841694   -0.21335134684933   -0.27085483254936   -0.45058910202312  
  1.950000   -0.18492128022299    0.33756933122757   -0.21161466174990   -0.26713057817595   -0.45018940638038  
  1.960000   -0.18229614064248    0.33679101173725   -0.20983450476403   -0.26347230603678   -0.44953068781626  
  1.970000   -0.17971003091444    0.33597535614445   -0.20801215148146   -0.25987473924681   -0.44862706927336  
  1.980000   -0.17716227161395    0.33512357918559   -0.20614877952718   -0.25633256690651   -0.44749281213584  
  1.990000   -0.17465220238622    0.33423684546386   -0.20424546441642   -0.25284049620383   -0.44614219858339  
  2.000000   -0.17217918154423    0.33331627083472   -0.20230317649618   -0.24939330383342   -0.44458941593229  
  2.010000   -0.16974258565198    0.33236292385383   -0.20032277900541   -0.24598588621734   -0.44284844409473  
  2.020000   -0.16734180909023    0.33137782729191   -0.19830502727397   -0.24261330802787   -0.44093294724545  
  2.030000   -0.16497626360240    0.33036195971994   -0.19625056906786   -0.23927084853398   -0.43885617073305  
  2.040000   -0.16264537781862    0.32931625716653   -0.19415994607654   -0.23595404531888   -0.43663084421107  
  2.050000   -0.16034859675662    0.32824161484824   -0.19203359652556   -0.23265873494607   -0.43426909189261  
  2.060000   -0.15808538129858    0.32713888897200   -0.18987185888605   -0.22938109018593   -0.43178235075209  
  2.070000   -0.15585520764366    0.32600889860750   -0.18767497664127   -0.22611765345222   -0.42918129741036  
  2.080000   -0.15365756673661    0.32485242762609   -0.18544310405901   -0.22286536613948   -0.42647578434478  
  2.090000   -0.15149196367306    0.32367022670126   -0.18317631290868   -0.21962159359609   -0.42367478596589  
  2.100000   -0.14935791708299    0.32246301536451   -0.18087460005179   -0.21638414551401   -0.42078635499734  
  2.110000   -0.14725495849406    0.32123148410922   -0.17853789582590   -0.21315129156467   -0.41781758948736  
  2.120000   -0.14518263167714    0.31997629653397   -0.17616607313381   -0.20992177215980   -0.41477461066912  
  2.130000   -0.14314049197661    0.31869809151563   -0.17375895714274   -0.20669480426659   -0.41166255177491  
  2.140000   -0.14112810562864    0.31739748540168   -0.17131633549226   -0.20347008225722   -0.40848555779674  
  2.150000   -0.13914504907062    0.31607507421023   -0.16883796890449   -0.20024777382361   -0.40524679607401  
  2.160000   -0.13719090824573    0.31473143582577   -0.16632360208641   -0.19702851103790   -0.40194847747967  
  2.170000   -0.13526527790621    0.31336713217783   -0.16377297481108   -0.19381337668811   -0.39859188786946  
  2.180000   -0.13336776091979    0.31198271138947   -0.16118583306345   -0.19060388606541   -0.39517742935675  
  2.190000   -0.13149796758325    0.31057870988237   -0.15856194013545   -0.18740196442438   -0.39170467087825  
  2.200000   -0.12965551494767    0.30915565442479   -0.15590108755640   -0.18420992038009   -0.38817240742478  
  2.210000   -0.12784002615954    0.30771406410927   -0.15320310574635   -0.18103041554492   -0.38457872722747  
  2.220000   -0.12605112982219    0.30625445224666   -0.15046787428328   -0.17786643074456   -0.38092108611326  
  2.230000   -0.12428845938175    0.30477732816382   -0.14769533167904   -0.17472122918438   -0.37719638817605  
  2.240000   -0.12255165254172    0.30328319889253   -0.14488548456457   -0.17159831696615   -0.37340107185113  
  2.250000   -0.12084035071020    0.30177257073815   -0.14203841619070   -0.16850140137875   -0.36953120043185  
  2.260000   -0.11915419848333    0.30024595071706   -0.13915429415845   -0.16543434740638   -0.36558255602832  
  2.270000   -0.11749284316851    0.29870384785320   -0.13623337730046   -0.16240113291256   -0.36155073594004  
  2.280000   -0.11585593435043    0.29714677432475   -0.13327602164422   -0.15940580296830   -0.35743125039611  
  2.290000   -0.11424312350267    0.29557524645347   -0.13028268539706   -0.15645242379830   -0.35321962061037  
  2.300000   -0.11265406364729    0.29398978553031   -0.12725393290310   -0.15354503681945   -0.34891147610191  
  2.310000   -0.11108840906431    0.29239091847242   -0.12419043753274   -0.15068761324149   -0.34450265024657  
  2.320000   -0.10954581505257    0.29077917830796   -0.12109298347619   -0.14788400969054   -0.33998927304945  
  2.330000   -0.10802593774306    0.28915510448673   -0.11796246642379   -0.14513792530279   -0.33536786016382  
  2.340000   -0.10652843396524    0.28751924301619   -0.11479989312701   -0.14245286071691   -0.33063539722639  
  2.350000   -0.10505296116642    0.28587214642384   -0.11160637984550   -0.13983207937181   -0.32578941863306  
  2.360000   -0.10359917738387    0.28421437354867   -0.10838314969656   -0.13727857148979   -0.32082807994166  
  2.370000   -0.10216674126860    0.28254648916593   -0.10513152893468   -0.13479502109481   -0.31575022315869  
  2.380000   -0.10075531215954    0.28086906345069   -0.10185294219928   -0.13238377638261   -0.31055543424484  
  2.390000   -0.09936455020627    0.27918267128774   -0.09854890677926   -0.13004682372245   -0.30524409225783  
  2.400000   -0.09799411653789    0.27748789143611   -0.09522102595268   -0.12778576553165   -0.29981740964051  
  2.410000   -0.09664367347532    0.27578530555841   -0.09187098146890   -0.12560180222241   -0.29427746325615  
  2.420000   -0.09531288478400    0.27407549712607   -0.08850052524929   -0.12349571837788   -0.28862721587014  
  2.430000   -0.09400141596324    0.27235905021291   -0.08511147039000   -0.12146787326966   -0.28287052787715  
  2.440000   -0.09270893456851    0.27063654819047   -0.08170568155716   -0.11951819578409   -0.27701215917429  
  2.450000   -0.09143511056254    0.26890857233935   -0.07828506487088   -0.11764618377910   -0.27105776118263  
  2.460000   -0.09017961669058    0.26717570039177   -0.07485155737913   -0.11585090784768   -0.26501385912045  
  2.470000   -0.08894212887545    0.26543850502094   -0.07140711622666   -0.11413101941954   -0.25888782473163  
  2.480000   -0.08772232662732    0.26369755229359   -0.06795370762663   -0.11248476308829   -0.25268783976912  
  2.490000   -0.08651989346345    0.26195340010209   -0.06449329574469   -0.11090999300914   -0.24642285062714  
  2.500000   -0.08533451733276    0.26020659659288   -0.06102783160562   -0.10940419317146   -0.24010251460472  
  2.510000   -0.08416589104025    0.25845767860793   -0.05755924213216   -0.10796450131238   -0.23373713836642  
  2.520000   -0.08301371266624    0.25670717015571   -0.05408941942420   -0.10658773620166   -0.22733760924379  
  2.530000   -0.08187768597550    0.25495558092780   -0.05062021038378   -0.10527042799545   -0.22091532009115  
  2.540000   -0.08075752081139    0.25320340487703   -0.04715340678757   -0.10400885132742   -0.21448208847233  
  2.550000   -0.07965293347049    0.25145111887199   -0.04369073590381   -0.10279906077945   -0.20805007100933  
  2.560000   -0.07856364705321    0.24969918144230   -0.04023385174521   -0.10163692835250   -0.20163167376970  
  2.570000   -0.07748939178618    0.24794803162799   -0.03678432704238   -0.10051818254009   -0.19523945960631  
  2.580000   -0.07642990531270    0.24619808794515   -0.03334364601521   -0.09943844859316   -0.18888605338995  
  2.590000   -0.07538493294757    0.24444974747905   -0.02991319801152   -0.09839328955553   -0.18258404609328  
  2.600000   -0.07435422789329    0.24270338511450   -0.02649427207315   -0.09737824764399   -0.17634589869170  
  2.610000   -0.07333755141479    0.24095935291179   -0.02308805248068   -0.09638888554660   -0.17018384684514  
  2.620000   -0.07233467297047    0.23921797963524   -0.01969561531771   -0.09542082721610   -0.16410980731241  
  2.630000   -0.07134537029756    0.23747957043966   -0.01631792608558   -0.09446979774348   -0.15813528702847  
  2.640000   -0.07036942945063    0.23574440671860   -0.01295583838879   -0.09353166190898   -0.15227129574410  
  2.650000   -0.06940664479209    0.23401274611656   -0.00961009370063   -0.09260246102377   -0.14652826308753  
  2.660000   -0.06845681893450    0.23228482270563   -0.00628132220763   -0.09167844769589   -0.14091596085950  
  2.670000   -0.06751976263466    0.23056084732552   -0.00297004472106   -0.09075611817755   -0.13544343131661  
  2.680000   -0.06659529463999    0.22884100808417    0.00032332436760   -0.08983224197809   -0.13011892213445  
  2.690000   -0.06568324148841    0.22712547101463    0.00359847311984   -0.08890388845701   -0.12494982867155  
  2.700000   -0.06478343726323    0.22541438088225    0.00685518711535   -0.08796845014430   -0.11994264407878  
  2.710000   -0.06389572330481    0.22370786213477    0.01009334360168   -0.08702366257065   -0.11510291771770  
  2.720000   -0.06301994788179    0.22200601998653    0.01331290479022   -0.08606762042751   -0.11043522226534  
  2.730000   -0.06215596582435    0.22030894162647    0.01651391036827   -0.08509878991562   -0.10594312979423  
  2.740000   -0.06130363812303    0.21861669753877    0.01969646930525   -0.08411601718105   -0.10162919702444  
  2.750000   -0.06046283149634    0.21692934292334    0.02286075103729   -0.08311853277860   -0.09749495985187  
  2.760000   -0.05963341793137    0.21524691920289    0.02600697612126   -0.08210595214357   -0.09354093716298  
  2.770000   -0.05881527420127    0.21356945560213    0.02913540645365   -0.08107827209446   -0.08976664385309  
  2.780000   -0.05800828136408    0.21189697078408    0.03224633515446   -0.08003586342968   -0.08617061287330  
  2.790000   -0.05721232424746    0.21022947452786    0.03534007621920   -0.07897945972124   -0.08275042604158  
  2.800000   -0.05642729092400    0.20856696943204    0.03841695404406   -0.07791014244716   -0.07950275326675  
  2.810000   -0.05565307218184    0.20690945262732    0.04147729293083   -0.07682932264107   -0.07642339975175  
  2.820000   -0.05488956099548    0.20525691748219    0.04452140667770   -0.07573871927223   -0.07350736066469  
  2.830000   -0.05413665200164    0.20360935528548    0.04754958836153   -0.07464033460203   -0.07074888269408  
  2.840000   -0.05339424098476    0.20196675688978    0.05056210041458   -0.07353642679230   -0.06814153183885  
  2.850000   -0.05266222437695    0.20032911430029    0.05355916509623   -0.07242948006766   -0.06567826672449  
  2.860000   -0.05194049877694    0.19869642219413    0.05654095545558   -0.07132217275790   -0.06335151668563  
  2.870000   -0.05122896049215    0.19706867935593    0.05950758687621   -0.07021734356565   -0.06115326381145  
  2.880000   -0.05052750510818    0.19544589001632    0.06245910928832   -0.06911795642177   -0.05907512811532  
  2.890000   -0.04983602708939    0.19382806508096    0.06539550012675   -0.06802706430245   -0.05710845496365  
  2.900000   -0.04915441941413    0.19221522323899    0.06831665810592   -0.06694777239145   -0.05524440388119  
  2.910000   -0.04848257324778    0.19060739194076    0.07122239787454   -0.06588320097468   -0.05347403784155  
  2.920000   -0.04782037765634    0.18900460823634    0.07411244560418   -0.06483644845543   -0.05178841215228  
  2.930000   -0.04716771936293    0.18740691946740    0.07698643555644   -0.06381055487472   -0.05017866205323  
  2.940000   -0.04652448254916    0.18581438380694    0.07984390766377   -0.06280846631405   -0.04863608816544  
  2.950000   -0.04589054870296    0.18422707064235    0.08268430614889   -0.06183300054645   -0.04715223895482  
  2.960000   -0.04526579651368    0.18264506079955    0.08550697919765   -0.06088681428680   -0.04571898941018  
  2.970000   -0.04465010181529    0.18106844660685    0.08831117968943   -0.05997237237383   -0.04432861517856  
  2.980000   -0.04404333757761    0.17949733179943    0.09109606697915   -0.05909191919445   -0.04297386145144  
  2.990000   -0.04344537394521    0.17793183126642    0.09386070971420   -0.05824745263601   -0.04164800595304  
  3.000000   -0.04285607832323    0.17637207064456    0.09660408965978   -0.05744070082453   -0.04034491544577  
  3.010000   -0.04227531550876    0.17481818576370    0.09932510649604   -0.05667310187637   -0.03905909523740  
  3.020000   -0.04170294786593    0.17327032195098    0.10202258354089   -0.05594578685880   -0.03778573124872  
  3.030000   -0.04113883554278    0.17172863320198    0.10469527434344   -0.05525956612014   -0.03652072427879  
  3.040000   -0.04058283672710    0.17019328122838    0.10734187008436   -0.05461491911477   -0.03526071618668  
  3.050000   -0.04003480793842    0.16866443439303    0.10996100771178   -0.05401198781126   -0.03400310779240  
  3.060000   -0.03949460435279    0.16714226654429    0.11255127873397   -0.05345057373411   -0.03274606838529  
  3.070000   -0.03896208015681    0.16562695576263    0.11511123858404   -0.05293013865200   -0.03148853681446  
  3.080000   -0.03843708892691    0.16411868303335    0.11763941646592   -0.05244980888731   -0.03023021422179  
  3.090000   -0.03791948402989    0.16261763085993    0.12013432558679   -0.05200838318422   -0.02897154856277  
  3.100000   -0.03740911904030    0.16112398183308    0.12259447367689   -0.05160434403632   -0.02771371114361  
  3.110000   -0.03690584817019    0.15963791717124    0.12501837369554   -0.05123587233917   -0.02645856548287  
  3.120000   -0.03640952670677    0.15815961524817    0.12740455461989   -0.05090086519930   -0.02520862888294  
  3.130000   -0.03592001145315    0.15668925012368    0.12975157221276   -0.05059695669941   -0.02396702716819  
  3.140000   -0.03543716116769    0.15522699009341    0.13205801966583   -0.05032154138982   -0.02273744311439  
  3.150000   -0.03496083699721    0.15377299627325    0.13432253801610   -0.05007180024887   -0.02152405915515  
  3.160000   -0.03449090289957    0.15232742123386    0.13654382623560   -0.04984472883092   -0.02033149500608  
  3.170000   -0.03402722605115    0.15089040769994    0.13872065089794   -0.04963716729882   -0.01916474089601  
  3.180000   -0.03356967723508    0.14946208732851    0.14085185532909   -0.04944583202001   -0.01802908713527  
  3.190000   -0.03311813120598    0.14804257957937    0.14293636815549   -0.04926734839042   -0.01693005078437  
  3.200000   -0.03267246702763    0.14663199069023    0.14497321116793   -0.04909828453922   -0.01587330021184  
  3.210000   -0.03223256837981    0.14523041276767    0.14696150642702   -0.04893518556003   -0.01486457834694  
  3.220000   -0.03179832383135    0.14383792300416    0.14890048254292   -0.04877460791017   -0.01390962544179  
  3.230000   -0.03136962707633    0.14245458302982    0.15078948007072   -0.04861315361958   -0.01301410215795  
  3.240000   -0.03094637713107    0.14108043840643    0.15262795597091   -0.04844750395451   -0.01218351378426  
  3.250000   -0.03052847848984    0.13971551826962    0.15441548709405   -0.04827445218826   -0.01142313637690  
  3.260000   -0.03011584123756    0.13835983512376    0.15615177265793   -0.04809093514227   -0.01073794558837  
  3.270000   -0.02970838111834    0.13701338479236    0.15783663569538   -0.04789406317472   -0.01013254892000  
  3.280000   -0.02930601955903    0.13567614652542    0.15947002346096   -0.04768114831168   -0.00961112209363  
  3.290000   -0.02890868364756    0.13434808326336    0.16105200679475   -0.04744973023601   -0.00917735019178  
  3.300000   -0.02851630606610    0.13302914205558    0.16258277845157   -0.04719759987295   -0.00883437416307  
  3.310000   -0.02812882497965    0.13171925463043    0.16406265041397   -0.04692282033720   -0.00858474323126  
  3.320000   -0.02774618388120    0.13041833811124    0.16549205021698   -0.04662374503455   -0.00843037368263  
  3.330000   -0.02736833139475    0.12912629587223    0.16687151632218   -0.04629903274155   -0.00837251443816  
  3.340000   -0.02699522103830    0.12784301852608    0.16820169258767   -0.04594765951868   -0.00841171974514  
  3.350000   -0.02662681094885    0.12656838503413    0.16948332188928   -0.04556892734589   -0.00854782924768  
  3.360000   -0.02626306357231    0.12530226392839    0.17071723895593   -0.04516246940365   -0.00877995561811  
  3.370000   -0.02590394532120    0.12404451463391    0.17190436249017   -0.04472825195780   -0.00910647985272  
  3.380000   -0.02554942620348    0.12279498887856    0.17304568665094   -0.04426657284171   -0.00952505425555  
  3.390000   -0.02519947942614    0.12155353217670    0.17414227198186   -0.04377805656442   -0.01003261305477  
  3.400000   -0.02485408097746    0.12031998537225    0.17519523587348   -0.04326364610836   -0.01062539051760  
  3.410000   -0.02451320919192    0.11909418622612    0.17620574265184   -0.04272459151391   -0.01129894635336  
  3.420000   -0.02417684430204    0.11787597103247    0.17717499338931   -0.04216243538132   -0.01204819811996  
  3.430000   -0.02384496798153    0.11666517624791    0.17810421553580   -0.04157899545121   -0.01286746027834  
  3.440000   -0.02351756288417    0.11546164011762    0.17899465246995   -0.04097634445499   -0.01375048947277  
  3.450000   -0.02319461218283    0.11426520428243    0.17984755307017   -0.04035678745359   -0.01469053555244  
  3.460000   -0.02287609911324    0.11307571535083    0.18066416140498   -0.03972283690797   -0.01568039779309  
  3.470000   -0.02256200652684    0.11189302642050    0.18144570664037   -0.03907718574742   -0.01671248572642  
  3.480000   -0.02225231645697    0.11071699853418    0.18219339325964   -0.03842267872114   -0.01777888394005  
  3.490000   -0.02194700970268    0.10954750205543    0.18290839168746   -0.03776228233515   -0.01887142017300  
  3.500000   -0.02164606543418    0.10838441795056    0.18359182940573   -0.03709905368993   -0.01998173600086  
  3.510000   -0.02134946082353    0.10722763896389    0.18424478264371   -0.03643610854422   -0.02110135938096  
  3.520000   -0.02105717070430    0.10607707067471    0.18486826871879   -0.03577658893711   -0.02222177831246  
  3.530000   -0.02076916726328    0.10493263242508    0.18546323909755   -0.03512363070359   -0.02333451485769  
  3.540000   -0.02048541976726    0.10379425810936    0.18603057323964   -0.03448033121848   -0.02443119877098  
  3.550000   -0.02020589432729    0.10266189681719    0.18657107327872   -0.03384971770003   -0.02550363998840  
  3.560000   -0.01993055370268    0.10153551332362    0.18708545958647   -0.03323471639699   -0.02654389924676  
  3.570000   -0.01965935714659    0.10041508842104    0.18757436725673   -0.03263812297277   -0.02754435612294  
  3.580000   -0.01939226029440    0.09930061908954    0.18803834353761   -0.03206257438652   -0.02849777381374  
  3.590000   -0.01912921509586    0.09819211850378    0.18847784622971   -0.03151052255396   -0.02939736001335  
  3.600000   -0.01887016979166    0.09708961587585    0.18889324305943   -0.03098421005172   -0.03023682328794  
  3.610000   -0.01861506893415    0.09599315613563    0.18928481202615   -0.03048564810620   -0.03101042439611  
  3.620000   -0.01836385345225    0.09490279945140    0.18965274271268   -0.03001659708358   -0.03171302205784  
  3.630000   -0.01811646075927    0.09381862059516    0.18999713853886   -0.02957854967078   -0.03234011273397  
  3.640000   -0.01787282490280    0.09274070815874    0.19031801992878   -0.02917271690850   -0.03288786404128  
  3.650000   -0.01763287675471    0.09166916362816    0.19061532835311   -0.02880001720733   -0.03335314149532  
  3.660000   -0.01739654423936    0.09060410032498    0.19088893119969   -0.02846106844637   -0.03373352834290  
  3.670000   -0.01716375259753    0.08954564222512    0.19113862741697   -0.02815618322167   -0.03402733831769  
  3.680000   -0.01693442468325    0.08849392266625    0.19136415386801   -0.02788536727869   -0.03423362122596  
  3.690000   -0.01670848129053    0.08744908295655    0.19156519232515   -0.02764832113008   -0.03435216134315  
  3.700000   -0.01648584150637    0.08641127089822    0.19174137703000   -0.02744444482685   -0.03438346867545  
  3.710000   -0.01626642308670    0.08538063924008    0.19189230273742   -0.02727284581869   -0.03432876321380  
  3.720000   -0.01605014285103    0.08435734407450    0.19201753315788   -0.02713234980722   -0.03418995237834  
  3.730000   -0.01583691709205    0.08334154319413    0.19211660970887   -0.02702151446561   -0.03396960192045  
  3.740000   -0.01562666199570    0.08233339442463    0.19218906048296   -0.02693864586857   -0.03367090061499  
  3.750000   -0.01541929406763    0.08133305394961    0.19223440933860   -0.02688181744935   -0.03329761913736  
  3.760000   -0.01521473056161    0.08034067464435    0.19225218501832   -0.02684889127499   -0.03285406357763  
  3.770000   -0.01501288990539    0.07935640443440    0.19224193019938   -0.02683754140784   -0.03234502409659  
  3.780000   -0.01481369211991    0.07838038469545    0.19220321038269   -0.02684527910050   -0.03177571927576  
  3.790000   -0.01461705922741    0.07741274871001    0.19213562252758   -0.02686947955382   -0.03115173675484  
  3.800000   -0.01442291564430    0.07645362019617    0.19203880334305   -0.02690740995179   -0.03047897078492  
  3.810000   -0.01423118855492    0.07550311192294    0.19191243714954   -0.02695625847573   -0.02976355735424  
  3.820000   -0.01404180826220    0.07456132442584    0.19175626322993   -0.02701316399080   -0.02901180756471  
  3.830000   -0.01385470851185    0.07362834483541    0.19157008259383   -0.02707524609227   -0.02823013995170  
  3.840000   -0.01366982678667    0.07270424583028    0.19135376408517   -0.02713963519651   -0.02742501244695  
  3.850000   -0.01348710456797    0.07178908472519    0.19110724977002   -0.02720350236247   -0.02660285468414  
  3.860000   -0.01330648756154    0.07088290270307    0.19083055954878   -0.02726408853340   -0.02577000133939  
  3.870000   -0.01312792588579    0.06998572419884    0.19052379494498   -0.02731873289605   -0.02493262718472  
  3.880000   -0.01295137422013    0.06909755644113    0.19018714203131   -0.02736490006466   -0.02409668451082  
  3.890000   -0.01277679191218    0.06821838915666    0.18982087346201   -0.02740020581078   -0.02326784354773  
  3.900000   -0.01260414304247    0.06734819444031    0.18942534959040   -0.02742244107593   -0.02245143647746  
  3.910000   -0.01243339644626    0.06648692679231    0.18900101865897   -0.02742959402324   -0.02165240559216  
  3.920000   -0.01226452569195    0.06563452332255    0.18854841605925   -0.02741986990542   -0.02087525610577  
  3.930000   -0.01209750901635    0.06479090412001    0.18806816266810   -0.02739170855019   -0.02012401407576  
  3.940000   -0.01193232921756    0.06395597278404    0.18756096227614   -0.02734379928975   -0.01940218983646  
  3.950000   -0.01176897350625    0.06312961711247    0.18702759813347   -0.02727509318837   -0.01871274728586  
  3.960000   -0.01160743331699    0.06231170993996    0.18646892864676   -0.02718481245075   -0.01805807930535  
  3.970000   -0.01144770408137    0.06150211011866    0.18588588227004   -0.02707245692379   -0.01743998952651  
  3.980000   -0.01128978496521    0.06070066363180    0.18527945164020   -0.02693780763504   -0.01685968059200  
  3.990000   -0.01113367857236    0.05990720482940    0.18465068701540   -0.02678092734221   -0.01631774898914  
  4.000000   -0.01097939061816    0.05912155777435    0.18400068908181   -0.02660215809960   -0.01581418646606  
  4.010000   -0.01082692957562    0.05834353768574    0.18333060120056   -0.02640211587816   -0.01534838797149  
  4.020000   -0.01067630629789    0.05757295246559    0.18264160117243   -0.02618168230701   -0.01491916599163  
  4.030000   -0.01052753362084    0.05680960429423    0.18193489260265   -0.02594199363359   -0.01452477109140  
  4.040000   -0.01038062594949    0.05605329127879    0.18121169595228   -0.02568442702885   -0.01416291840351  
  4.050000   -0.01023559883256    0.05530380913897    0.18047323936600   -0.02541058439089   -0.01383081974809  
  4.060000   -0.01009246852927    0.05456095291362    0.17972074936836   -0.02512227382622   -0.01352522100806  
  4.070000   -0.00995125157266    0.05382451867173    0.17895544152187   -0.02482148901164   -0.01324244433257  
  4.080000   -0.00981196433387    0.05309430521105    0.17817851114100   -0.02451038666115   -0.01297843469220  
  4.090000   -0.00967462259148    0.05237011572805    0.17739112415559   -0.02419126234126   -0.01272881026634  
  4.100000   -0.00953924111043    0.05165175944292    0.17659440821574   -0.02386652489501   -0.01248891610568  
  4.110000   -0.00940583323448    0.05093905316370    0.17578944412813   -0.02353866974831   -0.01225388048072  
  4.120000   -0.00927441049643    0.05023182277470    0.17497725771019   -0.02321025138341   -0.01201867330200  
  4.130000   -0.00914498224973    0.04952990463433    0.17415881214503   -0.02288385527189   -0.01177816597883  
  4.140000   -0.00901755532538    0.04883314686912    0.17333500091450   -0.02256206956465   -0.01152719207100  
  4.150000   -0.00889213371737    0.04814141055111    0.17250664138264   -0.02224745683773   -0.01126060808244  
  4.160000   -0.00876871829973    0.04745457074738    0.17167446909512   -0.02194252619167   -0.01097335374745  
  4.170000   -0.00864730657823    0.04677251743137    0.17083913285330   -0.02164970599718   -0.01066051116802  
  4.180000   -0.00852789247882    0.04609515624725    0.17000119061396   -0.02137131757271   -0.01031736217580  
  4.190000   -0.00841046617528    0.04542240911994    0.16916110625759   -0.02110955006857   -0.00993944331355  
  4.200000   -0.00829501395751    0.04475421470476    0.16831924725950   -0.02086643681915   -0.00952259785845  
  4.210000   -0.00818151814192    0.04409052867257    0.16747588328930   -0.02064383340855   -0.00906302434341  
  4.220000   -0.00806995702467    0.04343132382754    0.16663118575482   -0.02044339767624   -0.00855732107136  
  4.230000   -0.00796030487835    0.04277659005646    0.16578522829749   -0.02026657186876   -0.00800252616194  
  4.240000   -0.00785253199208    0.04212633411027    0.16493798823663   -0.02011456712003   -0.00739615271897  
  4.250000   -0.00774660475451    0.04148057921982    0.16408934895066   -0.01998835041828   -0.00673621876000  
  4.260000   -0.00764248577907    0.04083936454993    0.16323910317398   -0.01988863419101   -0.00602127160614  
  4.270000   -0.00754013407008    0.04020274449687    0.16238695717939   -0.01981586861164   -0.00525040648968  
  4.280000   -0.00743950522813    0.03957078783653    0.16153253580646   -0.01977023670270   -0.00442327919936  
  4.290000   -0.00734055169265    0.03894357673134    0.16067538828879   -0.01975165228103   -0.00354011264646  
  4.300000   -0.00724322301918    0.03832120560604    0.15981499482406   -0.01975976076026   -0.00260169729988  
  4.310000   -0.00714746618873    0.03770377990320    0.15895077382423   -0.01979394279621   -0.00160938550313  
  4.320000   -0.00705322594597    0.03709141473081    0.15808208977579   -0.01985332073075   -0.00056507975111  
  4.330000   -0.00696044516296    0.03648423341527    0.15720826163413   -0.01993676776059    0.00052878493198  
  4.340000   -0.00686906522478    0.03588236597406    0.15632857167061   -0.02004291972887    0.00166926431017  
  4.350000   -0.00677902643311    0.03528594752303    0.15544227468613   -0.02017018941038    0.00285293368540  
  4.360000   -0.00669026842386    0.03469511663425    0.15454860750152   -0.02031678313497    0.00407592175970  
  4.370000   -0.00660273059457    0.03411001366034    0.15364679863187   -0.02048071956985    0.00533394923641  
  4.380000   -0.00651635253724    0.03353077904199    0.15273607805000   -0.02065985045888    0.00662237173840  
  4.390000   -0.00643107447243    0.03295755161529    0.15181568694339   -0.02085188309701    0.00793622657610  
  4.400000   -0.00634683768006    0.03239046693568    0.15088488736838   -0.02105440430005    0.00927028285893  
  4.410000   -0.00626358492270    0.03182965563494    0.14994297170660   -0.02126490561485    0.01061909440932  
  4.420000   -0.00618126085700    0.03127524182758    0.14898927183016   -0.02148080950226    0.01197705491019  
  4.430000   -0.00609981242925    0.03072734158238    0.14802316788483   -0.02169949621546    0.01333845469435  
  4.440000   -0.00601918925082    0.03018606147415    0.14704409660387   -0.02191833108961    0.01469753856834  
  4.450000   -0.00593934394990    0.02965149723020    0.14605155906987   -0.02213469195466    0.01604856405313  
  4.460000   -0.00586023249590    0.02912373248481    0.14504512784689   -0.02234599638241    0.01738585942157  
  4.470000   -0.00578181449304    0.02860283765428    0.14402445341132   -0.02254972848098    0.01870388091515  
  4.480000   -0.00570405344040    0.02808886894354    0.14298926981659   -0.02274346495529    0.01999726853309  
  4.490000   -0.00562691695544    0.02758186749451    0.14193939953425   -0.02292490015973    0.02126089980237  
  4.500000   -0.00555037695889    0.02708185868451    0.14087475742170   -0.02309186988062    0.02248994096034  
  4.510000   -0.00547440981892    0.02658885158203    0.13979535377555   -0.02324237359940    0.02367989500909  
  4.520000   -0.00539899645315    0.02610283856517    0.13870129643819   -0.02337459500385    0.02482664613556  
  4.530000   -0.00532412238723    0.02562379510692    0.13759279193449   -0.02348692053319    0.02592650002970  
  4.540000   -0.00524977776941    0.02515167972937    0.13647014562482   -0.02357795576389    0.02697621967775  
  4.550000   -0.00517595734074    0.02468643412766    0.13533376087047   -0.02364653946567    0.02797305625555  
  4.560000   -0.00510266036112    0.02422798346254    0.13418413721663   -0.02369175518195    0.02891477479963  
  4.570000   -0.00502989049176    0.02377623681895    0.13302186760844   -0.02371294021498    0.02979967438874  
  4.580000   -0.00495765563508    0.02333108782619    0.13184763466427   -0.02370969192311    0.03062660262747  
  4.590000   -0.00488596773357    0.02289241543380    0.13066220604044   -0.02368187126613    0.03139496428357  
  4.600000   -0.00481484252943    0.02246008483580    0.12946642892991   -0.02362960356326    0.03210472399257  
  4.610000   -0.00474429928718    0.02203394853411    0.12826122374627   -0.02355327645764    0.03275640300626  
  4.620000   -0.00467436048208    0.02161384753112    0.12704757705268   -0.02345353511057    0.03335107002408  
  4.630000   -0.00460505145704    0.02119961263960    0.12582653380228   -0.02333127467747    0.03389032620937  
  4.640000   -0.00453640005157    0.02079106589723    0.12459918896421   -0.02318763014628    0.03437628455329  
  4.650000   -0.00446843620621    0.02038802207201    0.12336667861496   -0.02302396364627    0.03481154380899  
  4.660000   -0.00440119154630    0.01999029024361    0.12213017058050   -0.02284184936179    0.03519915727575  
  4.670000   -0.00433469894911    0.01959767544541    0.12089085471921   -0.02264305621059    0.03554259676681  
  4.680000   -0.00426899209859    0.01920998035080    0.11964993293923   -0.02242952846939    0.03584571214542  
  4.690000   -0.00420410503209    0.01882700698730    0.11840860904679   -0.02220336455106    0.03611268685992  
  4.700000   -0.00414007168338    0.01844855846160    0.11716807852407   -0.02196679415680    0.03634798995107  
  4.710000   -0.00407692542663    0.01807444067829    0.11592951833585   -0.02172215404379    0.03655632504144  
  4.720000   -0.00401469862571    0.01770446403546    0.11469407686457   -0.02147186266316    0.03674257684871  
  4.730000   -0.00395342219334    0.01733844508015    0.11346286407206   -0.02121839393487    0.03691175579039  
  4.740000   -0.00389312516441    0.01697620810728    0.11223694198467   -0.02096425043501    0.03706894126781  
  4.750000   -0.00383383428775    0.01661758668600    0.11101731559543   -0.02071193627738    0.03721922423095  
  4.760000   -0.00377557364041    0.01626242509825    0.10980492427317   -0.02046392997400    0.03736764963317  
  4.770000   -0.00371836426835    0.01591057967504    0.10860063376405   -0.02022265755990    0.03751915938644  
  4.780000   -0.00366222385711    0.01556192001690    0.10740522886518   -0.01999046626436    0.03767853642216  
  4.790000   -0.00360716643587    0.01521633008618    0.10621940684411   -0.01976959900545    0.03785035045141  
  4.800000   -0.00355320211785    0.01487370916001    0.10504377167061   -0.01956216997588    0.03803890600076  
  4.810000   -0.00350033687978    0.01453397263407    0.10387882912004   -0.01937014157716    0.03824819327600  
  4.820000   -0.00344857238280    0.01419705266878    0.10272498279872   -0.01919530294472    0.03848184237676  
  4.830000   -0.00339790583656    0.01386289867113    0.10158253113371   -0.01903925029045    0.03874308135011  
  4.840000   -0.00334832990813    0.01353147760672    0.10045166535964   -0.01890336927019    0.03903469853130  
  4.850000   -0.00329983267679    0.01320277413852    0.09933246852607   -0.01878881956234    0.03935900957479  
  4.860000   -0.00325239763524    0.01287679059040    0.09822491553911   -0.01869652182151    0.03971782953043  
  4.870000   -0.00320600373748    0.01255354673511    0.09712887424099   -0.01862714714572    0.04011245026639  
  4.880000   -0.00316062549303    0.01223307940832    0.09604410752131   -0.01858110917017    0.04054362348536  
  4.890000   -0.00311623310677    0.01191544195185    0.09497027644400   -0.01855855887290    0.04101154952154  
  4.900000   -0.00307279266327    0.01160070349105    0.09390694436395   -0.01855938214993    0.04151587204636  
  4.910000   -0.00303026635386    0.01128894805277    0.09285358199778   -0.01858320018822    0.04205567874846  
  4.920000   -0.00298861274460    0.01098027353209    0.09180957340406   -0.01862937263615    0.04262950799172  
  4.930000   -0.00294778708251    0.01067479051745    0.09077422281923   -0.01869700354188    0.04323536139235  
  4.940000   -0.00290774163736    0.01037262098511    0.08974676228729   -0.01878495000136    0.04387072219417  
  4.950000   -0.00286842607580    0.01007389687545    0.08872636001340   -0.01889183342926    0.04453257926064  
  4.960000   -0.00282978786436    0.00977875856451    0.08771212936440   -0.01901605333916    0.04521745644350  
  4.970000   -0.00279177269744    0.00948735324550    0.08670313843274   -0.01915580349289    0.04592144703101  
  4.980000   -0.00275432494635    0.00919983323580    0.08569842007493   -0.01930909025422    0.04664025292615  
  4.990000   -0.00271738812503    0.00891635422583    0.08469698233022   -0.01947375295920    0.04736922815459  
  5.000000   -0.00268090536803    0.00863707348670    0.08369781912187   -0.01964748609411    0.04810342625719  
  5.010000   -0.00264481991621    0.00836214805420    0.08269992113995   -0.01982786305314    0.04883765108019  
  5.020000   -0.00260907560536    0.00809173290679    0.08170228680256   -0.02001236123115    0.04956651044040  
  5.030000   -0.00257361735312    0.00782597915556    0.08070393319134   -0.02019838819273    0.05028447211180  
  5.040000   -0.00253839163945    0.00756503226391    0.07970390685697   -0.02038330864738    0.05098592155473  
  5.050000   -0.00250334697584    0.00730903031468    0.07870129439110   -0.02056447195160    0.05166522079002  
  5.060000   -0.00246843435883    0.00705810234196    0.07769523266313   -0.02073923985318    0.05231676780697  
  5.070000   -0.00243360770321    0.00681236674424    0.07668491862299   -0.02090501418956    0.05293505588758  
  5.080000   -0.00239882425069    0.00657192979499    0.07566961857469   -0.02105926425266    0.05351473222899  
  5.090000   -0.00236404494995    0.00633688426563    0.07464867683029   -0.02119955353494    0.05405065525199  
  5.100000   -0.00232923480412    0.00610730817526    0.07362152365925   -0.02132356557775    0.05453794999562  
  5.110000   -0.00229436318235    0.00588326367977    0.07258768245451   -0.02142912865166    0.05497206101653  
  5.120000   -0.00225940409208    0.00566479611230    0.07154677604367   -0.02151423900965    0.05534880223583  
  5.130000   -0.00222433640927    0.00545193318512    0.07049853208167   -0.02157708246886    0.05566440320675  
  5.140000   -0.00218914406406    0.00524468436176    0.06944278746924   -0.02161605409256    0.05591555131149  
  5.150000   -0.00215381617985    0.00504304040652    0.06837949175101   -0.02162977576359    0.05609942943677  
  5.160000   -0.00211834716414    0.00484697311690    0.06730870945585   -0.02161711146146    0.05621374872280  
  5.170000   -0.00208273675004    0.00465643524261    0.06623062135247   -0.02157718007859    0.05625677602963  
  5.180000   -0.00204698998758    0.00447136059330    0.06514552460268   -0.02150936563574    0.05622735581866  
  5.190000   -0.00201111718483    0.00429166433496    0.06405383180561   -0.02141332478349    0.05612492620300  
  5.200000   -0.00197513379877    0.00411724347362    0.06295606893592   -0.02128899150358    0.05594952897967  
  5.210000   -0.00193906027695    0.00394797752274    0.06185287218982   -0.02113657895282    0.05570181351763  
  5.220000   -0.00190292185079    0.00378372934911    0.06074498376265   -0.02095657842095    0.05538303443785  
  5.230000   -0.00186674828244    0.00362434619042    0.05963324659192   -0.02074975540348    0.05499504308507  
  5.240000   -0.00183057356711    0.00346966083572    0.05851859810944   -0.02051714281974    0.05454027285382  
  5.250000   -0.00179443559346    0.00331949295869    0.05740206305551   -0.02026003143577    0.05402171849428  
  5.260000   -0.00175837576495    0.00317365059183    0.05628474541697   -0.01997995757990    0.05344290958486  
  5.270000   -0.00172243858546    0.00303193172857    0.05516781955937   -0.01967868826704    0.05280787841840  
  5.280000   -0.00168667121280    0.00289412603873    0.05405252063106   -0.01935820387392    0.05212112260586  
  5.290000   -0.00165112298416    0.00276001668178    0.05294013432412   -0.01902067853298    0.05138756275612  
  5.300000   -0.00161584491757    0.00262938220126    0.05183198608319   -0.01866845843609    0.05061249564111  
  5.310000   -0.00158088919410    0.00250199848282    0.05072942985867   -0.01830403826083    0.04980154330229  
  5.320000   -0.00154630862530    0.00237764075777    0.04963383650529   -0.01793003595184    0.04896059859673  
  5.330000   -0.00151215611081    0.00225608563316    0.04854658193058   -0.01754916610673    0.04809576771847  
  5.340000   -0.00147848409109    0.00213711312962    0.04746903510039   -0.01716421223084    0.04721331026241  
  5.350000   -0.00144534400026    0.00202050870719    0.04640254601017   -0.01677799813745    0.04631957742475  
  5.360000   -0.00141278572422    0.00190606526025    0.04534843373139   -0.01639335877900    0.04542094895371  
  5.370000   -0.00138085706889    0.00179358506200    0.04430797464185   -0.01601311080150    0.04452376947878  
  5.380000   -0.00134960324365    0.00168288163992    0.04328239094714   -0.01564002311800    0.04363428485426  
  5.390000   -0.00131906636471    0.00157378156373    0.04227283959781   -0.01527678779697    0.04275857915417  
  5.400000   -0.00128928498312    0.00146612612833    0.04128040170294   -0.01492599155942    0.04190251295004  
  5.410000   -0.00126029364176    0.00135977291490    0.04030607253575   -0.01459008817252    0.04107166349134  
  5.420000   -0.00123212246536    0.00125459721440    0.03935075222049   -0.01427137201915    0.04027126738911  
  5.430000   -0.00120479678754    0.00115049329896    0.03841523718190   -0.01397195311056    0.03950616637811  
  5.440000   -0.00117833681792    0.00104737552787    0.03750021242930   -0.01369373379490    0.03878075669987  
  5.450000   -0.00115275735243    0.00094517927654    0.03660624473543   -0.01343838739579    0.03809894260938  
  5.460000   -0.00112806752889    0.00084386167832    0.03573377675689   -0.01320733899385    0.03746409446054  
  5.470000   -0.00110427062960    0.00074340217108    0.03488312212569   -0.01300174853901    0.03687901176967  
  5.480000   -0.00108136393165    0.00064380284268    0.03405446152199   -0.01282249645227    0.03634589159129  
  5.490000   -0.00105933860476    0.00054508857176    0.03324783971299   -0.01267017184190    0.03586630246417  
  5.500000   -0.00103817965523    0.00044730696352    0.03246316351398   -0.01254506342041    0.03544116409744  
  5.510000   -0.00101786591334    0.00035052808343    0.03170020059188   -0.01244715316265    0.03507073286240  
  5.520000   -0.00099837005953    0.00025484399656    0.03095857898962   -0.01237611269285    0.03475459303469  
  5.530000   -0.00097965868315    0.00016036812529    0.03023778720092   -0.01233130232570    0.03449165358813  
  5.540000   -0.00096169236489    0.00006723444495    0.02953717456902   -0.01231177261382    0.03428015017591  
  5.550000   -0.00094442577171   -0.00002440345466    0.02885595172224   -0.01231626816921    0.03411765174226  
  5.560000   -0.00092780775022   -0.00011437340455    0.02819319069554   -0.01234323342939    0.03400107099073  
  5.570000   -0.00091178140167   -0.00020248573954    0.02754782432674   -0.01239081993162    0.03392667769750  
  5.580000   -0.00089628411925   -0.00028853436759    0.02691864446614   -0.01245689454389    0.03389011360979  
  5.590000   -0.00088124756652   -0.00037229775113    0.02630429851049   -0.01253904798818    0.03388640743167  
  5.600000   -0.00086659757508   -0.00045353971384    0.02570328378187   -0.01263460289196    0.03390998820160  
  5.610000   -0.00085225394132   -0.00053200997824    0.02511393933886   -0.01274062053759    0.03395469525604  
  5.620000   -0.00083813010613   -0.00060744433681    0.02453443495212   -0.01285390547407    0.03401378301168  
  5.630000   -0.00082413271029   -0.00067956436778    0.02396275722572   -0.01297100724474    0.03407991906342  
  5.640000   -0.00081016103177   -0.00074807663013    0.02339669321960   -0.01308821870958    0.03414517467639  
  5.650000   -0.00079610633063   -0.00081267131579    0.02283381244803   -0.01320157084485    0.03420100773979  
  5.660000   -0.00078185115419   -0.00087302040566    0.02227144879977   -0.01330682452655    0.03423823973397  
  5.670000   -0.00076726868762   -0.00092877547272    0.02170668473896   -0.01339946067576    0.03424703029147  
  5.680000   -0.00075222227452   -0.00097956540102    0.02113634106937   -0.01347467126888    0.03421685550845  
  5.690000   -0.00073656527359   -0.00102499444029    0.02055697651197   -0.01352735506308    0.03413649919883  
  5.700000   -0.00072014146001   -0.00106464118272    0.01996490225963   -0.01355212337495    0.03399406958219  
  5.710000   -0.00070278621501   -0.00109805921601    0.01935621739341   -0.01354332273699    0.03377705712485  
  5.720000   -0.00068432877056   -0.00112478035054    0.01872687140380   -0.01349508253250    0.03347245193388  
  5.730000   -0.00066459577635   -0.00114432141016    0.01807275986345   -0.01340139650411    0.03306694062625  
  5.740000   -0.00064341642735   -0.00115619557966    0.01738985835069   -0.01325624702867    0.03254720225822  
  5.750000   -0.00062062932183   -0.00115992918322    0.01667439785477   -0.01305377992246    0.03190031998731  
  5.760000   -0.00059609110745   -0.00115508449458    0.01592308199420   -0.01278853499434    0.03111431902694  
  5.770000   -0.00056968681377   -0.00114128873309    0.01513334243613   -0.01245573340618    0.03017883174961  
  5.780000   -0.00054134156761   -0.00111826877675    0.01430362404180   -0.01205161710153    0.02908587748616  
  5.790000   -0.00051103315409   -0.00108589034835    0.01343368576681   -0.01157382832860    0.02783072816181  
  5.800000   -0.00047880463852   -0.00104419955636    0.01252489767889   -0.01102180909233    0.02641281253026  
  5.810000   -0.00044477603047   -0.00099346378166    0.01158050924736   -0.01039719199824    0.02483659318463  
  5.820000   -0.00040915378240   -0.00093420810686    0.01060586005666   -0.00970414643723    0.02311233408208  
  5.830000   -0.00037223680689   -0.00086724291423    0.00960850210386   -0.00894963862695    0.02125666474359  
  5.840000   -0.00033441770372   -0.00079367806512    0.00859820360554   -0.00814356193770    0.01929284337642  
  5.850000   -0.00029617803698   -0.00071491933324    0.00758680834635   -0.00729869631652    0.01725062737602  
  5.860000   -0.00025807680957   -0.00063264357605    0.00658793233532   -0.00643046326332    0.01516567766060  
  5.870000   -0.00022073174555   -0.00054875051229    0.00561649078391   -0.00555645594073    0.01307845350252  
  5.880000   -0.00018479358719   -0.00046529087639    0.00468806259290   -0.00469574214189    0.01103259579276  
  5.890000   -0.00015091429879   -0.00038437300738    0.00381811555694   -0.00386795973588    0.00907284610987  
  5.900000   -0.00011971077905   -0.00030805238778    0.00302113185665   -0.00309224784742    0.00724260200296  
  5.910000   -0.00009172633990   -0.00023821100645    0.00230968829753   -0.00238607979412    0.00558125968407  
  5.920000   -0.00006739272702   -0.00017643537426    0.00169355725806   -0.00176408278034    0.00412153733874  
  5.930000   -0.00004699575789   -0.00012390328163    0.00117890065687   -0.00123694167449    0.00288699916652  
  5.940000   -0.00003064767368   -0.00008128970923    0.00076762907271   -0.00081048750824    0.00189000683843  
  5.950000   -0.00001826900808   -0.00004870154195    0.00045699072605   -0.00048506416242    0.00113030810632  
  5.960000   -0.00000958216918   -0.00002564886880    0.00023944044331   -0.00025524878634    0.00059443133530  
  5.970000   -0.00000411805009   -0.00001105779701    0.00010281794312   -0.00010997395907    0.00025599233913  
  5.980000   -0.00000123590760   -0.00000332612456    0.00003083961540   -0.00003306491146    0.00007694165639  
  5.990000   -0.00000015558190   -0.00000041927111    0.00000388087379   -0.00000416686798    0.00000969434267  
  6.000000   -0.00000000000000    0.00000000000000    0.00000000000000    0.00000000000000    0.00000000000000  
